      D1TMQ-a9d      0.036     0.039       0.109     0.625      0.035     0.761      0.562     0.581      0.109     0.395    0.587     0.350   0.725     0.112      0.231     0.06838  -1	   0.1641939     0.1134009
      D1TMQ-a0a      0.025     0.041       0.106     0.721      0.034     0.750      0.593     0.597      0.806     0.380    0.581     0.342   0.805     0.118      0.189     0.01257  -1	  -0.0313367    -0.0182858
      D1TMQ-a0b      0.028     0.043       0.117     0.619      0.013     0.755      0.581     0.622      0.191     0.390    0.572     0.357   0.725     0.132      0.206     0.03356  -1	   0.1054885     0.0194375
      D1TMQ-a0c      0.026     0.038       0.109     0.675      0.236     0.761      0.563     0.548      0.367     0.395    0.587     0.351   0.840     0.142      0.090     0.01477  -1	   0.0426254     0.0419460
      D1TMQ-a0d      0.026     0.039       0.109     0.712      0.028     0.764      0.574     0.582      0.539     0.380    0.599     0.328   0.805     0.125      0.385     0.01140  -1	   0.0661006    -0.0038568
    D1TMQ-a100a      0.029     0.041       0.117     0.630      0.000     0.766      0.539     0.632      0.614     0.374    0.571     0.344   0.725     0.130      0.151     0.00498  -1	  -0.0241844    -0.0263422
    D1TMQ-a100b      0.025     0.040       0.109     0.680     -0.107     0.755      0.584     0.671      0.552     0.395    0.580     0.356   0.788     0.117      0.227     0.00526  -1	  -0.0013460    -0.0426412
    D1TMQ-a100c      0.023     0.051       0.123     0.571      0.135     0.747      0.538     0.577      0.501     0.404    0.587     0.359   0.587     0.098      0.136     0.00863  -1	   0.0321176     0.0179173
    D1TMQ-a100d      0.029     0.039       0.119     0.653      0.102     0.762      0.549     0.637      0.670     0.388    0.569     0.358   0.827     0.110      0.134     0.00496  -1	  -0.0153897    -0.0355371
    D1TMQ-a101a      0.022     0.054       0.132     0.600      0.035     0.745      0.539     0.584      0.638     0.385    0.584     0.344   0.713     0.107      0.174     0.00831  -1	   0.0060068    -0.0229327
    D1TMQ-a101b      0.027     0.051       0.121     0.580      0.037     0.753      0.560     0.592      0.757     0.362    0.571     0.333   0.587     0.102      0.220     0.00836  -1	   0.0078782     0.0039789
    D1TMQ-a101c      0.024     0.052       0.126     0.690      0.046     0.749      0.515     0.551      0.516     0.390    0.577     0.354   0.780     0.102      0.168     0.00802  -1	   0.0320646    -0.0000863
    D1TMQ-a101d      0.026     0.053       0.132     0.662      0.006     0.750      0.509     0.546      0.709     0.398    0.594     0.347   0.780     0.104      0.194     0.00830  -1	   0.0052689    -0.0050564
    D1TMQ-a102a      0.022     0.054       0.130     0.633      0.078     0.747      0.535     0.572      0.496     0.396    0.584     0.354   0.738     0.095      0.055     0.00862  -1	   0.0073466    -0.0116790
    D1TMQ-a102b      0.022     0.058       0.134     0.577     -0.021     0.750      0.531     0.588      0.649     0.419    0.584     0.374   0.554     0.097      0.097     0.00838  -1	   0.0080635     0.0018092
    D1TMQ-a102c      0.024     0.052       0.130     0.617     -0.050     0.757      0.529     0.567      0.467     0.374    0.567     0.347   0.680     0.094      0.197     0.00825  -1	   0.0298720     0.0175034
    D1TMQ-a102d      0.025     0.056       0.138     0.617      0.077     0.750      0.532     0.574      0.400     0.402    0.584     0.360   0.738     0.093      0.128     0.00867  -1	   0.0490710    -0.0080439
    D1TMQ-a103a      0.024     0.047       0.130     0.702      0.083     0.754      0.555     0.653      0.346     0.385    0.576     0.350   0.841     0.117      0.194     0.00678  -1	   0.0796232    -0.0599898
    D1TMQ-a103b      0.029     0.043       0.106     0.690     -0.002     0.757      0.549     0.645      0.918     0.402    0.604     0.344   0.852     0.147      0.275     0.00567  -1	  -0.0364154    -0.0556668
    D1TMQ-a103c      0.025     0.046       0.130     0.671      0.119     0.753      0.570     0.674      0.787     0.385    0.571     0.354   0.827     0.114      0.182     0.00660  -1	   0.0007940    -0.0608136
    D1TMQ-a103d      0.026     0.038       0.100     0.654      0.096     0.754      0.569     0.643      0.355     0.378    0.565     0.352   0.817     0.137      0.169     0.00516  -1	   0.0318986    -0.0405925
    D1TMQ-a104a      0.024     0.041       0.102     0.684      0.129     0.766      0.595     0.564      0.650     0.401    0.582     0.360   0.827     0.111      0.132     0.00535  -1	  -0.0040469     0.0073516
    D1TMQ-a104b      0.020     0.047       0.123     0.569      0.160     0.745      0.564     0.617      0.322     0.394    0.589     0.349   0.721     0.107      0.283     0.00779  -1	   0.1089958    -0.0124553
    D1TMQ-a104c      0.024     0.040       0.106     0.543      0.051     0.752      0.599     0.619      0.445     0.368    0.577     0.334   0.682     0.119      0.320     0.00606  -1	   0.0344349    -0.0105583
    D1TMQ-a104d      0.028     0.038       0.102     0.682      0.108     0.763      0.579     0.626      0.302     0.373    0.555     0.355   0.827     0.128      0.307     0.00674  -1	   0.1271364    -0.0056069
    D1TMQ-a105a      0.025     0.031       0.085     0.725      0.029     0.753      0.604     0.637      0.645     0.385    0.581     0.347   0.805     0.156      0.374     0.00626  -1	  -0.0014616    -0.0423416
    D1TMQ-a105b      0.025     0.049       0.121     0.559      0.370     0.746      0.572     0.587      0.599     0.465    0.643     0.367   0.830     0.100      0.138     0.00623  -1	   0.1232738     0.0266270
    D1TMQ-a105c      0.024     0.033       0.083     0.672      0.301     0.767      0.599     0.617      0.507     0.384    0.558     0.362   0.872     0.130      0.253     0.00614  -1	   0.0794457     0.0001189
    D1TMQ-a105d      0.020     0.039       0.111     0.628      0.115     0.749      0.609     0.668      0.258     0.416    0.585     0.371   0.771     0.112      0.202     0.00696  -1	   0.0776967    -0.0178988
    D1TMQ-a106a      0.025     0.035       0.083     0.655     -0.094     0.745      0.583     0.639      0.847     0.375    0.589     0.332   0.812     0.140      0.233     0.00626  -1	  -0.0615503    -0.0176697
    D1TMQ-a106b      0.024     0.046       0.115     0.612      0.100     0.757      0.566     0.615      0.256     0.381    0.572     0.350   0.771     0.109      0.195     0.00717  -1	   0.0868970    -0.0071319
    D1TMQ-a106c      0.024     0.052       0.136     0.573      0.198     0.749      0.524     0.608      0.093     0.352    0.558     0.334   0.652     0.103      0.219     0.00796  -1	   0.1956878     0.0292986
    D1TMQ-a106d      0.023     0.047       0.121     0.554      0.366     0.739      0.567     0.576      0.355     0.404    0.563     0.377   0.830     0.105      0.136     0.00628  -1	   0.1098077     0.0119808
    D1TMQ-a107a      0.019     0.047       0.117     0.675      0.121     0.752      0.540     0.610      0.381     0.369    0.579     0.334   0.827     0.120      0.398     0.00582  -1	   0.1545404    -0.0418028
    D1TMQ-a107b      0.022     0.052       0.136     0.540      0.270     0.745      0.534     0.582      0.708     0.372    0.592     0.326   0.546     0.090      0.238     0.00566  -1	   0.0945699     0.0348558
    D1TMQ-a107c      0.027     0.041       0.113     0.648      0.082     0.741      0.585     0.619      0.451     0.393    0.580     0.353   0.761     0.127      0.206     0.00526  -1	   0.0307944    -0.0147511
    D1TMQ-a107d      0.027     0.040       0.100     0.748      0.141     0.763      0.534     0.535      0.104     0.339    0.555     0.324   0.851     0.121      0.382     0.00695  -1	   0.3260120     0.1770284
    D1TMQ-a108a      0.026     0.046       0.119     0.718     -0.119     0.746      0.545     0.601      0.218     0.404    0.577     0.366   0.812     0.121      0.337     0.00494  -1	   0.2047157     0.0380366
    D1TMQ-a108b      0.029     0.048       0.123     0.630     -0.477     0.750      0.538     0.583      0.150     0.368    0.566     0.343   0.627     0.104      0.301     0.00535  -1	   0.2994084     0.1822327
    D1TMQ-a108c      0.021     0.051       0.138     0.588      0.319     0.749      0.530     0.580      0.120     0.352    0.570     0.325   0.727     0.098      0.248     0.00566  -1	   0.2541781     0.0668862
    D1TMQ-a108d      0.030     0.038       0.109     0.740      0.019     0.751      0.558     0.653      0.456     0.386    0.576     0.351   0.805     0.135      0.206     0.00481  -1	   0.0332147    -0.0326795
    D1TMQ-a109a      0.028     0.043       0.115     0.632     -0.043     0.751      0.587     0.685      0.561     0.365    0.574     0.334   0.796     0.110      0.111     0.00510  -1	  -0.0252177    -0.0529678
    D1TMQ-a109b      0.024     0.041       0.113     0.653     -0.151     0.753      0.589     0.675      0.862     0.387    0.585     0.345   0.757     0.120      0.200     0.00523  -1	  -0.0422539    -0.0156953
    D1TMQ-a109c      0.030     0.032       0.087     0.606      0.017     0.761      0.591     0.660      0.604     0.375    0.568     0.347   0.725     0.154     -0.004     0.00478  -1	  -0.0645183    -0.0280648
    D1TMQ-a109d      0.034     0.032       0.087     0.690      0.067     0.759      0.575     0.629      0.732     0.367    0.587     0.326   0.817     0.145      0.301     0.00511  -1	  -0.0262680    -0.0355089
     D1TMQ-a10a      0.030     0.052       0.134     0.714     -0.062     0.760      0.549     0.586      0.231     0.388    0.572     0.356   0.802     0.095      0.334     0.07250  -1	   0.2080558     0.0376091
     D1TMQ-a10b      0.034     0.065       0.162     0.685     -0.185     0.787      0.460     0.392      0.004     0.635    0.815     0.347   0.730     0.083      0.184     0.64621   1	   0.3684187     0.4686133
     D1TMQ-a10c      0.033     0.061       0.164     0.631     -0.386     0.785      0.492     0.424      0.110     0.390    0.569     0.360   0.471     0.082      0.209     0.67363   1	   0.2167381     0.2769680
     D1TMQ-a10d      0.032     0.063       0.166     0.674     -0.273     0.787      0.483     0.424      0.067     0.361    0.582     0.325   0.582     0.083      0.135     0.63263   1	   0.1950550     0.2683546
    D1TMQ-a110a      0.029     0.039       0.117     0.660      0.066     0.755      0.551     0.641      0.589     0.365    0.573     0.334   0.817     0.109      0.134     0.00492  -1	  -0.0194875    -0.0370384
    D1TMQ-a110b      0.025     0.047       0.128     0.670      0.053     0.748      0.545     0.645      0.531     0.392    0.570     0.361   0.817     0.120      0.155     0.00662  -1	   0.0070158    -0.0662135
    D1TMQ-a110c      0.028     0.043       0.111     0.677     -0.142     0.760      0.555     0.643      0.636     0.362    0.570     0.334   0.788     0.124      0.130     0.00508  -1	  -0.0265334    -0.0242874
    D1TMQ-a110d      0.028     0.040       0.119     0.631      0.052     0.751      0.563     0.659      0.483     0.367    0.571     0.338   0.761     0.108      0.134     0.00494  -1	  -0.0066963    -0.0375353
    D1TMQ-a111a      0.022     0.049       0.134     0.606      0.160     0.752      0.545     0.657      0.635     0.355    0.560     0.335   0.739     0.104      0.139     0.00688  -1	   0.0175939    -0.0484125
    D1TMQ-a111b      0.027     0.044       0.126     0.668      0.110     0.752      0.567     0.657      0.614     0.435    0.588     0.387   0.827     0.105      0.297     0.00655  -1	   0.0513465    -0.0583353
    D1TMQ-a111c      0.024     0.048       0.130     0.692      0.109     0.759      0.540     0.641      0.404     0.385    0.582     0.347   0.827     0.121      0.191     0.00680  -1	   0.0657510    -0.0642566
    D1TMQ-a111d      0.025     0.048       0.130     0.669      0.120     0.747      0.540     0.649      0.626     0.387    0.574     0.353   0.827     0.115      0.184     0.00682  -1	   0.0170209    -0.0694230
    D1TMQ-a112a      0.021     0.041       0.113     0.724      0.254     0.757      0.561     0.533      0.074     0.375    0.581     0.336   0.896     0.128      0.170     0.01259  -1	   0.2200115     0.1721008
    D1TMQ-a112b      0.030     0.039       0.109     0.619     -0.033     0.764      0.565     0.576      0.304     0.390    0.570     0.359   0.796     0.119      0.121     0.01204  -1	   0.0171226     0.0296627
    D1TMQ-a112c      0.025     0.041       0.109     0.631      0.117     0.758      0.594     0.543      0.947     0.448    0.629     0.364   0.771     0.132      0.137     0.01440  -1	   0.0039208     0.0061530
    D1TMQ-a112d      0.030     0.040       0.106     0.614     -0.075     0.759      0.551     0.570      0.638     0.459    0.591     0.404   0.756     0.113      0.171     0.01186  -1	  -0.0186024     0.0196242
    D1TMQ-a113a      0.026     0.041       0.102     0.656     -0.098     0.758      0.554     0.668      0.540     0.398    0.573     0.364   0.812     0.130      0.248     0.00510  -1	   0.0055776    -0.0562974
    D1TMQ-a113b      0.026     0.042       0.111     0.643      0.005     0.763      0.560     0.641      0.356     0.358    0.575     0.326   0.725     0.119      0.277     0.00641  -1	   0.0753666    -0.0178227
    D1TMQ-a113c      0.029     0.041       0.100     0.644      0.011     0.759      0.562     0.676      0.832     0.398    0.560     0.374   0.725     0.141      0.235     0.00504  -1	  -0.0259016    -0.0363906
    D1TMQ-a113d      0.027     0.039       0.100     0.591      0.046     0.753      0.592     0.704      0.753     0.393    0.569     0.362   0.708     0.130      0.196     0.00517  -1	  -0.0291171    -0.0471570
     D1TMQ-a11a      0.028     0.040       0.102     0.591      0.083     0.762      0.576     0.623      0.183     0.376    0.564     0.351   0.744     0.142      0.224     0.04180  -1	   0.1044954     0.0085526
     D1TMQ-a11b      0.031     0.060       0.160     0.574     -0.236     0.792      0.509     0.455      0.080     0.349    0.551     0.336   0.444     0.086      0.278     0.63186   1	   0.2155909     0.2459247
     D1TMQ-a11c      0.031     0.061       0.160     0.704     -0.058     0.781      0.480     0.428      0.056     0.378    0.567     0.350   0.802     0.080      0.192     0.51259   1	   0.2263569     0.2323762
     D1TMQ-a11d      0.027     0.041       0.111     0.578      0.029     0.757      0.578     0.621      0.362     0.363    0.555     0.346   0.708     0.123      0.147     0.03270  -1	   0.0096255    -0.0119249
     D1TMQ-a12a      0.026     0.038       0.100     0.683      0.229     0.762      0.594     0.630      0.770     0.389    0.575     0.354   0.840     0.117      0.176     0.03603  -1	   0.0214300    -0.0235396
     D1TMQ-a12b      0.029     0.039       0.109     0.613      0.084     0.762      0.581     0.635      0.269     0.371    0.577     0.336   0.761     0.137      0.240     0.04335  -1	   0.0877452    -0.0114167
     D1TMQ-a12c      0.017     0.041       0.119     0.511      0.072     0.758      0.597     0.584      0.639     0.382    0.568     0.353   0.682     0.116      0.162     0.01960  -1	  -0.0327946    -0.0081534
     D1TMQ-a12d      0.021     0.041       0.119     0.431      0.269     0.756      0.584     0.606      0.790     0.396    0.588     0.351   0.577     0.117      0.145     0.02027  -1	   0.0431370     0.0145953
     D1TMQ-a13a      0.030     0.035       0.098     0.600      0.285     0.761      0.594     0.623      0.256     0.369    0.563     0.345   0.816     0.126      0.126     0.03883  -1	   0.0776399     0.0133683
     D1TMQ-a13b      0.019     0.041       0.123     0.648      0.302     0.757      0.566     0.574      0.897     0.405    0.617     0.336   0.816     0.100      0.222     0.01972  -1	   0.0782061     0.0273902
     D1TMQ-a13c      0.028     0.034       0.096     0.516      0.122     0.764      0.610     0.647      0.325     0.371    0.561     0.349   0.692     0.149      0.155     0.04043  -1	  -0.0025924    -0.0298572
     D1TMQ-a13d      0.028     0.035       0.102     0.605      0.188     0.768      0.595     0.631      0.273     0.361    0.563     0.338   0.739     0.132      0.153     0.03973  -1	   0.0559173     0.0103599
     D1TMQ-a14a      0.016     0.049       0.121     0.705      0.109     0.751      0.585     0.536      0.205     0.412    0.573     0.376   0.851     0.107      0.224     0.01412  -1	   0.1552479     0.1024721
     D1TMQ-a14b      0.033     0.039       0.111     0.676     -0.100     0.774      0.566     0.589      0.316     0.392    0.569     0.362   0.812     0.142      0.171     0.01923  -1	   0.0477608     0.0178006
     D1TMQ-a14c      0.025     0.039       0.109     0.755      0.058     0.768      0.556     0.555      0.756     0.409    0.622     0.336   0.821     0.130      0.404     0.01148  -1	   0.0292638    -0.0088427
     D1TMQ-a14d      0.030     0.037       0.102     0.685      0.138     0.764      0.558     0.593      0.295     0.387    0.567     0.359   0.827     0.134      0.168     0.03860  -1	   0.0721762     0.0214317
     D1TMQ-a15a      0.024     0.043       0.128     0.602      0.232     0.762      0.592     0.590      0.779     0.366    0.575     0.334   0.784     0.114      0.199     0.01666  -1	   0.0339037    -0.0124200
     D1TMQ-a15b      0.024     0.040       0.109     0.751      0.434     0.760      0.537     0.490      0.119     0.393    0.564     0.367   0.882     0.161      0.221     0.01204  -1	   0.3322797     0.2598151
     D1TMQ-a15c      0.028     0.041       0.111     0.618     -0.375     0.755      0.536     0.559      0.693     0.389    0.587     0.346   0.644     0.132      0.267     0.01196  -1	   0.0258687     0.0785080
     D1TMQ-a15d      0.014     0.052       0.140     0.561     -0.034     0.765      0.589     0.593      0.689     0.390    0.604     0.333   0.554     0.108      0.203     0.01371  -1	  -0.0102488    -0.0112026
     D1TMQ-a16a      0.022     0.046       0.119     0.649      0.373     0.754      0.527     0.499      0.972     0.444    0.602     0.382   0.848     0.106      0.252     0.01023  -1	   0.1491974     0.0739216
     D1TMQ-a16b      0.023     0.043       0.130     0.600      0.040     0.755      0.541     0.554      0.914     0.457    0.616     0.382   0.725     0.111      0.400     0.01177  -1	   0.0080909     0.0249807
     D1TMQ-a16c      0.026     0.047       0.119     0.673     -0.162     0.747      0.596     0.659      0.882     0.411    0.596     0.357   0.757     0.110      0.208     0.00878  -1	  -0.0223724    -0.0166657
     D1TMQ-a16d      0.022     0.049       0.123     0.556     -0.005     0.757      0.563     0.574      0.997     0.560    0.687     0.413   0.778     0.100      0.132     0.00965  -1	   0.0392305     0.0292199
     D1TMQ-a17a      0.025     0.051       0.138     0.670     -0.009     0.760      0.541     0.557      0.270     0.374    0.570     0.344   0.747     0.089      0.210     0.01061  -1	   0.1070286     0.0517844
     D1TMQ-a17b      0.021     0.052       0.136     0.613      0.180     0.762      0.536     0.581      0.777     0.394    0.591     0.347   0.778     0.093      0.206     0.01079  -1	   0.0469284    -0.0123672
     D1TMQ-a17c      0.027     0.047       0.123     0.681      0.119     0.759      0.554     0.549      0.132     0.395    0.566     0.367   0.827     0.093      0.231     0.01059  -1	   0.1949102     0.1088541
     D1TMQ-a17d      0.030     0.042       0.109     0.610     -0.009     0.765      0.560     0.595      0.482     0.360    0.583     0.322   0.796     0.097      0.272     0.01027  -1	   0.0296203     0.0003955
     D1TMQ-a18a      0.027     0.052       0.143     0.693      0.045     0.758      0.499     0.498      0.482     0.428    0.605     0.365   0.780     0.091      0.190     0.01108  -1	   0.0605343     0.0539162
     D1TMQ-a18b      0.032     0.053       0.130     0.615     -0.110     0.748      0.540     0.606      0.097     0.418    0.608     0.355   0.589     0.103      0.238     0.01093  -1	   0.2018787     0.0921862
     D1TMQ-a18c      0.026     0.049       0.132     0.679      0.036     0.765      0.572     0.597      0.168     0.381    0.560     0.359   0.781     0.087      0.217     0.01058  -1	   0.1553841     0.0481583
     D1TMQ-a18d      0.030     0.045       0.126     0.634     -0.070     0.765      0.530     0.504      0.961     0.417    0.618     0.346   0.756     0.108      0.191     0.01118  -1	  -0.0154002     0.0513289
     D1TMQ-a19a      0.028     0.047       0.113     0.588      0.041     0.751      0.541     0.586      0.695     0.383    0.558     0.362   0.708     0.100      0.267     0.00970  -1	   0.0065527     0.0012695
     D1TMQ-a19b      0.032     0.046       0.121     0.627     -0.113     0.751      0.557     0.635      0.937     0.423    0.624     0.347   0.732     0.119      0.172     0.01082  -1	  -0.0156159     0.0040646
     D1TMQ-a19c      0.029     0.041       0.113     0.567      0.062     0.744      0.586     0.637      0.982     0.406    0.595     0.353   0.744     0.131      0.378     0.00890  -1	  -0.0190880    -0.0245678
     D1TMQ-a19d      0.034     0.048       0.128     0.585     -0.202     0.757      0.551     0.612      0.361     0.388    0.553     0.371   0.700     0.105      0.232     0.01057  -1	   0.0723545     0.0166440
      D1TMQ-a1a      0.022     0.045       0.121     0.694      0.032     0.758      0.580     0.605      0.151     0.411    0.565     0.381   0.781     0.116      0.169     0.02316  -1	   0.1257532     0.0501969
      D1TMQ-a1b      0.021     0.046       0.132     0.647     -0.003     0.762      0.595     0.607      0.149     0.387    0.586     0.345   0.796     0.118      0.247     0.02285  -1	   0.1533425     0.0360813
      D1TMQ-a1c      0.024     0.039       0.119     0.659      0.025     0.762      0.550     0.536      0.385     0.390    0.560     0.366   0.781     0.119      0.216     0.01373  -1	   0.0363334     0.0496516
      D1TMQ-a1d      0.021     0.047       0.130     0.711     -0.031     0.764      0.572     0.612      0.307     0.417    0.567     0.387   0.876     0.120      0.213     0.02356  -1	   0.0825146    -0.0319414
     D1TMQ-a20a      0.031     0.032       0.094     0.701      0.153     0.757      0.570     0.611      0.546     0.380    0.562     0.356   0.819     0.141      0.123     0.01113  -1	  -0.0105169    -0.0086222
     D1TMQ-a20b      0.030     0.041       0.117     0.622      0.060     0.752      0.571     0.597      0.365     0.393    0.588     0.349   0.761     0.108      0.243     0.01165  -1	   0.0658037     0.0155946
     D1TMQ-a20c      0.028     0.046       0.132     0.589     -0.095     0.745      0.559     0.618      0.351     0.418    0.602     0.359   0.738     0.112      0.269     0.01493  -1	   0.0746417    -0.0059528
     D1TMQ-a20d      0.025     0.052       0.143     0.603      0.180     0.760      0.535     0.590      0.890     0.427    0.614     0.357   0.778     0.099      0.102     0.01056  -1	   0.0567218    -0.0022706
     D1TMQ-a21a      0.036     0.044       0.126     0.639      0.046     0.749      0.571     0.615      0.490     0.381    0.588     0.338   0.725     0.110      0.223     0.01662  -1	   0.0404234    -0.0071136
     D1TMQ-a21b      0.029     0.037       0.100     0.653     -0.029     0.762      0.573     0.578      0.936     0.420    0.603     0.361   0.852     0.154      0.152     0.01264  -1	  -0.0477591    -0.0185274
     D1TMQ-a21c      0.032     0.046       0.130     0.683      0.034     0.752      0.586     0.617      0.456     0.377    0.581     0.339   0.781     0.117      0.298     0.01650  -1	   0.0798839    -0.0232376
     D1TMQ-a21d      0.026     0.046       0.126     0.619      0.094     0.754      0.587     0.599      0.192     0.380    0.580     0.343   0.761     0.106      0.221     0.01704  -1	   0.1310454     0.0403536
     D1TMQ-a22a      0.031     0.043       0.109     0.671     -0.072     0.769      0.554     0.514      0.236     0.383    0.571     0.352   0.812     0.136      0.254     0.04157  -1	   0.1251003     0.1147913
     D1TMQ-a22b      0.028     0.052       0.130     0.676      0.285     0.754      0.547     0.538      0.711     0.412    0.607     0.350   0.892     0.116      0.202     0.02130  -1	   0.0961764    -0.0081436
     D1TMQ-a22c      0.034     0.044       0.117     0.624      0.082     0.749      0.565     0.607      0.253     0.371    0.573     0.339   0.761     0.116      0.428     0.01682  -1	   0.2186753     0.0224821
     D1TMQ-a22d      0.039     0.047       0.123     0.554      0.019     0.747      0.563     0.575      0.065     0.432    0.557     0.408   0.708     0.109      0.451     0.02372  -1	   0.3107382     0.1103394
     D1TMQ-a23a      0.033     0.064       0.166     0.677     -0.350     0.779      0.485     0.431      0.497     0.391    0.591     0.344   0.582     0.088      0.145     0.62806   1	   0.0681797     0.1161491
     D1TMQ-a23b      0.029     0.052       0.130     0.700      0.035     0.764      0.551     0.576      0.913     0.411    0.597     0.357   0.834     0.107      0.260     0.07458  -1	   0.0107237    -0.0300857
     D1TMQ-a23c      0.034     0.066       0.168     0.653     -0.075     0.776      0.456     0.396      0.002     0.383    0.576     0.348   0.747     0.083      0.145     0.64477   1	   0.2210419     0.2777339
     D1TMQ-a23d      0.027     0.065       0.157     0.621      0.062     0.759      0.514     0.480      0.124     0.366    0.559     0.346   0.738     0.085      0.209     0.07797  -1	   0.1980761     0.1288183
     D1TMQ-a24a      0.031     0.065       0.162     0.668     -0.212     0.786      0.481     0.418      0.132     0.390    0.578     0.353   0.637     0.087      0.178     0.64270   1	   0.1796266     0.2294315
     D1TMQ-a24b      0.031     0.063       0.162     0.711     -0.200     0.786      0.458     0.398      0.009     0.388    0.577     0.352   0.785     0.084      0.162     0.61950   1	   0.2398087     0.3029884
     D1TMQ-a24c      0.033     0.065       0.166     0.680     -0.353     0.783      0.452     0.377      0.040     0.398    0.576     0.362   0.538     0.088      0.149     0.63409   1	   0.2388543     0.3465130
     D1TMQ-a24d      0.032     0.064       0.164     0.693     -0.173     0.784      0.491     0.436      0.099     0.383    0.578     0.346   0.730     0.084      0.183     0.63754   1	   0.2024813     0.2154729
     D1TMQ-a25a      0.032     0.062       0.160     0.626     -0.285     0.779      0.476     0.426      0.018     0.420    0.592     0.368   0.515     0.088      0.327     0.64441   1	   0.3228236     0.3429444
     D1TMQ-a25b      0.031     0.065       0.164     0.675     -0.173     0.787      0.481     0.424      0.416     0.545    0.751     0.339   0.730     0.089      0.147     0.63752   1	   0.1100939     0.1607037
     D1TMQ-a25c      0.034     0.064       0.166     0.660     -0.362     0.788      0.482     0.407      0.013     0.372    0.574     0.340   0.538     0.083      0.199     0.71151   1	   0.2778645     0.3484873
     D1TMQ-a25d      0.029     0.058       0.145     0.699     -0.203     0.770      0.531     0.519      0.110     0.349    0.564     0.327   0.637     0.089      0.497     0.07328  -1	   0.3877318     0.2011944
     D1TMQ-a26a      0.024     0.026       0.072     0.657      0.236     0.767      0.622     0.653      0.740     0.377    0.565     0.351   0.840     0.203      0.154     0.03336  -1	  -0.0497664    -0.0661964
     D1TMQ-a26b      0.024     0.039       0.104     0.617      0.116     0.765      0.582     0.572      0.522     0.364    0.557     0.345   0.771     0.125      0.293     0.02149  -1	   0.0285720     0.0024312
     D1TMQ-a26c      0.032     0.063       0.164     0.643     -0.394     0.776      0.460     0.374      0.091     0.436    0.595     0.381   0.471     0.085      0.190     0.68451   1	   0.2302161     0.3487930
     D1TMQ-a26d      0.027     0.030       0.091     0.650     -0.315     0.761      0.620     0.676      0.570     0.375    0.559     0.353   0.812     0.129      0.134     0.03676  -1	  -0.0029643     0.0099401
     D1TMQ-a27a      0.020     0.046       0.126     0.599      0.342     0.759      0.593     0.651      0.914     0.422    0.577     0.382   0.798     0.141      0.209     0.01866  -1	   0.1017242    -0.0333880
     D1TMQ-a27b      0.033     0.040       0.119     0.698     -0.076     0.773      0.554     0.575      0.111     0.380    0.574     0.347   0.812     0.131      0.169     0.01989  -1	   0.1409297     0.0924801
     D1TMQ-a27c      0.024     0.047       0.123     0.705     -0.058     0.759      0.589     0.628      0.117     0.420    0.555     0.397   0.836     0.128      0.211     0.02408  -1	   0.1694958     0.0243617
     D1TMQ-a27d      0.018     0.043       0.130     0.546      0.293     0.749      0.587     0.615      0.779     0.380    0.571     0.350   0.737     0.098      0.219     0.02020  -1	   0.0613741    -0.0027807
     D1TMQ-a28a      0.022     0.036       0.106     0.722      0.248     0.759      0.629     0.719      0.191     0.369    0.570     0.340   0.864     0.123      0.110     0.01589  -1	   0.1143607    -0.0002097
     D1TMQ-a28b      0.026     0.037       0.106     0.604      0.216     0.759      0.602     0.676      0.531     0.380    0.587     0.338   0.784     0.122      0.063     0.02463  -1	  -0.0078924    -0.0469418
     D1TMQ-a28c      0.017     0.047       0.138     0.578     -0.322     0.770      0.571     0.593      0.683     0.432    0.599     0.374   0.738     0.096      0.224     0.01163  -1	   0.0001061     0.0173444
     D1TMQ-a28d      0.020     0.052       0.140     0.621     -0.555     0.757      0.557     0.608      0.997     0.451    0.604     0.387   0.397     0.096      0.152     0.01501  -1	   0.0836611     0.0578226
     D1TMQ-a29a      0.023     0.034       0.109     0.672      0.066     0.757      0.582     0.646      0.522     0.371    0.574     0.339   0.817     0.121      0.274     0.01494  -1	   0.0103324    -0.0415267
     D1TMQ-a29b      0.019     0.060       0.149     0.589     -0.459     0.756      0.542     0.561      0.702     0.398    0.583     0.357   0.420     0.099      0.290     0.01091  -1	   0.0666550     0.0544247
     D1TMQ-a29c      0.020     0.057       0.145     0.667     -0.344     0.750      0.541     0.554      0.699     0.431    0.616     0.360   0.582     0.105      0.270     0.01096  -1	   0.0366692     0.0306511
     D1TMQ-a29d      0.018     0.047       0.136     0.610     -0.350     0.764      0.562     0.590      0.868     0.445    0.589     0.393   0.756     0.099      0.212     0.01161  -1	   0.0028594     0.0350606
      D1TMQ-a2a      0.025     0.046       0.123     0.705      0.003     0.762      0.584     0.611      0.095     0.441    0.575     0.401   0.805     0.129      0.218     0.02344  -1	   0.1892070     0.0593970
      D1TMQ-a2b      0.022     0.048       0.132     0.720     -0.019     0.770      0.555     0.576      0.471     0.406    0.555     0.385   0.876     0.120      0.209     0.02330  -1	   0.0330592    -0.0365930
      D1TMQ-a2c      0.023     0.043       0.115     0.687      0.080     0.761      0.588     0.611      0.993     0.451    0.607     0.384   0.817     0.130      0.207     0.02469  -1	   0.0000302    -0.0297270
      D1TMQ-a2d      0.025     0.046       0.123     0.646      0.034     0.757      0.560     0.590      0.998     0.461    0.632     0.372   0.725     0.116      0.204     0.02312  -1	   0.0108494     0.0023867
     D1TMQ-a30a      0.027     0.037       0.106     0.545     -0.133     0.761      0.596     0.625      0.689     0.395    0.571     0.362   0.653     0.127      0.254     0.01154  -1	  -0.0337745     0.0002291
     D1TMQ-a30b      0.023     0.048       0.128     0.700      0.246     0.748      0.533     0.515      0.474     0.374    0.581     0.336   0.864     0.091      0.315     0.00976  -1	   0.1518250     0.0575504
     D1TMQ-a30c      0.027     0.053       0.143     0.573      0.050     0.760      0.517     0.523      0.771     0.395    0.594     0.345   0.612     0.086      0.342     0.01086  -1	   0.0385276     0.0492359
     D1TMQ-a30d      0.029     0.049       0.126     0.635      0.029     0.758      0.545     0.603      0.676     0.359    0.576     0.327   0.725     0.110      0.283     0.01108  -1	   0.0147715    -0.0255861
     D1TMQ-a31a      0.021     0.049       0.130     0.620      0.266     0.754      0.554     0.514      0.608     0.395    0.574     0.361   0.816     0.114      0.273     0.00858  -1	   0.0924801     0.0286904
     D1TMQ-a31b      0.028     0.042       0.111     0.651      0.262     0.756      0.551     0.569      0.280     0.391    0.572     0.359   0.872     0.105      0.459     0.00890  -1	   0.2861019     0.0614431
     D1TMQ-a31c      0.028     0.054       0.140     0.695      0.008     0.753      0.534     0.547      0.439     0.419    0.578     0.379   0.780     0.083      0.285     0.01092  -1	   0.1040450     0.0229042
     D1TMQ-a31d      0.025     0.055       0.130     0.585      0.292     0.757      0.527     0.558      0.158     0.400    0.574     0.366   0.699     0.094      0.364     0.00915  -1	   0.3133115     0.0979681
     D1TMQ-a32a      0.023     0.048       0.128     0.654      0.296     0.748      0.539     0.537      0.534     0.373    0.574     0.341   0.872     0.095      0.329     0.00975  -1	   0.1470047     0.0252863
     D1TMQ-a32b      0.028     0.053       0.134     0.683      0.066     0.765      0.505     0.478      0.173     0.511    0.612     0.433   0.805     0.089      0.175     0.01139  -1	   0.1599575     0.1535515
     D1TMQ-a32c      0.026     0.047       0.115     0.556     -0.129     0.745      0.583     0.620      0.634     0.419    0.580     0.377   0.714     0.123      0.248     0.00896  -1	  -0.0020552    -0.0189711
     D1TMQ-a32d      0.022     0.051       0.132     0.595      0.222     0.763      0.541     0.585      0.979     0.387    0.597     0.335   0.661     0.094      0.180     0.01082  -1	   0.0852956     0.0281098
     D1TMQ-a33a      0.027     0.048       0.119     0.466     -0.008     0.748      0.587     0.602      0.645     0.393    0.581     0.354   0.652     0.120      0.128     0.00771  -1	  -0.0187251    -0.0118452
     D1TMQ-a33b      0.022     0.051       0.132     0.600      0.057     0.749      0.552     0.580      0.168     0.393    0.571     0.361   0.738     0.097      0.101     0.00813  -1	   0.0719655     0.0277208
     D1TMQ-a33c      0.027     0.044       0.130     0.653      0.295     0.756      0.538     0.563      0.577     0.354    0.554     0.339   0.872     0.107      0.135     0.00805  -1	   0.0648891    -0.0062848
     D1TMQ-a33d      0.032     0.047       0.126     0.518     -0.110     0.746      0.577     0.659      0.298     0.408    0.586     0.362   0.653     0.105      0.178     0.01066  -1	   0.0482191    -0.0134673
     D1TMQ-a34a      0.025     0.043       0.113     0.614      0.226     0.746      0.625     0.653      0.742     0.390    0.576     0.355   0.784     0.129      0.109     0.00815  -1	   0.0124401    -0.0441489
     D1TMQ-a34b      0.027     0.039       0.109     0.556      0.040     0.751      0.607     0.643      0.974     0.388    0.574     0.354   0.708     0.140      0.307     0.00900  -1	  -0.0314967    -0.0272505
     D1TMQ-a34c      0.022     0.049       0.128     0.663      0.136     0.744      0.560     0.623      0.928     0.429    0.624     0.351   0.827     0.093      0.195     0.00892  -1	   0.0269163    -0.0243509
     D1TMQ-a34d      0.028     0.043       0.119     0.632     -0.127     0.749      0.562     0.615      0.605     0.385    0.561     0.361   0.732     0.103      0.215     0.00974  -1	  -0.0068782    -0.0034513
     D1TMQ-a35a      0.032     0.040       0.115     0.532      0.124     0.756      0.586     0.633      0.861     0.377    0.571     0.347   0.692     0.110      0.393     0.00974  -1	   0.0071108    -0.0142479
     D1TMQ-a35b      0.028     0.053       0.143     0.529      0.267     0.740      0.590     0.649      0.771     0.405    0.611     0.341   0.546     0.107      0.111     0.00927  -1	   0.0897281     0.0021192
     D1TMQ-a35c      0.027     0.043       0.126     0.624      0.215     0.763      0.563     0.526      0.557     0.428    0.589     0.378   0.784     0.124      0.173     0.00939  -1	   0.0505304     0.0411719
     D1TMQ-a35d      0.025     0.050       0.134     0.475      0.282     0.739      0.577     0.627      0.348     0.390    0.575     0.355   0.672     0.101      0.133     0.00912  -1	   0.0730959    -0.0252533
     D1TMQ-a36a      0.028     0.041       0.119     0.569      0.066     0.760      0.575     0.551      0.801     0.435    0.578     0.394   0.744     0.112      0.229     0.00952  -1	  -0.0056598     0.0157267
     D1TMQ-a36b      0.023     0.043       0.119     0.605      0.318     0.750      0.588     0.628      0.937     0.424    0.618     0.352   0.816     0.118      0.202     0.00882  -1	   0.0858805    -0.0107030
     D1TMQ-a36c      0.023     0.043       0.123     0.603      0.327     0.750      0.566     0.602      0.951     0.425    0.617     0.353   0.816     0.121      0.204     0.00889  -1	   0.0932107     0.0028995
     D1TMQ-a36d      0.028     0.042       0.113     0.611     -0.169     0.758      0.586     0.621      0.943     0.420    0.591     0.371   0.701     0.140      0.132     0.01483  -1	  -0.0194940     0.0051653
     D1TMQ-a37a      0.034     0.043       0.115     0.645      0.064     0.751      0.547     0.585      0.365     0.372    0.571     0.342   0.761     0.119      0.414     0.01724  -1	   0.1540832     0.0185512
     D1TMQ-a37b      0.024     0.041       0.113     0.638     -0.055     0.761      0.586     0.617      0.556     0.412    0.585     0.368   0.756     0.135      0.083     0.01361  -1	  -0.0384949    -0.0268766
     D1TMQ-a37c      0.025     0.041       0.123     0.676      0.042     0.753      0.565     0.612      0.958     0.415    0.596     0.361   0.781     0.111      0.305     0.01142  -1	  -0.0162092    -0.0138807
     D1TMQ-a37d      0.031     0.042       0.113     0.598      0.103     0.745      0.586     0.612      0.452     0.439    0.567     0.405   0.753     0.124      0.152     0.01487  -1	   0.0170089    -0.0173125
     D1TMQ-a38a      0.025     0.052       0.143     0.677      0.142     0.757      0.525     0.553      0.960     0.407    0.595     0.355   0.780     0.093      0.175     0.04873  -1	   0.0467969     0.0096805
     D1TMQ-a38b      0.023     0.046       0.132     0.574      0.213     0.756      0.579     0.605      0.825     0.380    0.579     0.344   0.767     0.103      0.117     0.01166  -1	   0.0336855    -0.0138317
     D1TMQ-a38c      0.024     0.043       0.119     0.601      0.240     0.754      0.554     0.594      0.412     0.371    0.557     0.350   0.784     0.129      0.238     0.02001  -1	   0.0849188    -0.0136700
     D1TMQ-a38d      0.030     0.071       0.185     0.664     -0.160     0.793      0.463     0.398      0.013     0.577    0.782     0.334   0.730     0.078      0.343     0.66247   1	   0.4651550     0.4323680
     D1TMQ-a39a      0.034     0.060       0.151     0.611     -0.155     0.784      0.508     0.463      0.137     0.710    0.859     0.359   0.664     0.087      0.301     0.60391   1	   0.3947242     0.3875798
     D1TMQ-a39b      0.028     0.036       0.113     0.608      0.220     0.755      0.551     0.584      0.275     0.362    0.569     0.334   0.784     0.122      0.239     0.02740  -1	   0.1103321     0.0396879
     D1TMQ-a39c      0.032     0.059       0.147     0.568     -0.156     0.778      0.491     0.477      0.400     0.369    0.561     0.347   0.538     0.095      0.198     0.51264   1	   0.0611620     0.1108220
     D1TMQ-a39d      0.027     0.036       0.117     0.610      0.105     0.753      0.555     0.594      0.309     0.406    0.650     0.311   0.771     0.115      0.239     0.02746  -1	   0.0867248     0.0439209
      D1TMQ-a3a      0.025     0.042       0.115     0.668      0.128     0.759      0.595     0.540      0.918     0.411    0.597     0.356   0.827     0.135      0.137     0.01445  -1	  -0.0066499    -0.0097311
      D1TMQ-a3b      0.026     0.042       0.115     0.659      0.123     0.757      0.598     0.542      0.555     0.435    0.596     0.378   0.827     0.137      0.137     0.01450  -1	   0.0048188     0.0165286
      D1TMQ-a3c      0.029     0.042       0.119     0.708      0.004     0.764      0.563     0.574      0.585     0.457    0.584     0.408   0.805     0.134      0.176     0.01666  -1	   0.0041858    -0.0103795
      D1TMQ-a3d      0.033     0.040       0.113     0.671     -0.162     0.769      0.567     0.575      0.635     0.391    0.571     0.359   0.757     0.133      0.182     0.01855  -1	  -0.0182373     0.0087825
     D1TMQ-a40a      0.031     0.065       0.166     0.682     -0.260     0.785      0.476     0.414      0.142     0.376    0.576     0.343   0.582     0.084      0.136     0.63234   1	   0.1628385     0.2312315
     D1TMQ-a40b      0.033     0.065       0.166     0.704     -0.211     0.786      0.469     0.407      0.009     0.384    0.569     0.354   0.691     0.085      0.191     0.61895   1	   0.2636590     0.3047746
     D1TMQ-a40c      0.032     0.062       0.162     0.728     -0.201     0.777      0.450     0.396      0.029     0.392    0.589     0.347   0.691     0.085      0.173     0.59569   1	   0.2474928     0.3194966
     D1TMQ-a40d      0.033     0.062       0.157     0.702     -0.077     0.785      0.475     0.421      0.040     0.399    0.568     0.368   0.802     0.080      0.193     0.51944   1	   0.2364094     0.2497578
     D1TMQ-a41a      0.026     0.061       0.155     0.520     -0.257     0.765      0.571     0.569      0.531     0.384    0.578     0.347   0.236     0.079      0.197     0.05959  -1	   0.0376258     0.0338428
     D1TMQ-a41b      0.034     0.059       0.155     0.606     -0.169     0.785      0.509     0.458      0.113     0.368    0.536     0.365   0.664     0.088      0.405     0.61969   1	   0.2796431     0.2257015
     D1TMQ-a41c      0.032     0.063       0.166     0.663     -0.398     0.776      0.484     0.426      0.310     0.380    0.599     0.329   0.538     0.087      0.276     0.58620   1	   0.1788857     0.2090514
     D1TMQ-a41d      0.028     0.061       0.153     0.619     -0.146     0.763      0.530     0.474      0.442     0.379    0.581     0.341   0.589     0.093      0.220     0.09124  -1	   0.0667485     0.0875578
     D1TMQ-a42a      0.030     0.064       0.166     0.672     -0.083     0.780      0.451     0.390      0.167     0.366    0.567     0.339   0.747     0.080      0.168     0.56379   1	   0.1537448     0.2166176
     D1TMQ-a42b      0.026     0.047       0.121     0.626     -0.356     0.763      0.575     0.556      0.454     0.350    0.577     0.319   0.644     0.106      0.216     0.05268  -1	   0.0718012     0.0831859
     D1TMQ-a42c      0.025     0.059       0.155     0.608     -0.024     0.762      0.513     0.458      0.115     0.366    0.581     0.329   0.680     0.087      0.207     0.08351  -1	   0.1708994     0.1899146
     D1TMQ-a42d      0.027     0.056       0.145     0.684     -0.227     0.764      0.549     0.524      0.697     0.374    0.587     0.332   0.637     0.093      0.323     0.05395  -1	   0.0246676     0.0297667
     D1TMQ-a43a      0.023     0.050       0.140     0.538      0.359     0.761      0.554     0.570      0.026     0.369    0.574     0.337   0.769     0.109      0.216     0.01707  -1	   0.2713442     0.0931184
     D1TMQ-a43b      0.025     0.041       0.115     0.587     -0.222     0.755      0.575     0.615      0.398     0.379    0.565     0.353   0.700     0.125      0.272     0.01757  -1	   0.0537821     0.0187619
     D1TMQ-a43d      0.013     0.053       0.143     0.512      0.366     0.751      0.566     0.559      0.204     0.399    0.588     0.353   0.552     0.092      0.138     0.01541  -1	   0.1650587     0.0943653
     D1TMQ-a44a      0.024     0.052       0.134     0.550      0.103     0.764      0.512     0.607      0.482     0.392    0.560     0.368   0.587     0.122      0.253     0.01650  -1	   0.0561837    -0.0110152
     D1TMQ-a44b      0.026     0.054       0.143     0.616      0.011     0.768      0.522     0.590      0.473     0.380    0.571     0.348   0.713     0.104      0.261     0.01623  -1	   0.0606304    -0.0192828
     D1TMQ-a44c      0.026     0.046       0.123     0.615     -0.115     0.765      0.623     0.651      0.042     0.345    0.550     0.334   0.732     0.107      0.184     0.03581  -1	   0.1649232     0.0551852
     D1TMQ-a44d      0.025     0.050       0.140     0.565      0.083     0.758      0.523     0.581      0.992     0.395    0.600     0.340   0.744     0.105      0.332     0.01564  -1	   0.0192525     0.0178562
     D1TMQ-a45a      0.022     0.035       0.106     0.677     -0.263     0.750      0.583     0.657      0.450     0.402    0.582     0.362   0.726     0.138      0.212     0.01418  -1	   0.0301019     0.0015501
     D1TMQ-a45b      0.023     0.056       0.149     0.659      0.064     0.763      0.538     0.615      0.103     0.378    0.582     0.339   0.805     0.105      0.217     0.01686  -1	   0.2003287    -0.0049308
     D1TMQ-a45c      0.025     0.039       0.106     0.709      0.018     0.768      0.591     0.685      0.195     0.372    0.574     0.340   0.805     0.116      0.097     0.02455  -1	   0.0637807    -0.0094560
     D1TMQ-a45d      0.023     0.046       0.121     0.566     -0.151     0.755      0.557     0.546      0.319     0.365    0.566     0.339   0.684     0.102      0.181     0.00971  -1	   0.0431933     0.0761403
     D1TMQ-a46a      0.018     0.045       0.134     0.548     -0.135     0.762      0.559     0.582      0.663     0.427    0.574     0.389   0.653     0.095      0.232     0.01176  -1	  -0.0218587     0.0135530
     D1TMQ-a46b      0.020     0.062       0.149     0.658     -0.341     0.756      0.527     0.559      0.991     0.423    0.609     0.359   0.582     0.094      0.265     0.01085  -1	   0.0188251     0.0437573
     D1TMQ-a46c      0.027     0.044       0.115     0.631     -0.443     0.761      0.571     0.599      0.533     0.372    0.572     0.342   0.584     0.120      0.224     0.00963  -1	   0.0825028     0.0646879
     D1TMQ-a46d      0.028     0.046       0.121     0.665     -0.141     0.755      0.548     0.591      0.282     0.370    0.571     0.339   0.788     0.116      0.262     0.00980  -1	   0.1165555     0.0311604
     D1TMQ-a47a      0.025     0.035       0.104     0.583     -0.375     0.752      0.580     0.608      0.548     0.370    0.566     0.344   0.626     0.117      0.135     0.00842  -1	   0.0275403     0.0668470
     D1TMQ-a47b      0.023     0.053       0.153     0.567     -0.568     0.754      0.568     0.545      0.880     0.391    0.576     0.356   0.271     0.090      0.136     0.00808  -1	   0.0919567     0.0481551
     D1TMQ-a47c      0.026     0.047       0.123     0.681     -0.087     0.758      0.544     0.582      0.989     0.407    0.609     0.344   0.812     0.117      0.220     0.00985  -1	  -0.0279678    -0.0025309
     D1TMQ-a47d      0.027     0.048       0.126     0.648     -0.189     0.755      0.543     0.577      0.998     0.410    0.609     0.347   0.701     0.121      0.258     0.00981  -1	  -0.0215305     0.0269415
     D1TMQ-a48a      0.029     0.046       0.121     0.654     -0.209     0.756      0.560     0.595      0.998     0.413    0.615     0.344   0.773     0.112      0.235     0.00987  -1	  -0.0199115     0.0278939
     D1TMQ-a48b      0.023     0.047       0.111     0.604      0.329     0.757      0.551     0.576      0.751     0.559    0.632     0.460   0.816     0.117      0.157     0.00770  -1	   0.1272897     0.0427267
     D1TMQ-a48c      0.026     0.046       0.126     0.692     -0.237     0.757      0.549     0.581      1.000     0.417    0.626     0.340   0.773     0.113      0.217     0.00990  -1	  -0.0262087     0.0284194
     D1TMQ-a48d      0.020     0.046       0.123     0.619      0.302     0.755      0.548     0.519      0.702     0.418    0.592     0.366   0.816     0.126      0.145     0.00847  -1	   0.0638803     0.0238671
     D1TMQ-a49a      0.027     0.047       0.121     0.670     -0.193     0.761      0.540     0.574      0.744     0.403    0.591     0.353   0.757     0.113      0.266     0.00983  -1	  -0.0082732     0.0096200
     D1TMQ-a49b      0.021     0.050       0.128     0.641      0.241     0.763      0.549     0.610      0.248     0.417    0.598     0.362   0.784     0.098      0.239     0.01057  -1	   0.1868436     0.0173809
     D1TMQ-a49c      0.021     0.049       0.138     0.630      0.119     0.745      0.580     0.649      0.472     0.415    0.577     0.376   0.771     0.098      0.089     0.00960  -1	   0.0133365    -0.0461093
     D1TMQ-a49d      0.025     0.046       0.123     0.586      0.249     0.731      0.543     0.561      0.485     0.929    0.852     0.733   0.767     0.105      0.260     0.00802  -1	   0.2466533     0.2113985
      D1TMQ-a4a      0.025     0.040       0.117     0.626     -0.171     0.758      0.563     0.577      0.496     0.395    0.569     0.365   0.701     0.100      0.142     0.01180  -1	  -0.0112268     0.0355874
      D1TMQ-a4b      0.026     0.040       0.113     0.636      0.148     0.766      0.536     0.522      0.242     0.380    0.583     0.340   0.771     0.122      0.376     0.01132  -1	   0.1993649     0.1236567
      D1TMQ-a4c      0.033     0.032       0.091     0.636      0.071     0.774      0.578     0.627      0.692     0.391    0.585     0.348   0.761     0.142      0.226     0.01492  -1	  -0.0267299    -0.0188096
      D1TMQ-a4d      0.031     0.038       0.104     0.630      0.045     0.766      0.550     0.564      0.963     0.447    0.612     0.376   0.725     0.117      0.192     0.01172  -1	  -0.0020768     0.0349675
     D1TMQ-a50a      0.025     0.049       0.121     0.667     -0.040     0.745      0.514     0.530      0.251     0.431    0.591     0.380   0.852     0.106      0.134     0.00813  -1	   0.0724494     0.0553184
     D1TMQ-a50b      0.027     0.043       0.102     0.657      0.196     0.750      0.580     0.641      0.664     0.406    0.569     0.374   0.794     0.135      0.148     0.00780  -1	   0.0159567    -0.0493277
     D1TMQ-a50c      0.025     0.050       0.130     0.646      0.148     0.744      0.516     0.536      0.478     0.389    0.569     0.359   0.771     0.096      0.224     0.00825  -1	   0.0716085     0.0250535
     D1TMQ-a50d      0.028     0.055       0.134     0.665      0.066     0.758      0.519     0.512      0.606     0.454    0.610     0.384   0.805     0.093      0.192     0.01114  -1	   0.0499302     0.0242182
     D1TMQ-a51a      0.024     0.050       0.136     0.474      0.228     0.744      0.576     0.623      0.762     0.406    0.580     0.366   0.641     0.097      0.137     0.00938  -1	   0.0539619    -0.0071302
     D1TMQ-a51b      0.027     0.043       0.115     0.635      0.385     0.748      0.539     0.535      0.553     0.384    0.568     0.355   0.848     0.119      0.150     0.00844  -1	   0.1093598     0.0414108
     D1TMQ-a51c      0.023     0.050       0.130     0.697      0.195     0.750      0.550     0.604      0.843     0.414    0.612     0.348   0.794     0.089      0.175     0.00893  -1	   0.0540701    -0.0076257
     D1TMQ-a51d      0.023     0.050       0.136     0.647      0.284     0.750      0.551     0.599      0.121     0.405    0.602     0.348   0.816     0.087      0.169     0.00909  -1	   0.2191256     0.0618666
     D1TMQ-a52a      0.028     0.050       0.147     0.650     -0.048     0.761      0.560     0.581      0.398     0.400    0.591     0.353   0.852     0.086      0.202     0.00761  -1	   0.0505566    -0.0138638
     D1TMQ-a52b      0.027     0.050       0.143     0.457      0.126     0.760      0.566     0.555      0.485     0.400    0.565     0.372   0.627     0.100      0.221     0.00775  -1	   0.0372499     0.0223367
     D1TMQ-a52c      0.026     0.040       0.115     0.629      0.323     0.751      0.608     0.663      0.985     0.401    0.591     0.352   0.816     0.111      0.233     0.00909  -1	   0.0880957    -0.0101122
     D1TMQ-a52d      0.024     0.040       0.115     0.644      0.111     0.749      0.610     0.658      0.999     0.435    0.620     0.360   0.771     0.116      0.233     0.00908  -1	   0.0030677    -0.0217709
     D1TMQ-a53a      0.023     0.038       0.109     0.678      0.200     0.757      0.572     0.593      0.485     0.356    0.560     0.336   0.840     0.136      0.199     0.00917  -1	   0.0347429    -0.0172857
     D1TMQ-a53b      0.025     0.035       0.100     0.618      0.271     0.760      0.605     0.602      0.246     0.362    0.587     0.321   0.816     0.131      0.103     0.01147  -1	   0.0656735     0.0456088
     D1TMQ-a53c      0.030     0.041       0.121     0.594     -0.041     0.762      0.586     0.567      0.796     0.379    0.584     0.339   0.778     0.117      0.149     0.00967  -1	  -0.0357846     0.0038043
     D1TMQ-a53d      0.022     0.048       0.145     0.600      0.133     0.760      0.596     0.617      0.559     0.405    0.595     0.352   0.771     0.102      0.187     0.01071  -1	   0.0315067    -0.0292328
     D1TMQ-a54a      0.022     0.042       0.119     0.660     -0.033     0.753      0.582     0.630      0.134     0.418    0.586     0.372   0.852     0.122      0.200     0.01302  -1	   0.1293589     0.0105790
     D1TMQ-a54b      0.030     0.041       0.123     0.594      0.243     0.765      0.583     0.550      0.581     0.399    0.575     0.363   0.767     0.119      0.195     0.00936  -1	   0.0557015     0.0341452
     D1TMQ-a54c      0.026     0.033       0.102     0.578      0.117     0.760      0.610     0.680      0.728     0.364    0.565     0.340   0.753     0.144      0.168     0.01187  -1	  -0.0433666    -0.0521473
     D1TMQ-a54d      0.027     0.039       0.117     0.588      0.289     0.759      0.607     0.625      0.388     0.437    0.599     0.378   0.798     0.109      0.221     0.01168  -1	   0.1137843     0.0242793
     D1TMQ-a55a      0.025     0.037       0.113     0.641      0.099     0.753      0.550     0.571      0.237     0.380    0.588     0.336   0.761     0.105      0.239     0.01320  -1	   0.1093132     0.0776459
     D1TMQ-a55b      0.012     0.056       0.151     0.605     -0.040     0.754      0.571     0.606      0.080     0.366    0.592     0.321   0.680     0.094      0.208     0.01436  -1	   0.1659762     0.0480395
     D1TMQ-a55c      0.025     0.047       0.128     0.589      0.178     0.746      0.563     0.644      0.167     0.421    0.589     0.372   0.721     0.107      0.204     0.02757  -1	   0.1450640    -0.0056929
     D1TMQ-a55d      0.024     0.049       0.140     0.564     -0.116     0.753      0.550     0.623      0.265     0.448    0.601     0.387   0.714     0.086      0.272     0.01853  -1	   0.1012266     0.0020039
     D1TMQ-a56a      0.026     0.042       0.121     0.687     -0.137     0.758      0.546     0.606      0.118     0.392    0.579     0.354   0.788     0.119      0.211     0.02640  -1	   0.1624867     0.0655495
     D1TMQ-a56b      0.018     0.050       0.132     0.557      0.408     0.747      0.530     0.519      0.078     0.366    0.568     0.339   0.804     0.104      0.367     0.01436  -1	   0.3770707     0.1751843
     D1TMQ-a56c      0.027     0.043       0.119     0.667     -0.097     0.753      0.552     0.617      0.604     0.395    0.583     0.354   0.812     0.123      0.228     0.02693  -1	  -0.0081754    -0.0344429
     D1TMQ-a56d      0.019     0.046       0.128     0.491      0.358     0.744      0.559     0.551      0.142     0.356    0.565     0.332   0.704     0.103      0.371     0.01413  -1	   0.2729193     0.1176841
     D1TMQ-a57a      0.021     0.043       0.115     0.620      0.013     0.762      0.579     0.671      0.281     0.366    0.539     0.361   0.725     0.120      0.247     0.03481  -1	   0.0765022    -0.0464688
     D1TMQ-a57b      0.020     0.044       0.121     0.712      0.026     0.757      0.533     0.618      0.133     0.373    0.550     0.359   0.805     0.119      0.359     0.03485  -1	   0.2506146     0.0250725
     D1TMQ-a57c      0.025     0.044       0.121     0.714     -0.013     0.755      0.544     0.602      0.318     0.392    0.608     0.333   0.876     0.108      0.153     0.02907  -1	   0.0576934    -0.0080142
     D1TMQ-a57d      0.019     0.048       0.130     0.715      0.349     0.745      0.553     0.567      0.182     0.400    0.564     0.373   0.896     0.094      0.204     0.01640  -1	   0.2526238     0.0989615
     D1TMQ-a58a      0.023     0.053       0.143     0.692      0.157     0.762      0.529     0.550      0.945     0.404    0.587     0.359   0.845     0.096      0.180     0.05428  -1	   0.0459265    -0.0093484
     D1TMQ-a58b      0.023     0.049       0.140     0.665      0.145     0.748      0.569     0.542      0.100     0.393    0.555     0.372   0.827     0.095      0.237     0.02032  -1	   0.2138963     0.1206022
     D1TMQ-a58c      0.025     0.038       0.117     0.628     -0.071     0.756      0.560     0.615      0.633     0.366    0.581     0.329   0.756     0.120      0.208     0.02687  -1	  -0.0355702    -0.0141976
     D1TMQ-a58d      0.031     0.069       0.179     0.586     -0.098     0.747      0.484     0.459      0.660     0.403    0.582     0.362   0.554     0.076      0.305     0.09493  -1	   0.0641609     0.0685850
     D1TMQ-a59a      0.018     0.041       0.115     0.730     -0.319     0.748      0.620     0.723      0.244     0.383    0.578     0.346   0.836     0.123      0.067     0.02161  -1	   0.0864118     0.0066117
     D1TMQ-a59b      0.026     0.060       0.155     0.603      0.025     0.756      0.527     0.473      0.174     0.371    0.577     0.336   0.713     0.085      0.220     0.07937  -1	   0.1599427     0.1445749
     D1TMQ-a59c      0.024     0.050       0.149     0.704      0.293     0.752      0.549     0.578      0.093     0.369    0.566     0.343   0.896     0.099      0.207     0.03400  -1	   0.2775109     0.0806508
     D1TMQ-a59d      0.030     0.056       0.145     0.702     -0.234     0.771      0.570     0.564      0.029     0.358    0.555     0.341   0.691     0.096      0.449     0.07264  -1	   0.4172416     0.1823725
      D1TMQ-a5a      0.025     0.043       0.128     0.666     -0.188     0.754      0.569     0.602      0.587     0.406    0.585     0.361   0.757     0.082      0.137     0.01191  -1	  -0.0145060     0.0146285
      D1TMQ-a5b      0.025     0.040       0.117     0.710      0.147     0.757      0.542     0.534      0.121     0.402    0.595     0.350   0.851     0.120      0.178     0.01189  -1	   0.1697982     0.1391356
      D1TMQ-a5c      0.025     0.041       0.109     0.723      0.013     0.750      0.593     0.599      0.589     0.372    0.578     0.338   0.805     0.123      0.167     0.01246  -1	  -0.0145268    -0.0110518
      D1TMQ-a5d      0.024     0.042       0.123     0.564      0.106     0.757      0.541     0.552      0.899     0.412    0.584     0.368   0.753     0.103      0.426     0.01160  -1	   0.0121857     0.0294458
     D1TMQ-a60a      0.016     0.041       0.117     0.697     -0.171     0.756      0.635     0.742      0.300     0.395    0.557     0.373   0.757     0.114      0.069     0.02184  -1	   0.0149856    -0.0283738
     D1TMQ-a60b      0.020     0.048       0.121     0.687      0.142     0.751      0.559     0.618      0.998     0.422    0.605     0.361   0.827     0.112      0.187     0.01457  -1	   0.0212829    -0.0314385
     D1TMQ-a60c      0.022     0.047       0.121     0.610      0.132     0.763      0.569     0.648      0.162     0.388    0.563     0.362   0.771     0.121      0.197     0.01450  -1	   0.1273683    -0.0321978
     D1TMQ-a60d      0.016     0.040       0.115     0.722     -0.283     0.754      0.610     0.712      0.276     0.387    0.572     0.355   0.750     0.120      0.069     0.02158  -1	   0.0531702     0.0077311
     D1TMQ-a61a      0.016     0.057       0.153     0.475      0.229     0.761      0.604     0.602      0.811     0.369    0.574     0.337   0.390     0.097      0.141     0.01461  -1	   0.0972449     0.0093581
     D1TMQ-a61b      0.015     0.063       0.157     0.536      0.198     0.759      0.540     0.522      0.067     0.371    0.577     0.336   0.499     0.093      0.235     0.01439  -1	   0.2325359     0.1335579
     D1TMQ-a61c      0.016     0.062       0.153     0.554      0.243     0.757      0.523     0.505      0.062     0.371    0.568     0.343   0.661     0.098      0.225     0.01404  -1	   0.2433509     0.1303823
     D1TMQ-a61d      0.021     0.059       0.160     0.476      0.416     0.759      0.546     0.531      0.207     0.347    0.546     0.339   0.481     0.082      0.161     0.01608  -1	   0.2300958     0.1141163
     D1TMQ-a62a      0.023     0.049       0.134     0.613     -0.110     0.758      0.561     0.649      0.231     0.349    0.555     0.334   0.732     0.101      0.159     0.01503  -1	   0.0729802    -0.0196156
     D1TMQ-a62b      0.016     0.051       0.134     0.571      0.323     0.760      0.542     0.538      0.140     0.375    0.578     0.339   0.727     0.099      0.126     0.01495  -1	   0.1626374     0.0924342
     D1TMQ-a62c      0.020     0.061       0.162     0.507      0.396     0.758      0.540     0.531      0.218     0.375    0.579     0.340   0.552     0.085      0.193     0.01585  -1	   0.2479823     0.1142088
     D1TMQ-a62d      0.024     0.041       0.106     0.609     -0.336     0.762      0.576     0.602      0.632     0.368    0.559     0.348   0.756     0.136      0.329     0.00798  -1	   0.0290474     0.0268416
     D1TMQ-a63a      0.025     0.051       0.130     0.630     -0.142     0.760      0.522     0.578      0.436     0.380    0.570     0.350   0.589     0.116      0.275     0.01081  -1	   0.0616242     0.0295341
     D1TMQ-a63b      0.024     0.050       0.123     0.577     -0.119     0.762      0.536     0.602      0.442     0.365    0.574     0.334   0.714     0.117      0.246     0.01060  -1	   0.0353457    -0.0065544
     D1TMQ-a63c      0.020     0.051       0.140     0.625      0.021     0.753      0.538     0.566      0.719     0.406    0.570     0.374   0.713     0.086      0.215     0.01033  -1	   0.0052251     0.0004326
     D1TMQ-a63d      0.024     0.051       0.128     0.585     -0.124     0.763      0.530     0.588      0.586     0.377    0.582     0.339   0.463     0.112      0.293     0.01058  -1	   0.0206649     0.0270265
     D1TMQ-a64a      0.025     0.050       0.130     0.657     -0.076     0.769      0.528     0.610      0.156     0.367    0.576     0.334   0.812     0.099      0.302     0.00731  -1	   0.1959869     0.0154003
     D1TMQ-a64b      0.029     0.051       0.138     0.634     -0.594     0.750      0.515     0.481      0.680     0.382    0.586     0.340   0.397     0.095      0.323     0.00926  -1	   0.1226081     0.1451999
     D1TMQ-a64c      0.028     0.059       0.138     0.713     -0.220     0.759      0.551     0.639      0.166     0.387    0.573     0.354   0.691     0.094      0.234     0.00714  -1	   0.2084330     0.0379658
     D1TMQ-a64d      0.028     0.053       0.147     0.619     -0.391     0.754      0.568     0.576      0.117     0.399    0.576     0.362   0.471     0.098      0.210     0.00820  -1	   0.2165170     0.1467586
     D1TMQ-a65a      0.024     0.073       0.164     0.605     -0.172     0.762      0.504     0.559      0.953     0.403    0.613     0.337   0.664     0.080      0.209     0.00722  -1	   0.0400646     0.0248217
     D1TMQ-a65b      0.034     0.053       0.145     0.527      0.237     0.756      0.529     0.590      0.237     0.375    0.575     0.342   0.508     0.089      0.275     0.00659  -1	   0.1954922     0.0624690
     D1TMQ-a65c      0.023     0.075       0.170     0.648     -0.214     0.755      0.512     0.591      0.472     0.388    0.590     0.342   0.570     0.082      0.195     0.00723  -1	   0.0863889    -0.0034438
     D1TMQ-a65d      0.025     0.072       0.166     0.574     -0.068     0.762      0.505     0.580      0.315     0.390    0.591     0.344   0.554     0.084      0.195     0.00719  -1	   0.1112472     0.0097229
     D1TMQ-a66a      0.027     0.033       0.102     0.715      0.262     0.765      0.574     0.589      0.875     0.382    0.579     0.345   0.896     0.152      0.268     0.00582  -1	   0.0159024    -0.0299073
     D1TMQ-a66b      0.030     0.032       0.096     0.591      0.301     0.768      0.595     0.624      0.805     0.374    0.578     0.339   0.798     0.154      0.245     0.00576  -1	   0.0280320    -0.0247159
     D1TMQ-a66c      0.027     0.035       0.102     0.615      0.291     0.765      0.568     0.582      0.824     0.383    0.584     0.342   0.816     0.148      0.239     0.00578  -1	   0.0326642    -0.0092004
     D1TMQ-a66d      0.031     0.060       0.157     0.621      0.134     0.760      0.516     0.564      0.227     0.384    0.575     0.350   0.713     0.081      0.303     0.00662  -1	   0.2230494     0.0412376
     D1TMQ-a67a      0.025     0.040       0.109     0.689      0.292     0.757      0.560     0.580      0.973     0.423    0.596     0.368   0.872     0.121      0.179     0.00694  -1	   0.0674743     0.0020700
     D1TMQ-a67b      0.028     0.033       0.098     0.699      0.312     0.770      0.580     0.604      0.857     0.366    0.571     0.337   0.872     0.159      0.274     0.00580  -1	   0.0380663    -0.0303723
     D1TMQ-a67c      0.027     0.033       0.098     0.699      0.329     0.767      0.578     0.597      0.780     0.372    0.561     0.350   0.872     0.154      0.294     0.00583  -1	   0.0594384    -0.0182502
     D1TMQ-a67d      0.027     0.055       0.151     0.683     -0.261     0.763      0.537     0.557      0.056     0.714    0.848     0.380   0.582     0.093      0.235     0.00664  -1	   0.3896329     0.2946895
     D1TMQ-a68a      0.031     0.052       0.134     0.565      0.051     0.749      0.568     0.608      0.978     0.402    0.580     0.362   0.612     0.101      0.239     0.00666  -1	   0.0325537     0.0058801
     D1TMQ-a68b      0.030     0.052       0.147     0.611      0.246     0.747      0.565     0.535      0.252     0.376    0.589     0.333   0.787     0.090      0.222     0.00719  -1	   0.1803088     0.0907097
     D1TMQ-a68c      0.026     0.051       0.136     0.541      0.220     0.751      0.564     0.569      0.764     0.423    0.578     0.383   0.508     0.089      0.200     0.00796  -1	   0.0813073     0.0353250
     D1TMQ-a68d      0.027     0.043       0.115     0.693      0.249     0.749      0.557     0.562      0.395     0.378    0.562     0.354   0.840     0.112      0.117     0.00833  -1	   0.0737659     0.0326135
     D1TMQ-a69a      0.026     0.051       0.145     0.497      0.169     0.753      0.554     0.554      0.741     0.415    0.588     0.368   0.381     0.092      0.227     0.00779  -1	   0.0653118     0.0434575
     D1TMQ-a69b      0.027     0.051       0.143     0.513      0.195     0.758      0.543     0.527      0.703     0.422    0.591     0.371   0.499     0.089      0.253     0.00790  -1	   0.0798372     0.0645502
     D1TMQ-a69c      0.030     0.051       0.134     0.674      0.257     0.750      0.555     0.604      0.534     0.446    0.596     0.388   0.892     0.116      0.195     0.00878  -1	   0.1107706    -0.0347549
     D1TMQ-a69d      0.024     0.053       0.149     0.576      0.132     0.759      0.552     0.568      0.546     0.420    0.583     0.376   0.587     0.094      0.220     0.00796  -1	   0.0645722     0.0199891
      D1TMQ-a6a      0.032     0.038       0.098     0.687      0.143     0.755      0.577     0.608      0.774     0.440    0.595     0.384   0.827     0.129      0.251     0.01262  -1	   0.0164986    -0.0205916
      D1TMQ-a6b      0.031     0.048       0.130     0.544      0.062     0.759      0.544     0.514      0.161     0.385    0.592     0.337   0.682     0.087      0.288     0.01091  -1	   0.1650463     0.1527419
      D1TMQ-a6c      0.029     0.041       0.111     0.677      0.049     0.754      0.567     0.602      0.651     0.407    0.603     0.349   0.781     0.115      0.209     0.01227  -1	  -0.0006836    -0.0127157
      D1TMQ-a6d      0.034     0.046       0.126     0.613     -0.130     0.748      0.532     0.594      0.630     0.435    0.602     0.374   0.732     0.109      0.256     0.01057  -1	   0.0128721     0.0091848
     D1TMQ-a70a      0.031     0.042       0.119     0.537      0.218     0.756      0.568     0.566      0.755     0.429    0.603     0.367   0.705     0.098      0.192     0.00864  -1	   0.0477605     0.0388417
     D1TMQ-a70b      0.029     0.040       0.123     0.552      0.059     0.766      0.615     0.602      0.201     0.398    0.585     0.355   0.744     0.117      0.136     0.00955  -1	   0.0434955     0.0316509
     D1TMQ-a70c      0.025     0.042       0.113     0.535      0.251     0.753      0.589     0.607      0.460     0.402    0.591     0.354   0.737     0.120      0.213     0.01102  -1	   0.0586765    -0.0064577
     D1TMQ-a70d      0.025     0.040       0.117     0.654      0.068     0.767      0.590     0.616      0.782     0.450    0.616     0.376   0.817     0.116      0.262     0.01184  -1	   0.0010216    -0.0260751
     D1TMQ-a71a      0.020     0.051       0.140     0.617     -0.021     0.766      0.534     0.603      0.898     0.424    0.591     0.373   0.680     0.107      0.329     0.01364  -1	   0.0012974    -0.0055146
     D1TMQ-a71b      0.024     0.042       0.123     0.689      0.133     0.767      0.545     0.622      0.229     0.389    0.562     0.363   0.827     0.108      0.242     0.01316  -1	   0.1465536     0.0002230
     D1TMQ-a71c      0.024     0.042       0.117     0.595      0.160     0.765      0.620     0.646      0.153     0.395    0.568     0.365   0.721     0.128      0.248     0.01499  -1	   0.1519561     0.0198626
     D1TMQ-a71d      0.019     0.045       0.119     0.649      0.060     0.758      0.571     0.646      0.157     0.375    0.582     0.337   0.761     0.101      0.135     0.01268  -1	   0.0928425     0.0011930
     D1TMQ-a72a      0.020     0.051       0.134     0.581      0.453     0.753      0.518     0.502      0.078     0.384    0.584     0.343   0.722     0.106      0.299     0.01445  -1	   0.3881808     0.2314615
     D1TMQ-a72b      0.025     0.051       0.145     0.523     -0.279     0.772      0.585     0.570      0.981     0.461    0.625     0.378   0.236     0.095      0.359     0.01530  -1	  -0.0008916     0.0316070
     D1TMQ-a72c      0.021     0.041       0.111     0.666      0.206     0.760      0.570     0.616      0.493     0.405    0.618     0.335   0.840     0.106      0.258     0.01184  -1	   0.0841387    -0.0112846
     D1TMQ-a72d      0.016     0.050       0.132     0.601     -0.223     0.745      0.574     0.635      0.122     0.413    0.585     0.368   0.718     0.098      0.142     0.01889  -1	   0.1180884     0.0348967
     D1TMQ-a73a      0.011     0.058       0.155     0.615     -0.056     0.754      0.550     0.552      0.390     0.367    0.581     0.330   0.680     0.094      0.212     0.01459  -1	   0.0512939     0.0114964
     D1TMQ-a73b      0.017     0.056       0.132     0.624      0.155     0.745      0.574     0.626      0.964     0.362    0.596     0.315   0.778     0.100      0.129     0.01344  -1	   0.0323362    -0.0390829
     D1TMQ-a73c      0.011     0.057       0.153     0.609     -0.059     0.755      0.563     0.591      0.283     0.346    0.564     0.324   0.680     0.090      0.200     0.01446  -1	   0.0758072     0.0028665
     D1TMQ-a73d      0.013     0.055       0.149     0.623     -0.073     0.757      0.572     0.599      0.398     0.360    0.586     0.320   0.680     0.091      0.222     0.01447  -1	   0.0486896    -0.0087075
     D1TMQ-a74a      0.021     0.050       0.136     0.615      0.217     0.761      0.546     0.588      0.063     0.374    0.547     0.362   0.784     0.112      0.317     0.01397  -1	   0.2847747     0.0558686
     D1TMQ-a74b      0.021     0.039       0.117     0.690     -0.107     0.759      0.571     0.620      0.370     0.385    0.594     0.336   0.788     0.135      0.174     0.01664  -1	   0.0239729    -0.0064782
     D1TMQ-a74c      0.012     0.052       0.132     0.664      0.251     0.755      0.555     0.594      0.412     0.334    0.574     0.307   0.892     0.096      0.181     0.01717  -1	   0.0912995    -0.0487087
     D1TMQ-a74d      0.020     0.039       0.104     0.730      0.035     0.745      0.612     0.662      0.182     0.372    0.559     0.351   0.805     0.127      0.119     0.01731  -1	   0.0831937     0.0314440
     D1TMQ-a75a      0.009     0.060       0.170     0.583      0.153     0.745      0.550     0.562      0.465     0.402    0.572     0.368   0.652     0.087      0.306     0.02156  -1	   0.1127209     0.0002610
     D1TMQ-a75b      0.021     0.050       0.143     0.698      0.055     0.750      0.545     0.593      0.442     0.395    0.585     0.352   0.817     0.098      0.218     0.02421  -1	   0.0620147    -0.0243036
     D1TMQ-a75c      0.016     0.041       0.117     0.689     -0.196     0.761      0.627     0.735      0.344     0.393    0.563     0.367   0.757     0.115      0.067     0.02181  -1	   0.0034269    -0.0338633
     D1TMQ-a75d      0.019     0.048       0.140     0.538      0.074     0.743      0.610     0.639      0.405     0.394    0.580     0.356   0.682     0.093      0.194     0.02611  -1	   0.0272576    -0.0302018
     D1TMQ-a76a      0.013     0.053       0.134     0.551      0.017     0.756      0.576     0.660      0.926     0.369    0.564     0.344   0.587     0.094      0.296     0.01767  -1	   0.0004162    -0.0159242
     D1TMQ-a76b      0.023     0.031       0.098     0.492      0.457     0.751      0.598     0.628      0.777     0.373    0.566     0.347   0.692     0.155      0.065     0.01820  -1	   0.0813522     0.0082857
     D1TMQ-a76c      0.020     0.037       0.102     0.693      0.192     0.754      0.571     0.627      0.276     0.380    0.542     0.371   0.794     0.142      0.232     0.02007  -1	   0.1113703     0.0055368
     D1TMQ-a76d      0.020     0.044       0.113     0.692      0.223     0.758      0.572     0.648      0.995     0.467    0.598     0.405   0.840     0.116      0.032     0.01279  -1	   0.0612402    -0.0205690
     D1TMQ-a77a      0.019     0.041       0.111     0.670     -0.123     0.759      0.605     0.682      0.990     0.416    0.592     0.365   0.788     0.131      0.241     0.01124  -1	  -0.0471496    -0.0257094
     D1TMQ-a77b      0.022     0.037       0.104     0.632      0.385     0.753      0.558     0.634      0.748     0.396    0.584     0.354   0.848     0.121      0.368     0.00806  -1	   0.1256541    -0.0128425
     D1TMQ-a77c      0.022     0.040       0.117     0.686      0.361     0.756      0.578     0.602      0.385     0.397    0.571     0.365   0.903     0.114      0.177     0.01020  -1	   0.1418245     0.0304315
     D1TMQ-a77d      0.017     0.042       0.113     0.694      0.049     0.758      0.615     0.651      0.956     0.397    0.581     0.357   0.781     0.128      0.239     0.01970  -1	  -0.0316166    -0.0432413
     D1TMQ-a78a      0.027     0.043       0.111     0.629     -0.127     0.754      0.543     0.644      0.146     0.386    0.585     0.344   0.732     0.114      0.212     0.00956  -1	   0.1373849     0.0300431
     D1TMQ-a78b      0.024     0.040       0.102     0.683      0.313     0.757      0.559     0.643      0.490     0.394    0.573     0.360   0.872     0.117      0.531     0.00802  -1	   0.2477490    -0.0415447
     D1TMQ-a78c      0.021     0.057       0.132     0.560      0.216     0.764      0.528     0.484      0.952     0.467    0.626     0.383   0.661     0.101      0.138     0.00674  -1	   0.1078949     0.0575593
     D1TMQ-a78d      0.023     0.036       0.109     0.476      0.131     0.756      0.586     0.681      0.679     0.366    0.566     0.340   0.627     0.106      0.098     0.00771  -1	  -0.0290961    -0.0190669
     D1TMQ-a79a      0.029     0.025       0.074     0.564      0.289     0.774      0.599     0.621      0.661     0.356    0.556     0.339   0.798     0.155      0.452     0.00636  -1	   0.0405933    -0.0239801
     D1TMQ-a79b      0.021     0.039       0.104     0.677      0.339     0.756      0.554     0.637      0.263     0.375    0.559     0.353   0.872     0.121      0.449     0.00805  -1	   0.3139096     0.0028225
     D1TMQ-a79c      0.025     0.033       0.089     0.639      0.299     0.761      0.574     0.627      0.765     0.390    0.571     0.359   0.816     0.149      0.413     0.00727  -1	   0.0617891    -0.0352700
     D1TMQ-a79d      0.021     0.039       0.121     0.570      0.347     0.752      0.584     0.606      0.799     0.393    0.576     0.358   0.798     0.098      0.407     0.00580  -1	   0.1141947     0.0114268
      D1TMQ-a7a      0.030     0.040       0.104     0.663      0.059     0.753      0.571     0.599      0.716     0.375    0.581     0.338   0.817     0.126      0.216     0.01233  -1	  -0.0209394    -0.0287615
      D1TMQ-a7b      0.028     0.045       0.113     0.663      0.114     0.750      0.543     0.563      0.474     0.422    0.587     0.374   0.827     0.115      0.199     0.01140  -1	   0.0483595     0.0039826
      D1TMQ-a7c      0.028     0.045       0.128     0.603     -0.132     0.741      0.560     0.617      0.190     0.413    0.589     0.366   0.732     0.110      0.267     0.01493  -1	   0.1424065     0.0350077
      D1TMQ-a7d      0.024     0.042       0.119     0.685     -0.116     0.747      0.535     0.597      0.457     0.421    0.574     0.384   0.788     0.117      0.315     0.01435  -1	   0.0604377    -0.0040064
     D1TMQ-a80a      0.026     0.045       0.123     0.566      0.146     0.753      0.587     0.657      0.437     0.377    0.589     0.333   0.753     0.103      0.067     0.00638  -1	   0.0009009    -0.0489516
     D1TMQ-a80b      0.026     0.042       0.109     0.631      0.155     0.740      0.601     0.653      0.949     0.405    0.598     0.350   0.739     0.121      0.236     0.00647  -1	   0.0086274    -0.0297780
     D1TMQ-a80c      0.026     0.042       0.117     0.624      0.059     0.747      0.591     0.642      0.993     0.411    0.588     0.364   0.761     0.114      0.220     0.00649  -1	  -0.0082063    -0.0181695
     D1TMQ-a80d      0.037     0.038       0.117     0.675     -0.104     0.763      0.555     0.606      0.761     0.380    0.564     0.354   0.788     0.107      0.157     0.00518  -1	  -0.0324534     0.0093168
     D1TMQ-a81a      0.021     0.049       0.115     0.664      0.099     0.745      0.560     0.671      0.251     0.392    0.591     0.344   0.817     0.111      0.156     0.00539  -1	   0.0925919    -0.0588575
     D1TMQ-a81b      0.024     0.044       0.130     0.632      0.334     0.755      0.564     0.671      0.259     0.375    0.591     0.330   0.816     0.109      0.231     0.00618  -1	   0.1988078    -0.0254825
     D1TMQ-a81c      0.026     0.044       0.126     0.626     -0.087     0.760      0.586     0.591      0.518     0.393    0.581     0.353   0.756     0.085      0.246     0.00530  -1	   0.0157624     0.0076636
     D1TMQ-a81d      0.026     0.054       0.145     0.649     -0.219     0.756      0.602     0.717      0.319     0.406    0.580     0.365   0.570     0.109      0.211     0.00649  -1	   0.0969641    -0.0259502
     D1TMQ-a82a      0.029     0.044       0.121     0.486     -0.189     0.757      0.543     0.560      0.578     0.355    0.571     0.328   0.558     0.099      0.261     0.00581  -1	   0.0001070     0.0789998
     D1TMQ-a82b      0.029     0.048       0.128     0.748     -0.225     0.758      0.560     0.598      0.846     0.378    0.597     0.328   0.798     0.103      0.250     0.00657  -1	  -0.0228853    -0.0021791
     D1TMQ-a82c      0.028     0.048       0.128     0.725     -0.244     0.754      0.550     0.579      0.571     0.371    0.579     0.335   0.798     0.109      0.209     0.00656  -1	   0.0236178     0.0084680
     D1TMQ-a82d      0.029     0.034       0.091     0.731      0.229     0.764      0.595     0.657      0.748     0.416    0.562     0.389   0.864     0.163      0.171     0.00547  -1	   0.0095676    -0.0481126
     D1TMQ-a83a      0.029     0.037       0.106     0.666      0.289     0.767      0.582     0.618      0.613     0.384    0.588     0.339   0.872     0.144      0.271     0.00577  -1	   0.0759497    -0.0314198
     D1TMQ-a83b      0.026     0.052       0.155     0.592     -0.025     0.749      0.573     0.615      0.030     0.352    0.567     0.327   0.554     0.078      0.151     0.00654  -1	   0.1577190     0.0873607
     D1TMQ-a83c      0.031     0.046       0.136     0.605     -0.241     0.757      0.598     0.647      0.951     0.416    0.557     0.392   0.718     0.092      0.214     0.00674  -1	   0.0014859     0.0188065
     D1TMQ-a83d      0.028     0.031       0.096     0.674      0.282     0.767      0.591     0.621      0.867     0.363    0.577     0.330   0.872     0.157      0.259     0.00579  -1	   0.0096914    -0.0401337
     D1TMQ-a84a      0.029     0.064       0.164     0.627      0.414     0.756      0.537     0.503      0.615     0.417    0.591     0.367   0.879     0.080      0.227     0.00718  -1	   0.2472553     0.0729068
     D1TMQ-a84b      0.025     0.052       0.151     0.641      0.019     0.755      0.576     0.619      0.029     0.379    0.573     0.347   0.713     0.079      0.145     0.00652  -1	   0.1697325     0.0647723
     D1TMQ-a84c      0.024     0.057       0.162     0.555      0.056     0.754      0.575     0.641      0.383     0.412    0.594     0.360   0.612     0.082      0.094     0.00669  -1	   0.0342135    -0.0248997
     D1TMQ-a84d      0.034     0.053       0.136     0.554      0.112     0.752      0.549     0.566      0.454     0.367    0.568     0.340   0.587     0.096      0.356     0.00663  -1	   0.1147825     0.0317386
     D1TMQ-a85a      0.024     0.046       0.113     0.580      0.051     0.746      0.583     0.650      0.701     0.385    0.588     0.342   0.744     0.134      0.121     0.00649  -1	  -0.0280635    -0.0563533
     D1TMQ-a85b      0.027     0.043       0.130     0.655     -0.329     0.755      0.544     0.559      0.564     0.380    0.593     0.332   0.812     0.103      0.285     0.00659  -1	   0.0423845     0.0476209
     D1TMQ-a85c      0.024     0.047       0.117     0.584      0.045     0.748      0.580     0.644      0.886     0.378    0.593     0.331   0.708     0.124      0.167     0.00648  -1	  -0.0147818    -0.0294838
     D1TMQ-a85d      0.027     0.047       0.119     0.678      0.324     0.762      0.574     0.583      0.606     0.406    0.596     0.353   0.872     0.108      0.317     0.00706  -1	   0.1606882     0.0105172
     D1TMQ-a86a      0.024     0.048       0.126     0.651     -0.051     0.750      0.590     0.619      0.129     0.390    0.578     0.353   0.812     0.091      0.322     0.00640  -1	   0.2209748     0.0427724
     D1TMQ-a86b      0.027     0.038       0.111     0.721      0.065     0.750      0.568     0.624      0.440     0.428    0.578     0.387   0.841     0.127      0.251     0.00608  -1	   0.0599354    -0.0213216
     D1TMQ-a86c      0.025     0.043       0.113     0.549      0.108     0.764      0.560     0.604      0.649     0.384    0.587     0.341   0.692     0.114      0.149     0.00706  -1	  -0.0104128    -0.0105149
     D1TMQ-a86d      0.026     0.051       0.132     0.684      0.051     0.759      0.519     0.562      0.270     0.389    0.589     0.344   0.805     0.097      0.197     0.00804  -1	   0.1156541     0.0307363
     D1TMQ-a87a      0.020     0.040       0.115     0.629      0.154     0.755      0.564     0.543      0.550     0.342    0.554     0.328   0.739     0.122      0.285     0.01044  -1	   0.0293008     0.0217860
     D1TMQ-a87b      0.022     0.039       0.106     0.650      0.198     0.745      0.552     0.539      0.829     0.357    0.555     0.340   0.794     0.134      0.274     0.01058  -1	  -0.0041389    -0.0054518
     D1TMQ-a87c      0.021     0.040       0.113     0.627      0.209     0.752      0.552     0.522      0.553     0.350    0.558     0.332   0.784     0.124      0.295     0.01055  -1	   0.0483153     0.0341926
     D1TMQ-a87d      0.024     0.052       0.123     0.694      0.102     0.754      0.522     0.564      0.631     0.392    0.580     0.353   0.780     0.103      0.175     0.00800  -1	   0.0297378    -0.0133548
     D1TMQ-a88a      0.013     0.056       0.153     0.608     -0.062     0.754      0.568     0.594      0.354     0.388    0.587     0.344   0.680     0.091      0.221     0.01437  -1	   0.0620186    -0.0060939
     D1TMQ-a88b      0.012     0.055       0.149     0.625     -0.036     0.755      0.587     0.611      0.123     0.358    0.568     0.333   0.680     0.099      0.212     0.01456  -1	   0.1476600     0.0346397
     D1TMQ-a88c      0.015     0.055       0.143     0.631     -0.033     0.754      0.586     0.619      0.346     0.368    0.575     0.336   0.680     0.097      0.219     0.01424  -1	   0.0699390    -0.0149408
     D1TMQ-a88d      0.013     0.057       0.153     0.589     -0.060     0.752      0.578     0.610      0.170     0.375    0.584     0.336   0.554     0.089      0.208     0.01453  -1	   0.1214312     0.0375576
     D1TMQ-a89a      0.027     0.045       0.126     0.630      0.123     0.750      0.559     0.652      0.626     0.390    0.570     0.359   0.771     0.111      0.182     0.00657  -1	   0.0130851    -0.0485380
     D1TMQ-a89b      0.027     0.046       0.130     0.653      0.085     0.759      0.548     0.635      0.198     0.365    0.568     0.338   0.817     0.115      0.183     0.00676  -1	   0.1154930    -0.0289784
     D1TMQ-a89c      0.016     0.047       0.123     0.609      0.031     0.755      0.603     0.625      0.232     0.440    0.613     0.369   0.725     0.092      0.256     0.01620  -1	   0.1198497     0.0224567
     D1TMQ-a89d      0.025     0.036       0.102     0.693      0.220     0.751      0.553     0.631      0.188     0.424    0.575     0.386   0.840     0.137      0.144     0.00499  -1	   0.1160468     0.0133185
      D1TMQ-a8a      0.024     0.042       0.106     0.731      0.099     0.745      0.580     0.581      0.905     0.384    0.591     0.337   0.841     0.119      0.165     0.01246  -1	  -0.0233840    -0.0209471
      D1TMQ-a8b      0.029     0.036       0.106     0.536     -0.070     0.768      0.600     0.626      0.202     0.386    0.562     0.362   0.677     0.124      0.172     0.01242  -1	   0.0393699     0.0253177
      D1TMQ-a8c      0.029     0.038       0.117     0.650      0.094     0.751      0.594     0.599      0.670     0.404    0.611     0.339   0.817     0.130      0.144     0.01516  -1	  -0.0233984    -0.0189668
      D1TMQ-a8d      0.028     0.046       0.126     0.610     -0.114     0.733      0.565     0.629      0.323     0.435    0.602     0.374   0.732     0.114      0.280     0.01459  -1	   0.1002385    -0.0001957
     D1TMQ-a90a      0.022     0.040       0.102     0.662      0.185     0.753      0.558     0.637      0.456     0.362    0.590     0.320   0.794     0.131      0.227     0.00926  -1	   0.0516888    -0.0408548
     D1TMQ-a90b      0.017     0.042       0.132     0.590      0.433     0.748      0.572     0.640      0.316     0.552    0.573     0.504   0.804     0.109      0.151     0.01538  -1	   0.1782905     0.0530947
     D1TMQ-a90c      0.023     0.039       0.102     0.627      0.186     0.761      0.564     0.643      0.366     0.355    0.583     0.319   0.739     0.133      0.194     0.00936  -1	   0.0563593    -0.0261985
     D1TMQ-a90d      0.025     0.039       0.104     0.620      0.153     0.756      0.574     0.654      0.534     0.343    0.571     0.316   0.739     0.138      0.173     0.00896  -1	   0.0001254    -0.0476094
     D1TMQ-a91a      0.021     0.048       0.121     0.703      0.083     0.746      0.556     0.611      0.991     0.429    0.621     0.354   0.841     0.096      0.188     0.00680  -1	   0.0076163    -0.0202369
     D1TMQ-a91b      0.020     0.037       0.098     0.657      0.225     0.756      0.618     0.660      0.826     0.390    0.586     0.346   0.840     0.140      0.256     0.00795  -1	   0.0033605    -0.0599792
     D1TMQ-a91c      0.024     0.039       0.104     0.621      0.175     0.748      0.563     0.641      0.553     0.378    0.579     0.342   0.739     0.142      0.164     0.00889  -1	   0.0016258    -0.0427230
     D1TMQ-a91d      0.024     0.039       0.104     0.607      0.134     0.755      0.568     0.653      0.462     0.656    0.831     0.346   0.771     0.137      0.174     0.00899  -1	   0.1531750     0.0845195
     D1TMQ-a92a      0.026     0.046       0.115     0.594      0.115     0.760      0.575     0.624      0.357     0.366    0.572     0.336   0.753     0.106      0.169     0.00717  -1	   0.0477355    -0.0238071
     D1TMQ-a92b      0.026     0.030       0.083     0.698      0.033     0.752      0.598     0.631      0.533     0.364    0.565     0.339   0.781     0.169      0.391     0.00630  -1	   0.0279143    -0.0324283
     D1TMQ-a92c      0.022     0.037       0.098     0.535      0.288     0.752      0.585     0.592      0.968     0.420    0.583     0.375   0.737     0.144      0.334     0.00654  -1	   0.0442323    -0.0023790
     D1TMQ-a92d      0.019     0.044       0.109     0.616      0.083     0.752      0.583     0.622      0.711     0.395    0.570     0.363   0.761     0.113      0.261     0.00644  -1	  -0.0055429    -0.0409870
     D1TMQ-a93a      0.028     0.039       0.102     0.722      0.260     0.759      0.526     0.518      0.172     0.343    0.561     0.324   0.896     0.123      0.361     0.00679  -1	   0.2943215     0.1564221
     D1TMQ-a93b      0.022     0.037       0.104     0.676      0.417     0.756      0.608     0.627      0.930     0.414    0.580     0.373   0.878     0.107      0.161     0.00625  -1	   0.1293751     0.0283267
     D1TMQ-a93c      0.025     0.049       0.119     0.712      0.114     0.758      0.521     0.583      0.127     0.375    0.570     0.345   0.851     0.114      0.210     0.00718  -1	   0.1976955     0.0416355
     D1TMQ-a93d      0.026     0.036       0.104     0.605      0.117     0.753      0.585     0.675      0.573     0.372    0.555     0.354   0.771     0.125      0.363     0.00800  -1	   0.0272043    -0.0671694
     D1TMQ-a94a      0.022     0.046       0.113     0.631      0.464     0.751      0.559     0.583      0.374     0.389    0.577     0.353   0.836     0.098      0.102     0.00618  -1	   0.1773592     0.0593031
     D1TMQ-a94b      0.024     0.037       0.096     0.637      0.194     0.760      0.586     0.622      0.911     0.395    0.579     0.358   0.739     0.138      0.325     0.00653  -1	   0.0075667    -0.0262444
     D1TMQ-a94c      0.024     0.033       0.081     0.709      0.146     0.750      0.560     0.609      0.452     0.358    0.572     0.328   0.851     0.146      0.174     0.00634  -1	   0.0101899    -0.0161046
     D1TMQ-a94d      0.021     0.042       0.113     0.559      0.122     0.763      0.549     0.651      0.959     0.425    0.601     0.367   0.753     0.114      0.157     0.00853  -1	   0.0115644    -0.0041291
     D1TMQ-a95a      0.026     0.032       0.091     0.641      0.021     0.766      0.595     0.683      0.464     0.380    0.571     0.349   0.725     0.137      0.475     0.00572  -1	   0.0858475    -0.0532184
     D1TMQ-a95b      0.021     0.051       0.143     0.627      0.293     0.754      0.542     0.604      0.432     0.381    0.588     0.338   0.825     0.094      0.277     0.00567  -1	   0.1629134    -0.0167244
     D1TMQ-a95c      0.026     0.046       0.126     0.664      0.017     0.759      0.551     0.619      0.111     0.384    0.569     0.355   0.781     0.108      0.158     0.00618  -1	   0.1326293     0.0255920
     D1TMQ-a95d      0.020     0.048       0.121     0.666      0.285     0.757      0.562     0.605      0.961     0.436    0.598     0.378   0.872     0.095      0.298     0.00609  -1	   0.1039601    -0.0091810
     D1TMQ-a96a      0.021     0.048       0.136     0.587      0.258     0.753      0.543     0.586      0.507     0.373    0.572     0.343   0.798     0.096      0.239     0.00559  -1	   0.0895778    -0.0127515
     D1TMQ-a96b      0.024     0.050       0.132     0.655      0.110     0.743      0.551     0.627      0.870     0.406    0.592     0.356   0.827     0.103      0.348     0.00572  -1	   0.0253442    -0.0519160
     D1TMQ-a96c      0.022     0.049       0.134     0.594      0.276     0.749      0.532     0.582      0.582     0.357    0.576     0.325   0.798     0.102      0.223     0.00556  -1	   0.0803188    -0.0183202
     D1TMQ-a96d      0.020     0.044       0.109     0.710     -0.018     0.746      0.602     0.687      0.163     0.372    0.564     0.347   0.876     0.117      0.134     0.00525  -1	   0.1011900    -0.0284410
     D1TMQ-a97a      0.030     0.045       0.115     0.542     -0.339     0.752      0.573     0.608      0.381     0.375    0.563     0.350   0.677     0.094      0.242     0.00603  -1	   0.0941690     0.0710111
     D1TMQ-a97b      0.025     0.044       0.128     0.675     -0.140     0.758      0.547     0.542      0.241     0.373    0.563     0.348   0.788     0.082      0.301     0.00534  -1	   0.1454605     0.1038513
     D1TMQ-a97c      0.023     0.051       0.143     0.642      0.166     0.742      0.575     0.647      0.262     0.391    0.597     0.339   0.778     0.089      0.349     0.00572  -1	   0.2196087    -0.0187933
     D1TMQ-a97d      0.030     0.046       0.128     0.530     -0.096     0.754      0.555     0.560      0.107     0.363    0.590     0.320   0.677     0.108      0.214     0.00590  -1	   0.1313341     0.1161903
     D1TMQ-a98a      0.029     0.051       0.130     0.553     -0.194     0.754      0.524     0.545      0.234     0.422    0.596     0.367   0.538     0.099      0.206     0.00605  -1	   0.0998075     0.1162296
     D1TMQ-a98b      0.027     0.051       0.128     0.587     -0.157     0.760      0.527     0.567      0.353     0.379    0.580     0.342   0.538     0.095      0.231     0.00582  -1	   0.0693439     0.0704427
     D1TMQ-a98c      0.030     0.041       0.115     0.730     -0.313     0.757      0.572     0.584      0.758     0.373    0.584     0.334   0.836     0.126      0.241     0.00533  -1	  -0.0098638     0.0154595
     D1TMQ-a98d      0.029     0.047       0.128     0.541      0.021     0.768      0.554     0.590      0.334     0.374    0.563     0.350   0.646     0.102      0.184     0.00578  -1	   0.0401386     0.0157465
     D1TMQ-a99a      0.027     0.053       0.136     0.563      0.115     0.744      0.548     0.552      0.394     0.390    0.586     0.347   0.587     0.100      0.226     0.00549  -1	   0.0816737     0.0445238
     D1TMQ-a99b      0.027     0.051       0.126     0.577      0.113     0.752      0.569     0.577      0.547     0.395    0.589     0.349   0.587     0.104      0.264     0.00542  -1	   0.0592836     0.0154051
     D1TMQ-a99c      0.033     0.026       0.077     0.655     -0.070     0.764      0.614     0.668      0.592     0.359    0.557     0.341   0.812     0.143      0.431     0.00538  -1	   0.0006469    -0.0428370
     D1TMQ-a99d      0.031     0.027       0.079     0.655     -0.037     0.761      0.612     0.668      0.565     0.355    0.575     0.324   0.852     0.145      0.407     0.00540  -1	   0.0041837    -0.0567312
      D1TMQ-a9a      0.031     0.063       0.157     0.682     -0.104     0.779      0.459     0.398      0.107     0.373    0.564     0.348   0.656     0.083      0.178     0.54256   1	   0.1899218     0.2597240
      D1TMQ-a9b      0.034     0.049       0.119     0.604      0.088     0.766      0.541     0.574      0.272     0.387    0.586     0.344   0.761     0.113      0.267     0.05903  -1	   0.1346626     0.0304789
      D1TMQ-a9c      0.034     0.042       0.119     0.636      0.076     0.766      0.536     0.559      0.304     0.385    0.564     0.359   0.761     0.113      0.232     0.06252  -1	   0.0928193     0.0494295
      D1TMQ-a9d      0.036     0.039       0.109     0.625      0.035     0.761      0.562     0.581      0.109     0.395    0.587     0.350   0.725     0.112      0.231     0.06838  -1	   0.1641939     0.1134009
