      D1Z5Y-a9d      0.021     0.062       0.342     0.616      0.308     0.858      0.408     0.263      0.480     0.267    0.464     0.321   0.853     0.111      0.441     0.04456  -1	   0.3766336     0.2992855
      D1Z5Y-a0a      0.031     0.060       0.302     0.645      0.098     0.889      0.431     0.171      0.306     0.240    0.433     0.314   0.738     0.129      0.274     0.14061  -1	   0.2183142     0.3581448
      D1Z5Y-a0b      0.032     0.053       0.309     0.740     -0.079     0.911      0.429     0.151      0.105     0.238    0.448     0.300   0.802     0.126      0.273     0.15825  -1	   0.2156112     0.4517042
      D1Z5Y-a0c      0.029     0.045       0.235     0.731     -0.184     0.902      0.509     0.260      0.397     0.231    0.439     0.300   0.781     0.184      0.360     0.17540  -1	   0.0715741     0.1831414
      D1Z5Y-a0d      0.027     0.052       0.282     0.752      0.164     0.888      0.359     0.086      0.116     0.297    0.468     0.348   0.892     0.159      0.215     0.42135   1	   0.2723056     0.5722247
    D1Z5Y-a100a      0.015     0.061       0.275     0.701     -0.280     0.847      0.481     0.597      0.616     0.251    0.454     0.310   0.636     0.125      0.040     0.00940  -1	  -0.0201950    -0.0304861
    D1Z5Y-a100b      0.024     0.070       0.315     0.558      0.011     0.862      0.557     0.658      0.738     0.289    0.457     0.348   0.587     0.112      0.064     0.01078  -1	   0.1189338     0.0615818
    D1Z5Y-a100c      0.010     0.059       0.275     0.755     -0.175     0.875      0.455     0.460      0.703     0.307    0.496     0.337   0.777     0.165      0.133     0.01424  -1	  -0.0499927    -0.0605027
    D1Z5Y-a100d      0.007     0.052       0.268     0.589     -0.078     0.881      0.544     0.542      0.492     0.241    0.449     0.303   0.554     0.160      0.095     0.01033  -1	   0.0117614    -0.0136155
    D1Z5Y-a101a      0.023     0.064       0.275     0.736     -0.013     0.861      0.561     0.655      0.308     0.245    0.434     0.319   0.802     0.138      0.126     0.00966  -1	   0.1035677    -0.0691567
    D1Z5Y-a101b      0.025     0.065       0.295     0.749     -0.555     0.834      0.442     0.492      0.284     0.300    0.468     0.351   0.518     0.138      0.105     0.00938  -1	   0.0972471    -0.0378188
    D1Z5Y-a101c      0.021     0.053       0.268     0.609     -0.559     0.868      0.520     0.627      0.560     0.292    0.437     0.367   0.397     0.167      0.067     0.00921  -1	   0.0413722    -0.0622356
    D1Z5Y-a101d      0.026     0.062       0.289     0.567     -0.597     0.841      0.472     0.565      0.491     0.257    0.421     0.342   0.271     0.159      0.084     0.00931  -1	   0.1084234    -0.0506668
    D1Z5Y-a102a      0.019     0.059       0.282     0.631     -0.605     0.848      0.515     0.636      0.535     0.281    0.439     0.353   0.397     0.160      0.086     0.00941  -1	   0.0670243    -0.0731698
    D1Z5Y-a102b      0.024     0.050       0.262     0.722     -0.660     0.847      0.478     0.594      0.888     0.262    0.486     0.300   0.664     0.175      0.017     0.00914  -1	   0.0366295    -0.0179707
    D1Z5Y-a102c      0.031     0.071       0.336     0.546     -0.162     0.865      0.477     0.504      0.921     0.292    0.487     0.329   0.384     0.131      0.247     0.01067  -1	   0.0866396     0.0609779
    D1Z5Y-a102d      0.023     0.059       0.282     0.686     -0.410     0.861      0.430     0.501      0.852     0.289    0.464     0.343   0.000     0.156      0.025     0.00892  -1	   0.0398579     0.0176121
    D1Z5Y-a103a      0.030     0.052       0.282     0.690      0.242     0.895      0.398     0.263      0.579     0.295    0.476     0.340   0.854     0.152      0.577     0.01946  -1	   0.3242080     0.2666232
    D1Z5Y-a103b      0.007     0.069       0.336     0.644      0.188     0.868      0.393     0.355      1.000     0.399    0.563     0.372   0.778     0.128      0.213     0.01806  -1	   0.2124683     0.1527890
    D1Z5Y-a103c     -0.003     0.067       0.329     0.689      0.115     0.824      0.462     0.567      0.383     0.272    0.426     0.354   0.780     0.144      0.087     0.01019  -1	   0.1051732    -0.0299059
    D1Z5Y-a103d     -0.010     0.072       0.309     0.635      0.108     0.851      0.450     0.498      0.222     0.270    0.424     0.353   0.713     0.139      0.247     0.01369  -1	   0.2189951    -0.0017024
    D1Z5Y-a104a      0.011     0.066       0.329     0.620      0.173     0.858      0.437     0.383      0.990     0.300    0.450     0.364   0.778     0.124      0.213     0.01772  -1	   0.2017073     0.1473237
    D1Z5Y-a104c     -0.006     0.064       0.322     0.628      0.298     0.842      0.420     0.512      0.467     0.274    0.440     0.345   0.825     0.121      0.215     0.01296  -1	   0.2443006     0.0544557
    D1Z5Y-a104d      0.010     0.051       0.242     0.636      0.201     0.868      0.565     0.538      0.644     0.295    0.475     0.340   0.787     0.153      0.212     0.01295  -1	   0.1077086     0.0158877
    D1Z5Y-a105a     -0.011     0.071       0.342     0.592      0.143     0.848      0.430     0.638      0.471     0.329    0.508     0.350   0.587     0.122      0.131     0.01402  -1	   0.1373919     0.0292081
    D1Z5Y-a105b     -0.006     0.068       0.362     0.609      0.079     0.851      0.474     0.634      0.677     0.378    0.434     0.455   0.738     0.120      0.137     0.01404  -1	   0.1145866     0.0760927
    D1Z5Y-a105c     -0.011     0.070       0.349     0.595      0.217     0.849      0.474     0.660      0.252     0.302    0.457     0.360   0.661     0.124      0.126     0.01402  -1	   0.2159523     0.0023338
    D1Z5Y-a105d      0.006     0.065       0.309     0.614      0.252     0.842      0.457     0.513      0.330     0.255    0.452     0.316   0.825     0.120     -0.095     0.01302  -1	   0.1215409    -0.0195085
    D1Z5Y-a106a      0.003     0.066       0.329     0.613      0.162     0.870      0.412     0.331      0.941     0.274    0.432     0.352   0.778     0.126      0.220     0.01757  -1	   0.1883187     0.1698015
    D1Z5Y-a106b      0.010     0.069       0.302     0.581     -0.017     0.849      0.414     0.411      0.946     0.443    0.541     0.431   0.554     0.133      0.242     0.01886  -1	   0.1027291     0.0950843
    D1Z5Y-a106c      0.022     0.076       0.389     0.539      0.000     0.869      0.382     0.320      0.634     0.688    0.527     0.670   0.434     0.108      0.118     0.02145  -1	   0.1543592     0.1670577
    D1Z5Y-a106d      0.006     0.065       0.315     0.639      0.105     0.861      0.410     0.332      0.979     0.284    0.493     0.317   0.713     0.129      0.185     0.01767  -1	   0.1256561     0.1205334
    D1Z5Y-a107a      0.022     0.053       0.289     0.626      0.080     0.868      0.512     0.440      0.865     0.261    0.457     0.319   0.738     0.145      0.103     0.05195  -1	   0.0875908     0.0705394
    D1Z5Y-a107b      0.020     0.059       0.289     0.662      0.013     0.852      0.516     0.336      0.633     0.265    0.453     0.326   0.780     0.140      0.566     0.02120  -1	   0.1329867     0.0636684
    D1Z5Y-a107c      0.039     0.060       0.268     0.689      0.049     0.867      0.368     0.240      1.000     0.442    0.692     0.308   0.780     0.148      0.443     0.02295  -1	   0.1271001     0.1658039
    D1Z5Y-a107d      0.026     0.056       0.275     0.704      0.053     0.879      0.475     0.236      0.656     0.342    0.497     0.371   0.859     0.135      0.302     0.01970  -1	   0.0834910     0.1654494
    D1Z5Y-a108a     -0.005     0.071       0.336     0.545      0.056     0.855      0.462     0.494      0.758     0.290    0.476     0.335   0.459     0.128      0.280     0.01378  -1	   0.1362583     0.0764392
    D1Z5Y-a108b      0.008     0.061       0.289     0.540      0.285     0.867      0.494     0.570      0.798     0.266    0.445     0.333   0.546     0.119      0.200     0.01334  -1	   0.2675903     0.1539525
    D1Z5Y-a108c     -0.008     0.074       0.336     0.638      0.121     0.837      0.485     0.542      0.718     0.265    0.450     0.328   0.713     0.124      0.035     0.01352  -1	   0.1170989     0.0439204
    D1Z5Y-a108d      0.012     0.066       0.322     0.695      0.183     0.870      0.384     0.325      0.889     0.269    0.453     0.330   0.845     0.115      0.217     0.01716  -1	   0.1732787     0.1421250
     D1Z5Y-a10a      0.028     0.059       0.275     0.689      0.009     0.895      0.430     0.192      0.366     0.243    0.441     0.312   0.780     0.140      0.498     0.12960  -1	   0.2396727     0.3271987
     D1Z5Y-a10b      0.028     0.048       0.248     0.660      0.060     0.893      0.393     0.127      0.105     0.226    0.440     0.294   0.817     0.163      0.275     0.35475   1	   0.2315402     0.5592981
     D1Z5Y-a10c      0.026     0.052       0.255     0.684     -0.099     0.898      0.418     0.137      0.201     0.236    0.484     0.275   0.747     0.151      0.439     0.38415   1	   0.2288531     0.5057695
     D1Z5Y-a10d      0.025     0.050       0.262     0.719      0.184     0.898      0.364     0.096      0.106     0.282    0.467     0.334   0.819     0.159      0.219     0.41794   1	   0.2784581     0.5982575
     D1Z5Y-a11a      0.027     0.047       0.242     0.713     -0.114     0.894      0.499     0.256      0.408     0.233    0.425     0.312   0.812     0.186      0.360     0.17354  -1	   0.0847758     0.1852659
     D1Z5Y-a11b      0.030     0.051       0.282     0.605     -0.200     0.900      0.471     0.233      0.517     0.257    0.427     0.337   0.664     0.144      0.203     0.15851  -1	   0.0129083     0.1585885
     D1Z5Y-a11c      0.029     0.050       0.282     0.624      0.012     0.888      0.431     0.198      0.412     0.277    0.433     0.354   0.725     0.143      0.223     0.15963  -1	   0.0890574     0.2740372
     D1Z5Y-a11d      0.032     0.054       0.255     0.721     -0.082     0.906      0.456     0.191      0.700     0.260    0.483     0.300   0.802     0.169      0.359     0.12912  -1	   0.0194868     0.1467007
     D1Z5Y-a12a      0.024     0.056       0.289     0.716      0.074     0.863      0.520     0.595      0.669     0.279    0.448     0.344   0.859     0.135      0.133     0.02365  -1	   0.0594206    -0.0159657
     D1Z5Y-a12b      0.028     0.052       0.255     0.701     -0.022     0.899      0.427     0.137      0.512     0.263    0.460     0.319   0.802     0.156      0.275     0.38081   1	   0.0617990     0.2912672
     D1Z5Y-a12c      0.026     0.054       0.255     0.721      0.035     0.924      0.393     0.114      0.242     0.238    0.445     0.303   0.834     0.155      0.257     0.44613   1	   0.1774052     0.4588795
     D1Z5Y-a12d      0.027     0.048       0.255     0.681      0.063     0.901      0.386     0.124      0.053     0.222    0.444     0.286   0.817     0.163      0.275     0.35514   1	   0.2686603     0.5960460
     D1Z5Y-a13a      0.019     0.080       0.329     0.650      0.052     0.852      0.423     0.463      0.472     0.276    0.509     0.298   0.805     0.119      0.424     0.02122  -1	   0.2179249    -0.0472022
     D1Z5Y-a13b      0.019     0.082       0.349     0.720      0.059     0.844      0.438     0.458      0.104     0.263    0.486     0.301   0.859     0.119      0.404     0.02179  -1	   0.4195606     0.0046886
     D1Z5Y-a13c      0.020     0.054       0.309     0.710      0.136     0.869      0.387     0.218      0.059     0.225    0.492     0.259   0.834     0.151      0.034     0.10052  -1	   0.1595397     0.2799801
     D1Z5Y-a13d      0.014     0.067       0.356     0.699      0.210     0.839      0.407     0.381      0.610     0.333    0.426     0.417   0.854     0.122      0.143     0.01898  -1	   0.1906428     0.1181193
     D1Z5Y-a14a      0.025     0.061       0.315     0.647      0.038     0.867      0.422     0.210      0.938     0.275    0.509     0.296   0.713     0.146      0.363     0.02565  -1	   0.0758895     0.1336598
     D1Z5Y-a14b      0.020     0.057       0.302     0.627      0.222     0.897      0.455     0.308      0.168     0.322    0.483     0.362   0.787     0.146      0.221     0.26558   1	   0.2777795     0.2747069
     D1Z5Y-a14c      0.033     0.066       0.315     0.627      0.394     0.857      0.449     0.278      0.655     0.263    0.466     0.314   0.831     0.129      0.171     0.01913  -1	   0.3445118     0.2512030
     D1Z5Y-a14d      0.017     0.064       0.302     0.657      0.281     0.853      0.481     0.362      0.206     0.258    0.430     0.336   0.892     0.111      0.317     0.02030  -1	   0.3773904     0.2220050
     D1Z5Y-a15a      0.031     0.079       0.376     0.594      0.379     0.874      0.382     0.196      0.117     0.390    0.518     0.400   0.705     0.108      0.352     0.01143  -1	   0.6339217     0.5369358
     D1Z5Y-a15b      0.032     0.055       0.262     0.657      0.012     0.835      0.515     0.512      0.711     0.339    0.423     0.425   0.780     0.144      0.137     0.01257  -1	   0.0546031     0.0107456
     D1Z5Y-a15c      0.026     0.053       0.255     0.543     -0.163     0.843      0.550     0.532      0.663     0.240    0.444     0.306   0.384     0.140      0.099     0.02022  -1	   0.0336376     0.0184644
     D1Z5Y-a15d      0.021     0.066       0.322     0.697     -0.021     0.848      0.414     0.528      0.160     0.266    0.432     0.343   0.747     0.147      0.291     0.02179  -1	   0.2377373    -0.0347243
     D1Z5Y-a16a      0.033     0.063       0.289     0.682      0.100     0.861      0.472     0.405      0.110     0.263    0.454     0.323   0.780     0.156      0.255     0.01057  -1	   0.2899583     0.1293698
     D1Z5Y-a16b      0.035     0.062       0.289     0.617     -0.011     0.852      0.518     0.491      0.203     0.304    0.433     0.382   0.680     0.152      0.264     0.01089  -1	   0.1927146     0.0303334
     D1Z5Y-a16c      0.035     0.061       0.268     0.582      0.113     0.851      0.442     0.394      0.263     0.265    0.454     0.326   0.587     0.169      0.274     0.01064  -1	   0.2225046     0.1247196
     D1Z5Y-a16d      0.037     0.061       0.255     0.507      0.132     0.856      0.461     0.449      0.353     0.245    0.444     0.312   0.434     0.165      0.260     0.01048  -1	   0.2032567     0.0999031
     D1Z5Y-a17a      0.021     0.071       0.376     0.689      0.348     0.848      0.397     0.486      0.126     0.300    0.484     0.339   0.920     0.128      0.155     0.01268  -1	   0.4090574     0.0550624
     D1Z5Y-a17b      0.037     0.062       0.295     0.615     -0.007     0.851      0.501     0.451      0.343     0.272    0.473     0.320   0.680     0.150      0.234     0.01069  -1	   0.1324123     0.0255385
     D1Z5Y-a17c      0.033     0.060       0.248     0.590      0.082     0.848      0.471     0.479      0.345     0.275    0.458     0.333   0.612     0.167      0.263     0.01047  -1	   0.1649844     0.0366083
     D1Z5Y-a17d      0.016     0.085       0.423     0.648     -0.006     0.845      0.380     0.319      0.200     0.321    0.487     0.357   0.680     0.101      0.186     0.01201  -1	   0.2014736     0.1000746
     D1Z5Y-a18a      0.015     0.064       0.336     0.691      0.519     0.867      0.411     0.334      0.209     0.366    0.476     0.408   0.908     0.130      0.636     0.01149  -1	   0.9065852     0.5019705
     D1Z5Y-a18b      0.033     0.061       0.289     0.598      0.096     0.866      0.436     0.371      0.142     0.254    0.435     0.328   0.612     0.157      0.250     0.01082  -1	   0.2596900     0.1695916
     D1Z5Y-a18c      0.015     0.073       0.376     0.680      0.156     0.856      0.400     0.381      0.095     0.336    0.444     0.406   0.845     0.127      0.077     0.01219  -1	   0.2238999     0.0822643
     D1Z5Y-a18d      0.026     0.089       0.389     0.602      0.000     0.872      0.397     0.323      0.542     0.281    0.488     0.317   0.713     0.105      0.317     0.01318  -1	   0.1913173     0.0701947
     D1Z5Y-a19a      0.016     0.068       0.376     0.670      0.163     0.861      0.397     0.405      0.818     0.309    0.448     0.374   0.845     0.118      0.099     0.01191  -1	   0.1792616     0.1329213
     D1Z5Y-a19b      0.014     0.070       0.369     0.674      0.298     0.862      0.380     0.367      0.285     0.295    0.441     0.367   0.892     0.118      0.085     0.01202  -1	   0.2832083     0.1283232
     D1Z5Y-a19c      0.024     0.087       0.409     0.576      0.337     0.859      0.429     0.458      0.090     0.340    0.449     0.405   0.727     0.113      0.243     0.01124  -1	   0.5334762     0.1683049
     D1Z5Y-a19d      0.018     0.078       0.403     0.545      0.361     0.827      0.464     0.553      0.053     0.292    0.488     0.328   0.552     0.098      0.061     0.01287  -1	   0.4088335     0.1383232
      D1Z5Y-a1a      0.018     0.060       0.329     0.609      0.153     0.896      0.353     0.184      0.973     0.377    0.535     0.374   0.778     0.134      0.114     0.24048   1	   0.1882875     0.2768520
      D1Z5Y-a1b      0.019     0.056       0.295     0.582      0.205     0.898      0.437     0.296      0.256     0.345    0.518     0.357   0.661     0.141      0.299     0.25380   1	   0.2764285     0.2911518
      D1Z5Y-a1c      0.020     0.057       0.289     0.587      0.175     0.896      0.427     0.291      0.226     0.366    0.477     0.410   0.652     0.138      0.299     0.25603   1	   0.2634845     0.2906765
      D1Z5Y-a1d      0.023     0.073       0.336     0.750      0.060     0.874      0.471     0.389      0.688     0.287    0.497     0.317   0.851     0.124      0.067     0.02642  -1	   0.0732824     0.0057904
     D1Z5Y-a20a      0.009     0.070       0.389     0.624      0.202     0.849      0.401     0.408      0.346     0.253    0.433     0.328   0.787     0.120      0.117     0.01198  -1	   0.2213582     0.0910052
     D1Z5Y-a20b      0.020     0.078       0.389     0.636     -0.022     0.855      0.414     0.579      0.052     0.261    0.461     0.316   0.680     0.115      0.257     0.01228  -1	   0.2919388    -0.0586077
     D1Z5Y-a20c      0.011     0.078       0.383     0.621      0.167     0.844      0.383     0.539      0.032     0.272    0.497     0.303   0.778     0.128      0.272     0.01306  -1	   0.3912396    -0.0430696
     D1Z5Y-a20d      0.013     0.073       0.389     0.687      0.072     0.832      0.488     0.624      0.186     0.257    0.440     0.327   0.805     0.107      0.132     0.01290  -1	   0.1895274    -0.0419312
     D1Z5Y-a21a      0.020     0.047       0.242     0.565      0.390     0.858      0.424     0.328      0.330     0.244    0.425     0.324   0.830     0.179      0.012     0.05685  -1	   0.1967891     0.1758372
     D1Z5Y-a21b      0.022     0.047       0.242     0.701      0.237     0.864      0.440     0.445      0.281     0.274    0.479     0.317   0.864     0.177      0.184     0.01772  -1	   0.1830502     0.0587902
     D1Z5Y-a21c      0.025     0.079       0.389     0.595     -0.106     0.840      0.494     0.545      0.122     0.346    0.518     0.359   0.463     0.109      0.190     0.01226  -1	   0.1804030     0.0065689
     D1Z5Y-a21d      0.013     0.059       0.329     0.626      0.095     0.866      0.477     0.574      0.439     0.258    0.451     0.320   0.738     0.127      0.119     0.01909  -1	   0.1028666    -0.0007745
     D1Z5Y-a22a      0.012     0.062       0.309     0.701      0.107     0.839      0.424     0.510      0.378     0.289    0.478     0.331   0.834     0.124      0.098     0.01938  -1	   0.0908120    -0.0349702
     D1Z5Y-a22b      0.021     0.049       0.248     0.587      0.355     0.871      0.427     0.343      0.150     0.253    0.441     0.324   0.830     0.168      0.097     0.05491  -1	   0.2489935     0.2121465
     D1Z5Y-a22c      0.014     0.058       0.336     0.635      0.123     0.862      0.479     0.567      0.442     0.240    0.429     0.316   0.713     0.135      0.108     0.01924  -1	   0.1274215     0.0315302
     D1Z5Y-a22d      0.019     0.052       0.302     0.654      0.018     0.873      0.522     0.467      0.585     0.253    0.475     0.298   0.780     0.131      0.133     0.05015  -1	   0.0253092     0.0128459
     D1Z5Y-a23a      0.023     0.045       0.208     0.689      0.424     0.870      0.520     0.410      0.658     0.264    0.468     0.314   0.878     0.196      0.250     0.06779  -1	   0.2429437     0.1350737
     D1Z5Y-a23b      0.033     0.055       0.268     0.721      0.011     0.901      0.424     0.143      0.732     0.253    0.468     0.303   0.834     0.162      0.359     0.13433  -1	   0.0590931     0.2088375
     D1Z5Y-a23c      0.024     0.050       0.255     0.597      0.439     0.866      0.461     0.522      0.799     0.325    0.485     0.363   0.804     0.164      0.223     0.04792  -1	   0.3191034     0.1594086
     D1Z5Y-a23d      0.026     0.034       0.174     0.735      0.365     0.879      0.568     0.534      0.736     0.255    0.418     0.341   0.928     0.222      0.154     0.06932  -1	   0.1369600     0.0430960
     D1Z5Y-a24a      0.025     0.045       0.228     0.748     -0.146     0.904      0.457     0.207      0.402     0.233    0.435     0.306   0.812     0.186      0.308     0.18711  -1	   0.0553441     0.2351909
     D1Z5Y-a24b      0.026     0.051       0.255     0.717      0.035     0.892      0.402     0.133      0.117     0.246    0.445     0.313   0.834     0.152      0.366     0.36681   1	   0.2905059     0.5648701
     D1Z5Y-a24c      0.027     0.056       0.302     0.671      0.030     0.872      0.482     0.214      0.168     0.238    0.420     0.321   0.780     0.127      0.268     0.12220  -1	   0.2195776     0.3618374
     D1Z5Y-a24d      0.031     0.056       0.268     0.671     -0.084     0.878      0.470     0.211      0.903     0.256    0.491     0.290   0.747     0.154      0.317     0.13472  -1	  -0.0003964     0.1058419
     D1Z5Y-a25a      0.029     0.045       0.228     0.743     -0.138     0.894      0.479     0.222      0.597     0.253    0.420     0.337   0.812     0.175      0.360     0.18021  -1	   0.0162331     0.1684030
     D1Z5Y-a25b      0.029     0.044       0.221     0.704      0.023     0.907      0.503     0.250      0.512     0.226    0.431     0.300   0.805     0.198      0.343     0.18983  -1	   0.0788724     0.1914829
     D1Z5Y-a25c      0.028     0.055       0.295     0.677      0.051     0.890      0.468     0.211      0.171     0.251    0.433     0.325   0.805     0.134      0.292     0.12057  -1	   0.2365193     0.3754880
     D1Z5Y-a25d      0.017     0.066       0.356     0.643      0.064     0.847      0.473     0.366      0.354     0.302    0.471     0.351   0.738     0.114      0.424     0.04468  -1	   0.2492420     0.1164189
     D1Z5Y-a26a      0.018     0.056       0.289     0.636      0.214     0.908      0.465     0.320      0.198     0.329    0.508     0.349   0.787     0.143      0.245     0.25653   1	   0.2728149     0.2664690
     D1Z5Y-a26b      0.019     0.065       0.329     0.610      0.353     0.869      0.387     0.220      0.159     0.338    0.468     0.389   0.831     0.112      0.177     0.04600  -1	   0.3763528     0.4071611
     D1Z5Y-a26c      0.018     0.055       0.315     0.676      0.104     0.880      0.391     0.205      0.192     0.229    0.471     0.275   0.780     0.145      0.012     0.10218  -1	   0.0999289     0.2350236
     D1Z5Y-a26d      0.024     0.063       0.336     0.677      0.431     0.864      0.398     0.269      0.261     0.274    0.456     0.333   0.945     0.107      0.436     0.04434  -1	   0.6031281     0.4237482
     D1Z5Y-a27a      0.027     0.047       0.242     0.677      0.056     0.912      0.390     0.122      0.254     0.231    0.464     0.282   0.817     0.169      0.455     0.35397   1	   0.2524981     0.5436122
     D1Z5Y-a27b      0.026     0.052       0.262     0.694     -0.112     0.910      0.425     0.138      0.111     0.259    0.413     0.349   0.656     0.151      0.257     0.41170   1	   0.1835345     0.4765776
     D1Z5Y-a27c      0.026     0.055       0.268     0.737      0.159     0.901      0.392     0.104      0.911     0.308    0.531     0.314   0.900     0.147      0.219     0.45261   1	   0.1041475     0.2569244
     D1Z5Y-a27d      0.027     0.052       0.262     0.703      0.029     0.893      0.401     0.126      0.062     0.230    0.440     0.298   0.834     0.163      0.356     0.39604   1	   0.3192547     0.6016400
     D1Z5Y-a28a      0.029     0.047       0.242     0.683      0.041     0.906      0.414     0.110      0.081     0.251    0.438     0.323   0.781     0.174      0.568     0.26799  -1	   0.4371665     0.7488764
     D1Z5Y-a28b      0.028     0.050       0.255     0.687      0.017     0.908      0.414     0.144      0.148     0.236    0.462     0.289   0.781     0.160      0.395     0.36467   1	   0.2766745     0.5372365
     D1Z5Y-a28c      0.017     0.065       0.315     0.528      0.399     0.868      0.401     0.258      0.275     0.225    0.443     0.292   0.552     0.130      0.404     0.03184  -1	   0.5135829     0.4134562
     D1Z5Y-a28d      0.030     0.059       0.309     0.643      0.097     0.875      0.471     0.380      0.887     0.279    0.511     0.300   0.738     0.120      0.328     0.03571  -1	   0.1180913     0.0830292
     D1Z5Y-a29a      0.030     0.056       0.262     0.705      0.061     0.883      0.371     0.180      0.391     0.258    0.441     0.328   0.859     0.147      0.455     0.03132  -1	   0.2214462     0.3435169
     D1Z5Y-a29b      0.020     0.055       0.282     0.722     -0.036     0.848      0.499     0.540      0.341     0.284    0.468     0.334   0.802     0.142      0.133     0.02390  -1	   0.0487718    -0.0468786
     D1Z5Y-a29c      0.018     0.076       0.362     0.688      0.013     0.869      0.417     0.340      0.399     0.371    0.512     0.386   0.780     0.114      0.023     0.02926  -1	   0.0616680     0.0403748
     D1Z5Y-a29d      0.024     0.066       0.309     0.733      0.032     0.861      0.443     0.462      0.635     0.244    0.449     0.307   0.834     0.127      0.219     0.02195  -1	   0.0815391    -0.0221258
      D1Z5Y-a2a      0.022     0.082       0.342     0.670      0.087     0.851      0.417     0.450      0.579     0.277    0.478     0.321   0.805     0.119      0.402     0.02227  -1	   0.2152067    -0.0218131
      D1Z5Y-a2b      0.012     0.069       0.376     0.549      0.231     0.835      0.402     0.312      0.391     0.374    0.461     0.429   0.508     0.119      0.218     0.08329  -1	   0.2799221     0.2344258
      D1Z5Y-a2c      0.022     0.064       0.322     0.713     -0.173     0.877      0.414     0.445      0.169     0.263    0.488     0.299   0.785     0.130      0.230     0.03211  -1	   0.1348567    -0.0156966
      D1Z5Y-a2d      0.017     0.058       0.309     0.751      0.390     0.859      0.401     0.300      0.038     0.258    0.459     0.314   0.944     0.149      0.129     0.11878  -1	   0.4234953     0.3172042
     D1Z5Y-a30a      0.028     0.065       0.275     0.732      0.132     0.882      0.293     0.091      0.057     0.292    0.445     0.360   0.834     0.139      0.423     0.03260  -1	   0.4674046     0.6799187
     D1Z5Y-a30b      0.022     0.077       0.336     0.724      0.054     0.884      0.480     0.424      0.415     0.285    0.473     0.333   0.859     0.134      0.223     0.03008  -1	   0.1662299    -0.0122732
     D1Z5Y-a30c      0.024     0.064       0.322     0.630      0.189     0.858      0.419     0.428      0.211     0.283    0.515     0.300   0.778     0.138      0.114     0.02631  -1	   0.1988594     0.0517313
     D1Z5Y-a30d      0.015     0.064       0.362     0.665     -0.041     0.869      0.408     0.212      0.903     0.303    0.457     0.362   0.747     0.106      0.265     0.03691  -1	   0.0637874     0.1513358
     D1Z5Y-a31a      0.033     0.068       0.309     0.664      0.136     0.835      0.521     0.643      0.924     0.324    0.527     0.331   0.780     0.149      0.142     0.01094  -1	   0.1301179     0.0357894
     D1Z5Y-a31b      0.034     0.056       0.255     0.653      0.169     0.880      0.433     0.197      0.294     0.250    0.400     0.350   0.845     0.153      0.601     0.01549  -1	   0.4031139     0.4542255
     D1Z5Y-a31c      0.021     0.050       0.255     0.656      0.021     0.876      0.454     0.338      0.669     0.329    0.435     0.406   0.781     0.180      0.298     0.02019  -1	   0.0537744     0.0910695
     D1Z5Y-a31d      0.030     0.059       0.275     0.751      0.046     0.884      0.397     0.206      0.328     0.260    0.447     0.325   0.826     0.157      0.455     0.03239  -1	   0.2695822     0.3000317
     D1Z5Y-a32a      0.038     0.052       0.235     0.667      0.267     0.876      0.425     0.216      0.194     0.257    0.451     0.319   0.892     0.164      0.281     0.01050  -1	   0.3157697     0.4202275
     D1Z5Y-a32b      0.019     0.081       0.403     0.581      0.069     0.848      0.470     0.480      0.334     0.315    0.469     0.365   0.612     0.108      0.272     0.01194  -1	   0.2438622     0.0560420
     D1Z5Y-a32c      0.025     0.062       0.268     0.637      0.431     0.852      0.449     0.352      0.426     0.432    0.462     0.484   0.879     0.156      0.211     0.01225  -1	   0.3687327     0.2607136
     D1Z5Y-a32d      0.033     0.060       0.268     0.546      0.158     0.853      0.431     0.374      0.578     0.268    0.460     0.324   0.499     0.177      0.266     0.01072  -1	   0.1757023     0.1266707
     D1Z5Y-a33a      0.036     0.063       0.295     0.648      0.053     0.847      0.453     0.398      0.280     0.255    0.469     0.304   0.738     0.152      0.229     0.01063  -1	   0.1783402     0.0671718
     D1Z5Y-a33b      0.018     0.087       0.443     0.662     -0.055     0.847      0.372     0.386      0.035     0.303    0.508     0.326   0.747     0.100      0.219     0.01207  -1	   0.2663899     0.0423532
     D1Z5Y-a33c      0.018     0.078       0.396     0.516      0.120     0.866      0.434     0.407      0.703     0.320    0.460     0.377   0.434     0.096      0.181     0.01184  -1	   0.2538307     0.1832196
     D1Z5Y-a33d      0.034     0.060       0.242     0.530      0.080     0.854      0.464     0.437      0.390     0.248    0.457     0.305   0.459     0.157      0.279     0.01043  -1	   0.1633882     0.0933681
     D1Z5Y-a34a      0.014     0.073       0.322     0.681     -0.115     0.843      0.497     0.512      0.542     0.269    0.478     0.312   0.656     0.128      0.200     0.00975  -1	   0.0479648    -0.0472847
     D1Z5Y-a34b      0.020     0.083       0.396     0.579     -0.181     0.834      0.532     0.755      0.911     0.334    0.552     0.322   0.538     0.100      0.108     0.00984  -1	   0.0575989     0.1342545
     D1Z5Y-a34c      0.030     0.061       0.255     0.596      0.018     0.855      0.414     0.381      0.445     0.314    0.449     0.380   0.587     0.169      0.251     0.01078  -1	   0.1170079     0.0963834
     D1Z5Y-a34d      0.016     0.086       0.423     0.566      0.026     0.852      0.396     0.502      0.252     0.527    0.524     0.521   0.587     0.115      0.075     0.01070  -1	   0.1359757     0.0388419
     D1Z5Y-a35a      0.015     0.073       0.376     0.692      0.272     0.847      0.397     0.363      0.212     0.319    0.442     0.390   0.892     0.130      0.103     0.01216  -1	   0.2906045     0.1254761
     D1Z5Y-a35b      0.015     0.073       0.383     0.715      0.188     0.850      0.397     0.370      0.203     0.321    0.446     0.389   0.900     0.119      0.080     0.01221  -1	   0.2206385     0.0831417
     D1Z5Y-a35c      0.020     0.077       0.376     0.666      0.274     0.844      0.348     0.241      0.295     0.320    0.521     0.331   0.892     0.112      0.370     0.01183  -1	   0.4303644     0.2733237
     D1Z5Y-a35d      0.012     0.081       0.369     0.720      0.002     0.837      0.389     0.470      0.085     0.251    0.474     0.297   0.834     0.109      0.091     0.01128  -1	   0.1822010    -0.0593279
     D1Z5Y-a36a      0.013     0.073       0.383     0.691      0.090     0.839      0.413     0.415      0.490     0.278    0.468     0.328   0.805     0.124      0.107     0.01222  -1	   0.1132582     0.0202050
     D1Z5Y-a36b      0.020     0.078       0.389     0.579      0.162     0.843      0.413     0.514      0.251     0.305    0.482     0.345   0.652     0.126      0.300     0.01218  -1	   0.3267518     0.0412039
     D1Z5Y-a36c      0.016     0.075       0.376     0.680      0.309     0.835      0.392     0.491      0.050     0.246    0.478     0.290   0.920     0.106      0.131     0.01287  -1	   0.3905523    -0.0000778
     D1Z5Y-a36d      0.014     0.079       0.389     0.713      0.484     0.829      0.390     0.499      0.034     0.277    0.488     0.314   0.970     0.105      0.135     0.01295  -1	   0.5835591     0.0880772
     D1Z5Y-a37a      0.013     0.072       0.383     0.580      0.060     0.853      0.424     0.578      0.998     0.391    0.563     0.365   0.612     0.119      0.175     0.01327  -1	   0.1695300     0.1602787
     D1Z5Y-a37b      0.011     0.066       0.329     0.666      0.552     0.862      0.401     0.366      0.382     0.311    0.464     0.365   0.890     0.129      0.604     0.01142  -1	   0.7903431     0.3871701
     D1Z5Y-a37c      0.023     0.078       0.362     0.685     -0.012     0.850      0.361     0.464      0.043     0.339    0.448     0.405   0.747     0.115      0.175     0.01189  -1	   0.2416811     0.0022735
     D1Z5Y-a37d      0.020     0.083       0.396     0.637      0.215     0.841      0.471     0.613      0.999     0.501    0.624     0.415   0.787     0.113      0.236     0.01229  -1	   0.3190502     0.1726819
     D1Z5Y-a38a      0.022     0.047       0.242     0.637      0.138     0.871      0.424     0.427      0.442     0.290    0.475     0.336   0.771     0.159      0.346     0.01756  -1	   0.1463043     0.0844374
     D1Z5Y-a38b      0.030     0.056       0.275     0.702     -0.131     0.871      0.467     0.285      0.184     0.233    0.450     0.294   0.711     0.152      0.328     0.01416  -1	   0.1981417     0.2348536
     D1Z5Y-a38c      0.020     0.048       0.248     0.594      0.291     0.877      0.444     0.456      0.347     0.280    0.447     0.345   0.798     0.168      0.210     0.01833  -1	   0.2128135     0.0946417
     D1Z5Y-a38d      0.017     0.072       0.362     0.473      0.374     0.843      0.455     0.565      0.446     0.342    0.484     0.380   0.434     0.109      0.058     0.01198  -1	   0.3609544     0.2038454
     D1Z5Y-a39a      0.006     0.055       0.289     0.543     -0.082     0.838      0.509     0.627      0.654     0.247    0.457     0.304   0.401     0.156      0.095     0.01573  -1	   0.0307481     0.0383231
     D1Z5Y-a39b      0.014     0.070       0.369     0.627      0.151     0.849      0.427     0.416      0.279     0.238    0.445     0.302   0.778     0.130      0.047     0.01215  -1	   0.1663699     0.0435864
     D1Z5Y-a39c      0.011     0.053       0.268     0.543     -0.002     0.847      0.534     0.613      0.501     0.250    0.453     0.310   0.401     0.145      0.181     0.01524  -1	   0.0615751     0.0132916
     D1Z5Y-a39d      0.026     0.062       0.302     0.640      0.143     0.890      0.414     0.306      0.247     0.253    0.450     0.316   0.713     0.166      0.350     0.04753  -1	   0.3018417     0.2175680
      D1Z5Y-a3a      0.025     0.084       0.342     0.714      0.086     0.836      0.414     0.421      0.337     0.265    0.484     0.304   0.859     0.124      0.353     0.02218  -1	   0.2807079    -0.0269322
      D1Z5Y-a3b      0.018     0.080       0.349     0.632      0.107     0.844      0.475     0.496      0.137     0.245    0.455     0.303   0.713     0.112      0.416     0.02165  -1	   0.4166220     0.0332521
      D1Z5Y-a3c      0.021     0.076       0.349     0.680     -0.033     0.850      0.427     0.456      0.228     0.318    0.468     0.369   0.747     0.128      0.429     0.02250  -1	   0.2971644     0.0017602
      D1Z5Y-a3d      0.020     0.061       0.309     0.658      0.099     0.851      0.542     0.484      0.552     0.239    0.449     0.301   0.805     0.112      0.248     0.02037  -1	   0.1235316     0.0210239
     D1Z5Y-a40a      0.006     0.058       0.315     0.735     -0.166     0.853      0.521     0.633      0.311     0.289    0.457     0.347   0.785     0.134      0.076     0.04111  -1	  -0.0050043    -0.0854735
     D1Z5Y-a40b      0.013     0.059       0.342     0.653      0.093     0.873      0.445     0.527      0.563     0.243    0.458     0.299   0.805     0.128      0.098     0.01929  -1	   0.0816420     0.0104184
     D1Z5Y-a40c      0.006     0.056       0.289     0.616      0.360     0.856      0.428     0.519      0.740     0.258    0.480     0.300   0.831     0.115      0.075     0.01652  -1	   0.2308539     0.1132023
     D1Z5Y-a40d      0.012     0.060       0.336     0.661      0.044     0.872      0.459     0.564      0.275     0.242    0.428     0.320   0.780     0.132      0.103     0.01917  -1	   0.1072869    -0.0407916
     D1Z5Y-a41a      0.023     0.055       0.289     0.685      0.242     0.857      0.399     0.315      0.264     0.272    0.452     0.334   0.854     0.140      0.223     0.04189  -1	   0.2551847     0.2074322
     D1Z5Y-a41b      0.018     0.070       0.342     0.604      0.286     0.888      0.392     0.289      0.324     0.281    0.478     0.324   0.825     0.143      0.211     0.06229  -1	   0.3192041     0.2188702
     D1Z5Y-a41c      0.019     0.050       0.282     0.714     -0.130     0.871      0.529     0.374      0.239     0.219    0.450     0.279   0.812     0.178      0.399     0.03968  -1	   0.1758381     0.1034226
     D1Z5Y-a41d      0.022     0.054       0.315     0.702      0.336     0.874      0.405     0.282      0.132     0.235    0.427     0.312   0.974     0.153      0.186     0.03923  -1	   0.3683779     0.2984917
     D1Z5Y-a42a      0.022     0.055       0.309     0.719      0.308     0.849      0.386     0.273      0.059     0.253    0.451     0.314   0.974     0.142      0.154     0.04130  -1	   0.3451594     0.2976594
     D1Z5Y-a42b      0.007     0.060       0.302     0.680      0.075     0.855      0.411     0.486      0.669     0.323    0.545     0.317   0.805     0.152      0.086     0.04969  -1	   0.0208770    -0.0249741
     D1Z5Y-a42c      0.024     0.057       0.315     0.718      0.273     0.854      0.398     0.294      0.041     0.255    0.471     0.304   0.946     0.143      0.230     0.04033  -1	   0.3918394     0.2964837
     D1Z5Y-a42d      0.018     0.056       0.309     0.630      0.222     0.897      0.464     0.317      0.142     0.334    0.480     0.375   0.787     0.138      0.245     0.25380   1	   0.3015763     0.2933208
     D1Z5Y-a43a      0.015     0.065       0.322     0.708      0.179     0.919      0.355     0.160      0.479     0.377    0.492     0.408   0.900     0.138      0.298     0.22163  -1	   0.2439594     0.3313974
     D1Z5Y-a43b      0.018     0.057       0.289     0.618      0.192     0.916      0.456     0.321      0.151     0.324    0.497     0.353   0.778     0.146      0.244     0.25725   1	   0.2718501     0.2616722
     D1Z5Y-a43c      0.018     0.057       0.302     0.661      0.233     0.895      0.458     0.316      0.278     0.336    0.456     0.396   0.854     0.139      0.295     0.25521   1	   0.2962982     0.2575139
     D1Z5Y-a43d      0.018     0.058       0.309     0.624      0.372     0.884      0.414     0.271      0.283     0.358    0.494     0.388   0.831     0.142      0.320     0.23293  -1	   0.4254218     0.3880342
     D1Z5Y-a44a      0.022     0.067       0.362     0.581      0.344     0.866      0.363     0.236      0.626     0.346    0.481     0.387   0.727     0.119      0.406     0.04517  -1	   0.4202295     0.3714580
     D1Z5Y-a44b      0.019     0.058       0.309     0.652      0.306     0.896      0.436     0.276      0.164     0.322    0.496     0.352   0.920     0.136      0.272     0.25218   1	   0.3794424     0.3589038
     D1Z5Y-a44c      0.019     0.067       0.342     0.614      0.302     0.855      0.387     0.214      0.096     0.319    0.482     0.359   0.853     0.115      0.441     0.04723  -1	   0.5504350     0.4935858
     D1Z5Y-a44d      0.024     0.063       0.349     0.601      0.280     0.860      0.405     0.260      0.468     0.292    0.477     0.336   0.825     0.119      0.468     0.04378  -1	   0.3790385     0.2999934
     D1Z5Y-a45a      0.028     0.066       0.322     0.750      0.021     0.860      0.355     0.271      0.216     0.374    0.548     0.362   0.826     0.171      0.187     0.03565  -1	   0.1702803     0.1374423
     D1Z5Y-a45b      0.022     0.067       0.362     0.567      0.266     0.861      0.409     0.291      0.483     0.344    0.500     0.369   0.699     0.115      0.419     0.04515  -1	   0.3713824     0.2822462
     D1Z5Y-a45c      0.018     0.056       0.289     0.582      0.201     0.903      0.456     0.317      0.240     0.334    0.529     0.339   0.661     0.141      0.299     0.25715   1	   0.2761218     0.2723973
     D1Z5Y-a45d      0.027     0.049       0.248     0.680      0.050     0.908      0.427     0.153      0.438     0.239    0.464     0.291   0.817     0.151      0.275     0.37413   1	   0.0990599     0.3361509
     D1Z5Y-a46a      0.019     0.059       0.289     0.671     -0.059     0.872      0.548     0.502      0.696     0.257    0.434     0.332   0.747     0.145      0.126     0.02969  -1	   0.0257732    -0.0096769
     D1Z5Y-a46b      0.011     0.062       0.342     0.674     -0.118     0.881      0.425     0.403      0.149     0.296    0.450     0.361   0.656     0.112      0.160     0.07575  -1	   0.1034985     0.0583581
     D1Z5Y-a46c      0.017     0.057       0.295     0.622      0.351     0.891      0.409     0.254      0.350     0.342    0.557     0.326   0.831     0.142      0.349     0.27502   1	   0.3919794     0.3777431
     D1Z5Y-a46d      0.026     0.070       0.329     0.724      0.094     0.864      0.401     0.450      0.552     0.317    0.500     0.343   0.859     0.148      0.139     0.02737  -1	   0.1079111    -0.0270557
     D1Z5Y-a47a      0.014     0.068       0.362     0.715      0.280     0.851      0.419     0.421      0.485     0.338    0.427     0.421   0.946     0.124      0.079     0.01920  -1	   0.2303604     0.1002206
     D1Z5Y-a47b      0.021     0.068       0.302     0.702     -0.035     0.849      0.427     0.530      0.129     0.277    0.464     0.330   0.802     0.149      0.279     0.02119  -1	   0.2385721    -0.0593156
     D1Z5Y-a47c      0.013     0.066       0.329     0.613      0.312     0.824      0.416     0.456      0.597     0.297    0.462     0.353   0.853     0.124      0.080     0.01851  -1	   0.2154407     0.0819113
     D1Z5Y-a47d      0.014     0.069       0.362     0.753      0.243     0.850      0.422     0.474      0.327     0.331    0.442     0.402   0.901     0.123      0.080     0.01903  -1	   0.2249420     0.0529396
     D1Z5Y-a48a      0.019     0.061       0.289     0.696      0.085     0.865      0.428     0.483      0.736     0.286    0.468     0.337   0.805     0.163      0.083     0.02310  -1	   0.0647476     0.0041988
     D1Z5Y-a48b      0.017     0.071       0.356     0.665      0.165     0.839      0.386     0.421      0.410     0.305    0.487     0.342   0.845     0.128      0.073     0.01860  -1	   0.1399680     0.0133760
     D1Z5Y-a48c      0.013     0.064       0.329     0.594      0.191     0.847      0.385     0.379      0.765     0.270    0.476     0.314   0.652     0.120      0.136     0.01896  -1	   0.1785641     0.1553634
     D1Z5Y-a48d      0.012     0.068       0.356     0.662      0.166     0.846      0.383     0.420      0.340     0.287    0.466     0.339   0.845     0.123      0.069     0.01844  -1	   0.1455203     0.0234776
     D1Z5Y-a49a      0.013     0.049       0.248     0.655     -0.012     0.858      0.449     0.260      0.181     0.552    0.423     0.625   0.852     0.150      0.268     0.01172  -1	   0.1250594     0.2748143
     D1Z5Y-a49b      0.019     0.066       0.329     0.540      0.225     0.864      0.382     0.361      0.515     0.230    0.455     0.288   0.508     0.110      0.326     0.00980  -1	   0.2870862     0.2106605
     D1Z5Y-a49c      0.027     0.059       0.289     0.697      0.084     0.894      0.305     0.118      0.161     0.255    0.435     0.329   0.805     0.145      0.236     0.03187  -1	   0.2389523     0.4665866
     D1Z5Y-a49d      0.020     0.053       0.255     0.624      0.011     0.887      0.432     0.308      0.797     0.290    0.427     0.372   0.713     0.151      0.496     0.02157  -1	   0.0737697     0.1502639
      D1Z5Y-a4a      0.026     0.062       0.322     0.714     -0.024     0.873      0.420     0.204      0.599     0.249    0.471     0.296   0.802     0.127      0.271     0.02527  -1	   0.0649552     0.1415655
      D1Z5Y-a4b      0.022     0.048       0.242     0.680     -0.194     0.840      0.559     0.638      0.490     0.251    0.442     0.319   0.757     0.180      0.138     0.02665  -1	  -0.0097939    -0.0749623
      D1Z5Y-a4c      0.030     0.042       0.201     0.746      0.291     0.853      0.504     0.390      0.241     0.321    0.458     0.379   0.896     0.211      0.430     0.01355  -1	   0.3665774     0.2425188
      D1Z5Y-a4d      0.028     0.060       0.309     0.654      0.212     0.865      0.469     0.297      0.701     0.415    0.456     0.472   0.854     0.123      0.148     0.01726  -1	   0.1954659     0.2034731
     D1Z5Y-a50a      0.024     0.061       0.322     0.627      0.254     0.847      0.498     0.504      0.375     0.226    0.455     0.283   0.825     0.123      0.269     0.01090  -1	   0.2723963     0.0494645
     D1Z5Y-a50b      0.034     0.053       0.248     0.688      0.274     0.886      0.410     0.202      0.137     0.233    0.452     0.292   0.892     0.153      0.247     0.01063  -1	   0.3436159     0.4566648
     D1Z5Y-a50c      0.035     0.061       0.282     0.623      0.126     0.852      0.435     0.390      0.390     0.289    0.450     0.353   0.713     0.153      0.256     0.01076  -1	   0.1863345     0.0967001
     D1Z5Y-a50d      0.035     0.051       0.235     0.664      0.171     0.892      0.488     0.326      0.366     0.240    0.414     0.327   0.845     0.175      0.411     0.01102  -1	   0.2542255     0.2069116
     D1Z5Y-a51a      0.035     0.060       0.268     0.575      0.071     0.843      0.479     0.436      0.378     0.259    0.428     0.338   0.612     0.154      0.284     0.01062  -1	   0.1701500     0.0727989
     D1Z5Y-a51b      0.023     0.096       0.456     0.712     -0.057     0.844      0.400     0.545      0.544     0.364    0.554     0.348   0.802     0.100      0.294     0.01072  -1	   0.1453304    -0.0718300
     D1Z5Y-a51c      0.026     0.075       0.356     0.651      0.045     0.856      0.313     0.223      0.016     0.291    0.447     0.357   0.780     0.115      0.414     0.01195  -1	   0.4477284     0.3790925
     D1Z5Y-a51d      0.025     0.067       0.302     0.674      0.192     0.828      0.497     0.504      0.298     0.274    0.445     0.342   0.845     0.123      0.248     0.01104  -1	   0.2514018     0.0152271
     D1Z5Y-a52a      0.015     0.090       0.443     0.670     -0.048     0.866      0.403     0.397      0.053     0.276    0.474     0.321   0.747     0.105      0.204     0.01203  -1	   0.2704154     0.0364584
     D1Z5Y-a52b      0.022     0.063       0.322     0.591      0.254     0.821      0.476     0.474      0.245     0.240    0.469     0.288   0.699     0.126      0.213     0.01094  -1	   0.2795094     0.0901472
     D1Z5Y-a52c      0.026     0.069       0.322     0.535      0.427     0.844      0.391     0.323      0.458     0.315    0.491     0.348   0.599     0.129      0.255     0.01111  -1	   0.4347421     0.2963931
     D1Z5Y-a52d      0.028     0.090       0.389     0.683      0.363     0.838      0.301     0.309      0.449     0.351    0.509     0.370   0.898     0.101      0.285     0.01165  -1	   0.4732232     0.1924502
     D1Z5Y-a53a      0.013     0.077       0.376     0.683      0.140     0.856      0.339     0.393      0.365     0.255    0.465     0.307   0.780     0.106      0.087     0.01121  -1	   0.1775882     0.0424592
     D1Z5Y-a53b      0.016     0.078       0.383     0.621      0.056     0.829      0.434     0.548      0.189     0.305    0.488     0.342   0.738     0.100      0.110     0.01107  -1	   0.1628333    -0.0432102
     D1Z5Y-a53c      0.014     0.103       0.463     0.659      0.036     0.829      0.363     0.386      0.993     0.404    0.607     0.343   0.843     0.097      0.160     0.01087  -1	   0.1611115     0.0433050
     D1Z5Y-a53d      0.017     0.076       0.383     0.687      0.018     0.842      0.390     0.509      0.120     0.299    0.455     0.360   0.780     0.124      0.141     0.01054  -1	   0.1951853    -0.0460448
     D1Z5Y-a54a      0.017     0.084       0.423     0.590     -0.004     0.863      0.417     0.389      0.069     0.297    0.485     0.335   0.554     0.109      0.185     0.01202  -1	   0.2560758     0.0979673
     D1Z5Y-a54b      0.011     0.082       0.383     0.697      0.050     0.847      0.360     0.449      0.181     0.289    0.514     0.307   0.805     0.106      0.091     0.01129  -1	   0.1593936    -0.0465500
     D1Z5Y-a54c      0.011     0.079       0.376     0.709      0.052     0.846      0.393     0.474      0.072     0.263    0.460     0.318   0.859     0.109      0.104     0.01121  -1	   0.2117629    -0.0475544
     D1Z5Y-a54d      0.016     0.076       0.383     0.652      0.384     0.836      0.429     0.540      0.031     0.279    0.465     0.332   0.898     0.104      0.128     0.01299  -1	   0.4629498     0.0413552
     D1Z5Y-a55a      0.017     0.085       0.430     0.642     -0.081     0.860      0.448     0.433      0.045     0.263    0.456     0.322   0.680     0.105      0.252     0.01210  -1	   0.2832343     0.0452840
     D1Z5Y-a55b      0.030     0.062       0.356     0.519      0.229     0.880      0.472     0.294      0.461     0.413    0.561     0.387   0.508     0.105      0.311     0.01138  -1	   0.3228419     0.3044177
     D1Z5Y-a55c      0.014     0.082       0.369     0.695     -0.015     0.850      0.375     0.456      0.216     0.274    0.481     0.316   0.747     0.110      0.101     0.01130  -1	   0.1395011    -0.0395356
     D1Z5Y-a55d      0.013     0.071       0.389     0.687      0.326     0.837      0.402     0.499      0.040     0.241    0.457     0.298   0.920     0.107      0.131     0.01288  -1	   0.4095949     0.0332348
     D1Z5Y-a56a      0.013     0.079       0.389     0.727      0.149     0.830      0.451     0.561      0.404     0.289    0.450     0.353   0.834     0.102      0.097     0.01114  -1	   0.1781238     0.0040952
     D1Z5Y-a56b      0.013     0.075       0.376     0.708      0.157     0.852      0.436     0.438      0.403     0.337    0.489     0.371   0.900     0.123      0.079     0.01224  -1	   0.1497822     0.0131063
     D1Z5Y-a56c      0.023     0.056       0.268     0.639      0.181     0.854      0.372     0.429      0.890     0.261    0.474     0.307   0.778     0.189      0.164     0.00984  -1	   0.1126197     0.0843231
     D1Z5Y-a56d      0.020     0.047       0.242     0.630      0.083     0.859      0.450     0.451      0.405     0.287    0.477     0.332   0.761     0.169      0.195     0.01787  -1	   0.0669371     0.0298630
     D1Z5Y-a57a      0.024     0.047       0.255     0.690      0.344     0.864      0.401     0.350      0.196     0.256    0.436     0.328   0.872     0.187      0.234     0.01775  -1	   0.3282157     0.2238674
     D1Z5Y-a57b      0.023     0.054       0.289     0.661      0.244     0.821      0.434     0.514      0.202     0.216    0.441     0.282   0.854     0.143      0.141     0.01275  -1	   0.2211160    -0.0027762
     D1Z5Y-a57c      0.016     0.070       0.389     0.639      0.103     0.853      0.442     0.448      0.353     0.233    0.493     0.266   0.713     0.122      0.093     0.01218  -1	   0.1412200     0.0321566
     D1Z5Y-a57d      0.023     0.092       0.443     0.621      0.099     0.849      0.326     0.413      0.083     0.287    0.503     0.312   0.738     0.107      0.155     0.01167  -1	   0.3090593     0.0221832
     D1Z5Y-a58a      0.018     0.067       0.356     0.678      0.325     0.891      0.365     0.252      0.328     0.247    0.466     0.298   0.920     0.137      0.216     0.05927  -1	   0.3600366     0.2556759
     D1Z5Y-a58b      0.020     0.048       0.248     0.628      0.163     0.862      0.431     0.440      0.244     0.304    0.468     0.355   0.739     0.155      0.233     0.01803  -1	   0.1739350     0.0965762
     D1Z5Y-a58c      0.003     0.067       0.342     0.711      0.146     0.848      0.396     0.436      0.186     0.255    0.455     0.314   0.834     0.124      0.173     0.01950  -1	   0.2226399     0.0277725
     D1Z5Y-a58d      0.015     0.055       0.295     0.648      0.172     0.857      0.462     0.474      0.293     0.309    0.458     0.368   0.778     0.144      0.072     0.03936  -1	   0.1209409     0.0373579
     D1Z5Y-a59a      0.013     0.059       0.336     0.685      0.110     0.852      0.430     0.514      0.463     0.226    0.446     0.290   0.780     0.123      0.098     0.01945  -1	   0.0984899     0.0091962
     D1Z5Y-a59b      0.022     0.056       0.295     0.624      0.080     0.860      0.424     0.374      0.776     0.316    0.510     0.336   0.738     0.148      0.173     0.03187  -1	   0.0697841     0.0804433
     D1Z5Y-a59c      0.002     0.065       0.322     0.708     -0.154     0.853      0.508     0.622      0.719     0.309    0.453     0.371   0.785     0.133      0.148     0.04112  -1	  -0.0207737    -0.0425976
     D1Z5Y-a59d      0.008     0.061       0.336     0.661      0.077     0.866      0.377     0.433      0.344     0.292    0.478     0.335   0.805     0.144      0.087     0.05150  -1	   0.0783207     0.0007282
      D1Z5Y-a5a      0.024     0.058       0.289     0.668     -0.046     0.852      0.450     0.270      0.737     0.282    0.512     0.302   0.747     0.136      0.578     0.02174  -1	   0.0709316     0.0953212
      D1Z5Y-a5b      0.024     0.048       0.268     0.646      0.076     0.837      0.495     0.545      0.900     0.252    0.458     0.309   0.761     0.130      0.087     0.01683  -1	   0.0593599     0.0653815
      D1Z5Y-a5c      0.024     0.064       0.309     0.655      0.166     0.844      0.433     0.513      0.694     0.230    0.460     0.283   0.845     0.149      0.117     0.00958  -1	   0.1186934    -0.0011819
      D1Z5Y-a5d      0.033     0.070       0.329     0.677      0.326     0.862      0.509     0.323      0.797     0.289    0.494     0.321   0.920     0.121      0.018     0.01878  -1	   0.2661547     0.1627423
     D1Z5Y-a60a      0.019     0.056       0.309     0.624     -0.198     0.873      0.492     0.346      0.312     0.297    0.483     0.337   0.664     0.156      0.337     0.04321  -1	   0.0932008     0.0886532
     D1Z5Y-a60b      0.017     0.062       0.329     0.790      0.034     0.861      0.414     0.453      0.167     0.265    0.472     0.313   0.826     0.118      0.145     0.03121  -1	   0.1668963     0.0172504
     D1Z5Y-a60c      0.010     0.067       0.362     0.618     -0.082     0.871      0.462     0.383      0.286     0.355    0.504     0.377   0.680     0.130      0.108     0.04175  -1	   0.0453975     0.0384761
     D1Z5Y-a60d      0.015     0.063       0.309     0.756     -0.137     0.880      0.460     0.340      0.145     0.264    0.452     0.325   0.703     0.122      0.347     0.03668  -1	   0.2362778     0.1651049
     D1Z5Y-a61a      0.018     0.058       0.295     0.604      0.186     0.899      0.423     0.279      0.351     0.379    0.493     0.408   0.778     0.138      0.309     0.26197   1	   0.2417177     0.2718188
     D1Z5Y-a61b      0.009     0.074       0.336     0.700      0.083     0.863      0.384     0.468      0.449     0.275    0.506     0.299   0.859     0.114      0.154     0.02748  -1	   0.1117894    -0.0525207
     D1Z5Y-a61c      0.010     0.072       0.403     0.632      0.255     0.848      0.423     0.286      0.842     0.354    0.491     0.387   0.825     0.116      0.191     0.07784  -1	   0.2750194     0.2248075
     D1Z5Y-a61d      0.015     0.069       0.356     0.674      0.397     0.867      0.371     0.274      0.697     0.272    0.469     0.322   0.898     0.139      0.241     0.06105  -1	   0.3716094     0.2439583
     D1Z5Y-a62a      0.021     0.069       0.369     0.605     -0.034     0.891      0.401     0.307      0.236     0.504    0.617     0.423   0.680     0.107      0.272     0.04172  -1	   0.1863973     0.1829626
     D1Z5Y-a62b      0.004     0.068       0.356     0.718      0.112     0.855      0.374     0.304      0.450     0.294    0.492     0.328   0.834     0.133      0.231     0.07182  -1	   0.1477380     0.0869188
     D1Z5Y-a62c      0.015     0.062       0.349     0.679      0.142     0.856      0.432     0.270      0.224     0.242    0.428     0.320   0.780     0.120      0.478     0.04416  -1	   0.3922585     0.2967077
     D1Z5Y-a62d      0.003     0.065       0.329     0.610      0.086     0.855      0.390     0.351      0.733     0.300    0.469     0.350   0.738     0.137      0.186     0.07068  -1	   0.0977014     0.1019068
     D1Z5Y-a63a      0.017     0.063       0.362     0.673      0.059     0.871      0.431     0.238      0.940     0.307    0.464     0.360   0.805     0.116      0.278     0.03773  -1	   0.1156961     0.1551072
     D1Z5Y-a63b      0.022     0.068       0.362     0.578      0.212     0.898      0.443     0.268      0.050     0.381    0.465     0.433   0.661     0.108      0.447     0.05145  -1	   0.5263340     0.4322831
     D1Z5Y-a63c      0.029     0.070       0.356     0.734      0.151     0.868      0.402     0.271      0.790     0.331    0.490     0.365   0.900     0.127      0.275     0.03367  -1	   0.1780706     0.1173956
     D1Z5Y-a63d      0.028     0.064       0.309     0.770      0.393     0.874      0.327     0.231      0.460     0.285    0.470     0.335   0.944     0.157      0.328     0.02890  -1	   0.4269834     0.2909810
     D1Z5Y-a64a      0.003     0.063       0.322     0.683      0.081     0.870      0.375     0.433      0.900     0.323    0.537     0.323   0.805     0.144      0.096     0.04894  -1	   0.0622974     0.0534709
     D1Z5Y-a64b      0.021     0.071       0.349     0.640      0.062     0.871      0.384     0.276      0.080     0.344    0.489     0.378   0.738     0.113      0.321     0.03748  -1	   0.3280504     0.2710166
     D1Z5Y-a64c      0.025     0.064       0.329     0.719      0.087     0.861      0.364     0.272      0.246     0.290    0.428     0.371   0.859     0.134      0.307     0.03097  -1	   0.2571057     0.2026710
     D1Z5Y-a64d      0.021     0.063       0.295     0.731      0.402     0.865      0.341     0.238      0.599     0.278    0.471     0.326   1.000     0.149      0.225     0.02951  -1	   0.3182127     0.2300600
     D1Z5Y-a65a      0.019     0.063       0.302     0.677      0.095     0.866      0.419     0.405      0.379     0.242    0.445     0.307   0.805     0.135      0.079     0.01698  -1	   0.1059342     0.0275407
     D1Z5Y-a65b      0.024     0.068       0.322     0.709      0.175     0.860      0.412     0.448      0.447     0.251    0.499     0.280   0.900     0.141      0.166     0.02692  -1	   0.1622447    -0.0333454
     D1Z5Y-a65c      0.024     0.064       0.322     0.667      0.346     0.864      0.414     0.326      0.227     0.308    0.456     0.367   0.920     0.127      0.301     0.03009  -1	   0.4326015     0.2678272
     D1Z5Y-a65d      0.025     0.046       0.268     0.656      0.136     0.854      0.454     0.242      0.439     0.945    0.508     0.935   0.827     0.142      0.175     0.06920  -1	   0.1443786     0.2825490
     D1Z5Y-a66a      0.035     0.048       0.262     0.656      0.200     0.891      0.439     0.204      0.489     0.252    0.428     0.331   0.840     0.166      0.396     0.04204  -1	   0.2230743     0.3284860
     D1Z5Y-a66b      0.021     0.057       0.268     0.695      0.112     0.858      0.444     0.417      0.504     0.305    0.445     0.374   0.780     0.148      0.160     0.02464  -1	   0.1008708     0.0489033
     D1Z5Y-a66c      0.014     0.069       0.362     0.665      0.195     0.864      0.422     0.441      0.329     0.288    0.425     0.371   0.845     0.124      0.085     0.01941  -1	   0.2005799     0.0553766
     D1Z5Y-a66d      0.032     0.044       0.235     0.628      0.410     0.906      0.424     0.202      0.376     0.247    0.440     0.317   0.822     0.167      0.261     0.04211  -1	   0.3431926     0.4670623
     D1Z5Y-a67b      0.034     0.064       0.295     0.717      0.003     0.902      0.431     0.203      0.131     0.267    0.414     0.357   0.834     0.130      0.280     0.01604  -1	   0.2656061     0.3628410
     D1Z5Y-a67c      0.019     0.084       0.362     0.694      0.061     0.860      0.311     0.303      0.355     0.342    0.472     0.390   0.805     0.113      0.253     0.01899  -1	   0.2203155     0.1033242
     D1Z5Y-a67d      0.029     0.043       0.235     0.560      0.041     0.886      0.491     0.353      0.092     0.211    0.444     0.275   0.708     0.199      0.440     0.02416  -1	   0.2904301     0.2803754
     D1Z5Y-a68a      0.029     0.062       0.302     0.695      0.120     0.835      0.426     0.496      0.227     0.262    0.445     0.328   0.780     0.132      0.056     0.01025  -1	   0.1460601    -0.0025376
     D1Z5Y-a68b      0.018     0.072       0.362     0.700     -0.044     0.843      0.465     0.572      0.731     0.318    0.496     0.347   0.802     0.116      0.074     0.01245  -1	   0.0243942    -0.0084399
     D1Z5Y-a68c      0.022     0.073       0.362     0.651     -0.051     0.848      0.405     0.488      0.991     0.305    0.508     0.326   0.747     0.119      0.049     0.01219  -1	   0.0816092     0.0790896
     D1Z5Y-a68d      0.025     0.068       0.315     0.670      0.018     0.833      0.395     0.466      0.388     0.311    0.498     0.340   0.780     0.118      0.152     0.01022  -1	   0.0929750    -0.0200572
     D1Z5Y-a69a      0.017     0.087       0.416     0.602     -0.006     0.856      0.444     0.554      0.970     0.511    0.545     0.489   0.680     0.106      0.451     0.01082  -1	   0.2215548     0.1206718
     D1Z5Y-a69b      0.032     0.075       0.322     0.638     -0.087     0.831      0.479     0.646      0.879     0.334    0.489     0.369   0.680     0.140      0.177     0.01118  -1	   0.0680423     0.0283528
     D1Z5Y-a69c      0.033     0.075       0.302     0.603     -0.095     0.838      0.544     0.680      0.849     0.324    0.465     0.377   0.680     0.132      0.188     0.01111  -1	   0.0813295     0.0116681
     D1Z5Y-a69d      0.029     0.075       0.336     0.619      0.484     0.835      0.361     0.325      0.402     0.315    0.471     0.364   0.848     0.113      0.296     0.01104  -1	   0.5363296     0.2942370
      D1Z5Y-a6a      0.021     0.053       0.242     0.645      0.467     0.856      0.413     0.338      0.368     0.273    0.475     0.318   0.848     0.161      0.200     0.06741  -1	   0.3515888     0.2470693
      D1Z5Y-a6b      0.028     0.046       0.215     0.656      0.406     0.873      0.471     0.307      0.912     0.283    0.498     0.312   0.878     0.200      0.279     0.06816  -1	   0.2286288     0.1754549
      D1Z5Y-a6c      0.023     0.052       0.262     0.646      0.337     0.849      0.404     0.412      0.883     0.261    0.494     0.294   0.853     0.185      0.132     0.00980  -1	   0.1829072     0.0906727
      D1Z5Y-a6d      0.022     0.051       0.235     0.651      0.450     0.863      0.463     0.455      0.467     0.250    0.415     0.338   0.915     0.180      0.051     0.05836  -1	   0.2625153     0.0841971
     D1Z5Y-a70a      0.034     0.076       0.315     0.599     -0.011     0.845      0.506     0.639      0.883     0.315    0.476     0.359   0.554     0.132      0.199     0.01114  -1	   0.1331355     0.0638536
     D1Z5Y-a70b      0.032     0.070       0.302     0.622     -0.080     0.844      0.548     0.702      0.764     0.287    0.460     0.344   0.680     0.131      0.206     0.01104  -1	   0.0639526     0.0000106
     D1Z5Y-a70c      0.014     0.070       0.342     0.522      0.248     0.859      0.376     0.344      0.360     0.245    0.466     0.296   0.508     0.121      0.299     0.00986  -1	   0.3294250     0.2198185
     D1Z5Y-a70d      0.024     0.075       0.336     0.593      0.484     0.852      0.337     0.272      0.116     0.293    0.473     0.340   0.722     0.101      0.212     0.01112  -1	   0.5829036     0.3950073
     D1Z5Y-a71a      0.021     0.081       0.383     0.649      0.100     0.832      0.476     0.536      0.267     0.233    0.437     0.303   0.713     0.109      0.213     0.01080  -1	   0.2583675     0.0057517
     D1Z5Y-a71b      0.027     0.090       0.416     0.580      0.373     0.869      0.352     0.334      0.640     0.300    0.488     0.336   0.705     0.107      0.319     0.01179  -1	   0.5212595     0.2785607
     D1Z5Y-a71c      0.021     0.063       0.336     0.610      0.479     0.847      0.399     0.339      0.637     0.286    0.438     0.359   0.848     0.118      0.276     0.01152  -1	   0.4596672     0.3155220
     D1Z5Y-a71d      0.011     0.102       0.477     0.695      0.043     0.855      0.355     0.418      1.000     0.423    0.629     0.342   0.843     0.095      0.117     0.01089  -1	   0.1686142     0.0647832
     D1Z5Y-a72a      0.020     0.091       0.430     0.700      0.026     0.857      0.393     0.387      0.994     0.362    0.556     0.344   0.834     0.100      0.144     0.01064  -1	   0.1406264     0.0536588
     D1Z5Y-a72b      0.013     0.079       0.389     0.706      0.003     0.844      0.349     0.429      0.761     0.279    0.499     0.307   0.834     0.106      0.105     0.01125  -1	   0.0544186     0.0100965
     D1Z5Y-a72c      0.015     0.081       0.383     0.686      0.111     0.854      0.369     0.466      0.598     0.334    0.530     0.339   0.780     0.102      0.098     0.01125  -1	   0.1374326     0.0234206
     D1Z5Y-a72d      0.018     0.086       0.416     0.694      0.165     0.862      0.436     0.501      0.999     0.389    0.590     0.343   0.845     0.107      0.135     0.01102  -1	   0.2341479     0.1069320
     D1Z5Y-a73a      0.013     0.084       0.376     0.697     -0.076     0.851      0.383     0.472      0.634     0.286    0.501     0.313   0.747     0.109      0.094     0.01130  -1	   0.0401745    -0.0334465
     D1Z5Y-a73b      0.016     0.080       0.383     0.700      0.083     0.851      0.355     0.441      0.375     0.325    0.507     0.347   0.859     0.107      0.101     0.01140  -1	   0.1316494    -0.0315126
     D1Z5Y-a73c      0.015     0.074       0.356     0.591      0.294     0.856      0.425     0.560      0.478     0.310    0.485     0.348   0.699     0.116      0.102     0.01207  -1	   0.2793349     0.0901543
     D1Z5Y-a73d      0.016     0.080       0.396     0.700      0.110     0.843      0.380     0.476      0.712     0.338    0.485     0.377   0.834     0.101      0.152     0.01118  -1	   0.1515153     0.0512628
     D1Z5Y-a74a      0.012     0.061       0.342     0.712      0.049     0.824      0.450     0.551      0.363     0.252    0.455     0.312   0.834     0.110      0.165     0.01359  -1	   0.0961611    -0.0466281
     D1Z5Y-a74b      0.016     0.081       0.369     0.727     -0.035     0.844      0.375     0.421      0.213     0.274    0.479     0.316   0.802     0.109      0.092     0.01123  -1	   0.1251151    -0.0352670
     D1Z5Y-a74c      0.020     0.076       0.376     0.653      0.136     0.840      0.474     0.590      0.626     0.346    0.532     0.347   0.780     0.130      0.209     0.01220  -1	   0.1675681     0.0108519
     D1Z5Y-a74d      0.012     0.080       0.383     0.696      0.144     0.856      0.353     0.433      0.656     0.321    0.525     0.329   0.780     0.107      0.102     0.01118  -1	   0.1568961     0.0520000
     D1Z5Y-a75a      0.012     0.082       0.376     0.708     -0.006     0.853      0.396     0.473      0.149     0.259    0.482     0.300   0.802     0.110      0.094     0.01126  -1	   0.1571265    -0.0608087
     D1Z5Y-a75b      0.010     0.073       0.369     0.662      0.144     0.844      0.384     0.540      0.177     0.276    0.467     0.327   0.780     0.136      0.189     0.01310  -1	   0.2533237    -0.0420801
     D1Z5Y-a75c      0.008     0.069       0.329     0.626      0.162     0.843      0.441     0.421      0.982     0.403    0.547     0.389   0.778     0.135      0.272     0.02633  -1	   0.1775429     0.0921990
     D1Z5Y-a75d      0.010     0.081       0.376     0.727     -0.003     0.844      0.375     0.442      0.046     0.248    0.452     0.309   0.802     0.112      0.089     0.01126  -1	   0.2040474    -0.0219501
     D1Z5Y-a76a      0.010     0.054       0.289     0.545      0.381     0.849      0.404     0.479      0.452     0.230    0.478     0.272   0.552     0.113      0.096     0.01646  -1	   0.2757329     0.1710500
     D1Z5Y-a76b      0.031     0.055       0.275     0.604      0.425     0.847      0.477     0.497      0.468     0.303    0.482     0.344   0.879     0.147      0.056     0.01929  -1	   0.2666920     0.0869708
     D1Z5Y-a76c      0.015     0.065       0.315     0.696      0.217     0.912      0.353     0.142      0.605     0.328    0.515     0.344   0.854     0.135      0.148     0.22638   1	   0.1890472     0.2895703
     D1Z5Y-a76d      0.031     0.054       0.235     0.646      0.022     0.866      0.449     0.267      0.179     0.242    0.443     0.309   0.713     0.173      0.213     0.01851  -1	   0.1691071     0.2723500
     D1Z5Y-a77a      0.009     0.065       0.295     0.638     -0.004     0.846      0.472     0.511      0.515     0.238    0.428     0.316   0.680     0.138      0.285     0.06589  -1	   0.0988243    -0.0189693
     D1Z5Y-a77b      0.021     0.054       0.295     0.721      0.307     0.845      0.368     0.275      0.286     0.236    0.453     0.296   0.974     0.152      0.223     0.04305  -1	   0.2799484     0.2116905
     D1Z5Y-a77c      0.012     0.071       0.383     0.629      0.412     0.864      0.409     0.282      0.063     0.325    0.472     0.373   0.879     0.117      0.170     0.08343  -1	   0.4959431     0.3803993
     D1Z5Y-a77d      0.021     0.059       0.302     0.550      0.220     0.820      0.435     0.542      0.081     0.253    0.444     0.321   0.661     0.147      0.269     0.01349  -1	   0.3197935     0.0324068
     D1Z5Y-a78a      0.033     0.065       0.349     0.653      0.001     0.890      0.413     0.290      0.323     0.403    0.488     0.435   0.780     0.128      0.600     0.04129  -1	   0.3595617     0.2139442
     D1Z5Y-a78b      0.007     0.065       0.295     0.647      0.017     0.856      0.459     0.504      0.492     0.261    0.440     0.331   0.713     0.137      0.291     0.06588  -1	   0.1093741    -0.0196618
     D1Z5Y-a78c      0.013     0.064       0.356     0.654      0.259     0.868      0.462     0.318      0.466     0.281    0.506     0.305   0.892     0.121      0.317     0.04264  -1	   0.2831439     0.1865963
     D1Z5Y-a78d      0.019     0.052       0.282     0.728     -0.085     0.873      0.507     0.355      0.255     0.209    0.455     0.265   0.802     0.161      0.355     0.03926  -1	   0.1644908     0.1178901
     D1Z5Y-a79a      0.010     0.071       0.396     0.619      0.241     0.843      0.443     0.322      0.807     0.370    0.501     0.394   0.787     0.117      0.191     0.07885  -1	   0.2570391     0.2032548
     D1Z5Y-a79b      0.008     0.075       0.342     0.698      0.087     0.848      0.344     0.410      0.505     0.276    0.516     0.293   0.805     0.120      0.160     0.02758  -1	   0.1076216    -0.0087590
     D1Z5Y-a79c      0.009     0.075       0.362     0.629      0.102     0.887      0.432     0.423      0.617     0.292    0.523     0.303   0.713     0.116      0.049     0.04474  -1	   0.1196643     0.0483657
     D1Z5Y-a79d      0.008     0.058       0.309     0.723      0.066     0.857      0.402     0.474      0.602     0.294    0.492     0.328   0.859     0.143      0.095     0.05367  -1	   0.0218094    -0.0272863
      D1Z5Y-a7a      0.025     0.046       0.215     0.624     -0.047     0.836      0.526     0.675      0.696     0.242    0.441     0.311   0.796     0.164      0.044     0.01685  -1	  -0.0090677    -0.0274294
      D1Z5Y-a7b      0.025     0.034       0.174     0.750      0.306     0.881      0.576     0.547      0.502     0.249    0.440     0.319   0.875     0.217      0.154     0.06911  -1	   0.1218209     0.0451196
      D1Z5Y-a7c      0.021     0.048       0.248     0.602      0.306     0.853      0.441     0.357      0.512     0.251    0.435     0.325   0.816     0.169      0.093     0.06091  -1	   0.1576790     0.1377455
      D1Z5Y-a7d      0.010     0.057       0.322     0.641      0.024     0.849      0.505     0.625      0.518     0.280    0.477     0.324   0.713     0.126      0.128     0.01953  -1	   0.0408843    -0.0156855
     D1Z5Y-a80a      0.025     0.070       0.362     0.624      0.195     0.890      0.415     0.246      0.021     0.396    0.506     0.415   0.778     0.109      0.470     0.05084  -1	   0.5749644     0.4660165
     D1Z5Y-a80b      0.019     0.059       0.322     0.615      0.206     0.867      0.492     0.369      0.223     0.263    0.446     0.329   0.787     0.114      0.676     0.04595  -1	   0.5378390     0.2507529
     D1Z5Y-a80c      0.008     0.072       0.376     0.644      0.388     0.839      0.337     0.243      0.089     0.310    0.460     0.367   0.831     0.126      0.150     0.08658  -1	   0.4391657     0.3288739
     D1Z5Y-a80d      0.027     0.063       0.342     0.643      0.246     0.877      0.402     0.297      0.088     0.257    0.485     0.295   0.787     0.141      0.228     0.05838  -1	   0.3759130     0.2789976
     D1Z5Y-a81a      0.003     0.073       0.329     0.592     -0.003     0.854      0.422     0.404      0.794     0.381    0.566     0.354   0.554     0.117      0.308     0.01853  -1	   0.0985215     0.0640765
     D1Z5Y-a81b      0.021     0.079       0.383     0.589      0.051     0.883      0.428     0.386      0.823     0.669    0.560     0.628   0.612     0.112      0.121     0.02134  -1	   0.2242104     0.1698544
     D1Z5Y-a81c      0.004     0.066       0.322     0.657      0.133     0.867      0.395     0.325      0.938     0.290    0.450     0.355   0.780     0.129      0.215     0.01737  -1	   0.1498354     0.1422873
     D1Z5Y-a81d      0.013     0.064       0.309     0.599      0.106     0.869      0.446     0.458      0.801     0.272    0.466     0.324   0.587     0.114      0.123     0.01555  -1	   0.1442761     0.1104091
     D1Z5Y-a82a      0.009     0.065       0.329     0.653      0.201     0.859      0.394     0.312      0.933     0.295    0.470     0.345   0.854     0.126      0.221     0.01755  -1	   0.1812285     0.1561088
     D1Z5Y-a82b      0.019     0.059       0.289     0.745      0.315     0.872      0.426     0.210      0.370     0.260    0.470     0.308   0.974     0.131      0.335     0.01954  -1	   0.3484270     0.3513458
     D1Z5Y-a82c      0.023     0.060       0.302     0.747      0.309     0.882      0.390     0.179      0.402     0.265    0.461     0.320   0.974     0.121      0.376     0.01937  -1	   0.3765011     0.3903667
     D1Z5Y-a82d      0.013     0.074       0.329     0.614      0.255     0.852      0.391     0.378      0.776     0.311    0.481     0.352   0.825     0.125      0.397     0.01794  -1	   0.2724067     0.1286579
     D1Z5Y-a83a      0.013     0.065       0.322     0.648      0.189     0.870      0.405     0.365      0.965     0.279    0.460     0.336   0.778     0.126      0.183     0.01770  -1	   0.1990815     0.1550055
     D1Z5Y-a83b      0.013     0.065       0.322     0.656      0.270     0.873      0.425     0.363      0.957     0.286    0.475     0.331   0.892     0.133      0.183     0.01778  -1	   0.2369788     0.1445208
     D1Z5Y-a83c      0.004     0.065       0.322     0.626      0.109     0.856      0.414     0.343      0.768     0.263    0.423     0.346   0.713     0.126      0.220     0.01724  -1	   0.1331878     0.1260143
     D1Z5Y-a83d      0.005     0.066       0.329     0.641      0.181     0.863      0.380     0.299      0.965     0.281    0.444     0.350   0.778     0.129      0.215     0.01750  -1	   0.1932014     0.1877963
     D1Z5Y-a84a      0.002     0.066       0.329     0.655      0.085     0.868      0.406     0.329      0.851     0.280    0.451     0.343   0.805     0.130      0.357     0.01746  -1	   0.1143001     0.1017680
     D1Z5Y-a84c      0.009     0.068       0.322     0.712      0.221     0.868      0.369     0.296      0.938     0.317    0.455     0.377   0.909     0.138      0.192     0.01755  -1	   0.1988018     0.1527503
     D1Z5Y-a84d      0.021     0.069       0.315     0.689      0.160     0.873      0.424     0.455      0.503     0.331    0.490     0.365   0.845     0.133      0.057     0.01595  -1	   0.1286920     0.0076960
     D1Z5Y-a85a      0.016     0.062       0.309     0.603      0.182     0.860      0.433     0.406      0.959     0.305    0.452     0.368   0.778     0.128      0.240     0.01780  -1	   0.1913136     0.1461091
     D1Z5Y-a85b      0.020     0.074       0.362     0.629     -0.081     0.846      0.458     0.563      0.990     0.303    0.488     0.339   0.680     0.114      0.067     0.01231  -1	   0.0933202     0.0927126
     D1Z5Y-a85c      0.030     0.075       0.342     0.657      0.190     0.836      0.337     0.325      0.246     0.545    0.488     0.568   0.845     0.110      0.084     0.01241  -1	   0.2062514     0.1402637
     D1Z5Y-a85d      0.030     0.058       0.315     0.657     -0.462     0.842      0.407     0.438      0.531     0.368    0.475     0.412   0.613     0.140      0.088     0.00905  -1	  -0.0106244    -0.0144346
     D1Z5Y-a86a      0.015     0.075       0.362     0.672     -0.088     0.840      0.443     0.557      0.986     0.326    0.482     0.365   0.747     0.121      0.042     0.01248  -1	   0.0710564     0.0720713
     D1Z5Y-a86b      0.022     0.051       0.275     0.716     -0.157     0.856      0.475     0.461      0.555     0.249    0.451     0.311   0.785     0.161      0.192     0.01109  -1	  -0.0152120    -0.0393013
     D1Z5Y-a86c      0.025     0.059       0.282     0.552     -0.411     0.863      0.392     0.383      0.863     0.274    0.461     0.329   0.000     0.127      0.059     0.00869  -1	   0.0657844     0.0715757
     D1Z5Y-a86d      0.019     0.070       0.356     0.601     -0.033     0.842      0.529     0.593      0.985     0.281    0.489     0.317   0.680     0.110      0.085     0.01236  -1	   0.1044349     0.0932864
     D1Z5Y-a87a      0.025     0.060       0.282     0.573     -0.594     0.846      0.459     0.540      0.619     0.257    0.426     0.337   0.271     0.163      0.091     0.00929  -1	   0.0910656    -0.0359587
     D1Z5Y-a87b      0.025     0.063       0.289     0.573     -0.515     0.850      0.465     0.557      0.483     0.265    0.440     0.336   0.389     0.164      0.084     0.00937  -1	   0.0720970    -0.0403251
     D1Z5Y-a87c      0.033     0.075       0.315     0.663     -0.035     0.848      0.486     0.627      0.794     0.318    0.475     0.363   0.747     0.132      0.203     0.01109  -1	   0.0828365    -0.0100039
     D1Z5Y-a87d      0.033     0.075       0.309     0.611      0.009     0.848      0.525     0.676      0.880     0.308    0.453     0.370   0.713     0.126      0.198     0.01110  -1	   0.1282843     0.0420179
     D1Z5Y-a88a      0.023     0.057       0.275     0.664     -0.616     0.851      0.472     0.556      0.352     0.244    0.450     0.305   0.464     0.166      0.080     0.00925  -1	   0.1030144    -0.0720526
     D1Z5Y-a88b      0.024     0.063       0.309     0.745      0.525     0.859      0.471     0.419      0.302     0.312    0.448     0.379   0.963     0.124      0.268     0.01148  -1	   0.5788287     0.3103696
     D1Z5Y-a88c      0.020     0.050       0.255     0.665     -0.552     0.852      0.488     0.563      0.407     0.236    0.439     0.306   0.663     0.193      0.071     0.00920  -1	   0.0656474    -0.0747967
     D1Z5Y-a88d      0.020     0.085       0.396     0.602     -0.008     0.837      0.428     0.541      0.029     0.439    0.516     0.447   0.680     0.106      0.339     0.01069  -1	   0.3523645    -0.0217268
     D1Z5Y-a89a      0.015     0.075       0.376     0.686      0.112     0.855      0.374     0.438      0.367     0.261    0.473     0.308   0.780     0.108      0.097     0.01117  -1	   0.1558702     0.0133758
     D1Z5Y-a89b      0.016     0.087       0.389     0.598      0.025     0.858      0.389     0.364      0.976     0.338    0.540     0.335   0.587     0.107      0.225     0.01051  -1	   0.1797890     0.1120908
     D1Z5Y-a89c      0.013     0.104       0.463     0.645      0.162     0.865      0.353     0.382      0.931     0.380    0.597     0.329   0.735     0.100      0.138     0.01088  -1	   0.3019383     0.1380129
     D1Z5Y-a89d      0.015     0.082       0.369     0.716      0.013     0.858      0.368     0.454      0.262     0.277    0.484     0.316   0.834     0.111      0.091     0.01131  -1	   0.1286583    -0.0646928
      D1Z5Y-a8a      0.009     0.067       0.362     0.602     -0.150     0.875      0.514     0.473      0.519     0.366    0.496     0.394   0.589     0.120      0.104     0.04145  -1	   0.0053289    -0.0009838
      D1Z5Y-a8b      0.021     0.052       0.248     0.622      0.470     0.849      0.407     0.321      0.422     0.261    0.450     0.324   0.848     0.160      0.181     0.06106  -1	   0.3307993     0.2537458
      D1Z5Y-a8c      0.021     0.054       0.228     0.670      0.530     0.858      0.395     0.279      0.248     0.297    0.452     0.359   0.908     0.174      0.175     0.06646  -1	   0.4249263     0.3609629
      D1Z5Y-a8d      0.025     0.066       0.322     0.619      0.318     0.881      0.386     0.281      0.247     0.259    0.448     0.324   0.853     0.149      0.213     0.06001  -1	   0.3555439     0.2543753
     D1Z5Y-a90a      0.016     0.093       0.423     0.696      0.030     0.841      0.387     0.381      1.000     0.435    0.662     0.326   0.780     0.098      0.124     0.01070  -1	   0.1362883     0.0344393
     D1Z5Y-a90b      0.001     0.059       0.275     0.659      0.153     0.831      0.445     0.426      0.764     0.295    0.465     0.349   0.845     0.143      0.000     0.00917  -1	   0.0626006     0.0268776
     D1Z5Y-a90c      0.016     0.080       0.376     0.706      0.062     0.857      0.384     0.472      0.689     0.305    0.516     0.321   0.859     0.107      0.103     0.01118  -1	   0.0895936    -0.0153019
     D1Z5Y-a90d      0.013     0.109       0.470     0.733      0.212     0.855      0.367     0.394      0.271     0.375    0.558     0.353   0.958     0.096      0.202     0.01093  -1	   0.3963018     0.0196328
     D1Z5Y-a91a      0.027     0.054       0.262     0.746      0.029     0.835      0.503     0.729      0.934     0.342    0.493     0.374   0.834     0.145      0.369     0.01351  -1	   0.0317241    -0.0070533
     D1Z5Y-a91b      0.015     0.077       0.369     0.718     -0.021     0.862      0.406     0.486      0.101     0.255    0.470     0.304   0.802     0.116      0.092     0.01119  -1	   0.1634109    -0.0538506
     D1Z5Y-a91c      0.019     0.047       0.235     0.663      0.200     0.874      0.429     0.424      0.188     0.307    0.471     0.356   0.840     0.172      0.228     0.01776  -1	   0.2061376     0.1081134
     D1Z5Y-a91d      0.011     0.073       0.362     0.635      0.278     0.853      0.481     0.514      0.808     0.251    0.484     0.290   0.825     0.118      0.090     0.01187  -1	   0.2460948     0.1048110
     D1Z5Y-a92a      0.018     0.086       0.389     0.549      0.280     0.849      0.427     0.531      0.607     0.295    0.489     0.331   0.546     0.120      0.282     0.01046  -1	   0.3799149     0.1503755
     D1Z5Y-a92b      0.000     0.062       0.289     0.583      0.253     0.842      0.503     0.513      0.831     0.279    0.464     0.332   0.699     0.160      0.017     0.01197  -1	   0.1826452     0.0817728
     D1Z5Y-a92c      0.018     0.066       0.342     0.720      0.177     0.871      0.424     0.405      0.592     0.280    0.523     0.293   0.900     0.132      0.034     0.03004  -1	   0.0997212     0.0109835
     D1Z5Y-a92d      0.023     0.054       0.295     0.650      0.177     0.835      0.464     0.581      0.102     0.264    0.451     0.326   0.845     0.128      0.127     0.01304  -1	   0.2049449    -0.0417409
     D1Z5Y-a93a      0.029     0.053       0.289     0.674      0.087     0.879      0.436     0.363      0.686     0.382    0.521     0.390   0.805     0.146      0.224     0.04023  -1	   0.0885644     0.0923459
     D1Z5Y-a93b      0.010     0.058       0.275     0.610     -0.201     0.856      0.603     0.661      0.244     0.244    0.455     0.303   0.570     0.128      0.234     0.00979  -1	   0.0876056    -0.0698267
     D1Z5Y-a93c      0.006     0.055       0.268     0.701      0.432     0.824      0.459     0.476      0.618     0.265    0.452     0.326   1.000     0.163      0.074     0.01243  -1	   0.2135616     0.0298199
     D1Z5Y-a93d     -0.008     0.060       0.275     0.698      0.213     0.827      0.430     0.433      0.250     0.253    0.440     0.324   0.854     0.155      0.027     0.01250  -1	   0.1127496     0.0013054
     D1Z5Y-a94a      0.022     0.056       0.302     0.618      0.285     0.896      0.420     0.212      0.834     0.300    0.509     0.321   0.825     0.147      0.042     0.07565  -1	   0.2189442     0.2467001
     D1Z5Y-a94b      0.002     0.065       0.322     0.649      0.126     0.864      0.393     0.314      0.966     0.277    0.462     0.332   0.713     0.136      0.220     0.01753  -1	   0.1444277     0.1451805
     D1Z5Y-a94c      0.001     0.067       0.322     0.610      0.276     0.858      0.436     0.459      0.193     0.230    0.437     0.300   0.825     0.120      0.028     0.01313  -1	   0.2189857     0.0299830
     D1Z5Y-a94d     -0.010     0.067       0.356     0.648      0.252     0.855      0.406     0.572      0.155     0.289    0.431     0.367   0.825     0.117      0.122     0.01431  -1	   0.2588307    -0.0186324
     D1Z5Y-a95a      0.006     0.070       0.302     0.621      0.041     0.859      0.433     0.431      0.999     0.384    0.555     0.365   0.713     0.124      0.241     0.01957  -1	   0.1051736     0.0662810
     D1Z5Y-a95b      0.005     0.062       0.302     0.730      0.049     0.883      0.448     0.305      0.678     0.279    0.464     0.334   0.834     0.136      0.012     0.01776  -1	   0.0287143     0.0551045
     D1Z5Y-a95c      0.010     0.065       0.322     0.685      0.265     0.875      0.422     0.359      0.963     0.298    0.450     0.362   0.892     0.138      0.183     0.01771  -1	   0.2410453     0.1528874
     D1Z5Y-a95d      0.017     0.060       0.268     0.628      0.380     0.883      0.382     0.145      0.350     0.255    0.453     0.315   0.831     0.128      0.556     0.01763  -1	   0.5170820     0.5929985
     D1Z5Y-a96a      0.006     0.066       0.302     0.709     -0.108     0.856      0.453     0.310      0.540     0.359    0.452     0.422   0.711     0.120      0.375     0.01700  -1	   0.0822199     0.0758553
     D1Z5Y-a96b      0.010     0.076       0.329     0.625      0.148     0.861      0.382     0.361      0.801     0.335    0.494     0.365   0.713     0.125      0.317     0.01812  -1	   0.1973086     0.1195375
     D1Z5Y-a96c      0.010     0.065       0.322     0.632      0.080     0.869      0.424     0.355      0.613     0.262    0.437     0.335   0.738     0.126      0.220     0.01722  -1	   0.1196096     0.0925216
     D1Z5Y-a96d     -0.008     0.069       0.315     0.593      0.158     0.857      0.482     0.536      0.739     0.311    0.468     0.362   0.652     0.125      0.093     0.01367  -1	   0.1466401     0.0694355
     D1Z5Y-a97a      0.012     0.066       0.329     0.688      0.185     0.861      0.415     0.351      0.965     0.299    0.495     0.329   0.845     0.124      0.192     0.01757  -1	   0.1670626     0.1125423
     D1Z5Y-a97b      0.011     0.075       0.322     0.614      0.176     0.866      0.382     0.374      0.650     0.367    0.522     0.375   0.778     0.124      0.315     0.01808  -1	   0.2170631     0.1080057
     D1Z5Y-a97c      0.007     0.074       0.329     0.633      0.099     0.863      0.416     0.412      0.779     0.347    0.511     0.364   0.738     0.121      0.308     0.01804  -1	   0.1507198     0.0633642
     D1Z5Y-a97d      0.005     0.064       0.322     0.613      0.099     0.887      0.411     0.332      0.835     0.282    0.460     0.339   0.738     0.120      0.194     0.01781  -1	   0.1304383     0.1422607
     D1Z5Y-a98a      0.011     0.070       0.315     0.542      0.344     0.882      0.448     0.459      0.966     0.434    0.529     0.431   0.574     0.126      0.570     0.01743  -1	   0.4570499     0.2570538
     D1Z5Y-a98b      0.012     0.066       0.322     0.661      0.163     0.857      0.434     0.385      0.942     0.286    0.471     0.334   0.845     0.128      0.192     0.01752  -1	   0.1525380     0.0920747
     D1Z5Y-a98c      0.007     0.065       0.315     0.656      0.140     0.868      0.428     0.365      0.939     0.311    0.479     0.353   0.780     0.126      0.201     0.01743  -1	   0.1476785     0.1135321
     D1Z5Y-a98d      0.010     0.073       0.329     0.591      0.082     0.853      0.411     0.373      0.797     0.333    0.497     0.361   0.612     0.116      0.319     0.01829  -1	   0.1543364     0.1095267
     D1Z5Y-a99a      0.024     0.073       0.362     0.657     -0.074     0.838      0.453     0.517      0.888     0.307    0.492     0.340   0.747     0.114      0.085     0.01243  -1	   0.0530055     0.0360382
     D1Z5Y-a99b      0.017     0.072       0.369     0.660     -0.011     0.847      0.462     0.562      0.961     0.277    0.469     0.326   0.747     0.113      0.063     0.01217  -1	   0.1005708     0.0963030
     D1Z5Y-a99c      0.015     0.067       0.309     0.565      0.179     0.872      0.444     0.464      0.722     0.324    0.431     0.404   0.652     0.145      0.160     0.01753  -1	   0.2020430     0.1161921
     D1Z5Y-a99d      0.012     0.074       0.329     0.603      0.179     0.858      0.375     0.358      0.861     0.364    0.519     0.374   0.778     0.127      0.317     0.01825  -1	   0.2098602     0.1418167
      D1Z5Y-a9a      0.023     0.053       0.282     0.666      0.024     0.886      0.538     0.282      0.210     0.263    0.450     0.327   0.780     0.138      0.280     0.11981  -1	   0.1800095     0.2801634
      D1Z5Y-a9b      0.017     0.052       0.262     0.590      0.456     0.851      0.463     0.407      0.711     0.289    0.500     0.317   0.722     0.154      0.161     0.06398  -1	   0.3139128     0.2030389
      D1Z5Y-a9c      0.025     0.052       0.268     0.696     -0.070     0.904      0.425     0.148      0.046     0.255    0.449     0.318   0.747     0.151      0.356     0.40528   1	   0.2856436     0.5629166
      D1Z5Y-a9d      0.021     0.062       0.342     0.616      0.308     0.858      0.408     0.263      0.480     0.267    0.464     0.321   0.853     0.111      0.441     0.04456  -1	   0.3766336     0.2992855
