      D3SGQ-a9d     -0.007     0.044       0.145     0.530     -0.124     0.576      0.514     0.554      0.748     0.595    0.417     0.667   0.653     0.203      0.168     0.01168  -1	   0.0006142     0.0011820
      D3SGQ-a0a     -0.004     0.046       0.150     0.714     -0.685     0.567      0.554     0.601      0.882     0.620    0.473     0.647   0.664     0.168      0.282     0.01218  -1	   0.2718855     0.1095902
      D3SGQ-a0b     -0.002     0.057       0.197     0.594     -0.412     0.565      0.443     0.423      0.210     0.658    0.499     0.663   0.000     0.150      0.178     0.01516  -1	   0.1326685     0.1101940
      D3SGQ-a0c      0.005     0.046       0.167     0.699     -0.645     0.589      0.465     0.566      0.828     0.614    0.434     0.671   0.608     0.153      0.243     0.01423  -1	   0.2351766     0.1304564
      D3SGQ-a0d     -0.008     0.072       0.205     0.674      0.059     0.547      0.438     0.390      0.415     0.628    0.462     0.662   0.805     0.135      0.264     0.01384  -1	   0.0903271    -0.0052977
    D3SGQ-a100a      0.005     0.064       0.201     0.743     -0.755     0.593      0.381     0.394      0.963     0.682    0.510     0.676   0.000     0.175      0.241     0.02017  -1	   0.1885687     0.0605694
    D3SGQ-a100b      0.004     0.049       0.167     0.678     -0.770     0.579      0.447     0.355      0.394     0.616    0.459     0.654   0.639     0.173      0.346     0.01650  -1	   0.5143876     0.3752606
    D3SGQ-a100c      0.004     0.052       0.171     0.675     -0.719     0.578      0.431     0.347      0.606     0.605    0.430     0.666   0.711     0.175      0.334     0.01661  -1	   0.4005109     0.3133116
    D3SGQ-a100d      0.004     0.035       0.132     0.612     -0.484     0.573      0.544     0.570      0.987     0.690    0.498     0.693   0.627     0.217      0.135     0.01747  -1	   0.1562183     0.0767213
    D3SGQ-a101a      0.005     0.051       0.171     0.659     -0.629     0.594      0.443     0.443      0.688     0.676    0.460     0.705   0.464     0.189      0.261     0.01920  -1	   0.2425488     0.1581327
    D3SGQ-a101b      0.002     0.053       0.175     0.695     -0.467     0.591      0.455     0.591      0.740     0.656    0.478     0.676   0.613     0.154      0.099     0.02023  -1	   0.1197171     0.0670730
    D3SGQ-a101c      0.004     0.052       0.167     0.681     -0.611     0.603      0.448     0.411      0.313     0.641    0.441     0.689   0.464     0.144      0.108     0.01749  -1	   0.2830827     0.2219524
    D3SGQ-a101d      0.003     0.061       0.197     0.700      0.350     0.584      0.438     0.583      0.115     0.618    0.454     0.659   0.952     0.149      0.159     0.01847  -1	   0.1863376    -0.1180128
    D3SGQ-a102a      0.004     0.046       0.167     0.704     -0.214     0.601      0.482     0.605      0.722     0.699    0.480     0.713   0.798     0.167      0.079     0.02041  -1	   0.0132531    -0.0038567
    D3SGQ-a102b      0.003     0.054       0.197     0.529     -0.287     0.594      0.493     0.560      0.522     0.694    0.427     0.743   0.236     0.133      0.115     0.02240  -1	   0.0149728     0.0190862
    D3SGQ-a102c      0.009     0.068       0.227     0.725     -0.635     0.610      0.367     0.418      0.059     0.650    0.516     0.642   0.518     0.126      0.094     0.02523  -1	   0.3723303     0.2654873
    D3SGQ-a102d      0.003     0.048       0.167     0.719     -0.264     0.599      0.446     0.543      0.158     0.642    0.464     0.674   0.750     0.168      0.075     0.02087  -1	   0.1239700     0.0581939
    D3SGQ-a103a     -0.001     0.061       0.192     0.651      0.335     0.585      0.471     0.398      0.481     0.651    0.429     0.707   0.920     0.122      0.218     0.04181  -1	   0.1190363     0.0426709
    D3SGQ-a103b      0.004     0.071       0.192     0.550      0.213     0.587      0.459     0.507      0.634     0.597    0.465     0.632   0.661     0.135      0.176     0.03803  -1	   0.0523678    -0.0495861
    D3SGQ-a103c      0.001     0.057       0.192     0.703      0.139     0.593      0.428     0.494      0.231     0.610    0.467     0.642   0.834     0.164      0.104     0.03410  -1	   0.0540882    -0.0495640
    D3SGQ-a103d      0.001     0.064       0.197     0.668      0.297     0.575      0.472     0.385      0.468     0.669    0.462     0.698   0.892     0.115      0.228     0.04220  -1	   0.1200422     0.0482659
    D3SGQ-a104a     -0.005     0.069       0.231     0.607      0.273     0.609      0.454     0.496      0.825     0.729    0.519     0.716   0.825     0.115      0.222     0.06101  -1	   0.1303413     0.0121406
    D3SGQ-a104b      0.002     0.067       0.209     0.614      0.488     0.578      0.453     0.350      0.582     0.715    0.491     0.720   0.848     0.115      0.240     0.04306  -1	   0.2259911     0.1479168
    D3SGQ-a104c      0.002     0.067       0.197     0.610      0.489     0.588      0.452     0.357      0.712     0.716    0.460     0.741   0.848     0.119      0.231     0.04221  -1	   0.2300324     0.1304105
    D3SGQ-a104d      0.002     0.065       0.201     0.674      0.363     0.591      0.452     0.368      0.593     0.692    0.446     0.729   0.898     0.119      0.245     0.04261  -1	   0.1647291     0.0750455
    D3SGQ-a105a      0.001     0.063       0.192     0.609      0.339     0.583      0.479     0.408      0.517     0.662    0.458     0.695   0.853     0.121      0.218     0.04188  -1	   0.1118153     0.0399014
    D3SGQ-a105b      0.007     0.061       0.167     0.672      0.025     0.551      0.512     0.419      0.236     0.638    0.462     0.671   0.780     0.139      0.261     0.06266  -1	   0.1426432     0.0751122
    D3SGQ-a105c      0.001     0.061       0.188     0.658      0.212     0.572      0.428     0.348      0.098     0.646    0.503     0.648   0.854     0.131      0.174     0.03492  -1	   0.1410123     0.1200373
    D3SGQ-a105d      0.009     0.047       0.145     0.661     -0.308     0.589      0.521     0.540      0.394     0.624    0.462     0.658   0.812     0.186      0.395     0.02592  -1	   0.2143977     0.0634546
    D3SGQ-a106a      0.012     0.060       0.167     0.703      0.049     0.583      0.441     0.302      0.152     0.627    0.457     0.665   0.834     0.152      0.179     0.03376  -1	   0.1431138     0.1842684
    D3SGQ-a106b     -0.002     0.063       0.192     0.634      0.392     0.584      0.499     0.443      0.731     0.670    0.452     0.706   0.831     0.121      0.218     0.04131  -1	   0.1384654     0.0254249
    D3SGQ-a106c      0.013     0.063       0.175     0.697      0.005     0.592      0.455     0.308      0.401     0.610    0.438     0.666   0.780     0.147      0.168     0.03403  -1	   0.0701652     0.1008524
    D3SGQ-a106d      0.001     0.063       0.188     0.554      0.361     0.582      0.547     0.545      0.523     0.635    0.466     0.666   0.705     0.143      0.221     0.02876  -1	   0.0938727    -0.0319411
    D3SGQ-a107a     -0.004     0.068       0.179     0.718      0.332     0.598      0.451     0.470      0.375     0.675    0.445     0.715   0.974     0.108      0.204     0.02044  -1	   0.1663885    -0.0268714
    D3SGQ-a107b      0.000     0.055       0.192     0.575      0.044     0.573      0.554     0.482      0.792     0.615    0.470     0.645   0.587     0.115      0.230     0.04511  -1	  -0.0082325    -0.0325613
    D3SGQ-a107c     -0.009     0.068       0.205     0.613      0.391     0.592      0.463     0.568      0.638     0.690    0.478     0.706   0.831     0.101      0.202     0.01829  -1	   0.1474446    -0.0210826
    D3SGQ-a107d      0.004     0.060       0.179     0.639     -0.496     0.596      0.486     0.458      0.875     0.662    0.476     0.683   0.546     0.135      0.263     0.01859  -1	   0.1405332     0.0836377
    D3SGQ-a108a     -0.001     0.056       0.158     0.690     -0.323     0.583      0.440     0.481      0.803     0.661    0.496     0.667   0.582     0.172      0.200     0.01958  -1	   0.0559711     0.0391957
    D3SGQ-a108b      0.000     0.059       0.171     0.742     -0.403     0.602      0.465     0.445      0.628     0.664    0.456     0.698   0.000     0.169      0.280     0.02003  -1	   0.0655148    -0.0108000
    D3SGQ-a108c      0.005     0.048       0.158     0.692     -0.246     0.568      0.477     0.481      0.561     0.679    0.508     0.675   0.773     0.177      0.096     0.02538  -1	   0.0409978     0.0366328
    D3SGQ-a108d     -0.004     0.074       0.201     0.722      0.357     0.585      0.450     0.438      0.523     0.697    0.452     0.730   0.952     0.114      0.204     0.02136  -1	   0.1725354    -0.0125970
    D3SGQ-a109a      0.003     0.043       0.141     0.622     -0.258     0.595      0.521     0.645      0.736     0.602    0.410     0.678   0.671     0.209      0.120     0.01969  -1	   0.0547698     0.0186275
    D3SGQ-a109b     -0.001     0.049       0.167     0.729      0.017     0.590      0.509     0.614      0.902     0.643    0.455     0.681   0.805     0.138      0.178     0.01715  -1	  -0.0074242    -0.0561270
    D3SGQ-a109c     -0.000     0.050       0.171     0.721      0.161     0.599      0.497     0.588      0.818     0.640    0.449     0.682   0.819     0.132      0.179     0.01723  -1	   0.0166715    -0.0522001
    D3SGQ-a109d     -0.005     0.055       0.179     0.703      0.468     0.583      0.390     0.482      0.078     0.595    0.445     0.645   0.970     0.128      0.142     0.03835  -1	   0.2135328    -0.0302175
     D3SGQ-a10a      0.005     0.049       0.184     0.653     -0.297     0.591      0.470     0.499      0.730     0.662    0.422     0.720   0.726     0.156      0.123     0.01469  -1	   0.0663342     0.0565197
     D3SGQ-a10b     -0.006     0.043       0.145     0.542     -0.083     0.579      0.527     0.572      0.642     0.600    0.420     0.669   0.677     0.206      0.168     0.01164  -1	  -0.0140485    -0.0203660
     D3SGQ-a10c     -0.004     0.050       0.171     0.650     -0.754     0.571      0.497     0.579      0.842     0.601    0.419     0.671   0.639     0.154      0.177     0.01332  -1	   0.3735075     0.1628884
     D3SGQ-a10d     -0.008     0.046       0.154     0.532     -0.233     0.587      0.490     0.522      0.871     0.610    0.424     0.675   0.639     0.184      0.145     0.01168  -1	   0.0485012     0.0505600
    D3SGQ-a110a      0.006     0.062       0.201     0.682      0.223     0.576      0.441     0.547      0.196     0.612    0.459     0.650   0.854     0.137      0.188     0.02348  -1	   0.1361997    -0.0791426
    D3SGQ-a110b      0.000     0.034       0.124     0.476     -0.835     0.565      0.600     0.606      0.879     0.793    0.447     0.815   0.000     0.177      0.276     0.02220  -1	   0.3526517     0.1163846
    D3SGQ-a110c      0.008     0.053       0.167     0.721     -0.579     0.604      0.471     0.509      0.517     0.733    0.522     0.717   0.518     0.179      0.130     0.02934  -1	   0.2155608     0.1123693
    D3SGQ-a110d      0.000     0.063       0.197     0.601      0.366     0.597      0.509     0.446      0.576     0.743    0.612     0.663   0.831     0.120      0.218     0.03987  -1	   0.1436487     0.0863781
     D3SGQ-a11a     -0.003     0.049       0.162     0.690     -0.656     0.570      0.503     0.584      0.625     0.651    0.439     0.699   0.639     0.154      0.218     0.01321  -1	   0.3044708     0.1373923
     D3SGQ-a11b      0.001     0.051       0.171     0.578     -0.425     0.583      0.485     0.552      0.472     0.642    0.476     0.664   0.000     0.171      0.153     0.01404  -1	   0.0719138     0.0281569
     D3SGQ-a11c     -0.002     0.052       0.171     0.576     -0.427     0.584      0.481     0.542      0.659     0.624    0.459     0.661   0.000     0.176      0.153     0.01406  -1	   0.0555706     0.0083266
     D3SGQ-a11d      0.001     0.051       0.184     0.613     -0.658     0.590      0.499     0.630      0.873     0.665    0.471     0.688   0.471     0.167      0.097     0.01377  -1	   0.2484689     0.0964496
     D3SGQ-a12a      0.001     0.053       0.209     0.783     -0.439     0.579      0.401     0.595      0.477     0.658    0.470     0.683   0.000     0.160      0.117     0.01474  -1	   0.0589095     0.0366326
     D3SGQ-a12b     -0.004     0.050       0.175     0.678     -0.697     0.584      0.510     0.598      0.767     0.628    0.423     0.691   0.639     0.154      0.183     0.01328  -1	   0.3044180     0.1265229
     D3SGQ-a12c     -0.002     0.049       0.162     0.684     -0.669     0.574      0.492     0.572      0.633     0.638    0.430     0.695   0.639     0.158      0.201     0.01321  -1	   0.3165730     0.1484302
     D3SGQ-a12d     -0.002     0.053       0.188     0.674     -0.678     0.574      0.459     0.582      0.849     0.607    0.426     0.671   0.538     0.147      0.096     0.01366  -1	   0.2767626     0.1214880
     D3SGQ-a13a      0.000     0.053       0.188     0.684     -0.579     0.585      0.485     0.640      0.681     0.662    0.485     0.676   0.464     0.141      0.100     0.01470  -1	   0.1644449     0.0674732
     D3SGQ-a13b     -0.001     0.053       0.175     0.627     -0.583     0.582      0.405     0.434      0.672     0.609    0.437     0.664   0.397     0.164      0.156     0.01412  -1	   0.2036297     0.1626665
     D3SGQ-a13c      0.003     0.054       0.197     0.792     -0.480     0.575      0.404     0.590      0.805     0.661    0.495     0.667   0.659     0.145      0.116     0.01494  -1	   0.0967917     0.0662320
     D3SGQ-a13d      0.004     0.054       0.209     0.773     -0.517     0.581      0.421     0.604      0.343     0.634    0.437     0.686   0.628     0.145      0.125     0.01459  -1	   0.2165576     0.0935231
     D3SGQ-a14a      0.005     0.055       0.167     0.747     -0.503     0.566      0.441     0.505      0.094     0.601    0.452     0.646   0.636     0.143      0.214     0.01676  -1	   0.4039916     0.2255919
     D3SGQ-a14b      0.007     0.055       0.167     0.753     -0.458     0.576      0.416     0.471      0.082     0.644    0.491     0.656   0.659     0.135      0.204     0.01679  -1	   0.3611047     0.2334795
     D3SGQ-a14c      0.001     0.053       0.192     0.683     -0.532     0.578      0.467     0.627      0.669     0.616    0.450     0.661   0.582     0.149      0.099     0.01474  -1	   0.1647833     0.0802012
     D3SGQ-a14d      0.009     0.049       0.167     0.606     -0.520     0.582      0.473     0.674      0.656     0.610    0.437     0.666   0.607     0.164      0.079     0.01669  -1	   0.2022109     0.1182211
     D3SGQ-a15a      0.002     0.058       0.197     0.680      0.006     0.601      0.537     0.656      0.781     0.673    0.480     0.690   0.780     0.141      0.191     0.03653  -1	   0.0131170    -0.0649433
     D3SGQ-a15b      0.001     0.054       0.188     0.611      0.452     0.597      0.468     0.462      0.432     0.640    0.462     0.673   0.848     0.132      0.201     0.02104  -1	   0.1466970     0.0563687
     D3SGQ-a15c     -0.007     0.073       0.205     0.677      0.142     0.560      0.441     0.446      0.531     0.646    0.464     0.676   0.780     0.125      0.264     0.01354  -1	   0.0799114    -0.0497191
     D3SGQ-a15d      0.005     0.037       0.132     0.700     -0.784     0.574      0.508     0.572      0.639     0.634    0.435     0.688   0.664     0.201      0.216     0.01933  -1	   0.4519566     0.2093378
     D3SGQ-a16a     -0.017     0.072       0.222     0.601      0.298     0.570      0.362     0.383      0.218     0.676    0.487     0.687   0.825     0.132      0.236     0.06090  -1	   0.1507505     0.0115858
     D3SGQ-a16b     -0.003     0.058       0.197     0.665     -0.279     0.597      0.549     0.733      0.554     0.676    0.455     0.710   0.582     0.125      0.171     0.03842  -1	   0.0469774    -0.0092162
     D3SGQ-a16c     -0.004     0.051       0.171     0.628      0.643     0.592      0.436     0.565      0.060     0.617    0.450     0.662   0.829     0.161      0.127     0.04235  -1	   0.2622723    -0.0062047
     D3SGQ-a16d     -0.001     0.054       0.184     0.702      0.429     0.570      0.390     0.471      0.137     0.686    0.466     0.710   1.000     0.159      0.151     0.03510  -1	   0.1796150    -0.0301452
     D3SGQ-a17a     -0.004     0.055       0.201     0.631      0.632     0.585      0.430     0.539      0.152     0.595    0.439     0.651   0.829     0.147      0.150     0.03961  -1	   0.2755609     0.0229950
     D3SGQ-a17b     -0.004     0.054       0.179     0.657      0.477     0.575      0.435     0.533      0.097     0.594    0.440     0.649   0.915     0.125      0.167     0.03860  -1	   0.2012969    -0.0462905
     D3SGQ-a17c     -0.003     0.058       0.192     0.675      0.635     0.585      0.395     0.513      0.059     0.606    0.451     0.651   0.896     0.147      0.123     0.04102  -1	   0.3086768    -0.0005473
     D3SGQ-a17d     -0.001     0.056       0.192     0.666     -0.010     0.580      0.562     0.692      0.810     0.693    0.455     0.724   0.747     0.111      0.193     0.03779  -1	   0.0154201    -0.0506355
     D3SGQ-a18a     -0.002     0.055       0.184     0.660      0.486     0.574      0.419     0.506      0.108     0.629    0.458     0.666   0.915     0.120      0.174     0.03850  -1	   0.2184497    -0.0138701
     D3SGQ-a18b      0.001     0.053       0.188     0.629     -0.037     0.601      0.538     0.646      0.792     0.641    0.451     0.681   0.680     0.129      0.140     0.03623  -1	  -0.0010769    -0.0405783
     D3SGQ-a18c     -0.005     0.052       0.197     0.654     -0.190     0.582      0.574     0.739      0.513     0.698    0.506     0.695   0.730     0.140      0.163     0.03160  -1	   0.0147921    -0.0384877
     D3SGQ-a18d      0.001     0.056       0.192     0.711      0.013     0.585      0.545     0.652      0.630     0.666    0.456     0.700   0.834     0.137      0.172     0.03685  -1	   0.0135703    -0.0690759
     D3SGQ-a19a      0.000     0.074       0.252     0.602     -0.059     0.615      0.436     0.499      0.469     0.655    0.477     0.676   0.680     0.120      0.120     0.02607  -1	   0.0281398    -0.0293079
     D3SGQ-a19b     -0.002     0.057       0.201     0.640     -0.118     0.584      0.551     0.686      0.589     0.710    0.467     0.731   0.589     0.117      0.190     0.03826  -1	   0.0075999    -0.0378346
     D3SGQ-a19c     -0.001     0.057       0.197     0.642     -0.122     0.587      0.555     0.692      0.742     0.685    0.467     0.709   0.589     0.120      0.190     0.03786  -1	   0.0042010    -0.0370337
     D3SGQ-a19d      0.002     0.054       0.184     0.626      0.431     0.605      0.488     0.490      0.419     0.634    0.451     0.675   0.879     0.127      0.171     0.02124  -1	   0.1329364     0.0314250
      D3SGQ-a1a     -0.003     0.086       0.261     0.611     -0.006     0.565      0.329     0.480      0.071     0.621    0.468     0.651   0.680     0.114      0.136     0.01602  -1	   0.1428752    -0.0445901
      D3SGQ-a1b      0.003     0.054       0.201     0.771     -0.513     0.581      0.454     0.640      0.217     0.637    0.437     0.688   0.628     0.152      0.126     0.01463  -1	   0.2691178     0.0990529
      D3SGQ-a1c      0.003     0.055       0.209     0.780     -0.518     0.572      0.403     0.575      0.354     0.639    0.467     0.669   0.628     0.145      0.115     0.01463  -1	   0.2096445     0.0962314
      D3SGQ-a1d      0.003     0.054       0.205     0.783     -0.574     0.571      0.444     0.641      0.249     0.627    0.457     0.665   0.510     0.152      0.126     0.01463  -1	   0.2865283     0.1092834
     D3SGQ-a20a     -0.000     0.055       0.197     0.725     -0.057     0.593      0.513     0.627      0.524     0.651    0.449     0.691   0.802     0.130      0.187     0.03691  -1	   0.0267988    -0.0566048
     D3SGQ-a20b     -0.004     0.056       0.192     0.651     -0.174     0.591      0.544     0.670      0.595     0.662    0.490     0.674   0.730     0.121      0.182     0.03862  -1	   0.0166678    -0.0465895
     D3SGQ-a20c      0.002     0.054       0.192     0.623     -0.047     0.601      0.545     0.664      0.752     0.647    0.462     0.679   0.680     0.124      0.188     0.03666  -1	   0.0010615    -0.0454872
     D3SGQ-a20d     -0.001     0.056       0.192     0.649     -0.015     0.586      0.544     0.661      0.565     0.682    0.465     0.708   0.680     0.126      0.190     0.03847  -1	   0.0077110    -0.0579614
     D3SGQ-a21a     -0.002     0.056       0.192     0.726      0.045     0.605      0.511     0.608      0.617     0.662    0.459     0.694   0.834     0.134      0.182     0.03742  -1	   0.0181580    -0.0675099
     D3SGQ-a21b     -0.008     0.073       0.231     0.682      0.151     0.583      0.421     0.480      0.359     0.661    0.483     0.677   0.845     0.110      0.121     0.01539  -1	   0.0592665    -0.0679671
     D3SGQ-a21c      0.004     0.055       0.171     0.700      0.096     0.590      0.437     0.434      0.494     0.610    0.452     0.653   0.859     0.144      0.135     0.02126  -1	   0.0163270    -0.0092352
     D3SGQ-a21d     -0.008     0.072       0.222     0.656      0.272     0.591      0.422     0.458      0.466     0.658    0.486     0.672   0.892     0.108      0.133     0.01535  -1	   0.0839186    -0.0440119
     D3SGQ-a22a     -0.005     0.075       0.231     0.616      0.124     0.591      0.451     0.510      0.939     0.719    0.509     0.712   0.713     0.118      0.110     0.01517  -1	   0.0789976    -0.0368167
     D3SGQ-a22b     -0.007     0.073       0.227     0.694      0.215     0.593      0.426     0.468      0.674     0.734    0.541     0.705   0.854     0.106      0.139     0.01541  -1	   0.0754491    -0.0318595
     D3SGQ-a22c     -0.009     0.059       0.192     0.620      0.209     0.571      0.538     0.655      0.870     0.669    0.505     0.669   0.787     0.157      0.123     0.01460  -1	   0.0145646    -0.0873952
     D3SGQ-a22d     -0.008     0.061       0.188     0.628      0.234     0.580      0.542     0.667      0.899     0.657    0.466     0.685   0.787     0.142      0.087     0.01465  -1	   0.0471233    -0.0807145
     D3SGQ-a23a     -0.007     0.062       0.188     0.699      0.281     0.573      0.555     0.688      0.841     0.626    0.449     0.669   0.892     0.140      0.086     0.01473  -1	   0.0465562    -0.0926417
     D3SGQ-a23b     -0.008     0.063       0.197     0.587      0.167     0.591      0.514     0.633      0.803     0.674    0.503     0.674   0.652     0.144      0.096     0.01468  -1	   0.0169785    -0.0671836
     D3SGQ-a23c     -0.009     0.062       0.188     0.677      0.278     0.571      0.509     0.629      0.817     0.621    0.446     0.668   0.892     0.137      0.067     0.01475  -1	   0.0383493    -0.0997963
     D3SGQ-a23d     -0.007     0.061       0.188     0.673      0.223     0.566      0.514     0.639      0.849     0.629    0.450     0.672   0.854     0.139      0.084     0.01457  -1	   0.0263322    -0.0935075
     D3SGQ-a24a      0.003     0.050       0.175     0.726      0.378     0.562      0.456     0.442      0.905     0.636    0.451     0.677   0.928     0.164      0.144     0.01217  -1	   0.0661123    -0.0240842
     D3SGQ-a24b     -0.004     0.063       0.201     0.623      0.136     0.571      0.537     0.628      0.863     0.674    0.482     0.689   0.713     0.142      0.130     0.01459  -1	   0.0238966    -0.0738983
     D3SGQ-a24c     -0.003     0.048       0.158     0.728      0.359     0.575      0.497     0.586      0.969     0.666    0.454     0.701   0.928     0.175      0.132     0.01242  -1	   0.0643564    -0.0731287
     D3SGQ-a24d     -0.008     0.063       0.197     0.594      0.279     0.574      0.510     0.610      0.551     0.697    0.512     0.689   0.699     0.124      0.091     0.01483  -1	   0.0205061    -0.0653622
     D3SGQ-a25a     -0.003     0.044       0.141     0.591     -0.229     0.596      0.512     0.539      0.878     0.685    0.480     0.700   0.700     0.196      0.140     0.01153  -1	   0.0316775     0.0155661
     D3SGQ-a25b      0.004     0.055       0.201     0.775     -0.548     0.572      0.401     0.564      0.351     0.634    0.439     0.684   0.628     0.149      0.096     0.01477  -1	   0.2440537     0.1249539
     D3SGQ-a25c     -0.001     0.041       0.132     0.710     -0.136     0.586      0.543     0.625      0.847     0.626    0.450     0.669   0.812     0.196      0.091     0.01145  -1	  -0.0084108    -0.0392934
     D3SGQ-a25d     -0.007     0.062       0.188     0.544     -0.302     0.574      0.573     0.633      0.381     0.605    0.446     0.654   0.236     0.114      0.134     0.01330  -1	   0.0510535    -0.0076916
     D3SGQ-a26a     -0.002     0.044       0.154     0.666      0.172     0.571      0.457     0.568      0.572     0.621    0.442     0.672   0.794     0.179      0.241     0.01240  -1	  -0.0030551    -0.0642300
     D3SGQ-a26b     -0.003     0.047       0.145     0.643     -0.696     0.598      0.494     0.501      0.665     0.666    0.483     0.681   0.584     0.174      0.100     0.01185  -1	   0.3105944     0.1680212
     D3SGQ-a26c     -0.002     0.040       0.150     0.685     -0.613     0.547      0.549     0.596      0.828     0.762    0.546     0.730   0.608     0.146      0.252     0.01223  -1	   0.2121660     0.1104019
     D3SGQ-a26d     -0.015     0.075       0.214     0.664     -0.335     0.554      0.522     0.565      0.090     0.621    0.460     0.658   0.582     0.109      0.140     0.01400  -1	   0.2199026     0.0669327
     D3SGQ-a27a     -0.013     0.077       0.214     0.694     -0.240     0.556      0.448     0.452      0.798     0.702    0.501     0.702   0.637     0.121      0.179     0.01389  -1	   0.0459937    -0.0209663
     D3SGQ-a27b     -0.007     0.057       0.205     0.704      0.083     0.564      0.493     0.619      0.994     0.685    0.501     0.686   0.859     0.118      0.173     0.01434  -1	   0.0147694    -0.0604225
     D3SGQ-a27c     -0.008     0.073       0.205     0.694      0.076     0.542      0.460     0.458      0.394     0.664    0.485     0.678   0.805     0.135      0.230     0.01406  -1	   0.0867217    -0.0524250
     D3SGQ-a27d     -0.002     0.050       0.162     0.660     -0.673     0.572      0.510     0.583      0.687     0.623    0.428     0.684   0.639     0.154      0.218     0.01322  -1	   0.3175845     0.1425339
     D3SGQ-a28a     -0.000     0.054       0.188     0.670     -0.208     0.580      0.414     0.428      0.588     0.643    0.452     0.684   0.637     0.140      0.156     0.01478  -1	   0.0246765     0.0575508
     D3SGQ-a28b     -0.008     0.072       0.235     0.640      0.003     0.541      0.422     0.451      0.501     0.686    0.498     0.688   0.713     0.118      0.205     0.01494  -1	   0.0358009    -0.0320757
     D3SGQ-a28c      0.000     0.050       0.175     0.581     -0.517     0.584      0.470     0.540      0.604     0.609    0.414     0.681   0.590     0.148      0.123     0.01411  -1	   0.1971314     0.1326976
     D3SGQ-a28d     -0.014     0.071       0.235     0.628      0.004     0.546      0.429     0.474      0.273     0.638    0.459     0.674   0.713     0.126      0.205     0.01476  -1	   0.0763888    -0.0349834
     D3SGQ-a29a      0.008     0.051       0.175     0.732     -0.366     0.584      0.428     0.527      0.596     0.717    0.592     0.650   0.593     0.167      0.221     0.01659  -1	   0.0902598     0.0422038
     D3SGQ-a29b      0.011     0.051       0.171     0.772     -0.452     0.592      0.450     0.550      0.677     0.631    0.463     0.664   0.659     0.154      0.192     0.01672  -1	   0.1279933     0.0630779
     D3SGQ-a29c      0.007     0.050       0.162     0.665     -0.441     0.584      0.477     0.595      0.441     0.593    0.430     0.656   0.639     0.167      0.165     0.01611  -1	   0.1871280     0.0850938
     D3SGQ-a29d     -0.004     0.068       0.227     0.707      0.006     0.557      0.461     0.537      0.411     0.627    0.467     0.657   0.834     0.098      0.117     0.01505  -1	   0.0324359    -0.0642017
      D3SGQ-a2a      0.003     0.056       0.209     0.788     -0.580     0.565      0.378     0.542      0.211     0.654    0.455     0.690   0.510     0.150      0.102     0.01489  -1	   0.3006797     0.1600282
      D3SGQ-a2b      0.002     0.055       0.188     0.713     -0.773     0.592      0.470     0.514      0.592     0.646    0.441     0.693   0.000     0.143      0.249     0.01784  -1	   0.2692355     0.0561702
      D3SGQ-a2c      0.006     0.046       0.162     0.714     -0.739     0.580      0.477     0.572      0.662     0.617    0.460     0.654   0.664     0.165      0.227     0.01435  -1	   0.3602935     0.1614589
      D3SGQ-a2d      0.002     0.054       0.197     0.770     -0.552     0.565      0.416     0.602      0.600     0.642    0.464     0.674   0.510     0.146      0.109     0.01493  -1	   0.1653760     0.0868306
     D3SGQ-a30a      0.008     0.058       0.184     0.699     -0.231     0.600      0.459     0.622      0.458     0.603    0.455     0.644   0.637     0.141      0.098     0.02469  -1	   0.0537173    -0.0013435
     D3SGQ-a30b      0.004     0.065       0.184     0.712     -0.371     0.607      0.431     0.542      0.427     0.617    0.448     0.662   0.593     0.128      0.137     0.04797  -1	   0.1318045     0.0553011
     D3SGQ-a30c      0.003     0.048       0.162     0.704     -0.237     0.575      0.451     0.546      0.539     0.598    0.447     0.646   0.798     0.169      0.221     0.01633  -1	   0.0721840     0.0190454
     D3SGQ-a30d      0.013     0.048       0.167     0.694     -0.601     0.604      0.466     0.495      0.389     0.598    0.435     0.656   0.608     0.165      0.233     0.01981  -1	   0.3144852     0.1760163
     D3SGQ-a31a      0.000     0.068       0.222     0.689      0.049     0.605      0.361     0.408      0.796     0.668    0.474     0.689   0.780     0.127      0.150     0.03594  -1	   0.0352330     0.0171626
     D3SGQ-a31b      0.008     0.050       0.158     0.608     -0.727     0.578      0.512     0.570      0.473     0.597    0.484     0.618   0.584     0.163      0.260     0.02218  -1	   0.4200523     0.1911965
     D3SGQ-a31c      0.001     0.054       0.192     0.652     -0.590     0.574      0.452     0.605      0.618     0.581    0.409     0.660   0.464     0.159      0.160     0.01474  -1	   0.2278708     0.1065534
     D3SGQ-a31d      0.003     0.078       0.239     0.682     -0.290     0.597      0.424     0.627      0.608     0.716    0.485     0.725   0.582     0.136      0.106     0.02285  -1	   0.0655583     0.0101172
     D3SGQ-a32a     -0.018     0.073       0.218     0.617      0.258     0.572      0.379     0.401      0.118     0.678    0.495     0.684   0.825     0.134      0.253     0.06160  -1	   0.1866453     0.0031607
     D3SGQ-a32b      0.003     0.063       0.201     0.517     -0.494     0.599      0.513     0.660      0.778     0.606    0.447     0.654   0.267     0.136      0.183     0.04485  -1	   0.1346050     0.0470635
     D3SGQ-a32c     -0.002     0.070       0.227     0.691      0.046     0.590      0.376     0.408      0.700     0.701    0.485     0.712   0.780     0.126      0.176     0.03637  -1	   0.0377343    -0.0032785
     D3SGQ-a32d     -0.004     0.070       0.222     0.654      0.060     0.601      0.449     0.582      0.127     0.595    0.447     0.644   0.805     0.136      0.127     0.04595  -1	   0.1045912    -0.1023280
     D3SGQ-a33a     -0.005     0.069       0.222     0.695     -0.020     0.591      0.404     0.515      0.192     0.609    0.446     0.657   0.747     0.135      0.146     0.04592  -1	   0.0989635    -0.0460040
     D3SGQ-a33b     -0.000     0.068       0.227     0.687     -0.052     0.607      0.383     0.440      0.651     0.682    0.488     0.693   0.747     0.131      0.153     0.03590  -1	   0.0214979    -0.0040440
     D3SGQ-a33c     -0.003     0.069       0.209     0.671     -0.118     0.588      0.417     0.563      0.593     0.626    0.477     0.650   0.656     0.135      0.141     0.04412  -1	   0.0206817    -0.0318358
     D3SGQ-a33d     -0.009     0.080       0.227     0.649     -0.517     0.568      0.487     0.524      0.637     0.658    0.473     0.681   0.515     0.109      0.138     0.12099  -1	   0.1720076     0.0496691
     D3SGQ-a34a     -0.016     0.072       0.222     0.578      0.257     0.575      0.357     0.370      0.131     0.682    0.506     0.679   0.699     0.134      0.242     0.06208  -1	   0.1543480     0.0373393
     D3SGQ-a34b     -0.013     0.070       0.214     0.608      0.319     0.569      0.393     0.429      0.029     0.683    0.448     0.720   0.853     0.134      0.252     0.05996  -1	   0.2292184    -0.0124110
     D3SGQ-a34c     -0.004     0.053       0.188     0.568     -0.089     0.585      0.483     0.564      0.407     0.638    0.445     0.684   0.554     0.182      0.131     0.05408  -1	  -0.0008756    -0.0208103
     D3SGQ-a34d     -0.009     0.068       0.209     0.651      0.344     0.589      0.469     0.649      0.526     0.691    0.513     0.682   0.920     0.121      0.130     0.09395  -1	   0.0950563    -0.0994686
     D3SGQ-a35a     -0.001     0.058       0.201     0.648     -0.205     0.592      0.535     0.669      0.871     0.702    0.485     0.712   0.570     0.123      0.179     0.03765  -1	   0.0185803    -0.0219204
     D3SGQ-a35b      0.002     0.057       0.205     0.650     -0.157     0.596      0.558     0.697      0.808     0.708    0.504     0.706   0.730     0.119      0.190     0.03784  -1	   0.0166445    -0.0325437
     D3SGQ-a35c      0.003     0.061       0.209     0.591     -0.319     0.576      0.572     0.674      0.446     0.664    0.458     0.697   0.389     0.144      0.154     0.06592  -1	   0.0715685     0.0043127
     D3SGQ-a35d     -0.009     0.057       0.179     0.769     -0.046     0.567      0.530     0.596      0.273     0.625    0.434     0.680   0.793     0.155      0.118     0.07892  -1	   0.0626791    -0.0307458
     D3SGQ-a36a     -0.000     0.060       0.209     0.622     -0.266     0.574      0.562     0.660      0.484     0.651    0.453     0.688   0.515     0.136      0.163     0.06513  -1	   0.0548268    -0.0081971
     D3SGQ-a36b     -0.000     0.060       0.209     0.599     -0.276     0.588      0.562     0.655      0.434     0.652    0.456     0.688   0.389     0.133      0.145     0.06518  -1	   0.0433147    -0.0092850
     D3SGQ-a36c      0.001     0.071       0.244     0.706      0.161     0.595      0.341     0.359      0.388     0.654    0.480     0.672   0.900     0.108      0.215     0.02919  -1	   0.1195450     0.0251881
     D3SGQ-a36d      0.004     0.051       0.188     0.654      0.580     0.593      0.460     0.447      0.361     0.625    0.424     0.687   0.890     0.125      0.181     0.02082  -1	   0.2382982     0.1299026
     D3SGQ-a37a     -0.001     0.055       0.197     0.674     -0.081     0.583      0.534     0.663      0.806     0.692    0.470     0.714   0.747     0.129      0.186     0.03850  -1	   0.0068576    -0.0433431
     D3SGQ-a37b     -0.002     0.071       0.239     0.720      0.217     0.589      0.363     0.390      0.184     0.679    0.472     0.700   0.909     0.106      0.229     0.02935  -1	   0.2013910     0.0159762
     D3SGQ-a37c      0.002     0.062       0.201     0.683     -0.041     0.597      0.510     0.655      0.794     0.709    0.527     0.691   0.747     0.133      0.159     0.03552  -1	   0.0107799    -0.0587815
     D3SGQ-a37d      0.001     0.053       0.188     0.622     -0.021     0.597      0.547     0.678      0.855     0.651    0.473     0.674   0.680     0.129      0.176     0.03651  -1	   0.0003412    -0.0452235
     D3SGQ-a38a     -0.001     0.066       0.231     0.716     -0.046     0.595      0.410     0.455      0.322     0.679    0.484     0.693   0.802     0.139      0.154     0.02347  -1	   0.0643847    -0.0228006
     D3SGQ-a38b     -0.001     0.068       0.227     0.689      0.011     0.607      0.375     0.446      0.279     0.664    0.459     0.696   0.780     0.122      0.184     0.02815  -1	   0.0909946    -0.0090025
     D3SGQ-a38c     -0.001     0.071       0.244     0.706      0.222     0.596      0.341     0.357      0.824     0.666    0.501     0.668   0.909     0.108      0.229     0.02933  -1	   0.1030530     0.0439759
     D3SGQ-a38d      0.004     0.078       0.231     0.712     -0.227     0.608      0.360     0.244      0.030     0.625    0.473     0.653   0.691     0.141      0.142     0.02455  -1	   0.2252840     0.2595689
     D3SGQ-a39a      0.001     0.076       0.227     0.676     -0.290     0.593      0.373     0.253      0.105     0.635    0.443     0.683   0.582     0.146      0.185     0.02422  -1	   0.2245717     0.2506563
     D3SGQ-a39b      0.001     0.076       0.218     0.631     -0.261     0.590      0.368     0.239      0.144     0.647    0.469     0.674   0.515     0.153      0.181     0.02416  -1	   0.1836531     0.2487841
     D3SGQ-a39c     -0.003     0.048       0.167     0.722     -0.152     0.575      0.506     0.513      0.327     0.619    0.437     0.673   0.781     0.177      0.076     0.01585  -1	   0.0423174     0.0216779
     D3SGQ-a39d      0.007     0.054       0.201     0.622     -0.626     0.580      0.459     0.353      0.498     0.635    0.464     0.668   0.397     0.143      0.069     0.01363  -1	   0.2315499     0.1827032
      D3SGQ-a3a      0.002     0.067       0.222     0.650     -0.172     0.606      0.400     0.463      0.869     0.697    0.514     0.688   0.730     0.141      0.112     0.02668  -1	   0.0311923     0.0176861
      D3SGQ-a3b      0.003     0.055       0.175     0.678     -0.774     0.585      0.421     0.530      0.581     0.651    0.417     0.714   0.000     0.159      0.096     0.01502  -1	   0.3094031     0.1060641
      D3SGQ-a3c      0.002     0.052       0.162     0.736     -0.102     0.590      0.422     0.420      0.596     0.668    0.442     0.712   0.711     0.179      0.239     0.01801  -1	   0.0365847     0.0278084
      D3SGQ-a3d      0.006     0.043       0.150     0.527     -0.656     0.606      0.504     0.567      0.630     0.631    0.425     0.692   0.504     0.195      0.099     0.01512  -1	   0.3136501     0.1688292
     D3SGQ-a40a      0.001     0.046       0.171     0.709     -0.174     0.577      0.504     0.527      0.885     0.648    0.466     0.677   0.781     0.174      0.083     0.01586  -1	   0.0019140    -0.0170657
     D3SGQ-a40b      0.001     0.046       0.171     0.713     -0.167     0.576      0.506     0.525      0.857     0.642    0.462     0.675   0.781     0.173      0.083     0.01583  -1	  -0.0022781    -0.0181396
     D3SGQ-a40c      0.007     0.052       0.188     0.624     -0.355     0.571      0.450     0.423      0.387     0.879    0.555     0.849   0.471     0.180      0.067     0.01214  -1	   0.0553525     0.0915727
     D3SGQ-a40d     -0.001     0.048       0.167     0.713     -0.148     0.570      0.524     0.540      0.459     0.615    0.432     0.673   0.812     0.170      0.056     0.01583  -1	   0.0169880    -0.0018738
     D3SGQ-a41a      0.006     0.054       0.167     0.589     -0.202     0.587      0.472     0.472      0.941     0.641    0.483     0.658   0.444     0.167      0.098     0.01220  -1	   0.0321883     0.0037442
     D3SGQ-a41b     -0.002     0.063       0.192     0.745     -0.067     0.568      0.499     0.603      0.431     0.689    0.479     0.704   0.802     0.140      0.086     0.01447  -1	   0.0258903    -0.0604101
     D3SGQ-a41c      0.004     0.054       0.175     0.648     -0.342     0.578      0.451     0.387      0.567     0.651    0.479     0.670   0.515     0.201      0.075     0.01192  -1	   0.0753811     0.0817008
     D3SGQ-a41d      0.010     0.055       0.171     0.643     -0.243     0.579      0.461     0.387      0.831     0.846    0.553     0.813   0.570     0.194      0.179     0.01207  -1	   0.0518790     0.0424534
     D3SGQ-a42a      0.002     0.055       0.179     0.596     -0.143     0.578      0.459     0.432      0.604     0.629    0.466     0.661   0.463     0.198      0.085     0.01206  -1	  -0.0035492     0.0095199
     D3SGQ-a42b      0.001     0.047       0.145     0.705      0.061     0.578      0.474     0.341      0.243     0.640    0.457     0.676   0.841     0.202      0.166     0.01373  -1	   0.0641493     0.1321500
     D3SGQ-a42c     -0.003     0.063       0.197     0.744     -0.094     0.556      0.509     0.607      0.379     0.758    0.605     0.684   0.802     0.144      0.096     0.01449  -1	   0.0333023    -0.0567601
     D3SGQ-a42d      0.007     0.050       0.171     0.724      0.418     0.561      0.507     0.491      0.933     0.658    0.486     0.671   0.902     0.167      0.139     0.01213  -1	   0.0892747    -0.0273433
     D3SGQ-a43a      0.000     0.052       0.175     0.709      0.357     0.563      0.473     0.468      0.924     0.650    0.452     0.688   0.952     0.161      0.159     0.01205  -1	   0.0687325    -0.0398216
     D3SGQ-a43b      0.008     0.070       0.205     0.663      0.301     0.558      0.314     0.194      0.067     0.635    0.463     0.668   0.920     0.171      0.296     0.01221  -1	   0.2935206     0.2620454
     D3SGQ-a43c     -0.006     0.052       0.162     0.632     -0.559     0.585      0.527     0.525      0.940     0.736    0.599     0.664   0.397     0.184      0.101     0.01121  -1	   0.1420709     0.0284489
     D3SGQ-a43d      0.005     0.055       0.175     0.597     -0.256     0.589      0.438     0.424      0.787     0.635    0.461     0.669   0.389     0.185      0.093     0.01219  -1	   0.0347711     0.0381400
     D3SGQ-a44a      0.005     0.049       0.162     0.695     -0.623     0.570      0.509     0.477      0.522     0.662    0.506     0.661   0.608     0.167      0.083     0.01148  -1	   0.2694531     0.1574298
     D3SGQ-a44b     -0.001     0.061       0.192     0.530      0.134     0.578      0.558     0.646      0.457     0.637    0.457     0.674   0.434     0.145      0.225     0.01272  -1	   0.0129163    -0.0726457
     D3SGQ-a44c     -0.000     0.051       0.158     0.589      0.026     0.555      0.542     0.515      0.698     0.629    0.446     0.675   0.587     0.143      0.106     0.01160  -1	  -0.0288586    -0.0400188
     D3SGQ-a44d      0.004     0.073       0.197     0.632      0.038     0.560      0.471     0.504      0.860     0.737    0.563     0.693   0.713     0.138      0.122     0.01261  -1	   0.0309524    -0.0674807
     D3SGQ-a45a     -0.001     0.046       0.167     0.655     -0.003     0.583      0.475     0.519      0.881     0.635    0.453     0.675   0.852     0.154      0.243     0.01253  -1	  -0.0096812    -0.0218411
     D3SGQ-a45b     -0.002     0.046       0.158     0.586      0.026     0.580      0.473     0.569      0.502     0.702    0.458     0.730   0.708     0.174      0.253     0.01226  -1	   0.0063008    -0.0308880
     D3SGQ-a45c     -0.005     0.052       0.175     0.615      0.174     0.570      0.482     0.520      0.730     0.639    0.445     0.685   0.778     0.136      0.085     0.01324  -1	  -0.0106520    -0.0448205
     D3SGQ-a45d     -0.001     0.045       0.171     0.594      0.015     0.572      0.512     0.572      0.745     0.622    0.426     0.683   0.708     0.160      0.241     0.01247  -1	  -0.0172160    -0.0358941
     D3SGQ-a46a     -0.001     0.045       0.154     0.687     -0.052     0.582      0.470     0.563      0.763     0.642    0.454     0.681   0.812     0.181      0.254     0.01246  -1	  -0.0098235    -0.0377761
     D3SGQ-a46b      0.000     0.046       0.158     0.691     -0.040     0.577      0.488     0.567      0.696     0.632    0.455     0.671   0.852     0.162      0.243     0.01250  -1	  -0.0022586    -0.0480782
     D3SGQ-a46c     -0.001     0.046       0.167     0.643     -0.024     0.576      0.470     0.511      0.822     0.645    0.442     0.692   0.796     0.158      0.243     0.01253  -1	  -0.0081956    -0.0111492
     D3SGQ-a46d     -0.006     0.064       0.218     0.682      0.077     0.564      0.466     0.377      0.273     0.634    0.462     0.668   0.805     0.134      0.258     0.01384  -1	   0.1162769     0.0529702
     D3SGQ-a47a     -0.006     0.063       0.192     0.703     -0.389     0.578      0.436     0.460      0.639     0.637    0.480     0.657   0.593     0.126      0.224     0.01801  -1	   0.0975153     0.0587850
     D3SGQ-a47b     -0.006     0.072       0.227     0.660     -0.102     0.539      0.452     0.516      0.427     0.720    0.456     0.746   0.656     0.117      0.122     0.01501  -1	   0.0376875    -0.0287706
     D3SGQ-a47c     -0.005     0.071       0.222     0.707     -0.531     0.581      0.355     0.338      0.436     0.734    0.544     0.703   0.636     0.114      0.182     0.01823  -1	   0.2038458     0.2021527
     D3SGQ-a47d     -0.005     0.068       0.227     0.672     -0.572     0.562      0.411     0.399      0.833     0.719    0.508     0.712   0.464     0.106      0.202     0.01818  -1	   0.1487777     0.1065271
     D3SGQ-a48a      0.004     0.058       0.171     0.719     -0.589     0.601      0.452     0.627      0.793     0.625    0.488     0.641   0.518     0.166      0.325     0.02196  -1	   0.1860795     0.0817685
     D3SGQ-a48b     -0.012     0.064       0.209     0.625     -0.421     0.572      0.450     0.486      0.792     0.696    0.485     0.707   0.000     0.119      0.225     0.01781  -1	   0.0163931    -0.0199721
     D3SGQ-a48c      0.000     0.077       0.235     0.608     -0.444     0.602      0.486     0.649      0.611     0.673    0.476     0.692   0.000     0.141      0.123     0.02256  -1	   0.0733431     0.0099663
     D3SGQ-a48d     -0.000     0.073       0.235     0.587     -0.142     0.584      0.358     0.544      0.699     0.672    0.478     0.691   0.463     0.144      0.109     0.02244  -1	   0.0208030     0.0423449
     D3SGQ-a49a     -0.000     0.071       0.235     0.689     -0.057     0.580      0.350     0.542      0.488     0.704    0.464     0.727   0.747     0.122      0.111     0.02306  -1	   0.0317732    -0.0208323
     D3SGQ-a49b     -0.001     0.078       0.239     0.693     -0.324     0.585      0.377     0.569      0.908     0.706    0.475     0.723   0.582     0.125      0.107     0.02351  -1	   0.0791161     0.0547040
     D3SGQ-a49c      0.007     0.048       0.158     0.617     -0.391     0.598      0.530     0.638      0.566     0.616    0.454     0.658   0.644     0.172      0.087     0.02198  -1	   0.1119398     0.0437846
     D3SGQ-a49d     -0.002     0.074       0.231     0.678     -0.435     0.605      0.406     0.457      0.461     0.659    0.521     0.647   0.000     0.113      0.151     0.02177  -1	   0.0700690     0.0253508
      D3SGQ-a4a     -0.001     0.052       0.184     0.610     -0.162     0.588      0.553     0.640      0.815     0.649    0.481     0.667   0.664     0.144      0.227     0.02942  -1	   0.0048306    -0.0375251
      D3SGQ-a4b      0.000     0.065       0.188     0.681     -0.151     0.582      0.512     0.534      0.999     0.730    0.528     0.710   0.730     0.132      0.246     0.02096  -1	   0.0428860    -0.0463789
      D3SGQ-a4c     -0.003     0.052       0.184     0.642      0.471     0.603      0.464     0.448      0.398     0.650    0.466     0.679   0.848     0.128      0.174     0.02107  -1	   0.1514979     0.0828144
      D3SGQ-a4d      0.001     0.046       0.154     0.634     -0.043     0.590      0.466     0.492      0.460     0.603    0.426     0.667   0.796     0.176      0.161     0.02226  -1	   0.0100893     0.0044468
     D3SGQ-a50a     -0.000     0.073       0.231     0.586     -0.463     0.598      0.497     0.672      0.691     0.634    0.456     0.673   0.420     0.147      0.112     0.02199  -1	   0.1313173     0.0453133
     D3SGQ-a50b      0.009     0.057       0.175     0.728     -0.203     0.579      0.457     0.622      0.300     0.629    0.444     0.677   0.691     0.155      0.112     0.02373  -1	   0.1006068    -0.0029654
     D3SGQ-a50c      0.002     0.073       0.239     0.634     -0.233     0.600      0.412     0.622      0.519     0.641    0.464     0.672   0.570     0.120      0.118     0.02288  -1	   0.0478633     0.0085506
     D3SGQ-a50d     -0.001     0.077       0.235     0.698     -0.274     0.604      0.403     0.575      0.367     0.669    0.475     0.690   0.582     0.139      0.102     0.02320  -1	   0.0855983    -0.0043170
     D3SGQ-a51a     -0.000     0.070       0.218     0.688     -0.037     0.604      0.390     0.456      0.592     0.671    0.485     0.685   0.747     0.130      0.166     0.03677  -1	   0.0331881    -0.0177862
     D3SGQ-a51b      0.001     0.068       0.222     0.698      0.032     0.598      0.364     0.406      0.597     0.658    0.471     0.682   0.780     0.126      0.153     0.03542  -1	   0.0316733     0.0038836
     D3SGQ-a51c      0.001     0.070       0.214     0.654     -0.303     0.595      0.393     0.487      0.539     0.677    0.539     0.651   0.582     0.134      0.178     0.02418  -1	   0.0715664     0.0380405
     D3SGQ-a51d      0.007     0.067       0.205     0.664     -0.471     0.613      0.397     0.414      0.151     0.601    0.476     0.628   0.613     0.126      0.134     0.03871  -1	   0.2602236     0.2070819
     D3SGQ-a52a     -0.009     0.079       0.231     0.614     -0.578     0.557      0.487     0.509      0.908     0.651    0.449     0.692   0.397     0.109      0.140     0.11601  -1	   0.2021157     0.0479866
     D3SGQ-a52b     -0.007     0.092       0.282     0.621      0.085     0.578      0.313     0.310      0.304     0.656    0.444     0.701   0.738     0.110      0.178     0.15804  -1	   0.1205945     0.0234762
     D3SGQ-a52c     -0.002     0.087       0.244     0.669      0.013     0.580      0.375     0.360      0.176     0.663    0.420     0.722   0.780     0.115      0.256     0.29484   1	   0.2061925     0.0304105
     D3SGQ-a52d      0.000     0.064       0.222     0.657     -0.465     0.598      0.599     0.758      0.742     0.659    0.462     0.690   0.613     0.134      0.176     0.07272  -1	   0.1190742     0.0376267
     D3SGQ-a53a     -0.007     0.087       0.278     0.673      0.103     0.589      0.300     0.238      0.062     0.666    0.514     0.658   0.780     0.120      0.193     0.14011  -1	   0.2057994     0.1241987
     D3SGQ-a53b     -0.009     0.079       0.227     0.686     -0.465     0.552      0.491     0.522      0.933     0.675    0.453     0.710   0.613     0.111      0.125     0.12031  -1	   0.1539685     0.0273556
     D3SGQ-a53c     -0.002     0.084       0.252     0.688      0.140     0.575      0.384     0.367      0.076     0.636    0.445     0.682   0.780     0.109      0.301     0.29866   1	   0.2856530     0.0408917
     D3SGQ-a53d     -0.007     0.066       0.205     0.648      0.295     0.590      0.456     0.641      0.688     0.656    0.468     0.683   0.825     0.121      0.154     0.09297  -1	   0.0781389    -0.0681868
     D3SGQ-a54a     -0.009     0.081       0.256     0.667     -0.200     0.595      0.464     0.591      0.464     0.595    0.448     0.644   0.730     0.098      0.193     0.07172  -1	   0.0820114    -0.0528599
     D3SGQ-a54b     -0.000     0.063       0.205     0.613      0.272     0.596      0.472     0.499      0.782     0.656    0.467     0.684   0.825     0.126      0.283     0.05823  -1	   0.1019940    -0.0165210
     D3SGQ-a54c     -0.003     0.061       0.197     0.714      0.276     0.578      0.476     0.387      0.443     0.634    0.413     0.702   0.946     0.123      0.252     0.04244  -1	   0.1281415     0.0421690
     D3SGQ-a54d      0.001     0.063       0.209     0.618     -0.452     0.606      0.597     0.748      0.708     0.666    0.466     0.693   0.546     0.140      0.173     0.07297  -1	   0.1168125     0.0280302
     D3SGQ-a55a      0.000     0.059       0.201     0.578     -0.339     0.572      0.572     0.672      0.434     0.658    0.456     0.693   0.389     0.136      0.145     0.06458  -1	   0.0755480     0.0094275
     D3SGQ-a55b      0.002     0.062       0.209     0.598     -0.260     0.575      0.555     0.654      0.421     0.665    0.460     0.696   0.389     0.131      0.137     0.06641  -1	   0.0457713    -0.0074622
     D3SGQ-a55c     -0.001     0.069       0.244     0.689      0.162     0.599      0.357     0.395      0.202     0.667    0.443     0.710   0.845     0.112      0.180     0.02868  -1	   0.1343515     0.0074655
     D3SGQ-a55d      0.000     0.061       0.209     0.637     -0.244     0.571      0.545     0.648      0.528     0.660    0.467     0.687   0.570     0.147      0.156     0.06512  -1	   0.0461393    -0.0163768
     D3SGQ-a56a      0.001     0.069       0.244     0.708      0.177     0.595      0.356     0.382      0.380     0.666    0.486     0.679   0.900     0.110      0.210     0.02898  -1	   0.1190261     0.0122408
     D3SGQ-a56b     -0.003     0.059       0.201     0.623     -0.520     0.589      0.558     0.635      0.651     0.654    0.458     0.688   0.515     0.150      0.121     0.03969  -1	   0.1569063     0.0440501
     D3SGQ-a56c      0.000     0.063       0.201     0.647     -0.352     0.612      0.529     0.637      0.789     0.686    0.495     0.691   0.471     0.131      0.130     0.02683  -1	   0.0510736    -0.0088065
     D3SGQ-a56d      0.005     0.081       0.248     0.692     -0.303     0.595      0.385     0.493      0.138     0.655    0.454     0.692   0.582     0.130      0.339     0.03809  -1	   0.3048782     0.0593750
     D3SGQ-a57a     -0.002     0.067       0.205     0.676     -0.289     0.591      0.488     0.576      0.784     0.691    0.462     0.718   0.582     0.134      0.102     0.02521  -1	   0.0555569    -0.0049571
     D3SGQ-a57b      0.001     0.070       0.214     0.676      0.196     0.594      0.435     0.444      0.097     0.615    0.441     0.667   0.845     0.124      0.097     0.03168  -1	   0.1195750    -0.0243426
     D3SGQ-a57c      0.005     0.074       0.201     0.663     -0.082     0.599      0.403     0.436      0.574     0.671    0.502     0.672   0.747     0.136      0.090     0.03185  -1	   0.0323539    -0.0115374
     D3SGQ-a57d      0.001     0.063       0.235     0.718      0.015     0.584      0.410     0.476      0.463     0.689    0.506     0.686   0.834     0.147      0.158     0.02322  -1	   0.0310462    -0.0468826
     D3SGQ-a58a      0.003     0.077       0.231     0.681     -0.241     0.598      0.351     0.211      0.052     0.648    0.455     0.685   0.637     0.140      0.175     0.02401  -1	   0.2258876     0.2950912
     D3SGQ-a58b      0.001     0.062       0.227     0.752      0.069     0.599      0.375     0.417      0.279     0.679    0.458     0.710   0.851     0.153      0.156     0.02392  -1	   0.0867469    -0.0088831
     D3SGQ-a58c     -0.001     0.069       0.218     0.691      0.230     0.596      0.401     0.414      0.126     0.633    0.442     0.681   0.854     0.116      0.084     0.03186  -1	   0.1111192    -0.0148424
     D3SGQ-a58d      0.001     0.075       0.222     0.639     -0.224     0.594      0.357     0.236      0.147     0.682    0.510     0.676   0.570     0.153      0.177     0.02426  -1	   0.1617388     0.2349174
     D3SGQ-a59a      0.004     0.063       0.188     0.639     -0.045     0.571      0.489     0.438      0.263     0.644    0.515     0.638   0.680     0.157      0.141     0.01613  -1	   0.0629529     0.0345107
     D3SGQ-a59b      0.002     0.059       0.184     0.665     -0.073     0.567      0.558     0.559      0.419     0.616    0.454     0.658   0.747     0.149      0.150     0.01563  -1	   0.0393637    -0.0282609
     D3SGQ-a59c      0.002     0.045       0.158     0.693     -0.123     0.578      0.509     0.525      0.814     0.633    0.450     0.674   0.788     0.187      0.075     0.01575  -1	  -0.0059096    -0.0223156
     D3SGQ-a59d      0.002     0.047       0.158     0.680     -0.259     0.588      0.508     0.525      0.918     0.623    0.439     0.675   0.726     0.175      0.075     0.01616  -1	   0.0521332     0.0137375
      D3SGQ-a5a      0.004     0.047       0.154     0.531     -0.103     0.597      0.462     0.474      0.801     0.630    0.448     0.674   0.653     0.181      0.176     0.02173  -1	   0.0069715     0.0482301
      D3SGQ-a5b      0.004     0.061       0.201     0.617      0.147     0.578      0.455     0.462      0.796     0.624    0.447     0.669   0.713     0.129      0.223     0.02004  -1	   0.0370221    -0.0163215
      D3SGQ-a5c      0.000     0.063       0.192     0.690     -0.209     0.586      0.490     0.490      0.679     0.625    0.452     0.667   0.637     0.129      0.257     0.02042  -1	   0.0471808    -0.0114974
      D3SGQ-a5d     -0.001     0.063       0.184     0.663     -0.115     0.591      0.507     0.517      0.703     0.609    0.445     0.658   0.656     0.132      0.261     0.01999  -1	   0.0300072    -0.0375908
     D3SGQ-a60a      0.005     0.054       0.171     0.562     -0.213     0.585      0.468     0.473      0.644     0.615    0.440     0.668   0.444     0.191      0.090     0.01217  -1	   0.0298097     0.0311325
     D3SGQ-a60b      0.005     0.054       0.179     0.645     -0.202     0.575      0.469     0.410      0.835     0.882    0.602     0.830   0.570     0.185      0.188     0.01215  -1	   0.0286863     0.0185605
     D3SGQ-a60c      0.005     0.053       0.179     0.608     -0.209     0.577      0.468     0.425      0.693     0.621    0.441     0.672   0.570     0.209      0.072     0.01195  -1	   0.0319300     0.0301404
     D3SGQ-a60d      0.001     0.054       0.179     0.606     -0.201     0.578      0.467     0.431      0.660     0.621    0.457     0.660   0.570     0.191      0.082     0.01202  -1	   0.0182800     0.0274623
     D3SGQ-a61a      0.005     0.055       0.175     0.606     -0.279     0.571      0.438     0.377      0.691     0.614    0.443     0.664   0.515     0.196      0.069     0.01198  -1	   0.0606973     0.0772135
     D3SGQ-a61b      0.005     0.056       0.188     0.678     -0.245     0.581      0.453     0.411      0.851     0.876    0.560     0.843   0.637     0.180      0.074     0.01223  -1	   0.0398026     0.0244916
     D3SGQ-a61c      0.002     0.061       0.184     0.641     -0.108     0.573      0.516     0.502      0.417     0.605    0.417     0.676   0.589     0.149      0.164     0.01606  -1	   0.0488219    -0.0031819
     D3SGQ-a61d      0.006     0.064       0.222     0.675     -0.001     0.571      0.510     0.615      0.167     0.615    0.463     0.650   0.747     0.127      0.148     0.01492  -1	   0.1016816    -0.0555853
     D3SGQ-a62a      0.003     0.056       0.197     0.753     -0.262     0.574      0.432     0.507      0.290     0.777    0.490     0.778   0.628     0.144      0.084     0.01337  -1	   0.0751273     0.0416949
     D3SGQ-a62b      0.006     0.056       0.171     0.588     -0.236     0.603      0.465     0.464      0.737     0.658    0.460     0.691   0.444     0.179      0.102     0.01232  -1	   0.0343157     0.0245926
     D3SGQ-a62c      0.007     0.071       0.218     0.565      0.117     0.567      0.463     0.498      0.233     0.630    0.446     0.676   0.587     0.140      0.266     0.01341  -1	   0.1243085    -0.0323589
     D3SGQ-a62d      0.003     0.070       0.205     0.725     -0.009     0.540      0.534     0.613      1.000     0.757    0.581     0.700   0.802     0.134      0.133     0.01267  -1	   0.0271278    -0.0918406
     D3SGQ-a63a      0.006     0.050       0.171     0.726     -0.258     0.568      0.485     0.549      0.651     0.642    0.462     0.674   0.750     0.164      0.080     0.01365  -1	   0.0404264     0.0116777
     D3SGQ-a63b     -0.001     0.045       0.167     0.627     -0.013     0.577      0.465     0.496      0.832     0.633    0.440     0.683   0.796     0.152      0.241     0.01251  -1	  -0.0112712     0.0020263
     D3SGQ-a63c      0.004     0.049       0.175     0.763     -0.141     0.560      0.471     0.552      0.804     0.656    0.493     0.665   0.792     0.171      0.080     0.01351  -1	  -0.0179282    -0.0354068
     D3SGQ-a63d      0.005     0.050       0.162     0.638     -0.664     0.577      0.496     0.502      0.659     0.672    0.480     0.688   0.584     0.171      0.123     0.01147  -1	   0.2988462     0.1594635
     D3SGQ-a64a      0.000     0.043       0.154     0.675     -0.463     0.571      0.552     0.617      0.971     0.640    0.452     0.680   0.683     0.174      0.129     0.01216  -1	   0.1402765     0.0541760
     D3SGQ-a64b      0.004     0.048       0.154     0.641     -0.191     0.588      0.498     0.566      0.811     0.672    0.471     0.695   0.701     0.182      0.288     0.01262  -1	   0.0260254    -0.0056939
     D3SGQ-a64c     -0.002     0.062       0.175     0.665     -0.142     0.547      0.497     0.528      0.464     0.632    0.452     0.673   0.656     0.169      0.184     0.01353  -1	   0.0603032    -0.0178010
     D3SGQ-a64d     -0.001     0.045       0.154     0.684      0.009     0.572      0.463     0.552      0.729     0.641    0.446     0.684   0.781     0.176      0.273     0.01247  -1	  -0.0101121    -0.0393565
     D3SGQ-a65a      0.001     0.044       0.171     0.579     -0.026     0.570      0.499     0.543      0.842     0.618    0.437     0.673   0.778     0.162      0.241     0.01246  -1	  -0.0116041    -0.0139531
     D3SGQ-a65b      0.004     0.049       0.162     0.674     -0.786     0.578      0.450     0.366      0.499     0.612    0.438     0.666   0.639     0.183      0.346     0.01640  -1	   0.4982492     0.3451679
     D3SGQ-a65c     -0.004     0.038       0.141     0.599     -0.244     0.582      0.591     0.726      0.612     0.626    0.459     0.662   0.700     0.215      0.166     0.01160  -1	   0.0264982    -0.0139082
     D3SGQ-a65d      0.001     0.050       0.179     0.530     -0.597     0.598      0.488     0.400      0.816     0.710    0.489     0.717   0.528     0.174      0.191     0.01918  -1	   0.2161992     0.1814483
     D3SGQ-a66a     -0.010     0.058       0.184     0.641     -0.244     0.581      0.482     0.617      0.611     0.638    0.471     0.666   0.570     0.195      0.139     0.01373  -1	   0.0287783    -0.0175460
     D3SGQ-a66b      0.003     0.054       0.179     0.612     -0.174     0.578      0.463     0.416      0.638     0.605    0.443     0.656   0.664     0.214      0.066     0.01198  -1	   0.0232419     0.0287054
     D3SGQ-a66c      0.002     0.071       0.227     0.700     -0.217     0.607      0.376     0.549      0.353     0.670    0.492     0.679   0.691     0.123      0.103     0.02342  -1	   0.0657349    -0.0079128
     D3SGQ-a66d      0.005     0.061       0.192     0.757     -0.635     0.597      0.387     0.400      0.968     0.692    0.535     0.668   0.510     0.165      0.113     0.02038  -1	   0.1846713     0.1052062
     D3SGQ-a67a      0.005     0.067       0.231     0.644     -0.352     0.615      0.455     0.621      0.750     0.667    0.479     0.685   0.471     0.152      0.111     0.02216  -1	   0.0581934     0.0228602
     D3SGQ-a67b     -0.000     0.072       0.239     0.680     -0.295     0.601      0.437     0.641      0.921     0.734    0.492     0.737   0.582     0.122      0.115     0.02297  -1	   0.0602107     0.0327453
     D3SGQ-a67c      0.004     0.059       0.197     0.748      0.098     0.594      0.431     0.600      0.220     0.642    0.490     0.653   0.859     0.145      0.098     0.01655  -1	   0.0705643    -0.0976305
     D3SGQ-a67d      0.001     0.079       0.235     0.667     -0.209     0.615      0.345     0.549      0.904     0.685    0.491     0.693   0.637     0.132      0.121     0.02187  -1	   0.0608253     0.0571083
     D3SGQ-a68a      0.004     0.071       0.239     0.592     -0.405     0.590      0.435     0.618      0.555     0.676    0.477     0.694   0.000     0.139      0.118     0.02208  -1	   0.0514303     0.0322317
     D3SGQ-a68b     -0.001     0.080       0.239     0.654     -0.245     0.599      0.371     0.572      0.783     0.700    0.510     0.694   0.637     0.140      0.105     0.02255  -1	   0.0526368     0.0248148
     D3SGQ-a68c      0.007     0.063       0.201     0.699     -0.443     0.626      0.434     0.555      0.090     0.580    0.449     0.630   0.000     0.134      0.125     0.02414  -1	   0.2001225     0.0880182
     D3SGQ-a68d      0.001     0.071       0.209     0.744     -0.260     0.598      0.387     0.487      0.156     0.617    0.471     0.646   0.636     0.122      0.119     0.02532  -1	   0.1634359     0.0580912
     D3SGQ-a69a     -0.004     0.077       0.239     0.730      0.041     0.590      0.384     0.617      0.819     0.648    0.509     0.647   0.834     0.135      0.111     0.02276  -1	   0.0210494    -0.0701550
     D3SGQ-a69b      0.003     0.074       0.227     0.680     -0.262     0.602      0.422     0.610      0.690     0.685    0.492     0.691   0.582     0.145      0.099     0.02267  -1	   0.0473950     0.0029867
     D3SGQ-a69c     -0.001     0.072       0.235     0.653      0.070     0.591      0.378     0.563      0.289     0.698    0.494     0.703   0.805     0.146      0.107     0.02217  -1	   0.0513934    -0.1001044
     D3SGQ-a69d      0.006     0.056       0.175     0.727     -0.423     0.586      0.449     0.568      0.406     0.629    0.460     0.664   0.000     0.178      0.090     0.03146  -1	   0.1032529     0.0392359
      D3SGQ-a6a     -0.001     0.064       0.192     0.712     -0.067     0.577      0.471     0.470      0.734     0.626    0.435     0.681   0.802     0.131      0.253     0.02006  -1	   0.0357062    -0.0359523
      D3SGQ-a6b     -0.000     0.065       0.192     0.735     -0.056     0.587      0.534     0.561      0.628     0.614    0.452     0.657   0.802     0.142      0.253     0.02022  -1	   0.0464151    -0.0735496
      D3SGQ-a6c     -0.003     0.058       0.197     0.640     -0.136     0.587      0.554     0.688      0.518     0.716    0.492     0.722   0.589     0.126      0.182     0.03872  -1	   0.0120237    -0.0445154
      D3SGQ-a6d      0.000     0.062       0.188     0.670     -0.189     0.591      0.453     0.481      0.642     0.629    0.445     0.675   0.730     0.137      0.244     0.02005  -1	   0.0557844     0.0098779
     D3SGQ-a70a      0.009     0.049       0.150     0.735     -0.164     0.590      0.495     0.646      0.157     0.616    0.500     0.623   0.781     0.201      0.065     0.03183  -1	   0.1110978    -0.0130680
     D3SGQ-a70b      0.007     0.066       0.227     0.724     -0.538     0.623      0.362     0.421      0.059     0.619    0.453     0.660   0.636     0.128      0.104     0.02509  -1	   0.3142738     0.2252351
     D3SGQ-a70c      0.007     0.048       0.145     0.737     -0.224     0.609      0.505     0.651      0.162     0.627    0.463     0.661   0.798     0.194      0.028     0.03176  -1	   0.1103649     0.0046120
     D3SGQ-a70d     -0.008     0.087       0.269     0.732     -0.269     0.600      0.453     0.603      0.905     0.689    0.483     0.702   0.636     0.105      0.108     0.07336  -1	   0.0547845    -0.0183506
     D3SGQ-a71a     -0.007     0.082       0.256     0.728     -0.270     0.583      0.434     0.500      0.160     0.663    0.513     0.657   0.636     0.111      0.096     0.13308  -1	   0.1366996     0.0133578
     D3SGQ-a71b     -0.005     0.072       0.235     0.618     -0.004     0.587      0.505     0.564      0.454     0.615    0.438     0.669   0.680     0.104      0.193     0.07830  -1	   0.0485877    -0.0572894
     D3SGQ-a71c     -0.003     0.087       0.261     0.708      0.077     0.602      0.408     0.339      0.118     0.646    0.469     0.673   0.859     0.117      0.233     0.37498   1	   0.2308770     0.0529281
     D3SGQ-a71d      0.002     0.066       0.214     0.622      0.382     0.586      0.419     0.393      0.993     0.689    0.499     0.691   0.831     0.127      0.286     0.04481  -1	   0.1865101     0.0672635
     D3SGQ-a72a     -0.002     0.067       0.218     0.655      0.273     0.589      0.445     0.428      0.607     0.669    0.498     0.673   0.892     0.120      0.084     0.24036   1	   0.0561094    -0.0175764
     D3SGQ-a72b      0.002     0.069       0.218     0.633      0.137     0.582      0.528     0.606      0.385     0.653    0.470     0.679   0.713     0.141      0.237     0.05500  -1	   0.0908013    -0.0763768
     D3SGQ-a72c     -0.000     0.066       0.218     0.671      0.183     0.599      0.441     0.450      0.211     0.658    0.456     0.693   0.845     0.126      0.096     0.09643  -1	   0.0747010    -0.0262091
     D3SGQ-a72d     -0.003     0.083       0.269     0.700      0.130     0.569      0.433     0.509      0.178     0.692    0.547     0.659   0.834     0.097      0.323     0.09470  -1	   0.2684471    -0.0627602
     D3SGQ-a73a     -0.007     0.069       0.244     0.725     -0.620     0.570      0.418     0.289      0.938     0.686    0.467     0.710   0.518     0.115      0.094     0.05556  -1	   0.1759512     0.1044662
     D3SGQ-a73b     -0.001     0.069       0.222     0.527      0.182     0.600      0.473     0.536      0.913     0.701    0.510     0.695   0.499     0.115      0.165     0.06047  -1	   0.0851035    -0.0161251
     D3SGQ-a73c      0.001     0.065       0.197     0.656      0.372     0.592      0.447     0.362      0.636     0.694    0.461     0.721   0.898     0.120      0.231     0.04194  -1	   0.1555305     0.0786857
     D3SGQ-a73d     -0.012     0.090       0.274     0.731     -0.273     0.595      0.403     0.549      0.540     0.695    0.449     0.730   0.636     0.105      0.169     0.07322  -1	   0.0848709    -0.0195672
     D3SGQ-a74a      0.003     0.071       0.218     0.693      0.141     0.605      0.431     0.458      0.193     0.627    0.466     0.659   0.780     0.131      0.087     0.03190  -1	   0.0861964    -0.0351131
     D3SGQ-a74b     -0.002     0.066       0.209     0.609      0.365     0.594      0.455     0.485      0.762     0.692    0.502     0.692   0.831     0.119      0.274     0.05690  -1	   0.1567723     0.0207462
     D3SGQ-a74c     -0.002     0.081       0.256     0.666      0.252     0.590      0.420     0.410      0.140     0.688    0.495     0.692   0.892     0.115      0.108     0.09749  -1	   0.1490916    -0.0223799
     D3SGQ-a74d     -0.003     0.069       0.231     0.576      0.274     0.600      0.462     0.483      0.740     0.652    0.480     0.671   0.699     0.121      0.222     0.05873  -1	   0.1029350    -0.0025070
     D3SGQ-a75a     -0.002     0.067       0.222     0.597     -0.371     0.580      0.428     0.358      0.991     0.678    0.544     0.648   0.345     0.136      0.292     0.03768  -1	   0.0410159     0.0402894
     D3SGQ-a75b      0.002     0.064       0.214     0.742      0.188     0.574      0.443     0.345      0.090     0.627    0.496     0.636   0.900     0.152      0.212     0.06300  -1	   0.2101044     0.1318091
     D3SGQ-a75c      0.001     0.071       0.214     0.708      0.199     0.598      0.448     0.470      0.085     0.642    0.466     0.672   0.900     0.124      0.101     0.03141  -1	   0.1403785    -0.0359624
     D3SGQ-a75d      0.004     0.070       0.205     0.654     -0.032     0.611      0.434     0.453      0.400     0.651    0.489     0.664   0.747     0.140      0.097     0.03136  -1	   0.0341626    -0.0232483
     D3SGQ-a76a     -0.001     0.063       0.209     0.650      0.171     0.601      0.425     0.427      0.336     0.610    0.425     0.674   0.845     0.119      0.082     0.03119  -1	   0.0383065    -0.0163662
     D3SGQ-a76b      0.005     0.073       0.205     0.657     -0.141     0.599      0.414     0.459      0.278     0.657    0.472     0.681   0.656     0.136      0.102     0.03223  -1	   0.0800564     0.0137686
     D3SGQ-a76c      0.004     0.071       0.214     0.702      0.037     0.599      0.400     0.423      0.076     0.661    0.466     0.689   0.834     0.131      0.106     0.03227  -1	   0.1282699     0.0047193
     D3SGQ-a76d      0.004     0.074       0.218     0.658      0.009     0.598      0.428     0.486      0.310     0.707    0.524     0.691   0.780     0.135      0.123     0.03285  -1	   0.0633011    -0.0519194
     D3SGQ-a77a      0.005     0.072       0.222     0.694     -0.147     0.607      0.361     0.237      0.118     0.673    0.464     0.700   0.656     0.136      0.267     0.02443  -1	   0.2191747     0.2429717
     D3SGQ-a77b      0.002     0.071       0.201     0.699      0.034     0.607      0.425     0.461      0.142     0.627    0.453     0.668   0.780     0.142      0.100     0.03207  -1	   0.1041529    -0.0210576
     D3SGQ-a77c      0.006     0.063       0.205     0.689     -0.365     0.601      0.428     0.345      0.851     0.636    0.460     0.671   0.538     0.132      0.142     0.02080  -1	   0.0699127     0.0689173
     D3SGQ-a77d      0.005     0.073       0.205     0.699     -0.068     0.598      0.468     0.534      0.408     0.629    0.438     0.681   0.747     0.139      0.103     0.03259  -1	   0.0615607    -0.0518191
     D3SGQ-a78a      0.004     0.052       0.162     0.742     -0.287     0.579      0.443     0.559      0.385     0.645    0.429     0.701   0.636     0.180      0.101     0.01532  -1	   0.1041208     0.0467605
     D3SGQ-a78b      0.001     0.048       0.162     0.657     -0.210     0.581      0.520     0.535      0.476     0.620    0.452     0.664   0.773     0.174      0.075     0.01590  -1	   0.0347049     0.0126863
     D3SGQ-a78c      0.005     0.073       0.218     0.688      0.035     0.610      0.420     0.478      0.156     0.694    0.550     0.659   0.780     0.123      0.093     0.03260  -1	   0.0911601    -0.0329089
     D3SGQ-a78d      0.006     0.055       0.171     0.729     -0.383     0.602      0.443     0.529      0.414     0.674    0.449     0.712   0.593     0.161      0.255     0.01559  -1	   0.1715426     0.0725802
     D3SGQ-a79a      0.005     0.054       0.167     0.692     -0.196     0.590      0.436     0.501      0.294     0.628    0.445     0.674   0.730     0.158      0.249     0.01575  -1	   0.1430144     0.0513724
     D3SGQ-a79b      0.005     0.054       0.167     0.729     -0.370     0.601      0.422     0.486      0.305     0.605    0.451     0.650   0.593     0.163      0.257     0.01563  -1	   0.2056686     0.1153069
     D3SGQ-a79c      0.005     0.052       0.154     0.690     -0.286     0.598      0.452     0.530      0.194     0.634    0.418     0.700   0.582     0.171      0.137     0.01543  -1	   0.1568185     0.0859891
     D3SGQ-a79d     -0.002     0.059       0.201     0.578      0.167     0.579      0.540     0.680      0.696     0.636    0.468     0.665   0.652     0.121      0.113     0.01471  -1	   0.0057664    -0.0566808
      D3SGQ-a7a      0.005     0.060       0.205     0.590      0.198     0.585      0.475     0.488      0.514     0.651    0.502     0.653   0.652     0.135      0.078     0.03590  -1	   0.0034555    -0.0269422
      D3SGQ-a7b      0.001     0.065       0.192     0.701     -0.112     0.579      0.506     0.527      0.944     0.622    0.449     0.666   0.711     0.136      0.253     0.02026  -1	   0.0260609    -0.0571085
      D3SGQ-a7c     -0.001     0.053       0.175     0.723     -0.013     0.589      0.487     0.586      0.975     0.646    0.484     0.662   0.802     0.130      0.186     0.01718  -1	  -0.0008265    -0.0496765
      D3SGQ-a7d     -0.004     0.057       0.214     0.704      0.247     0.596      0.463     0.522      0.211     0.630    0.449     0.674   0.909     0.125      0.139     0.01786  -1	   0.0995922    -0.0443288
     D3SGQ-a80a      0.004     0.057       0.192     0.668     -0.387     0.556      0.465     0.545      0.677     0.757    0.489     0.760   0.538     0.148      0.075     0.01391  -1	   0.0848069     0.0513632
     D3SGQ-a80b      0.006     0.048       0.171     0.741     -0.380     0.586      0.518     0.617      0.771     0.695    0.476     0.712   0.724     0.158      0.098     0.01339  -1	   0.0784715     0.0295126
     D3SGQ-a80c      0.002     0.051       0.179     0.676     -0.236     0.577      0.472     0.534      0.593     0.727    0.505     0.722   0.637     0.155      0.102     0.01348  -1	   0.0169571     0.0108340
     D3SGQ-a80d      0.004     0.063       0.201     0.710     -0.276     0.595      0.435     0.500      0.725     0.741    0.500     0.738   0.636     0.143      0.093     0.01366  -1	   0.0422318     0.0142172
     D3SGQ-a81a      0.003     0.056       0.175     0.619     -0.247     0.581      0.422     0.394      0.672     0.616    0.441     0.668   0.570     0.181      0.077     0.01219  -1	   0.0461957     0.0749478
     D3SGQ-a81b      0.012     0.047       0.171     0.740     -0.361     0.577      0.534     0.631      0.722     0.692    0.465     0.717   0.724     0.159      0.102     0.01340  -1	   0.0818894     0.0315342
     D3SGQ-a81c      0.006     0.047       0.158     0.667     -0.633     0.570      0.569     0.569      0.996     0.709    0.543     0.679   0.608     0.178      0.158     0.01146  -1	   0.2317111     0.0832212
     D3SGQ-a81d      0.006     0.049       0.167     0.679     -0.556     0.562      0.515     0.613      0.913     0.723    0.512     0.714   0.663     0.177      0.106     0.01304  -1	   0.1983487     0.0861039
     D3SGQ-a82a      0.008     0.046       0.158     0.627     -0.663     0.571      0.571     0.565      0.886     0.687    0.488     0.697   0.584     0.176      0.158     0.01140  -1	   0.2828077     0.1128447
     D3SGQ-a82b      0.004     0.047       0.171     0.573     -0.212     0.576      0.556     0.644      0.492     0.669    0.489     0.680   0.700     0.162      0.104     0.01340  -1	   0.0217903    -0.0109093
     D3SGQ-a82c      0.007     0.057       0.197     0.620     -0.406     0.569      0.497     0.549      0.830     0.863    0.554     0.831   0.000     0.154      0.095     0.01347  -1	   0.0310918    -0.0178766
     D3SGQ-a82d      0.001     0.048       0.162     0.669     -0.103     0.568      0.460     0.487      0.971     0.676    0.498     0.680   0.788     0.162      0.229     0.01254  -1	  -0.0024773    -0.0021379
     D3SGQ-a83b      0.005     0.053       0.162     0.744     -0.764     0.589      0.429     0.309      0.202     0.633    0.465     0.665   0.000     0.161      0.395     0.01675  -1	   0.5198484     0.3649921
     D3SGQ-a83c      0.007     0.047       0.141     0.732     -0.367     0.599      0.456     0.476      0.640     0.635    0.434     0.689   0.724     0.165      0.432     0.01435  -1	   0.1514940     0.0980645
     D3SGQ-a83d      0.008     0.044       0.145     0.711     -0.672     0.585      0.493     0.467      0.761     0.692    0.495     0.696   0.664     0.191      0.192     0.01534  -1	   0.2918041     0.1705190
     D3SGQ-a84a      0.005     0.054       0.167     0.712     -0.773     0.570      0.406     0.288      0.336     0.615    0.448     0.661   0.000     0.166      0.373     0.01683  -1	   0.4496706     0.3257084
     D3SGQ-a84b      0.004     0.042       0.150     0.630     -0.214     0.584      0.499     0.557      0.827     0.701    0.468     0.722   0.718     0.175      0.184     0.01700  -1	   0.0261103     0.0207470
     D3SGQ-a84c      0.004     0.052       0.162     0.687     -0.765     0.578      0.431     0.329      0.448     0.593    0.464     0.629   0.000     0.169      0.334     0.01654  -1	   0.3693052     0.2363472
     D3SGQ-a84d      0.006     0.064       0.201     0.751     -0.693     0.584      0.372     0.377      0.917     0.669    0.490     0.679   0.585     0.175      0.257     0.02015  -1	   0.2488858     0.1668664
     D3SGQ-a85a      0.009     0.069       0.222     0.619     -0.725     0.599      0.385     0.361      0.418     0.676    0.505     0.674   0.644     0.155      0.236     0.02003  -1	   0.3997416     0.3011142
     D3SGQ-a85b      0.004     0.054       0.192     0.654     -0.576     0.579      0.461     0.491      0.809     0.710    0.512     0.702   0.464     0.185      0.072     0.02010  -1	   0.1752929     0.0781308
     D3SGQ-a85c      0.005     0.052       0.171     0.650     -0.652     0.599      0.433     0.419      0.798     0.666    0.480     0.684   0.538     0.187      0.271     0.01922  -1	   0.2459917     0.1820984
     D3SGQ-a85d      0.005     0.051       0.171     0.625     -0.685     0.588      0.459     0.473      0.588     0.662    0.465     0.691   0.471     0.202      0.257     0.01927  -1	   0.3236167     0.1843825
     D3SGQ-a86a      0.004     0.052       0.175     0.647     -0.538     0.574      0.472     0.497      0.322     0.637    0.441     0.686   0.515     0.170      0.074     0.02004  -1	   0.2475760     0.1569481
     D3SGQ-a86b      0.004     0.052       0.171     0.643     -0.612     0.590      0.446     0.446      0.752     0.665    0.470     0.689   0.397     0.193      0.261     0.01926  -1	   0.2109866     0.1326083
     D3SGQ-a86c      0.008     0.070       0.218     0.734     -0.516     0.625      0.401     0.506      0.041     0.626    0.499     0.633   0.636     0.121      0.091     0.02376  -1	   0.3105332     0.1597929
     D3SGQ-a86d      0.006     0.060       0.201     0.688     -0.602     0.593      0.433     0.624      0.903     0.642    0.521     0.630   0.464     0.162      0.127     0.02190  -1	   0.1662845     0.0726421
     D3SGQ-a87a     -0.002     0.081       0.244     0.648      0.007     0.586      0.359     0.559      0.619     0.636    0.495     0.645   0.713     0.120      0.119     0.02292  -1	   0.0322267    -0.0422788
     D3SGQ-a87b      0.005     0.058       0.209     0.661     -0.322     0.584      0.468     0.634      0.535     0.623    0.444     0.672   0.582     0.128      0.092     0.02273  -1	   0.0623046     0.0266191
     D3SGQ-a87c      0.006     0.084       0.261     0.687     -0.122     0.598      0.385     0.438      0.088     0.630    0.540     0.606   0.656     0.108      0.182     0.02999  -1	   0.1965888     0.0323301
     D3SGQ-a87d      0.005     0.063       0.209     0.677     -0.468     0.618      0.460     0.543      0.102     0.610    0.450     0.656   0.613     0.128      0.139     0.02333  -1	   0.2654369     0.1146003
     D3SGQ-a88a      0.003     0.053       0.167     0.670     -0.042     0.604      0.491     0.602      0.358     0.628    0.462     0.662   0.747     0.140      0.149     0.03622  -1	   0.0328094    -0.0502165
     D3SGQ-a88b      0.008     0.064       0.209     0.725     -0.509     0.614      0.424     0.543      0.082     0.584    0.428     0.650   0.636     0.128      0.114     0.02394  -1	   0.3157589     0.1418753
     D3SGQ-a88c      0.008     0.048       0.154     0.739     -0.167     0.594      0.488     0.632      0.262     0.618    0.471     0.647   0.781     0.196      0.055     0.03173  -1	   0.0689823    -0.0183376
     D3SGQ-a88d      0.007     0.064       0.209     0.673     -0.441     0.607      0.425     0.599      0.051     0.654    0.550     0.620   0.000     0.129      0.115     0.02421  -1	   0.2026994     0.0915776
     D3SGQ-a89a      0.001     0.051       0.192     0.672      0.168     0.584      0.500     0.524      0.427     0.642    0.452     0.681   0.845     0.152      0.268     0.13352  -1	   0.0704215    -0.0337730
     D3SGQ-a89b     -0.004     0.061       0.179     0.678     -0.132     0.604      0.536     0.510      0.705     0.608    0.432     0.667   0.656     0.176      0.139     0.05181  -1	   0.0174099    -0.0418468
     D3SGQ-a89c      0.002     0.068       0.209     0.609      0.305     0.572      0.442     0.444      0.866     0.637    0.461     0.671   0.853     0.124      0.267     0.04547  -1	   0.1142812    -0.0076225
     D3SGQ-a89d     -0.003     0.084       0.248     0.675      0.036     0.584      0.401     0.417      0.163     0.650    0.439     0.698   0.780     0.110      0.277     0.28059   1	   0.2151593    -0.0071680
      D3SGQ-a8a     -0.003     0.061       0.188     0.669     -0.263     0.588      0.507     0.518      0.725     0.634    0.422     0.695   0.582     0.146      0.234     0.01975  -1	   0.0557089    -0.0069516
      D3SGQ-a8b      0.000     0.065       0.192     0.745     -0.037     0.584      0.503     0.518      0.698     0.615    0.429     0.674   0.802     0.143      0.253     0.02016  -1	   0.0408353    -0.0662718
      D3SGQ-a8c     -0.006     0.072       0.218     0.601      0.209     0.590      0.458     0.518      0.892     0.723    0.524     0.706   0.787     0.116      0.116     0.01505  -1	   0.0853345    -0.0343526
      D3SGQ-a8d     -0.000     0.062       0.188     0.702     -0.140     0.580      0.499     0.506      0.766     0.611    0.416     0.681   0.711     0.136      0.247     0.01984  -1	   0.0359064    -0.0315223
     D3SGQ-a90a      0.001     0.064       0.201     0.656      0.418     0.588      0.455     0.390      0.540     0.686    0.441     0.728   0.945     0.117      0.214     0.04218  -1	   0.1773093     0.0762477
     D3SGQ-a90b     -0.001     0.060       0.201     0.565     -0.485     0.582      0.533     0.511      0.108     0.596    0.433     0.657   0.420     0.130      0.184     0.06798  -1	   0.2766951     0.1578773
     D3SGQ-a90c     -0.005     0.057       0.218     0.681     -0.565     0.607      0.491     0.370      0.498     0.673    0.466     0.700   0.464     0.128      0.183     0.04807  -1	   0.1616088     0.1202507
     D3SGQ-a90d      0.001     0.063       0.197     0.636      0.314     0.582      0.489     0.422      0.488     0.658    0.492     0.668   0.853     0.121      0.218     0.04179  -1	   0.1062933     0.0315464
     D3SGQ-a91a      0.002     0.066       0.205     0.626      0.370     0.599      0.415     0.450      0.332     0.626    0.449     0.670   0.831     0.126      0.188     0.05771  -1	   0.1518660    -0.0019732
     D3SGQ-a91b      0.001     0.063       0.192     0.642      0.365     0.591      0.494     0.425      0.515     0.669    0.456     0.703   0.831     0.116      0.218     0.04147  -1	   0.1356958     0.0465558
     D3SGQ-a91c     -0.000     0.063       0.192     0.659      0.322     0.587      0.474     0.403      0.613     0.734    0.581     0.676   0.920     0.113      0.218     0.04195  -1	   0.1231776     0.0695844
     D3SGQ-a91d      0.008     0.049       0.154     0.680     -0.245     0.588      0.511     0.486      0.529     0.627    0.438     0.679   0.773     0.157      0.152     0.02812  -1	   0.0723136     0.0489113
     D3SGQ-a92a      0.001     0.058       0.197     0.639      0.095     0.581      0.533     0.458      0.542     0.648    0.451     0.688   0.738     0.120      0.189     0.06914  -1	   0.0220062    -0.0052847
     D3SGQ-a92b      0.001     0.064       0.197     0.672      0.394     0.593      0.458     0.380      0.606     0.682    0.448     0.720   0.898     0.115      0.218     0.04230  -1	   0.1641010     0.0753740
     D3SGQ-a92c      0.005     0.059       0.167     0.626      0.158     0.562      0.524     0.433      0.278     0.611    0.449     0.658   0.778     0.153      0.230     0.06313  -1	   0.0892021     0.0361511
     D3SGQ-a92d      0.007     0.081       0.227     0.690      0.027     0.609      0.426     0.464      0.116     0.673    0.464     0.701   0.780     0.129      0.121     0.03243  -1	   0.1428788    -0.0360698
     D3SGQ-a93a      0.006     0.058       0.179     0.630      0.074     0.557      0.510     0.403      0.146     0.606    0.475     0.633   0.738     0.149      0.181     0.05405  -1	   0.1036105     0.1020855
     D3SGQ-a93b      0.003     0.042       0.137     0.635     -0.540     0.587      0.562     0.456      0.584     0.622    0.462     0.657   0.607     0.204      0.272     0.02351  -1	   0.2285038     0.1536772
     D3SGQ-a93c      0.005     0.075       0.218     0.600     -0.034     0.597      0.430     0.446      0.393     0.634    0.470     0.661   0.680     0.136      0.088     0.03172  -1	   0.0394726    -0.0153928
     D3SGQ-a93d     -0.004     0.069       0.188     0.704      0.283     0.596      0.464     0.466      0.841     0.740    0.506     0.734   0.946     0.112      0.143     0.02075  -1	   0.1148094    -0.0256113
     D3SGQ-a94a      0.003     0.070       0.239     0.721     -0.474     0.601      0.492     0.546      0.675     0.708    0.545     0.676   0.667     0.104      0.107     0.02899  -1	   0.0945456     0.0181030
     D3SGQ-a94b      0.005     0.055       0.158     0.680      0.034     0.589      0.494     0.373      0.341     0.650    0.461     0.681   0.780     0.139      0.202     0.06119  -1	   0.0665494     0.0918656
     D3SGQ-a94c      0.001     0.054       0.184     0.658      0.139     0.594      0.479     0.434      0.521     0.639    0.425     0.699   0.780     0.147      0.400     0.03767  -1	   0.1002870     0.0119029
     D3SGQ-a94d      0.004     0.072       0.205     0.704     -0.030     0.602      0.401     0.413      0.096     0.682    0.506     0.679   0.802     0.134      0.105     0.03200  -1	   0.1255450     0.0315108
     D3SGQ-a95a      0.003     0.049       0.150     0.658     -0.392     0.594      0.455     0.525      0.296     0.618    0.440     0.669   0.699     0.184      0.137     0.01531  -1	   0.1918551     0.1191157
     D3SGQ-a95b      0.003     0.053       0.158     0.661     -0.274     0.598      0.455     0.557      0.479     0.664    0.444     0.707   0.582     0.172      0.108     0.01537  -1	   0.0653122     0.0365096
     D3SGQ-a95c      0.005     0.052       0.179     0.673     -0.148     0.577      0.552     0.506      0.602     0.621    0.420     0.687   0.656     0.147      0.638     0.03765  -1	   0.1360248    -0.0287756
     D3SGQ-a95d     -0.008     0.071       0.214     0.599      0.307     0.581      0.515     0.596      0.672     0.676    0.463     0.704   0.727     0.105      0.194     0.01818  -1	   0.1024777    -0.0489247
     D3SGQ-a96a      0.007     0.052       0.154     0.688     -0.224     0.593      0.481     0.552      0.294     0.638    0.441     0.687   0.637     0.163      0.125     0.01533  -1	   0.0968717     0.0361284
     D3SGQ-a96b     -0.004     0.072       0.235     0.614      0.140     0.581      0.400     0.533      0.820     0.725    0.483     0.734   0.713     0.111      0.161     0.01573  -1	   0.0675927    -0.0024862
     D3SGQ-a96c     -0.002     0.050       0.175     0.719     -0.661     0.606      0.572     0.752      0.743     0.650    0.458     0.684   0.664     0.154      0.288     0.01600  -1	   0.2472608     0.0831485
     D3SGQ-a96d     -0.003     0.077       0.239     0.691      0.231     0.587      0.410     0.415      0.273     0.706    0.501     0.706   0.854     0.102      0.217     0.01892  -1	   0.1727129    -0.0050825
     D3SGQ-a97a      0.006     0.046       0.158     0.655     -0.646     0.578      0.556     0.548      0.713     0.670    0.480     0.687   0.608     0.184      0.132     0.01141  -1	   0.2753301     0.1194896
     D3SGQ-a97b      0.011     0.048       0.158     0.721     -0.577     0.575      0.467     0.480      0.695     0.652    0.464     0.682   0.688     0.165      0.159     0.01464  -1	   0.2323091     0.1440890
     D3SGQ-a97c     -0.000     0.073       0.222     0.634      0.229     0.596      0.402     0.432      0.301     0.669    0.440     0.714   0.787     0.097      0.131     0.01704  -1	   0.0968793    -0.0203611
     D3SGQ-a97d     -0.002     0.070       0.235     0.708     -0.373     0.579      0.432     0.566      0.948     0.697    0.512     0.689   0.593     0.134      0.127     0.01516  -1	   0.0628356     0.0133117
     D3SGQ-a98a      0.010     0.057       0.175     0.651     -0.145     0.577      0.531     0.590      0.653     0.621    0.445     0.669   0.656     0.152      0.213     0.02314  -1	   0.0362721    -0.0332868
     D3SGQ-a98b      0.007     0.058       0.192     0.653     -0.329     0.568      0.471     0.468      0.926     0.671    0.499     0.674   0.582     0.175      0.049     0.01232  -1	   0.0746802     0.0154390
     D3SGQ-a98c     -0.003     0.050       0.150     0.666     -0.788     0.571      0.522     0.434      0.811     0.636    0.475     0.660   0.639     0.148      0.289     0.01425  -1	   0.3915831     0.2264634
     D3SGQ-a98d     -0.001     0.057       0.214     0.711     -0.382     0.598      0.477     0.593      0.289     0.675    0.466     0.701   0.593     0.153      0.106     0.01469  -1	   0.1221950     0.0379236
     D3SGQ-a99a      0.003     0.052       0.175     0.696     -0.739     0.586      0.436     0.350      0.677     0.605    0.450     0.650   0.711     0.191      0.334     0.01661  -1	   0.3786086     0.2737913
     D3SGQ-a99c      0.003     0.051       0.167     0.659     -0.758     0.584      0.458     0.374      0.463     0.602    0.438     0.658   0.000     0.176      0.334     0.01672  -1	   0.3505741     0.1848238
     D3SGQ-a99d      0.002     0.054       0.162     0.717     -0.747     0.587      0.394     0.275      0.214     0.610    0.458     0.650   0.765     0.171      0.329     0.01677  -1	   0.6180989     0.5574007
      D3SGQ-a9a     -0.006     0.044       0.141     0.611     -0.087     0.590      0.512     0.543      0.847     0.665    0.425     0.720   0.756     0.185      0.151     0.01173  -1	   0.0050460    -0.0154559
      D3SGQ-a9b     -0.004     0.049       0.145     0.625     -0.756     0.576      0.532     0.530      0.832     0.645    0.453     0.684   0.584     0.159      0.175     0.01220  -1	   0.3800921     0.1707230
      D3SGQ-a9c      0.001     0.056       0.188     0.622      0.540     0.595      0.429     0.392      0.412     0.651    0.474     0.674   0.842     0.126      0.169     0.02115  -1	   0.1991054     0.1336825
      D3SGQ-a9d     -0.007     0.044       0.145     0.530     -0.124     0.576      0.514     0.554      0.748     0.595    0.417     0.667   0.653     0.203      0.168     0.01168  -1	   0.0006142     0.0011820
