      D1IQD-a9d      0.021     0.027       0.108     0.707      0.147     0.788      0.580     0.554      0.930     0.552    0.506     0.559   0.851     0.168      0.422     0.01659  -1	   0.0351880     0.0171559
      D1IQD-a0a      0.018     0.042       0.143     0.643     -0.203     0.803      0.564     0.622      0.410     0.565    0.503     0.575   0.718     0.100      0.181     0.03944  -1	  -0.0056200    -0.0384034
      D1IQD-a0b      0.019     0.042       0.148     0.617      0.298     0.792      0.533     0.516      0.427     0.525    0.486     0.550   0.816     0.111      0.175     0.05697  -1	   0.1125910     0.0804195
      D1IQD-a0c      0.022     0.029       0.110     0.603      0.335     0.801      0.572     0.618      0.438     0.518    0.466     0.561   0.816     0.119      0.216     0.03249  -1	   0.0974775     0.0324065
      D1IQD-a0d      0.021     0.040       0.148     0.504      0.342     0.789      0.532     0.520      0.121     0.532    0.490     0.553   0.737     0.105      0.207     0.05811  -1	   0.1530159     0.1111773
    D1IQD-a100a      0.027     0.031       0.113     0.552     -0.424     0.793      0.597     0.673      0.475     0.516    0.476     0.550   0.566     0.125      0.329     0.00321  -1	   0.0531448    -0.0011684
    D1IQD-a100b      0.025     0.049       0.157     0.656     -0.251     0.787      0.545     0.621      0.356     0.546    0.526     0.538   0.726     0.110      0.211     0.00373  -1	   0.0547911    -0.0328744
    D1IQD-a100c      0.026     0.039       0.143     0.662     -0.390     0.799      0.553     0.536      0.118     0.511    0.483     0.541   0.699     0.094      0.245     0.00333  -1	   0.1548816     0.1130536
    D1IQD-a100d      0.027     0.038       0.143     0.668     -0.377     0.789      0.541     0.527      0.069     0.495    0.482     0.527   0.699     0.100      0.275     0.00333  -1	   0.2019507     0.1495635
    D1IQD-a101a      0.027     0.041       0.143     0.590     -0.380     0.786      0.593     0.610      0.177     0.508    0.481     0.539   0.626     0.102      0.174     0.00340  -1	   0.0928230     0.0292790
    D1IQD-a101b      0.022     0.038       0.134     0.716      0.326     0.779      0.581     0.590      0.188     0.545    0.485     0.570   0.896     0.110      0.379     0.00339  -1	   0.3289703     0.1190878
    D1IQD-a101c      0.024     0.045       0.157     0.661     -0.447     0.790      0.523     0.530      0.109     0.506    0.484     0.535   0.639     0.086      0.337     0.00339  -1	   0.2368934     0.1350762
    D1IQD-a101d      0.027     0.039       0.129     0.597     -0.281     0.785      0.542     0.524      0.021     0.485    0.496     0.505   0.653     0.111      0.288     0.00338  -1	   0.1957544     0.1719413
    D1IQD-a102a      0.022     0.044       0.157     0.626     -0.080     0.791      0.571     0.615      0.729     0.549    0.476     0.580   0.756     0.101      0.177     0.00360  -1	  -0.0013905    -0.0263775
    D1IQD-a102b      0.020     0.035       0.124     0.650     -0.112     0.783      0.599     0.606      0.674     0.518    0.500     0.532   0.788     0.126      0.294     0.00327  -1	  -0.0171473    -0.0312480
    D1IQD-a102c      0.023     0.034       0.120     0.737      0.117     0.801      0.567     0.513      0.095     0.517    0.507     0.526   0.851     0.114      0.234     0.00333  -1	   0.1762555     0.1779948
    D1IQD-a102d      0.021     0.031       0.120     0.564      0.290     0.781      0.613     0.647      0.474     0.532    0.486     0.557   0.798     0.112      0.110     0.00321  -1	   0.0304843    -0.0074065
    D1IQD-a103a      0.016     0.025       0.094     0.665     -0.114     0.792      0.653     0.680      0.984     0.486    0.508     0.497   0.788     0.167      0.069     0.00307  -1	  -0.0371079    -0.0224324
    D1IQD-a103b      0.027     0.041       0.150     0.634     -0.359     0.783      0.580     0.591      0.362     0.519    0.494     0.539   0.644     0.098      0.180     0.00341  -1	   0.0431864     0.0130390
    D1IQD-a103c      0.025     0.025       0.110     0.512     -0.009     0.784      0.629     0.666      0.689     0.499    0.479     0.532   0.717     0.135      0.271     0.00392  -1	  -0.0463225    -0.0423371
    D1IQD-a103d      0.015     0.024       0.094     0.691     -0.059     0.794      0.645     0.666      0.937     0.503    0.487     0.529   0.812     0.156      0.035     0.00310  -1	  -0.0378482    -0.0218353
    D1IQD-a104a      0.026     0.036       0.129     0.725      0.179     0.774      0.577     0.601      0.242     0.532    0.524     0.526   0.819     0.106      0.186     0.00367  -1	   0.1225987     0.0636932
    D1IQD-a104b      0.025     0.025       0.094     0.597     -0.141     0.777      0.615     0.691      0.571     0.518    0.484     0.546   0.714     0.146      0.245     0.00313  -1	  -0.0373355    -0.0467699
    D1IQD-a104c      0.023     0.024       0.089     0.639     -0.064     0.782      0.618     0.696      0.722     0.504    0.489     0.528   0.756     0.152      0.263     0.00313  -1	  -0.0490474    -0.0478625
    D1IQD-a104d      0.024     0.046       0.178     0.660     -0.395     0.782      0.474     0.491      0.820     0.558    0.521     0.552   0.699     0.098      0.232     0.00374  -1	   0.0132681     0.0732506
    D1IQD-a105a      0.020     0.033       0.129     0.729      0.086     0.786      0.565     0.637      0.426     0.533    0.506     0.542   0.841     0.106      0.158     0.00449  -1	   0.0196706    -0.0151686
    D1IQD-a105b      0.027     0.032       0.129     0.619      0.051     0.774      0.605     0.663      1.000     0.554    0.549     0.527   0.761     0.126      0.050     0.00360  -1	   0.0306191    -0.0020842
    D1IQD-a105c      0.023     0.048       0.178     0.650      0.098     0.785      0.530     0.572      0.077     0.556    0.519     0.552   0.817     0.089      0.155     0.00400  -1	   0.1236081     0.0179461
    D1IQD-a105d      0.022     0.032       0.115     0.651     -0.049     0.798      0.599     0.567      0.509     0.518    0.496     0.536   0.852     0.108      0.299     0.00355  -1	   0.0072318     0.0018016
    D1IQD-a106a      0.021     0.042       0.174     0.648     -0.307     0.788      0.532     0.536      0.451     0.529    0.517     0.529   0.756     0.080      0.154     0.00407  -1	  -0.0067198     0.0195341
    D1IQD-a106b      0.029     0.031       0.124     0.640      0.231     0.786      0.539     0.529      0.475     0.530    0.495     0.549   0.784     0.113      0.270     0.00369  -1	   0.0911212     0.0916223
    D1IQD-a106c      0.019     0.042       0.155     0.618      0.034     0.781      0.561     0.597      0.128     0.501    0.471     0.541   0.725     0.091      0.235     0.00370  -1	   0.1004989     0.0025539
    D1IQD-a106d      0.024     0.040       0.146     0.685      0.137     0.790      0.532     0.574      0.233     0.511    0.470     0.551   0.827     0.110      0.265     0.00513  -1	   0.1389234     0.0231540
    D1IQD-a107a      0.028     0.043       0.157     0.496      0.098     0.784      0.535     0.559      0.454     0.493    0.485     0.522   0.618     0.084      0.175     0.00444  -1	   0.0155369     0.0248460
    D1IQD-a107b      0.023     0.040       0.164     0.611      0.170     0.802      0.531     0.537      0.505     0.493    0.475     0.529   0.739     0.089      0.388     0.00464  -1	   0.1251130     0.0614904
    D1IQD-a107c      0.027     0.049       0.164     0.559     -0.216     0.776      0.509     0.564      0.228     0.504    0.498     0.523   0.700     0.088      0.193     0.00482  -1	   0.0572831     0.0213858
    D1IQD-a107d      0.026     0.045       0.164     0.581      0.060     0.784      0.527     0.552      0.179     0.482    0.469     0.525   0.744     0.081      0.172     0.00447  -1	   0.0639992     0.0181462
    D1IQD-a108a      0.021     0.044       0.157     0.553     -0.009     0.795      0.587     0.603      0.710     0.516    0.500     0.531   0.778     0.098      0.100     0.05557  -1	  -0.0081468    -0.0269540
    D1IQD-a108b      0.018     0.049       0.169     0.536      0.418     0.803      0.527     0.509      0.041     0.520    0.497     0.537   0.743     0.087      0.244     0.05584  -1	   0.3042637     0.1802159
    D1IQD-a108c      0.022     0.042       0.157     0.547      0.059     0.793      0.556     0.550      0.657     0.533    0.491     0.554   0.682     0.103      0.097     0.05330  -1	  -0.0004347     0.0130650
    D1IQD-a108d      0.017     0.050       0.169     0.619      0.400     0.800      0.491     0.466      0.079     0.528    0.513     0.532   0.822     0.087      0.250     0.05910  -1	   0.3330799     0.2309286
    D1IQD-a109a      0.023     0.043       0.155     0.660      0.148     0.786      0.592     0.592      0.512     0.544    0.505     0.553   0.827     0.096      0.148     0.00375  -1	   0.0466100     0.0051669
    D1IQD-a109b      0.025     0.038       0.146     0.619     -0.376     0.777      0.621     0.654      0.366     0.499    0.484     0.528   0.644     0.104      0.183     0.00338  -1	   0.0453555    -0.0146715
    D1IQD-a109c      0.020     0.038       0.134     0.737      0.128     0.785      0.586     0.676      0.050     0.508    0.493     0.529   0.851     0.114      0.259     0.00351  -1	   0.2231528     0.0037120
    D1IQD-a109d      0.030     0.038       0.120     0.740     -0.568     0.788      0.547     0.619      0.229     0.539    0.482     0.567   0.688     0.125      0.233     0.00302  -1	   0.2341299     0.0819116
     D1IQD-a10a      0.021     0.028       0.108     0.712      0.142     0.786      0.583     0.559      0.958     0.550    0.514     0.550   0.851     0.167      0.422     0.01658  -1	   0.0338729     0.0115177
     D1IQD-a10b      0.013     0.050       0.188     0.526     -0.121     0.789      0.541     0.585      0.950     0.555    0.492     0.573   0.653     0.074      0.319     0.00896  -1	   0.0294267     0.0364235
     D1IQD-a10c      0.020     0.027       0.108     0.701      0.150     0.792      0.579     0.557      0.967     0.538    0.516     0.538   0.819     0.165      0.422     0.01666  -1	   0.0317078     0.0205779
     D1IQD-a10d      0.021     0.044       0.183     0.546      0.053     0.776      0.580     0.621      0.565     0.561    0.517     0.559   0.682     0.072      0.052     0.01084  -1	  -0.0157061    -0.0125497
     D1IQD-a11a      0.023     0.024       0.096     0.682     -0.132     0.800      0.604     0.655      0.996     0.575    0.521     0.569   0.788     0.173      0.109     0.01382  -1	  -0.0208807    -0.0092603
     D1IQD-a11b      0.023     0.029       0.110     0.700      0.251     0.792      0.572     0.562      0.281     0.533    0.502     0.545   0.896     0.155      0.183     0.01485  -1	   0.0974097     0.0766094
     D1IQD-a11c      0.020     0.033       0.127     0.613      0.273     0.800      0.602     0.571      0.580     0.535    0.518     0.534   0.816     0.119      0.009     0.01234  -1	   0.0245302     0.0401546
     D1IQD-a11d      0.023     0.029       0.110     0.604      0.095     0.793      0.609     0.622      0.285     0.510    0.477     0.544   0.761     0.163      0.218     0.01462  -1	   0.0253001    -0.0144458
     D1IQD-a12a      0.020     0.048       0.162     0.689     -0.028     0.800      0.584     0.597      0.062     0.530    0.489     0.553   0.852     0.095      0.287     0.01240  -1	   0.1985368     0.0124729
     D1IQD-a12b      0.023     0.036       0.146     0.738      0.132     0.800      0.530     0.489      0.050     0.522    0.496     0.539   0.851     0.113      0.060     0.01251  -1	   0.0846296     0.1520268
     D1IQD-a12c      0.023     0.036       0.139     0.718      0.148     0.789      0.541     0.518      0.198     0.539    0.510     0.544   0.851     0.117      0.090     0.01266  -1	   0.0594593     0.0923843
     D1IQD-a12d      0.023     0.034       0.143     0.722      0.041     0.784      0.537     0.506      0.137     0.528    0.494     0.547   0.805     0.115      0.055     0.01290  -1	   0.0232995     0.1002863
     D1IQD-a13a      0.024     0.035       0.141     0.719      0.085     0.789      0.526     0.476      0.046     0.518    0.494     0.537   0.841     0.112      0.068     0.01285  -1	   0.0697372     0.1574946
     D1IQD-a13b      0.023     0.032       0.122     0.641      0.347     0.800      0.550     0.539      0.985     0.559    0.543     0.535   0.816     0.110      0.502     0.01353  -1	   0.2126863     0.1502814
     D1IQD-a13c      0.021     0.038       0.143     0.780      0.043     0.800      0.549     0.500      0.854     0.551    0.514     0.552   0.785     0.118      0.105     0.01246  -1	   0.0143235     0.0408834
     D1IQD-a13d      0.022     0.040       0.148     0.780      0.162     0.789      0.523     0.476      0.075     0.518    0.516     0.520   0.798     0.114      0.109     0.01228  -1	   0.1535410     0.1988330
     D1IQD-a14a      0.023     0.038       0.148     0.776      0.097     0.794      0.521     0.487      0.125     0.538    0.509     0.544   0.821     0.115      0.107     0.01216  -1	   0.1034202     0.1473474
     D1IQD-a14b      0.025     0.034       0.134     0.672      0.119     0.790      0.576     0.532      0.490     0.495    0.498     0.513   0.827     0.107      0.262     0.01496  -1	   0.0505690     0.0533463
     D1IQD-a14c      0.022     0.048       0.164     0.613     -0.045     0.783      0.527     0.496      0.269     0.512    0.476     0.547   0.796     0.095      0.243     0.01425  -1	   0.0706707     0.0476976
     D1IQD-a14d      0.026     0.034       0.134     0.667      0.140     0.792      0.566     0.522      0.611     0.508    0.497     0.526   0.827     0.119      0.262     0.01511  -1	   0.0435368     0.0501602
     D1IQD-a15a      0.025     0.041       0.141     0.563     -0.264     0.798      0.599     0.566      0.294     0.494    0.477     0.529   0.653     0.116      0.196     0.03180  -1	   0.0297773     0.0177264
     D1IQD-a15b      0.025     0.038       0.134     0.640     -0.129     0.793      0.599     0.571      0.294     0.501    0.472     0.540   0.732     0.105      0.220     0.02129  -1	   0.0344270     0.0172248
     D1IQD-a15c      0.025     0.039       0.139     0.631     -0.396     0.790      0.589     0.604      0.992     0.509    0.495     0.529   0.644     0.102      0.230     0.02409  -1	   0.0223040     0.0324013
     D1IQD-a15d      0.025     0.041       0.141     0.611     -0.406     0.792      0.568     0.577      0.997     0.525    0.509     0.532   0.584     0.100      0.369     0.02412  -1	   0.0097964     0.0536832
     D1IQD-a16a      0.025     0.031       0.124     0.710      0.193     0.787      0.607     0.590      1.000     0.565    0.532     0.551   0.819     0.139      0.077     0.04278  -1	   0.0743869     0.0297850
     D1IQD-a16b      0.023     0.033       0.127     0.721      0.255     0.780      0.554     0.519      0.929     0.552    0.522     0.546   0.896     0.138      0.045     0.03231  -1	   0.0794039     0.0534680
     D1IQD-a16c      0.021     0.041       0.141     0.624     -0.285     0.804      0.597     0.563      0.136     0.502    0.436     0.570   0.671     0.129      0.206     0.03096  -1	   0.0930151     0.0451250
     D1IQD-a17a      0.025     0.031       0.120     0.724      0.154     0.780      0.602     0.586      1.000     0.570    0.558     0.533   0.819     0.135      0.093     0.04178  -1	   0.0524453     0.0273595
     D1IQD-a17b      0.025     0.034       0.150     0.693      0.117     0.789      0.560     0.540      0.808     0.575    0.549     0.546   0.827     0.096      0.173     0.05705  -1	   0.0392082     0.0596376
     D1IQD-a17c      0.024     0.032       0.117     0.765      0.215     0.786      0.575     0.561      0.499     0.538    0.505     0.547   0.844     0.130      0.042     0.02961  -1	   0.0265398     0.0623321
     D1IQD-a17d      0.021     0.039       0.153     0.487      0.304     0.793      0.598     0.578      0.350     0.541    0.512     0.545   0.672     0.095      0.144     0.05297  -1	   0.0729154     0.0535066
     D1IQD-a18a      0.019     0.037       0.139     0.707      0.006     0.791      0.556     0.509      0.404     0.501    0.508     0.510   0.805     0.108      0.100     0.05075  -1	  -0.0143811     0.0505603
     D1IQD-a18b      0.024     0.042       0.155     0.603      0.050     0.779      0.602     0.628      0.218     0.577    0.484     0.600   0.761     0.106      0.124     0.01722  -1	   0.0196931    -0.0337559
     D1IQD-a18c      0.025     0.036       0.141     0.664     -0.221     0.790      0.590     0.603      0.744     0.584    0.525     0.574   0.773     0.116      0.182     0.02024  -1	  -0.0214093    -0.0127794
     D1IQD-a18d      0.023     0.035       0.124     0.582      0.038     0.784      0.624     0.631      0.783     0.543    0.478     0.573   0.708     0.119      0.019     0.04535  -1	  -0.0041813    -0.0251071
     D1IQD-a19a      0.020     0.043       0.164     0.639      0.100     0.791      0.575     0.565      0.861     0.523    0.505     0.532   0.771     0.104      0.125     0.05209  -1	   0.0446809     0.0163883
     D1IQD-a19b      0.023     0.035       0.122     0.572     -0.037     0.784      0.612     0.614      0.554     0.553    0.500     0.565   0.778     0.117     -0.004     0.04339  -1	  -0.0614240    -0.0390681
     D1IQD-a19c      0.025     0.032       0.134     0.611      0.053     0.785      0.630     0.651      0.065     0.528    0.474     0.563   0.761     0.136      0.105     0.05688  -1	   0.0286598    -0.0059355
     D1IQD-a19d      0.024     0.031       0.122     0.696     -0.122     0.791      0.581     0.598      0.191     0.546    0.479     0.577   0.788     0.107      0.204     0.05469  -1	   0.0550271     0.0247409
      D1IQD-a1a      0.013     0.044       0.155     0.670     -0.319     0.799      0.586     0.636      0.696     0.527    0.491     0.549   0.812     0.100      0.218     0.04674  -1	  -0.0088410    -0.0422847
      D1IQD-a1b      0.020     0.027       0.110     0.694      0.149     0.793      0.609     0.598      0.902     0.550    0.524     0.542   0.827     0.155      0.058     0.01668  -1	   0.0111010     0.0062555
      D1IQD-a1c      0.022     0.033       0.122     0.640      0.139     0.793      0.566     0.580      0.341     0.545    0.477     0.576   0.771     0.128      0.031     0.02746  -1	  -0.0261780     0.0012511
      D1IQD-a1d      0.018     0.047       0.157     0.540      0.371     0.801      0.540     0.540      0.175     0.525    0.507     0.534   0.769     0.088      0.361     0.05509  -1	   0.3030585     0.1327264
     D1IQD-a20a      0.021     0.039       0.136     0.681      0.030     0.782      0.554     0.501      0.853     0.525    0.512     0.529   0.781     0.115      0.123     0.05037  -1	   0.0027077     0.0302131
     D1IQD-a20b      0.021     0.037       0.134     0.672      0.028     0.792      0.555     0.505      0.653     0.516    0.487     0.541   0.781     0.116      0.124     0.05091  -1	  -0.0165609     0.0315419
     D1IQD-a20c      0.021     0.037       0.136     0.706      0.019     0.790      0.559     0.512      0.323     0.510    0.522     0.507   0.805     0.110      0.097     0.05117  -1	   0.0027420     0.0671919
     D1IQD-a20d      0.020     0.041       0.143     0.498      0.474     0.799      0.523     0.507      0.233     0.476    0.488     0.504   0.692     0.109      0.254     0.05756  -1	   0.2506185     0.1811902
     D1IQD-a21a      0.015     0.067       0.223     0.698     -0.043     0.780      0.435     0.448      0.961     0.599    0.510     0.599   0.747     0.069      0.230     0.00823  -1	   0.0879541     0.0671080
     D1IQD-a21b      0.020     0.027       0.110     0.691      0.129     0.796      0.586     0.561      0.935     0.545    0.492     0.565   0.827     0.160      0.414     0.01642  -1	   0.0272014     0.0146934
     D1IQD-a21c      0.023     0.044       0.176     0.550      0.033     0.780      0.567     0.593      1.000     0.642    0.556     0.603   0.708     0.075      0.062     0.01068  -1	   0.0904523     0.0424672
     D1IQD-a21d      0.021     0.027       0.106     0.703      0.130     0.789      0.596     0.579      0.831     0.555    0.516     0.553   0.851     0.163      0.411     0.01645  -1	   0.0352540     0.0042397
     D1IQD-a22a      0.022     0.040       0.164     0.569      0.025     0.783      0.601     0.637      0.418     0.571    0.496     0.584   0.708     0.073      0.070     0.01088  -1	  -0.0359646    -0.0332902
     D1IQD-a22b      0.020     0.049       0.192     0.588     -0.057     0.791      0.603     0.626      0.714     0.566    0.502     0.576   0.738     0.070      0.088     0.01123  -1	   0.0001410    -0.0232711
     D1IQD-a22c      0.021     0.027       0.106     0.652      0.145     0.805      0.606     0.593      0.985     0.579    0.504     0.585   0.827     0.174      0.442     0.01513  -1	   0.0468229     0.0088287
     D1IQD-a22d      0.020     0.027       0.108     0.690      0.069     0.794      0.578     0.561      0.980     0.531    0.502     0.543   0.817     0.163      0.422     0.01683  -1	  -0.0024337     0.0081621
     D1IQD-a23a      0.019     0.031       0.131     0.678      0.127     0.781      0.610     0.608      0.277     0.485    0.479     0.519   0.827     0.105     -0.022     0.01175  -1	  -0.0417100     0.0159170
     D1IQD-a23b      0.021     0.027       0.106     0.695      0.138     0.795      0.592     0.573      0.899     0.557    0.521     0.551   0.827     0.162      0.422     0.01659  -1	   0.0385106     0.0151060
     D1IQD-a23c      0.009     0.058       0.214     0.641      0.190     0.779      0.517     0.506      0.206     0.578    0.505     0.584   0.778     0.070      0.091     0.01013  -1	   0.0948511     0.0497427
     D1IQD-a23d      0.018     0.053       0.192     0.582      0.036     0.777      0.577     0.599      0.428     0.591    0.503     0.598   0.587     0.068      0.091     0.01113  -1	   0.0032081    -0.0170746
     D1IQD-a24a      0.018     0.046       0.185     0.535      0.208     0.784      0.586     0.563      0.645     0.583    0.500     0.593   0.705     0.076      0.117     0.00990  -1	   0.0742830     0.0463991
     D1IQD-a24b      0.017     0.038       0.148     0.572      0.242     0.792      0.573     0.584      0.706     0.532    0.473     0.567   0.767     0.084      0.268     0.00920  -1	   0.0918293     0.0441833
     D1IQD-a24c      0.015     0.050       0.181     0.609     -0.043     0.774      0.547     0.602      0.925     0.578    0.512     0.579   0.796     0.096      0.196     0.00922  -1	   0.0343213    -0.0039021
     D1IQD-a24d      0.019     0.044       0.150     0.634      0.253     0.775      0.551     0.581      0.065     0.551    0.518     0.549   0.816     0.098      0.261     0.00981  -1	   0.2346852     0.0707917
     D1IQD-a25a      0.023     0.033       0.115     0.774      0.019     0.797      0.569     0.629      0.345     0.528    0.473     0.564   0.785     0.120      0.350     0.00851  -1	   0.1244731     0.0005541
     D1IQD-a25b      0.021     0.031       0.115     0.719      0.021     0.799      0.538     0.570      0.157     0.532    0.493     0.551   0.805     0.119      0.306     0.00860  -1	   0.1494617     0.0683482
     D1IQD-a25c      0.013     0.045       0.176     0.593      0.247     0.807      0.551     0.545      0.500     0.562    0.511     0.565   0.767     0.096      0.062     0.00810  -1	   0.0607347     0.0477804
     D1IQD-a25d      0.010     0.043       0.174     0.651      0.211     0.800      0.591     0.646      0.088     0.504    0.483     0.533   0.840     0.095      0.086     0.00907  -1	   0.0882685    -0.0128715
     D1IQD-a26a      0.022     0.041       0.155     0.674     -0.066     0.779      0.563     0.529      0.116     0.574    0.528     0.562   0.812     0.097      0.264     0.01165  -1	   0.1417871     0.0895009
     D1IQD-a26b      0.025     0.031       0.115     0.672      0.181     0.797      0.585     0.618      0.195     0.518    0.504     0.529   0.794     0.135      0.274     0.00898  -1	   0.1473105     0.0430113
     D1IQD-a26c      0.023     0.036       0.141     0.747      0.046     0.792      0.517     0.468      0.073     0.509    0.504     0.521   0.805     0.116      0.080     0.01270  -1	   0.0763037     0.1674570
     D1IQD-a26d      0.022     0.033       0.122     0.761      0.139     0.804      0.544     0.578      0.238     0.518    0.488     0.543   0.831     0.122      0.278     0.00870  -1	   0.1573824     0.0656915
     D1IQD-a27a      0.024     0.032       0.129     0.637      0.041     0.799      0.612     0.600      0.212     0.509    0.483     0.538   0.725     0.127      0.077     0.01044  -1	  -0.0124908     0.0190944
     D1IQD-a27b      0.025     0.032       0.122     0.580      0.276     0.791      0.589     0.558      0.345     0.525    0.505     0.535   0.798     0.133      0.108     0.01000  -1	   0.0395538     0.0562237
     D1IQD-a27c      0.025     0.034       0.134     0.678      0.323     0.805      0.572     0.547      0.093     0.525    0.492     0.545   0.872     0.116      0.046     0.01066  -1	   0.1147076     0.1310123
     D1IQD-a27d      0.022     0.033       0.117     0.744      0.251     0.800      0.552     0.517      0.472     0.552    0.496     0.568   0.896     0.129      0.456     0.01029  -1	   0.2249454     0.1179694
     D1IQD-a28a      0.023     0.035       0.141     0.715      0.079     0.795      0.538     0.516      0.316     0.530    0.526     0.523   0.841     0.121      0.081     0.01307  -1	   0.0091687     0.0608782
     D1IQD-a28b      0.021     0.049       0.171     0.614     -0.089     0.781      0.531     0.505      0.303     0.544    0.504     0.553   0.756     0.086      0.220     0.01463  -1	   0.0487097     0.0385840
     D1IQD-a28c      0.025     0.030       0.120     0.625      0.310     0.801      0.607     0.588      0.442     0.530    0.510     0.536   0.816     0.128      0.104     0.01017  -1	   0.0625260     0.0660906
     D1IQD-a28d      0.022     0.037       0.146     0.731      0.104     0.785      0.524     0.496      0.193     0.529    0.510     0.536   0.851     0.119      0.095     0.01301  -1	   0.0554620     0.0974638
     D1IQD-a29a      0.028     0.042       0.153     0.720     -0.033     0.791      0.523     0.556      0.735     0.528    0.506     0.537   0.876     0.103      0.172     0.00924  -1	   0.0020428    -0.0028843
     D1IQD-a29b      0.028     0.042       0.148     0.661     -0.097     0.786      0.510     0.537      0.292     0.511    0.482     0.541   0.812     0.095      0.146     0.00914  -1	   0.0245160     0.0226791
     D1IQD-a29c      0.023     0.035       0.136     0.675     -0.317     0.794      0.576     0.589      0.496     0.506    0.497     0.524   0.812     0.102      0.286     0.02047  -1	   0.0271011    -0.0028245
     D1IQD-a29d      0.026     0.033       0.129     0.640     -0.294     0.782      0.597     0.645      0.641     0.586    0.516     0.584   0.671     0.105      0.187     0.00994  -1	  -0.0171165    -0.0128921
      D1IQD-a2a      0.025     0.030       0.110     0.557      0.224     0.796      0.585     0.583      0.435     0.506    0.465     0.550   0.767     0.150      0.252     0.01458  -1	   0.0431431     0.0144493
      D1IQD-a2b      0.023     0.036       0.139     0.727      0.148     0.792      0.528     0.483      0.172     0.537    0.490     0.558   0.851     0.121      0.096     0.01257  -1	   0.0702178     0.1255269
      D1IQD-a2c      0.021     0.033       0.124     0.724      0.326     0.807      0.609     0.574      0.167     0.539    0.492     0.559   0.896     0.118      0.056     0.01118  -1	   0.1145711     0.1422309
      D1IQD-a2d      0.022     0.029       0.110     0.545      0.102     0.800      0.612     0.625      0.291     0.511    0.504     0.523   0.692     0.159      0.218     0.01448  -1	   0.0075301    -0.0178807
     D1IQD-a30a      0.028     0.026       0.099     0.718      0.029     0.788      0.621     0.650      0.946     0.532    0.488     0.554   0.805     0.142      0.088     0.01351  -1	  -0.0036956    -0.0054320
     D1IQD-a30b      0.028     0.031       0.122     0.713     -0.134     0.779      0.606     0.673      0.614     0.510    0.469     0.550   0.812     0.111      0.268     0.01083  -1	  -0.0071396    -0.0420834
     D1IQD-a30c      0.026     0.026       0.106     0.605     -0.496     0.785      0.594     0.582      0.300     0.506    0.497     0.524   0.627     0.111      0.447     0.02839  -1	   0.1870736     0.1124665
     D1IQD-a30d      0.023     0.067       0.228     0.584      0.116     0.765      0.509     0.517      0.029     0.525    0.494     0.544   0.587     0.071      0.195     0.00830  -1	   0.1963732     0.0543899
     D1IQD-a31a      0.027     0.034       0.136     0.607      0.005     0.783      0.604     0.600      0.614     0.541    0.503     0.552   0.725     0.106      0.077     0.01190  -1	  -0.0345717    -0.0073773
     D1IQD-a31b      0.023     0.033       0.134     0.583      0.188     0.792      0.566     0.548      0.408     0.560    0.506     0.566   0.721     0.124     -0.004     0.02839  -1	  -0.0289627     0.0275647
     D1IQD-a31c      0.024     0.041       0.157     0.642      0.192     0.774      0.586     0.613      0.310     0.570    0.476     0.599   0.739     0.103      0.091     0.01730  -1	   0.0465267     0.0133354
     D1IQD-a31d      0.028     0.037       0.143     0.655      0.200     0.768      0.577     0.572      0.090     0.481    0.479     0.515   0.840     0.100      0.181     0.00933  -1	   0.1465302     0.0809605
     D1IQD-a32a      0.024     0.040       0.162     0.563      0.224     0.771      0.599     0.629      0.128     0.578    0.492     0.595   0.767     0.096      0.114     0.01730  -1	   0.0637143    -0.0049450
     D1IQD-a32b      0.025     0.036       0.148     0.609     -0.067     0.792      0.584     0.604      0.304     0.513    0.506     0.524   0.756     0.116      0.108     0.02032  -1	  -0.0224452    -0.0213323
     D1IQD-a32d      0.024     0.040       0.167     0.596      0.223     0.768      0.577     0.599      0.121     0.602    0.481     0.625   0.767     0.090      0.272     0.01674  -1	   0.1752886     0.0416402
     D1IQD-a33a      0.026     0.029       0.108     0.652      0.180     0.795      0.579     0.625      0.233     0.507    0.461     0.554   0.794     0.125      0.431     0.00917  -1	   0.1998195     0.0193048
     D1IQD-a33b      0.025     0.029       0.120     0.711      0.151     0.795      0.619     0.629      0.289     0.518    0.469     0.558   0.819     0.141      0.111     0.02823  -1	   0.0296572     0.0287412
     D1IQD-a33c      0.024     0.035       0.139     0.786      0.155     0.778      0.591     0.559      0.868     0.543    0.529     0.533   0.798     0.127      0.030     0.03091  -1	   0.0358322     0.0449509
     D1IQD-a33d      0.027     0.049       0.183     0.625     -0.349     0.773      0.522     0.537      0.702     0.571    0.522     0.563   0.756     0.077      0.253     0.00913  -1	   0.0250660     0.0323595
     D1IQD-a34a      0.025     0.034       0.139     0.679      0.043     0.792      0.584     0.562      0.977     0.546    0.501     0.557   0.781     0.113      0.113     0.05440  -1	   0.0324663     0.0252869
     D1IQD-a34b      0.024     0.040       0.143     0.645     -0.069     0.790      0.581     0.522      0.937     0.548    0.532     0.535   0.756     0.107      0.289     0.02290  -1	   0.0068593     0.0231156
     D1IQD-a34c      0.025     0.040       0.146     0.649      0.083     0.782      0.563     0.504      0.401     0.534    0.502     0.546   0.761     0.110      0.334     0.02226  -1	   0.1006960     0.0740791
     D1IQD-a34d      0.022     0.041       0.178     0.667      0.176     0.760      0.554     0.501      0.145     0.758    0.537     0.731   0.794     0.074      0.053     0.01485  -1	   0.0313668     0.1064842
     D1IQD-a35a      0.024     0.039       0.143     0.676      0.002     0.782      0.573     0.508      0.452     0.532    0.530     0.522   0.781     0.104      0.332     0.02227  -1	   0.0726891     0.0619737
     D1IQD-a35b      0.024     0.042       0.155     0.635      0.025     0.782      0.559     0.504      0.543     0.534    0.516     0.534   0.725     0.105      0.308     0.02333  -1	   0.0479531     0.0463642
     D1IQD-a35c      0.025     0.038       0.146     0.671      0.117     0.780      0.590     0.550      0.952     0.508    0.499     0.524   0.827     0.090      0.127     0.02747  -1	   0.0527818     0.0342262
     D1IQD-a35d      0.024     0.037       0.141     0.660     -0.091     0.779      0.594     0.593      0.591     0.533    0.501     0.546   0.812     0.103      0.222     0.03504  -1	  -0.0107514    -0.0203844
     D1IQD-a36a      0.023     0.041       0.141     0.646     -0.082     0.788      0.584     0.526      0.964     0.585    0.511     0.586   0.756     0.112      0.309     0.02242  -1	   0.0193392     0.0169045
     D1IQD-a36b      0.021     0.033       0.124     0.629      0.127     0.776      0.577     0.574      0.781     0.559    0.494     0.574   0.771     0.117      0.274     0.02617  -1	   0.0284854     0.0191152
     D1IQD-a36c      0.024     0.041       0.150     0.657     -0.003     0.789      0.565     0.498      0.376     0.556    0.530     0.544   0.852     0.107      0.306     0.02193  -1	   0.0825327     0.0647857
     D1IQD-a36d      0.023     0.042       0.143     0.630     -0.028     0.773      0.571     0.501      0.980     0.574    0.539     0.553   0.796     0.108      0.292     0.02192  -1	   0.0261885     0.0354177
     D1IQD-a37a      0.021     0.070       0.244     0.628      0.007     0.771      0.476     0.579      0.012     0.571    0.493     0.588   0.713     0.057      0.227     0.01244  -1	   0.2067633    -0.0359498
     D1IQD-a37b      0.021     0.072       0.242     0.623     -0.022     0.770      0.459     0.560      0.149     0.570    0.467     0.606   0.680     0.057      0.213     0.01254  -1	   0.1454433    -0.0320902
     D1IQD-a37c      0.021     0.069       0.239     0.607     -0.099     0.769      0.486     0.587      0.490     0.534    0.489     0.557   0.680     0.055      0.229     0.01259  -1	   0.0635698    -0.0303788
     D1IQD-a37d      0.023     0.051       0.176     0.618      0.039     0.770      0.579     0.640      0.144     0.511    0.473     0.548   0.713     0.077      0.264     0.00878  -1	   0.1431071    -0.0369091
     D1IQD-a38a      0.021     0.027       0.108     0.699      0.170     0.786      0.593     0.580      0.992     0.536    0.495     0.553   0.794     0.163      0.422     0.01707  -1	   0.0398042     0.0111929
     D1IQD-a38b      0.020     0.053       0.192     0.618      0.138     0.779      0.573     0.578      0.098     0.521    0.474     0.556   0.713     0.071      0.383     0.00935  -1	   0.2739726     0.0427478
     D1IQD-a38c      0.021     0.032       0.129     0.660      0.132     0.777      0.604     0.606      0.698     0.518    0.469     0.559   0.827     0.110     -0.022     0.01173  -1	  -0.0149766    -0.0037783
     D1IQD-a38d      0.022     0.041       0.178     0.600      0.088     0.782      0.586     0.610      0.638     0.559    0.526     0.550   0.761     0.074      0.118     0.01128  -1	   0.0129220     0.0073533
     D1IQD-a39a      0.018     0.044       0.143     0.630      0.261     0.772      0.534     0.559      0.206     0.548    0.525     0.541   0.816     0.103      0.261     0.00977  -1	   0.1858193     0.0642610
     D1IQD-a39b      0.017     0.059       0.211     0.569      0.054     0.775      0.550     0.590      0.664     0.621    0.511     0.620   0.612     0.067      0.146     0.01101  -1	   0.0559698     0.0028195
     D1IQD-a39c      0.021     0.047       0.202     0.552      0.041     0.769      0.590     0.613      0.561     0.573    0.485     0.596   0.708     0.067      0.119     0.01117  -1	   0.0067954    -0.0126966
     D1IQD-a39d      0.017     0.042       0.155     0.611      0.305     0.781      0.546     0.564      0.085     0.552    0.488     0.574   0.816     0.095      0.260     0.00974  -1	   0.2278127     0.0873142
      D1IQD-a3a      0.022     0.040       0.150     0.593     -0.252     0.794      0.581     0.493      0.167     0.506    0.519     0.507   0.653     0.093      0.211     0.02187  -1	   0.0638148     0.1221826
      D1IQD-a3b      0.023     0.039       0.148     0.779      0.171     0.794      0.535     0.491      0.618     0.565    0.526     0.555   0.798     0.112      0.117     0.01226  -1	   0.0636946     0.0920850
      D1IQD-a3c      0.020     0.041       0.143     0.664     -0.172     0.790      0.641     0.646      0.975     0.531    0.508     0.538   0.757     0.113      0.135     0.01704  -1	   0.0029913    -0.0207986
      D1IQD-a3d      0.026     0.035       0.134     0.643      0.192     0.796      0.567     0.511      0.443     0.499    0.491     0.523   0.739     0.106      0.248     0.01604  -1	   0.0805168     0.0968874
     D1IQD-a40a      0.015     0.047       0.167     0.641      0.205     0.788      0.533     0.525      0.813     0.518    0.488     0.543   0.784     0.100      0.150     0.00757  -1	   0.0896112     0.0461381
     D1IQD-a40b      0.013     0.048       0.169     0.650      0.137     0.779      0.517     0.508      0.880     0.538    0.511     0.542   0.827     0.101      0.143     0.00759  -1	   0.0634445     0.0371160
     D1IQD-a40c      0.013     0.046       0.171     0.558     -0.171     0.791      0.542     0.586      0.201     0.538    0.486     0.562   0.684     0.081      0.293     0.00898  -1	   0.0688291    -0.0134561
     D1IQD-a40d      0.015     0.045       0.171     0.637     -0.327     0.789      0.539     0.579      0.531     0.547    0.509     0.553   0.756     0.077      0.259     0.00900  -1	   0.0129211    -0.0090175
     D1IQD-a41a      0.016     0.042       0.164     0.546      0.320     0.794      0.554     0.545      0.632     0.555    0.513     0.557   0.737     0.080      0.368     0.00919  -1	   0.1865958     0.1156548
     D1IQD-a41b      0.015     0.045       0.171     0.602      0.110     0.778      0.599     0.584      1.000     0.598    0.564     0.555   0.771     0.092      0.182     0.00988  -1	   0.0875614     0.0266356
     D1IQD-a41c      0.009     0.047       0.178     0.612      0.296     0.804      0.550     0.582      0.091     0.532    0.521     0.529   0.816     0.085      0.124     0.00913  -1	   0.1546442     0.0483908
     D1IQD-a41d      0.019     0.047       0.167     0.628     -0.166     0.782      0.566     0.615      0.553     0.556    0.505     0.564   0.701     0.098      0.190     0.00923  -1	  -0.0062948    -0.0377771
     D1IQD-a42a      0.023     0.039       0.148     0.787      0.166     0.795      0.535     0.481      0.678     0.546    0.506     0.554   0.798     0.120      0.120     0.01230  -1	   0.0582004     0.0832793
     D1IQD-a42b      0.012     0.038       0.146     0.551     -0.059     0.790      0.568     0.648      0.131     0.544    0.496     0.561   0.738     0.098      0.162     0.00734  -1	   0.0021719    -0.0682138
     D1IQD-a42c      0.015     0.047       0.174     0.673     -0.158     0.781      0.517     0.547      0.252     0.523    0.477     0.556   0.757     0.086      0.297     0.00746  -1	   0.0988100     0.0125827
     D1IQD-a42d      0.017     0.041       0.155     0.661      0.008     0.783      0.608     0.588      1.000     0.599    0.544     0.573   0.781     0.087      0.198     0.00992  -1	   0.0423898     0.0108396
     D1IQD-a43a      0.017     0.035       0.117     0.677     -0.100     0.791      0.604     0.613      0.345     0.559    0.517     0.557   0.812     0.143      0.270     0.00813  -1	   0.0457070    -0.0217937
     D1IQD-a43b      0.026     0.035       0.141     0.733      0.348     0.801      0.559     0.542      0.063     0.525    0.487     0.549   0.896     0.115      0.033     0.01047  -1	   0.1573810     0.1662594
     D1IQD-a43c      0.024     0.035       0.136     0.726     -0.425     0.782      0.551     0.585      0.318     0.531    0.507     0.539   0.664     0.115      0.268     0.00743  -1	   0.1177630     0.0501708
     D1IQD-a43d      0.022     0.026       0.106     0.592      0.069     0.799      0.620     0.629      0.671     0.542    0.517     0.541   0.744     0.156      0.079     0.00719  -1	  -0.0492507    -0.0259353
     D1IQD-a44a      0.024     0.035       0.129     0.614      0.309     0.799      0.607     0.581      0.585     0.540    0.502     0.552   0.816     0.128      0.071     0.00897  -1	   0.0688604     0.0477534
     D1IQD-a44b      0.021     0.038       0.143     0.689     -0.318     0.781      0.628     0.693      0.476     0.520    0.497     0.537   0.812     0.095      0.194     0.00630  -1	   0.0160174    -0.0491993
     D1IQD-a44c      0.017     0.036       0.127     0.589     -0.276     0.788      0.592     0.638      0.954     0.559    0.537     0.542   0.653     0.123      0.108     0.00663  -1	   0.0028251     0.0062828
     D1IQD-a44d      0.024     0.031       0.103     0.621      0.193     0.792      0.632     0.612      0.831     0.532    0.480     0.561   0.739     0.132      0.067     0.00919  -1	   0.0362760     0.0006177
     D1IQD-a45a      0.018     0.065       0.228     0.645      0.168     0.774      0.545     0.625      0.025     0.546    0.505     0.555   0.778     0.064      0.227     0.00755  -1	   0.2587084    -0.0180634
     D1IQD-a45b      0.024     0.044       0.164     0.604     -0.183     0.771      0.552     0.581      0.354     0.534    0.488     0.557   0.701     0.084      0.232     0.00689  -1	   0.0309484    -0.0052106
     D1IQD-a45c      0.023     0.038       0.148     0.713      0.102     0.782      0.599     0.631      0.275     0.565    0.515     0.564   0.851     0.096      0.270     0.00524  -1	   0.1309963     0.0105678
     D1IQD-a45d      0.017     0.073       0.254     0.641      0.062     0.757      0.507     0.499      0.911     0.599    0.560     0.559   0.738     0.059      0.223     0.00791  -1	   0.1336646     0.0360511
     D1IQD-a46a      0.025     0.033       0.131     0.636     -0.204     0.773      0.615     0.669      0.759     0.589    0.513     0.588   0.718     0.109      0.175     0.01000  -1	  -0.0241941    -0.0227179
     D1IQD-a46b      0.024     0.034       0.131     0.629     -0.261     0.779      0.631     0.669      0.442     0.605    0.509     0.606   0.671     0.105      0.221     0.01001  -1	   0.0037203    -0.0347652
     D1IQD-a46c      0.027     0.046       0.183     0.616     -0.052     0.781      0.581     0.619      0.466     0.524    0.482     0.553   0.756     0.073      0.255     0.01013  -1	   0.0351182    -0.0381112
     D1IQD-a46d      0.028     0.044       0.174     0.555     -0.484     0.786      0.565     0.594      0.404     0.518    0.486     0.543   0.609     0.076      0.275     0.01006  -1	   0.0854516     0.0236712
     D1IQD-a47a      0.029     0.042       0.148     0.630      0.030     0.765      0.556     0.582      0.214     0.568    0.482     0.592   0.725     0.104      0.129     0.00771  -1	   0.0362432     0.0047937
     D1IQD-a47b      0.025     0.043       0.150     0.704      0.351     0.779      0.542     0.565      0.211     0.568    0.505     0.575   0.928     0.099      0.109     0.00848  -1	   0.1797754     0.0881966
     D1IQD-a47c      0.025     0.056       0.209     0.624      0.081     0.779      0.531     0.548      0.961     0.583    0.540     0.560   0.738     0.072      0.323     0.00772  -1	   0.1240795     0.0516860
     D1IQD-a47d      0.026     0.029       0.115     0.717      0.065     0.795      0.610     0.694      0.319     0.544    0.478     0.574   0.841     0.124      0.280     0.01087  -1	   0.0836695    -0.0411250
     D1IQD-a48a      0.026     0.041       0.157     0.708     -0.273     0.784      0.554     0.584      0.159     0.526    0.515     0.528   0.750     0.089      0.259     0.00946  -1	   0.1417647     0.0444670
     D1IQD-a48b      0.023     0.044       0.153     0.624     -0.066     0.781      0.591     0.669      0.918     0.547    0.502     0.558   0.756     0.109      0.018     0.01053  -1	   0.0271250    -0.0168678
     D1IQD-a48c      0.027     0.038       0.146     0.673      0.184     0.767      0.577     0.576      0.059     0.487    0.471     0.528   0.794     0.100      0.161     0.00922  -1	   0.1451678     0.0877778
     D1IQD-a48d      0.025     0.046       0.174     0.679     -0.197     0.782      0.516     0.509      0.308     0.549    0.503     0.558   0.757     0.085      0.258     0.00957  -1	   0.0748307     0.0478131
     D1IQD-a49a      0.026     0.047       0.181     0.631     -0.372     0.770      0.523     0.530      0.757     0.581    0.504     0.588   0.644     0.080      0.195     0.00904  -1	   0.0163567     0.0371153
     D1IQD-a49b      0.026     0.042       0.164     0.663     -0.285     0.768      0.513     0.530      0.470     0.544    0.497     0.559   0.726     0.096      0.207     0.00848  -1	   0.0218795     0.0338572
     D1IQD-a49c      0.021     0.039       0.153     0.695      0.215     0.776      0.592     0.627      0.400     0.554    0.482     0.580   0.840     0.094      0.040     0.01331  -1	   0.0340822     0.0151869
     D1IQD-a49d      0.023     0.039       0.160     0.586      0.216     0.773      0.584     0.608      0.264     0.561    0.485     0.584   0.767     0.103      0.161     0.01733  -1	   0.0711503     0.0110691
      D1IQD-a4a      0.025     0.043       0.146     0.645     -0.359     0.791      0.568     0.567      0.268     0.514    0.487     0.540   0.644     0.085      0.372     0.02400  -1	   0.1450266     0.0489704
      D1IQD-a4b      0.024     0.042       0.134     0.579     -0.362     0.820      0.564     0.446      0.541     0.528    0.467     0.569   0.626     0.105      0.277     0.07053  -1	   0.0192870     0.0933661
      D1IQD-a4c      0.024     0.041       0.139     0.571     -0.243     0.805      0.605     0.574      0.283     0.491    0.491     0.515   0.700     0.121      0.181     0.03172  -1	   0.0233277     0.0075248
      D1IQD-a4d      0.024     0.034       0.143     0.758      0.201     0.793      0.572     0.553      0.950     0.556    0.514     0.557   0.844     0.096      0.141     0.05644  -1	   0.0947548     0.0751529
     D1IQD-a50a      0.025     0.035       0.143     0.615      0.113     0.775      0.599     0.562      0.355     0.511    0.472     0.549   0.771     0.091      0.138     0.01019  -1	   0.0109183     0.0343241
     D1IQD-a50b      0.024     0.034       0.139     0.663      0.127     0.786      0.568     0.599      0.131     0.528    0.508     0.536   0.827     0.118      0.053     0.00885  -1	   0.0234948     0.0158147
     D1IQD-a50c      0.025     0.032       0.120     0.653      0.243     0.784      0.595     0.568      0.183     0.531    0.490     0.553   0.840     0.114      0.420     0.01022  -1	   0.2632251     0.1181084
     D1IQD-a50d      0.023     0.039       0.153     0.630      0.184     0.786      0.540     0.542      0.264     0.588    0.512     0.588   0.739     0.090      0.120     0.01304  -1	   0.0546815     0.0633577
     D1IQD-a51a      0.025     0.035       0.134     0.756      0.083     0.787      0.582     0.602      0.098     0.525    0.485     0.551   0.821     0.112      0.063     0.00881  -1	   0.0646639     0.0658257
     D1IQD-a51b      0.026     0.023       0.106     0.587      0.091     0.773      0.633     0.656      0.405     0.539    0.475     0.573   0.744     0.137      0.153     0.00975  -1	  -0.0367721    -0.0272358
     D1IQD-a51c      0.022     0.040       0.150     0.722     -0.023     0.784      0.614     0.665      0.438     0.571    0.521     0.565   0.876     0.101      0.129     0.00854  -1	   0.0022256    -0.0433317
     D1IQD-a51d      0.027     0.023       0.101     0.617      0.178     0.786      0.623     0.644      0.659     0.537    0.486     0.561   0.739     0.132      0.230     0.00968  -1	   0.0086296     0.0030623
     D1IQD-a52a      0.028     0.038       0.150     0.659      0.143     0.805      0.550     0.524      0.141     0.534    0.511     0.539   0.827     0.092      0.033     0.01683  -1	   0.0292475     0.0778230
     D1IQD-a52b      0.022     0.040       0.150     0.719     -0.070     0.788      0.577     0.621      0.323     0.543    0.531     0.532   0.836     0.099      0.090     0.00868  -1	  -0.0033839    -0.0230917
     D1IQD-a52c      0.021     0.047       0.183     0.729      0.074     0.784      0.563     0.644      0.343     0.546    0.500     0.559   0.841     0.080      0.174     0.01353  -1	   0.0779177    -0.0288384
     D1IQD-a52d      0.025     0.036       0.122     0.687      0.157     0.791      0.600     0.564      0.239     0.481    0.480     0.515   0.794     0.113      0.270     0.01629  -1	   0.1357149     0.0830418
     D1IQD-a53a      0.025     0.035       0.127     0.666      0.160     0.790      0.605     0.571      0.479     0.488    0.478     0.523   0.794     0.114      0.292     0.01635  -1	   0.0753573     0.0334274
     D1IQD-a53b      0.026     0.069       0.228     0.591      0.057     0.774      0.433     0.465      0.067     0.582    0.502     0.590   0.612     0.070      0.227     0.01639  -1	   0.1894256     0.0734261
     D1IQD-a53c      0.022     0.052       0.188     0.656     -0.055     0.780      0.555     0.653      0.013     0.466    0.466     0.511   0.747     0.071      0.208     0.00933  -1	   0.1662201    -0.0379458
     D1IQD-a53d      0.022     0.073       0.239     0.596      0.025     0.767      0.511     0.471      0.634     0.556    0.474     0.588   0.587     0.055      0.278     0.01446  -1	   0.1150198     0.0294855
     D1IQD-a54a      0.020     0.071       0.251     0.585     -0.426     0.758      0.557     0.711      0.592     0.616    0.528     0.602   0.000     0.061      0.323     0.01055  -1	   0.0360508    -0.0341848
     D1IQD-a54b      0.022     0.068       0.242     0.625      0.012     0.771      0.485     0.576      0.044     0.563    0.477     0.592   0.713     0.054      0.226     0.01268  -1	   0.1893780    -0.0310026
     D1IQD-a54c      0.029     0.027       0.101     0.710     -0.407     0.775      0.559     0.603      0.294     0.499    0.479     0.532   0.664     0.144      0.140     0.00523  -1	   0.0881136     0.0712310
     D1IQD-a54d      0.023     0.057       0.216     0.604      0.135     0.775      0.526     0.585      0.160     0.527    0.482     0.556   0.713     0.069      0.297     0.01028  -1	   0.2060665     0.0010896
     D1IQD-a55a      0.020     0.057       0.209     0.541     -0.033     0.771      0.571     0.560      0.058     0.535    0.506     0.544   0.401     0.061      0.300     0.00979  -1	   0.1557425     0.0369828
     D1IQD-a55b      0.019     0.066       0.218     0.654     -0.061     0.770      0.529     0.519      0.011     0.539    0.496     0.556   0.747     0.059      0.299     0.00983  -1	   0.2531306     0.0606536
     D1IQD-a55c      0.020     0.069       0.237     0.675      0.032     0.762      0.481     0.462      0.006     0.511    0.519     0.511   0.780     0.058      0.291     0.00997  -1	   0.3017797     0.1226296
     D1IQD-a55d      0.021     0.029       0.129     0.642      0.058     0.785      0.628     0.626      0.223     0.526    0.478     0.558   0.761     0.115      0.018     0.01204  -1	  -0.0492755     0.0058578
     D1IQD-a56a      0.022     0.030       0.131     0.599      0.073     0.784      0.624     0.625      0.397     0.519    0.498     0.536   0.744     0.106      0.001     0.01186  -1	  -0.0669504    -0.0137205
     D1IQD-a56b      0.016     0.048       0.181     0.531     -0.242     0.791      0.548     0.588      0.746     0.565    0.532     0.551   0.639     0.088      0.206     0.00913  -1	  -0.0114389     0.0061192
     D1IQD-a56c      0.024     0.035       0.117     0.746      0.144     0.782      0.591     0.613      0.990     0.500    0.501     0.515   0.851     0.134      0.095     0.00507  -1	   0.0396665    -0.0017249
     D1IQD-a56d      0.018     0.039       0.155     0.562      0.259     0.787      0.560     0.552      0.421     0.543    0.487     0.565   0.798     0.082      0.346     0.00923  -1	   0.1461070     0.0715941
     D1IQD-a57a      0.017     0.046       0.160     0.641     -0.305     0.791      0.509     0.572      0.469     0.566    0.479     0.595   0.756     0.097      0.281     0.00674  -1	   0.0388703     0.0008834
     D1IQD-a57b      0.013     0.050       0.178     0.699      0.182     0.780      0.536     0.542      0.991     0.586    0.521     0.578   0.794     0.102      0.141     0.00765  -1	   0.1273599     0.0449105
     D1IQD-a57c      0.010     0.042       0.155     0.620      0.131     0.769      0.550     0.552      0.080     0.652    0.529     0.635   0.771     0.109      0.205     0.00651  -1	   0.1077164     0.0502686
     D1IQD-a57d      0.016     0.046       0.171     0.711     -0.279     0.790      0.523     0.598      0.477     0.513    0.518     0.514   0.750     0.093      0.232     0.00658  -1	   0.0196734    -0.0272801
     D1IQD-a58a      0.020     0.045       0.162     0.691      0.104     0.766      0.539     0.613      0.083     0.497    0.509     0.506   0.827     0.094      0.161     0.00418  -1	   0.1369864     0.0008164
     D1IQD-a58b      0.019     0.045       0.157     0.637      0.033     0.771      0.587     0.663      0.164     0.498    0.486     0.526   0.725     0.091      0.155     0.00420  -1	   0.0637577    -0.0434274
     D1IQD-a58c      0.019     0.034       0.134     0.707      0.300     0.786      0.594     0.564      0.302     0.555    0.525     0.547   0.896     0.126      0.185     0.00819  -1	   0.1437532     0.1194471
     D1IQD-a58d      0.023     0.036       0.136     0.612      0.061     0.796      0.572     0.558      0.987     0.574    0.527     0.563   0.761     0.102      0.126     0.00532  -1	   0.0505975     0.0380007
     D1IQD-a59a      0.020     0.044       0.164     0.624      0.237     0.778      0.572     0.628      0.537     0.574    0.527     0.563   0.784     0.092      0.189     0.00520  -1	   0.0994610     0.0169471
     D1IQD-a59b      0.021     0.038       0.160     0.665      0.161     0.778      0.604     0.655      0.217     0.578    0.527     0.567   0.794     0.100      0.144     0.00523  -1	   0.0767659     0.0100200
     D1IQD-a59c      0.019     0.059       0.202     0.652     -0.064     0.769      0.472     0.509      0.024     0.603    0.506     0.606   0.747     0.071      0.299     0.00637  -1	   0.2235483     0.0605616
     D1IQD-a59d      0.021     0.045       0.157     0.684      0.075     0.773      0.549     0.626      0.109     0.486    0.496     0.506   0.817     0.098      0.191     0.00416  -1	   0.1359061    -0.0158024
      D1IQD-a5a      0.023     0.038       0.146     0.675      0.048     0.788      0.577     0.548      0.191     0.539    0.517     0.538   0.781     0.097      0.031     0.05299  -1	  -0.0051756     0.0555567
      D1IQD-a5b      0.025     0.031       0.141     0.692      0.138     0.788      0.586     0.562      0.753     0.513    0.510     0.520   0.827     0.122      0.073     0.04570  -1	   0.0036494     0.0314141
      D1IQD-a5c      0.023     0.035       0.150     0.669      0.150     0.791      0.575     0.548      0.940     0.552    0.542     0.530   0.794     0.108      0.090     0.04716  -1	   0.0611629     0.0520719
      D1IQD-a5d      0.024     0.036       0.136     0.598     -0.069     0.800      0.572     0.542      0.518     0.516    0.491     0.538   0.738     0.109      0.064     0.04073  -1	  -0.0501305     0.0080008
     D1IQD-a60a      0.018     0.041       0.155     0.581     -0.030     0.766      0.578     0.659      0.536     0.526    0.496     0.544   0.778     0.099      0.139     0.00505  -1	  -0.0268646    -0.0596231
     D1IQD-a60b      0.024     0.030       0.122     0.625      0.092     0.796      0.606     0.586      0.120     0.545    0.529     0.535   0.761     0.118      0.060     0.01038  -1	  -0.0036064     0.0538023
     D1IQD-a60c      0.017     0.044       0.164     0.624     -0.326     0.774      0.574     0.673      0.687     0.521    0.466     0.563   0.756     0.090      0.152     0.00501  -1	   0.0021999    -0.0251270
     D1IQD-a60d      0.021     0.036       0.143     0.604     -0.008     0.783      0.568     0.640      0.181     0.497    0.495     0.518   0.796     0.091      0.163     0.00511  -1	   0.0260124    -0.0442844
     D1IQD-a61a      0.019     0.047       0.164     0.549     -0.263     0.775      0.582     0.673      0.541     0.510    0.479     0.542   0.591     0.099      0.187     0.00493  -1	  -0.0020372    -0.0425908
     D1IQD-a61b      0.025     0.043       0.160     0.575     -0.178     0.778      0.542     0.583      0.839     0.531    0.518     0.530   0.684     0.094      0.193     0.00539  -1	  -0.0043517     0.0225046
     D1IQD-a61c      0.022     0.038       0.148     0.728     -0.274     0.772      0.620     0.683      0.832     0.530    0.510     0.536   0.750     0.095      0.269     0.00632  -1	  -0.0171171    -0.0243999
     D1IQD-a61d      0.025     0.042       0.157     0.527     -0.310     0.784      0.545     0.581      0.689     0.539    0.499     0.553   0.677     0.102      0.169     0.00550  -1	   0.0003281     0.0271271
     D1IQD-a62a      0.025     0.032       0.117     0.644      0.233     0.782      0.608     0.666      0.129     0.511    0.518     0.511   0.784     0.144      0.288     0.00396  -1	   0.1941755     0.0245978
     D1IQD-a62b      0.015     0.068       0.249     0.599      0.021     0.768      0.515     0.514      0.639     0.571    0.531     0.557   0.587     0.060      0.226     0.00786  -1	   0.0825950     0.0219934
     D1IQD-a62c      0.019     0.060       0.214     0.600      0.016     0.780      0.592     0.656      0.240     0.549    0.510     0.553   0.713     0.068      0.275     0.00699  -1	   0.1320274    -0.0624179
     D1IQD-a62d      0.017     0.067       0.249     0.524      0.061     0.763      0.539     0.537      0.081     0.523    0.500     0.537   0.459     0.062      0.239     0.00781  -1	   0.1613628     0.0320205
     D1IQD-a63a      0.025     0.070       0.225     0.698     -0.124     0.763      0.538     0.488      0.013     0.610    0.515     0.606   0.656     0.066      0.279     0.00740  -1	   0.2583507     0.1021461
     D1IQD-a63b      0.027     0.054       0.204     0.624      0.058     0.781      0.532     0.552      0.030     0.532    0.482     0.560   0.738     0.074      0.335     0.00774  -1	   0.2600103     0.0492951
     D1IQD-a63c      0.020     0.074       0.251     0.571     -0.150     0.772      0.519     0.603      0.129     0.565    0.494     0.581   0.463     0.052      0.113     0.00730  -1	   0.0604806    -0.0403083
     D1IQD-a63d      0.022     0.058       0.207     0.589     -0.249     0.776      0.569     0.629      0.069     0.579    0.554     0.546   0.444     0.064      0.237     0.00878  -1	   0.1314034    -0.0021954
     D1IQD-a64a      0.026     0.049       0.188     0.646     -0.311     0.778      0.537     0.554      0.752     0.586    0.520     0.579   0.756     0.078      0.216     0.00913  -1	   0.0113298     0.0114211
     D1IQD-a64b      0.028     0.049       0.164     0.566      0.343     0.786      0.548     0.539      0.621     0.566    0.536     0.548   0.798     0.077      0.178     0.00761  -1	   0.1798310     0.1069084
     D1IQD-a64c      0.029     0.047       0.169     0.606      0.295     0.775      0.580     0.602      0.221     0.559    0.501     0.570   0.816     0.079      0.107     0.00790  -1	   0.1290967     0.0365140
     D1IQD-a64d      0.027     0.039       0.150     0.624      0.421     0.779      0.559     0.597      0.123     0.520    0.498     0.536   0.822     0.088      0.175     0.00931  -1	   0.2486696     0.1170796
     D1IQD-a65a      0.028     0.046       0.162     0.703      0.311     0.778      0.569     0.581      0.253     0.541    0.506     0.549   0.896     0.079      0.146     0.00782  -1	   0.1876535     0.0853904
     D1IQD-a65b      0.025     0.047       0.185     0.599     -0.364     0.780      0.529     0.547      0.621     0.566    0.513     0.568   0.626     0.080      0.199     0.00901  -1	   0.0074161     0.0227229
     D1IQD-a65c      0.026     0.045       0.178     0.690     -0.339     0.778      0.519     0.547      0.117     0.559    0.519     0.556   0.812     0.077      0.203     0.00923  -1	   0.1377810     0.0620287
     D1IQD-a65d      0.025     0.048       0.178     0.615     -0.305     0.777      0.515     0.523      0.341     0.565    0.510     0.568   0.756     0.080      0.221     0.00903  -1	   0.0539287     0.0396065
     D1IQD-a66a      0.026     0.042       0.174     0.648     -0.265     0.788      0.542     0.570      0.276     0.530    0.505     0.540   0.671     0.080      0.198     0.00917  -1	   0.0405661     0.0172130
     D1IQD-a66b      0.026     0.038       0.141     0.621      0.199     0.789      0.571     0.554      0.448     0.529    0.487     0.553   0.739     0.104      0.530     0.00890  -1	   0.2110874     0.0616895
     D1IQD-a66c      0.026     0.036       0.143     0.699     -0.027     0.768      0.572     0.569      0.116     0.556    0.520     0.551   0.852     0.096      0.178     0.01067  -1	   0.0976998     0.0652005
     D1IQD-a66d      0.026     0.044       0.167     0.622     -0.366     0.776      0.523     0.568      0.184     0.539    0.498     0.553   0.644     0.093      0.214     0.00912  -1	   0.1075189     0.0512882
     D1IQD-a67a      0.020     0.051       0.171     0.567     -0.048     0.783      0.547     0.643      0.784     0.570    0.525     0.561   0.554     0.094      0.179     0.00717  -1	   0.0194270    -0.0068794
     D1IQD-a67b      0.024     0.041       0.155     0.608      0.269     0.781      0.546     0.541      0.498     0.538    0.492     0.557   0.816     0.098      0.092     0.00797  -1	   0.0698728     0.0529527
     D1IQD-a67c      0.024     0.033       0.139     0.646      0.146     0.790      0.566     0.594      0.125     0.522    0.497     0.540   0.771     0.115      0.053     0.00877  -1	   0.0206475     0.0259339
     D1IQD-a67d      0.020     0.040       0.160     0.651      0.188     0.770      0.577     0.606      0.463     0.574    0.492     0.591   0.794     0.095      0.089     0.01307  -1	   0.0319703     0.0109046
     D1IQD-a68a      0.024     0.034       0.141     0.663      0.144     0.778      0.586     0.618      0.209     0.534    0.480     0.564   0.827     0.115      0.052     0.00878  -1	   0.0100060    -0.0009504
     D1IQD-a68b      0.023     0.034       0.139     0.649      0.078     0.786      0.598     0.635      0.188     0.530    0.493     0.549   0.761     0.110      0.051     0.00869  -1	  -0.0073241    -0.0066429
     D1IQD-a68c      0.025     0.034       0.136     0.679      0.124     0.782      0.572     0.603      0.089     0.518    0.510     0.525   0.827     0.112      0.060     0.00879  -1	   0.0460702     0.0335175
     D1IQD-a68d      0.019     0.042       0.160     0.637      0.084     0.779      0.610     0.651      0.094     0.558    0.489     0.578   0.761     0.096      0.119     0.00946  -1	   0.0581801    -0.0167567
     D1IQD-a69a      0.023     0.065       0.249     0.638     -0.162     0.758      0.479     0.510      0.003     0.580    0.511     0.582   0.664     0.058      0.228     0.01085  -1	   0.1823055     0.0486363
     D1IQD-a69b      0.022     0.047       0.162     0.636     -0.049     0.777      0.549     0.626      0.266     0.562    0.510     0.565   0.796     0.083      0.122     0.00723  -1	   0.0179601    -0.0514778
     D1IQD-a69c      0.024     0.033       0.136     0.683      0.161     0.774      0.572     0.602      0.150     0.504    0.504     0.517   0.794     0.118      0.064     0.00881  -1	   0.0425224     0.0399311
     D1IQD-a69d      0.024     0.046       0.171     0.638      0.147     0.774      0.519     0.481      0.048     0.564    0.468     0.600   0.771     0.079      0.199     0.00753  -1	   0.1549823     0.1271502
      D1IQD-a6a      0.021     0.040       0.160     0.597     -0.106     0.793      0.567     0.586      0.253     0.521    0.491     0.544   0.714     0.104      0.094     0.05466  -1	  -0.0227863    -0.0174661
      D1IQD-a6b      0.023     0.036       0.146     0.643     -0.076     0.787      0.624     0.644      0.466     0.550    0.494     0.567   0.756     0.119      0.101     0.07281  -1	  -0.0366718    -0.0364082
      D1IQD-a6c      0.015     0.053       0.185     0.660      0.283     0.802      0.504     0.483      0.064     0.508    0.529     0.500   0.892     0.086      0.134     0.07695  -1	   0.2117154     0.1344858
      D1IQD-a6d      0.019     0.038       0.127     0.664      0.465     0.804      0.537     0.501      0.209     0.526    0.485     0.553   0.891     0.105      0.597     0.09595  -1	   0.5593927     0.2980338
     D1IQD-a70a      0.019     0.076       0.261     0.613     -0.385     0.756      0.510     0.659      0.183     0.605    0.532     0.588   0.471     0.055      0.318     0.01035  -1	   0.1832781    -0.0401661
     D1IQD-a70b      0.012     0.081       0.286     0.561      0.190     0.760      0.469     0.531      0.187     0.528    0.501     0.541   0.652     0.047      0.201     0.01214  -1	   0.2212648     0.0134176
     D1IQD-a70c      0.023     0.057       0.218     0.605      0.004     0.769      0.554     0.612      0.007     0.496    0.498     0.515   0.713     0.066      0.199     0.00995  -1	   0.1636288    -0.0149761
     D1IQD-a70d      0.022     0.050       0.176     0.549     -0.193     0.771      0.561     0.633      0.243     0.525    0.506     0.534   0.622     0.078      0.297     0.00869  -1	   0.0839638    -0.0345263
     D1IQD-a71a      0.026     0.028       0.115     0.729     -0.110     0.778      0.588     0.639      0.728     0.511    0.483     0.541   0.812     0.143      0.202     0.00475  -1	  -0.0378664    -0.0243120
     D1IQD-a71b      0.027     0.032       0.106     0.728      0.149     0.785      0.597     0.647      0.999     0.542    0.547     0.517   0.851     0.134      0.076     0.00634  -1	   0.0448550    -0.0000865
     D1IQD-a71c      0.026     0.030       0.110     0.458     -0.500     0.778      0.608     0.676      0.939     0.518    0.481     0.549   0.483     0.140      0.161     0.00485  -1	   0.0972866     0.0581078
     D1IQD-a71d      0.027     0.029       0.117     0.694     -0.208     0.780      0.600     0.645      0.606     0.499    0.498     0.518   0.773     0.128      0.275     0.00477  -1	  -0.0133621    -0.0262511
     D1IQD-a72a      0.025     0.034       0.120     0.716      0.202     0.795      0.554     0.652      0.366     0.505    0.459     0.554   0.864     0.129      0.264     0.00524  -1	   0.1160291    -0.0255046
     D1IQD-a72b      0.028     0.027       0.101     0.733      0.253     0.796      0.611     0.662      0.215     0.496    0.483     0.526   0.896     0.190      0.014     0.00509  -1	   0.0329814     0.0113814
     D1IQD-a72c      0.027     0.034       0.122     0.699      0.201     0.796      0.557     0.653      0.354     0.501    0.497     0.519   0.840     0.125      0.276     0.00527  -1	   0.1276330    -0.0159669
     D1IQD-a72d      0.028     0.029       0.103     0.737      0.193     0.797      0.605     0.657      0.995     0.543    0.520     0.540   0.819     0.132      0.079     0.00619  -1	   0.0696112     0.0205416
     D1IQD-a73a      0.019     0.050       0.176     0.620     -0.026     0.782      0.597     0.649      0.952     0.589    0.513     0.587   0.796     0.095      0.132     0.00470  -1	   0.0520321    -0.0185035
     D1IQD-a73b      0.022     0.037       0.141     0.587      0.138     0.787      0.584     0.574      0.125     0.499    0.479     0.532   0.753     0.106      0.151     0.00547  -1	   0.0586934     0.0362608
     D1IQD-a73c      0.021     0.045       0.164     0.563      0.162     0.794      0.612     0.653      0.613     0.501    0.462     0.548   0.721     0.103      0.129     0.00483  -1	   0.0437961    -0.0284363
     D1IQD-a73d      0.021     0.032       0.115     0.533      0.382     0.791      0.626     0.699      0.621     0.498    0.488     0.524   0.769     0.111      0.223     0.00460  -1	   0.1140888    -0.0004671
     D1IQD-a74a      0.019     0.047       0.174     0.558      0.022     0.794      0.610     0.653      0.584     0.579    0.485     0.602   0.708     0.089      0.148     0.00478  -1	   0.0048267    -0.0470505
     D1IQD-a74b      0.021     0.035       0.139     0.539      0.011     0.784      0.634     0.664      0.881     0.551    0.501     0.561   0.646     0.085      0.141     0.00525  -1	   0.0113630    -0.0139774
     D1IQD-a74c      0.020     0.046       0.160     0.697      0.069     0.769      0.540     0.613      0.085     0.486    0.479     0.521   0.817     0.096      0.188     0.00414  -1	   0.1446303    -0.0067657
     D1IQD-a74d      0.021     0.038       0.150     0.653     -0.167     0.771      0.634     0.676      0.999     0.558    0.541     0.536   0.757     0.103      0.069     0.00491  -1	   0.0074170    -0.0055395
     D1IQD-a75a      0.020     0.047       0.164     0.692      0.088     0.776      0.542     0.623      0.063     0.495    0.489     0.520   0.817     0.095      0.202     0.00416  -1	   0.1695147    -0.0097567
     D1IQD-a75b      0.020     0.045       0.164     0.689      0.086     0.768      0.540     0.613      0.055     0.491    0.493     0.514   0.817     0.094      0.161     0.00418  -1	   0.1390779     0.0006976
     D1IQD-a75c      0.020     0.045       0.160     0.708      0.058     0.766      0.549     0.627      0.135     0.480    0.492     0.504   0.841     0.096      0.191     0.00414  -1	   0.1305095    -0.0198521
     D1IQD-a75d      0.020     0.045       0.162     0.670      0.134     0.765      0.550     0.624      0.025     0.494    0.484     0.524   0.827     0.092      0.176     0.00416  -1	   0.1634278    -0.0046093
     D1IQD-a76a      0.017     0.042       0.155     0.636     -0.317     0.770      0.575     0.665      0.824     0.527    0.512     0.532   0.756     0.096      0.226     0.00506  -1	  -0.0056554    -0.0111531
     D1IQD-a76b      0.023     0.046       0.174     0.635     -0.074     0.781      0.561     0.617      0.183     0.509    0.502     0.523   0.756     0.091      0.217     0.00412  -1	   0.0842626    -0.0286624
     D1IQD-a76c      0.025     0.043       0.160     0.697     -0.126     0.774      0.523     0.595      0.082     0.502    0.485     0.530   0.788     0.097      0.197     0.00433  -1	   0.1295286     0.0171862
     D1IQD-a76d      0.021     0.047       0.171     0.616     -0.015     0.780      0.548     0.586      0.066     0.562    0.511     0.565   0.796     0.087      0.176     0.00539  -1	   0.0932513    -0.0061999
     D1IQD-a77a      0.019     0.042       0.157     0.591      0.133     0.782      0.572     0.637      0.555     0.515    0.478     0.548   0.753     0.091      0.176     0.00518  -1	   0.0279508    -0.0278788
     D1IQD-a77b      0.024     0.044       0.162     0.689     -0.011     0.776      0.596     0.686      0.645     0.565    0.491     0.583   0.852     0.080      0.132     0.00573  -1	   0.0047047    -0.0467919
     D1IQD-a77c      0.021     0.045       0.157     0.684      0.065     0.770      0.555     0.637      0.308     0.491    0.492     0.515   0.817     0.097      0.155     0.00417  -1	   0.0527417    -0.0457658
     D1IQD-a77d      0.027     0.032       0.129     0.730      0.273     0.792      0.594     0.621      0.069     0.497    0.474     0.534   0.896     0.116      0.159     0.00533  -1	   0.1876004     0.0969084
     D1IQD-a78a      0.024     0.032       0.127     0.539      0.337     0.777      0.612     0.659      0.036     0.509    0.492     0.531   0.737     0.136      0.136     0.00413  -1	   0.1146022     0.0122575
     D1IQD-a78b      0.023     0.035       0.127     0.589      0.382     0.785      0.591     0.629      0.054     0.498    0.516     0.501   0.830     0.139      0.098     0.00420  -1	   0.1477859     0.0453436
     D1IQD-a78c      0.028     0.033       0.124     0.717     -0.399     0.785      0.572     0.643      0.503     0.518    0.488     0.542   0.724     0.119      0.273     0.00390  -1	   0.0578923    -0.0001239
     D1IQD-a78d      0.027     0.033       0.131     0.685      0.208     0.795      0.596     0.613      0.056     0.513    0.458     0.562   0.840     0.109      0.181     0.00531  -1	   0.1541432     0.0691522
     D1IQD-a79a      0.026     0.060       0.221     0.526      0.290     0.776      0.554     0.599      0.032     0.575    0.505     0.581   0.546     0.067      0.165     0.00861  -1	   0.2113108     0.0393020
     D1IQD-a79b      0.024     0.068       0.244     0.533      0.117     0.780      0.534     0.481      0.217     0.540    0.509     0.546   0.434     0.054      0.153     0.00845  -1	   0.1191775     0.0667821
     D1IQD-a79c      0.026     0.035       0.139     0.645      0.220     0.781      0.599     0.617      0.118     0.536    0.514     0.538   0.784     0.102      0.175     0.00537  -1	   0.1317704     0.0643191
     D1IQD-a79d      0.024     0.059       0.202     0.497      0.294     0.785      0.487     0.500      0.816     0.595    0.534     0.577   0.428     0.059      0.270     0.00892  -1	   0.2399526     0.1564737
      D1IQD-a7a      0.018     0.043       0.148     0.641     -0.218     0.807      0.565     0.622      0.205     0.571    0.513     0.572   0.718     0.105      0.143     0.04001  -1	   0.0216695    -0.0306551
      D1IQD-a7b      0.018     0.042       0.136     0.674      0.393     0.814      0.499     0.386      0.137     0.541    0.505     0.550   0.903     0.105      0.573     0.64651   1	   0.5587795     0.4529107
      D1IQD-a7c      0.021     0.040       0.139     0.683      0.027     0.792      0.554     0.497      0.236     0.505    0.502     0.519   0.781     0.111      0.132     0.05193  -1	   0.0377843     0.0871779
      D1IQD-a7d      0.020     0.043       0.162     0.602      0.199     0.791      0.561     0.552      0.840     0.545    0.505     0.553   0.739     0.107      0.153     0.05233  -1	   0.0908109     0.0464676
     D1IQD-a80a      0.029     0.052       0.176     0.617      0.197     0.777      0.535     0.540      0.305     0.546    0.526     0.538   0.778     0.084      0.312     0.00779  -1	   0.1994334     0.0607217
     D1IQD-a80b      0.025     0.049       0.178     0.630     -0.083     0.772      0.496     0.462      0.158     0.593    0.499     0.602   0.756     0.076      0.226     0.00904  -1	   0.0967533     0.1020885
     D1IQD-a80c      0.018     0.079       0.263     0.622     -0.130     0.765      0.499     0.595      0.624     0.607    0.536     0.587   0.589     0.054      0.131     0.00728  -1	   0.0474172    -0.0205361
     D1IQD-a80d      0.030     0.049       0.178     0.616      0.053     0.772      0.560     0.604      0.298     0.496    0.476     0.532   0.761     0.086      0.169     0.00812  -1	   0.0632393    -0.0265385
     D1IQD-a81a      0.025     0.032       0.122     0.629      0.061     0.776      0.598     0.655      0.731     0.537    0.492     0.557   0.761     0.128      0.167     0.00721  -1	  -0.0121030    -0.0282381
     D1IQD-a81b      0.019     0.069       0.223     0.676      0.226     0.760      0.512     0.532      0.096     0.533    0.508     0.541   0.854     0.065      0.253     0.00842  -1	   0.3056977     0.0516868
     D1IQD-a81c      0.027     0.036       0.148     0.669      0.316     0.786      0.563     0.553      0.973     0.541    0.533     0.528   0.872     0.100      0.536     0.00890  -1	   0.2101208     0.1037575
     D1IQD-a81d      0.023     0.034       0.117     0.659     -0.193     0.775      0.577     0.666      0.464     0.508    0.489     0.532   0.757     0.121      0.221     0.00486  -1	   0.0033924    -0.0401788
     D1IQD-a82a      0.018     0.037       0.127     0.696      0.353     0.782      0.554     0.590      0.133     0.523    0.494     0.542   0.903     0.121      0.237     0.00695  -1	   0.2464167     0.0943248
     D1IQD-a82b      0.025     0.037       0.134     0.471     -0.015     0.782      0.637     0.726      0.504     0.515    0.510     0.522   0.652     0.100      0.286     0.00838  -1	  -0.0107928    -0.0858214
     D1IQD-a82c      0.023     0.040       0.139     0.497     -0.118     0.770      0.596     0.645      0.459     0.558    0.509     0.562   0.588     0.104      0.190     0.00929  -1	  -0.0274871    -0.0396859
     D1IQD-a82d      0.025     0.032       0.124     0.619      0.259     0.789      0.590     0.590      0.060     0.523    0.491     0.545   0.816     0.111      0.531     0.00853  -1	   0.4007797     0.1236589
     D1IQD-a83a      0.020     0.053       0.197     0.646      0.145     0.780      0.512     0.494      0.090     0.557    0.521     0.553   0.713     0.080      0.237     0.00757  -1	   0.2007765     0.1153898
     D1IQD-a83b      0.022     0.040       0.146     0.585      0.061     0.798      0.563     0.619      0.971     0.525    0.480     0.555   0.744     0.096      0.290     0.00479  -1	   0.0502832     0.0208508
     D1IQD-a83c      0.025     0.046       0.171     0.576     -0.019     0.779      0.562     0.616      0.185     0.555    0.490     0.575   0.778     0.082      0.137     0.00724  -1	   0.0263239    -0.0488417
     D1IQD-a83d      0.024     0.049       0.183     0.683      0.159     0.788      0.522     0.485      0.241     0.535    0.490     0.557   0.794     0.076      0.179     0.00767  -1	   0.1297303     0.1024938
     D1IQD-a84a      0.024     0.049       0.178     0.588      0.045     0.781      0.545     0.519      0.241     0.550    0.499     0.563   0.708     0.076      0.183     0.00749  -1	   0.0599019     0.0432842
     D1IQD-a84b      0.022     0.053       0.188     0.622     -0.124     0.783      0.508     0.596      0.037     0.538    0.509     0.544   0.589     0.085      0.249     0.00574  -1	   0.1573844     0.0111037
     D1IQD-a84c      0.023     0.050       0.181     0.650      0.195     0.784      0.535     0.501      0.261     0.536    0.507     0.544   0.794     0.080      0.197     0.00764  -1	   0.1431442     0.0938672
     D1IQD-a84d      0.025     0.038       0.143     0.692      0.081     0.792      0.554     0.607      0.340     0.531    0.509     0.537   0.817     0.104      0.254     0.00513  -1	   0.0891992    -0.0021702
     D1IQD-a85a      0.026     0.046       0.171     0.540     -0.025     0.786      0.550     0.585      0.090     0.496    0.493     0.519   0.717     0.089      0.152     0.00520  -1	   0.0530006    -0.0105466
     D1IQD-a85b      0.021     0.045       0.160     0.666      0.141     0.797      0.539     0.530      0.087     0.526    0.512     0.531   0.827     0.108      0.194     0.00535  -1	   0.1566132     0.0839756
     D1IQD-a85c      0.023     0.043       0.148     0.639      0.084     0.798      0.559     0.556      0.178     0.557    0.531     0.544   0.761     0.096      0.181     0.00537  -1	   0.0877087     0.0495676
     D1IQD-a85d      0.026     0.044       0.157     0.577     -0.011     0.796      0.571     0.640      0.135     0.527    0.466     0.569   0.778     0.095      0.115     0.00506  -1	   0.0225804    -0.0689593
     D1IQD-a86a      0.026     0.030       0.108     0.774      0.076     0.791      0.586     0.673      0.508     0.546    0.541     0.527   0.821     0.156      0.112     0.00588  -1	   0.0004282    -0.0180008
     D1IQD-a86b      0.021     0.054       0.185     0.632     -0.108     0.781      0.490     0.593      0.024     0.540    0.509     0.545   0.589     0.087      0.245     0.00578  -1	   0.1682620     0.0160512
     D1IQD-a86c      0.026     0.029       0.106     0.754      0.110     0.776      0.581     0.660      0.449     0.536    0.494     0.553   0.831     0.144      0.102     0.00594  -1	   0.0029536    -0.0124142
     D1IQD-a86d      0.025     0.047       0.188     0.644      0.189     0.782      0.534     0.588      0.011     0.500    0.476     0.536   0.739     0.070      0.145     0.00565  -1	   0.1671396     0.0420074
     D1IQD-a87a      0.029     0.038       0.141     0.653      0.209     0.795      0.539     0.615      0.036     0.492    0.478     0.527   0.840     0.111      0.185     0.00372  -1	   0.1734713     0.0150345
     D1IQD-a87b      0.025     0.036       0.117     0.682      0.041     0.791      0.572     0.648      0.188     0.521    0.475     0.556   0.781     0.138      0.312     0.00537  -1	   0.1431178    -0.0246992
     D1IQD-a87c      0.028     0.036       0.146     0.615     -0.039     0.788      0.588     0.647      0.840     0.540    0.503     0.551   0.796     0.104      0.036     0.00403  -1	  -0.0026326    -0.0104840
     D1IQD-a87d      0.031     0.030       0.103     0.691     -0.562     0.784      0.537     0.539      0.055     0.519    0.479     0.551   0.663     0.141      0.283     0.00337  -1	   0.3329688     0.2387051
     D1IQD-a88a      0.029     0.032       0.122     0.644      0.112     0.807      0.586     0.617      0.203     0.502    0.500     0.518   0.771     0.132      0.324     0.00392  -1	   0.1460742     0.0221988
     D1IQD-a88b      0.023     0.037       0.115     0.681     -0.379     0.793      0.577     0.661      0.136     0.557    0.491     0.576   0.699     0.116      0.256     0.00395  -1	   0.1649381     0.0189615
     D1IQD-a88c      0.027     0.041       0.162     0.672      0.101     0.792      0.539     0.569      0.119     0.541    0.490     0.563   0.827     0.090      0.089     0.00408  -1	   0.0608836     0.0239767
     D1IQD-a88d      0.025     0.036       0.139     0.663     -0.415     0.788      0.538     0.605      0.414     0.516    0.483     0.544   0.639     0.106      0.212     0.00373  -1	   0.0514812     0.0226160
     D1IQD-a89a      0.020     0.047       0.164     0.635      0.170     0.785      0.595     0.634      0.255     0.541    0.475     0.574   0.739     0.093      0.153     0.00480  -1	   0.0846014    -0.0114163
     D1IQD-a89b      0.020     0.036       0.139     0.467      0.193     0.788      0.611     0.651      0.375     0.518    0.492     0.539   0.595     0.100      0.178     0.00419  -1	   0.0095003    -0.0308456
     D1IQD-a89c      0.019     0.044       0.162     0.541      0.071     0.782      0.607     0.621      0.232     0.533    0.498     0.549   0.682     0.092      0.141     0.00478  -1	   0.0138207    -0.0320029
     D1IQD-a89d      0.021     0.049       0.174     0.660      0.123     0.789      0.570     0.624      0.367     0.565    0.491     0.584   0.827     0.095      0.127     0.00479  -1	   0.0552578    -0.0345649
      D1IQD-a8a      0.021     0.025       0.115     0.638      0.070     0.798      0.642     0.660      0.305     0.523    0.486     0.549   0.761     0.133      0.156     0.01468  -1	  -0.0127510    -0.0136870
      D1IQD-a8b      0.022     0.035       0.124     0.741      0.294     0.788      0.527     0.453      0.168     0.561    0.500     0.573   0.896     0.120      0.341     0.03103  -1	   0.3000468     0.2720346
      D1IQD-a8c      0.021     0.026       0.096     0.684      0.189     0.796      0.626     0.659      0.437     0.519    0.489     0.543   0.794     0.164      0.073     0.02132  -1	  -0.0150921    -0.0085826
      D1IQD-a8d      0.020     0.043       0.146     0.718      0.448     0.792      0.515     0.502      0.081     0.519    0.508     0.528   0.902     0.103      0.247     0.04939  -1	   0.3897495     0.2623250
     D1IQD-a90a      0.020     0.045       0.160     0.711      0.096     0.768      0.546     0.627      0.205     0.487    0.493     0.510   0.841     0.095      0.191     0.00415  -1	   0.1155017    -0.0251072
     D1IQD-a90b      0.018     0.040       0.157     0.580     -0.024     0.783      0.619     0.627      0.143     0.541    0.509     0.546   0.778     0.096      0.131     0.00534  -1	   0.0134100    -0.0273983
     D1IQD-a90c      0.020     0.045       0.162     0.678      0.097     0.772      0.554     0.626      0.073     0.503    0.505     0.514   0.817     0.093      0.167     0.00418  -1	   0.1361794    -0.0063637
     D1IQD-a90d      0.020     0.046       0.157     0.684      0.097     0.770      0.570     0.647      0.121     0.492    0.511     0.499   0.817     0.094      0.202     0.00416  -1	   0.1481644    -0.0202787
     D1IQD-a91a      0.020     0.045       0.160     0.695      0.052     0.766      0.556     0.637      0.227     0.487    0.495     0.507   0.817     0.096      0.196     0.00417  -1	   0.0960958    -0.0347453
     D1IQD-a91b      0.023     0.044       0.167     0.633     -0.060     0.783      0.567     0.625      0.322     0.502    0.505     0.514   0.756     0.088      0.224     0.00411  -1	   0.0443468    -0.0392922
     D1IQD-a91c      0.022     0.035       0.129     0.500      0.277     0.788      0.590     0.619      0.318     0.515    0.482     0.545   0.737     0.109      0.178     0.00420  -1	   0.0515542    -0.0076284
     D1IQD-a91d      0.021     0.046       0.164     0.703      0.079     0.773      0.550     0.625      0.018     0.488    0.487     0.515   0.841     0.093      0.202     0.00414  -1	   0.1913568     0.0030752
     D1IQD-a92a      0.024     0.042       0.155     0.673     -0.344     0.787      0.538     0.616      0.059     0.494    0.498     0.513   0.812     0.099      0.208     0.00422  -1	   0.1709093     0.0271351
     D1IQD-a92b      0.023     0.040       0.141     0.611      0.228     0.784      0.583     0.616      0.150     0.535    0.520     0.532   0.784     0.112      0.207     0.00532  -1	   0.1417854     0.0271654
     D1IQD-a92c      0.021     0.027       0.089     0.777     -0.469     0.770      0.591     0.702      0.857     0.532    0.502     0.545   0.686     0.174      0.234     0.00309  -1	   0.0312541     0.0281183
     D1IQD-a92d      0.026     0.031       0.122     0.626     -0.473     0.778      0.589     0.676      0.824     0.519    0.485     0.546   0.627     0.122      0.300     0.00393  -1	   0.0301530     0.0274127
     D1IQD-a93a      0.025     0.026       0.108     0.652      0.179     0.791      0.616     0.658      1.000     0.547    0.520     0.544   0.794     0.157      0.113     0.00417  -1	   0.0474066    -0.0005399
     D1IQD-a93b      0.027     0.030       0.108     0.685     -0.197     0.774      0.571     0.639      0.437     0.500    0.481     0.532   0.757     0.138      0.274     0.00391  -1	   0.0282188    -0.0167329
     D1IQD-a93c      0.024     0.033       0.120     0.513      0.250     0.768      0.599     0.654      0.107     0.498    0.475     0.535   0.737     0.143      0.286     0.00406  -1	   0.1318595    -0.0275871
     D1IQD-a93d      0.027     0.032       0.110     0.718     -0.165     0.778      0.577     0.636      0.460     0.519    0.493     0.540   0.781     0.132      0.280     0.00391  -1	   0.0324943    -0.0219826
     D1IQD-a94a      0.026     0.028       0.101     0.615     -0.127     0.772      0.601     0.664      0.641     0.500    0.483     0.529   0.732     0.141      0.159     0.00436  -1	  -0.0435388    -0.0306462
     D1IQD-a94b      0.027     0.020       0.092     0.698      0.052     0.781      0.629     0.666      0.679     0.494    0.488     0.520   0.817     0.161      0.416     0.00372  -1	  -0.0007194    -0.0422186
     D1IQD-a94c      0.027     0.032       0.122     0.641     -0.267     0.765      0.600     0.686      0.696     0.497    0.472     0.536   0.671     0.120      0.390     0.00386  -1	   0.0003084    -0.0284597
     D1IQD-a94d      0.026     0.027       0.110     0.643      0.085     0.800      0.627     0.649      0.488     0.525    0.490     0.547   0.761     0.156      0.259     0.00469  -1	   0.0128735    -0.0247514
     D1IQD-a95a      0.024     0.038       0.129     0.656      0.122     0.781      0.547     0.641      0.243     0.532    0.526     0.525   0.827     0.120      0.094     0.00485  -1	   0.0293315    -0.0433656
     D1IQD-a95b      0.024     0.035       0.117     0.656     -0.289     0.773      0.574     0.666      0.507     0.512    0.497     0.530   0.726     0.118      0.214     0.00492  -1	   0.0133057    -0.0227777
     D1IQD-a95c      0.025     0.037       0.129     0.602     -0.146     0.780      0.535     0.632      0.176     0.519    0.468     0.560   0.732     0.109      0.382     0.00432  -1	   0.1430127    -0.0143799
     D1IQD-a95d      0.024     0.033       0.115     0.675     -0.390     0.784      0.561     0.635      0.411     0.528    0.500     0.542   0.699     0.115      0.206     0.00476  -1	   0.0521109     0.0136800
     D1IQD-a96a      0.024     0.035       0.117     0.684     -0.287     0.783      0.569     0.662      0.481     0.513    0.489     0.536   0.726     0.121      0.198     0.00485  -1	   0.0145406    -0.0220137
     D1IQD-a96b      0.024     0.035       0.124     0.655      0.150     0.786      0.554     0.643      0.286     0.539    0.509     0.545   0.794     0.124      0.107     0.00481  -1	   0.0267059    -0.0295810
     D1IQD-a96c      0.020     0.042       0.155     0.548      0.081     0.786      0.578     0.609      0.927     0.523    0.497     0.540   0.682     0.108      0.122     0.00392  -1	   0.0541786     0.0086110
     D1IQD-a96d      0.026     0.045       0.167     0.619     -0.041     0.794      0.543     0.555      0.096     0.509    0.481     0.540   0.796     0.085      0.153     0.00407  -1	   0.0699604     0.0201257
     D1IQD-a97a      0.025     0.041       0.150     0.535      0.198     0.770      0.570     0.596      0.419     0.520    0.482     0.549   0.659     0.104      0.331     0.00488  -1	   0.1009156     0.0113348
     D1IQD-a97b      0.024     0.046       0.162     0.579      0.222     0.805      0.531     0.536      0.958     0.552    0.529     0.541   0.767     0.100      0.359     0.00530  -1	   0.1562199     0.0943576
     D1IQD-a97c      0.023     0.041       0.143     0.687      0.193     0.793      0.525     0.567      0.315     0.538    0.527     0.529   0.794     0.110      0.277     0.00522  -1	   0.1595076     0.0537533
     D1IQD-a97d      0.027     0.048       0.174     0.718     -0.072     0.802      0.510     0.592      0.206     0.501    0.505     0.514   0.836     0.078      0.257     0.00395  -1	   0.1325021    -0.0178782
     D1IQD-a98a      0.027     0.045       0.162     0.544      0.009     0.784      0.541     0.564      0.131     0.483    0.491     0.507   0.646     0.079      0.165     0.00444  -1	   0.0534026     0.0253151
     D1IQD-a98b      0.023     0.039       0.141     0.711      0.158     0.796      0.551     0.603      0.228     0.525    0.514     0.528   0.819     0.102      0.283     0.00523  -1	   0.1762515     0.0355532
     D1IQD-a98c      0.027     0.042       0.153     0.552     -0.092     0.782      0.558     0.592      0.116     0.522    0.500     0.536   0.738     0.080      0.188     0.00443  -1	   0.0547094     0.0008809
     D1IQD-a98d      0.023     0.041       0.146     0.685      0.178     0.791      0.524     0.562      0.550     0.535    0.508     0.542   0.794     0.108      0.267     0.00528  -1	   0.0963770     0.0346838
     D1IQD-a99a      0.027     0.051       0.176     0.626     -0.170     0.792      0.522     0.612      0.115     0.488    0.481     0.520   0.664     0.083      0.212     0.00397  -1	   0.1118519    -0.0114975
     D1IQD-a99b      0.026     0.042       0.153     0.577      0.042     0.789      0.547     0.601      0.174     0.563    0.490     0.583   0.708     0.099      0.142     0.00497  -1	   0.0278687    -0.0228887
     D1IQD-a99c      0.027     0.039       0.146     0.624     -0.028     0.797      0.566     0.576      0.226     0.528    0.467     0.569   0.796     0.094      0.086     0.00420  -1	  -0.0074690    -0.0076148
     D1IQD-a99d      0.026     0.044       0.169     0.601     -0.177     0.790      0.572     0.632      0.093     0.511    0.499     0.528   0.701     0.087      0.225     0.00516  -1	   0.1014266    -0.0200331
      D1IQD-a9a      0.022     0.027       0.106     0.692      0.140     0.795      0.576     0.559      0.926     0.540    0.514     0.541   0.827     0.163      0.422     0.01681  -1	   0.0316693     0.0213167
      D1IQD-a9b      0.021     0.033       0.115     0.656      0.185     0.786      0.550     0.559      0.455     0.596    0.515     0.593   0.794     0.136      0.034     0.02757  -1	  -0.0109476     0.0207037
      D1IQD-a9c      0.020     0.027       0.108     0.697      0.123     0.792      0.589     0.568      0.979     0.538    0.515     0.540   0.827     0.168      0.422     0.01656  -1	   0.0176084     0.0058116
      D1IQD-a9d      0.021     0.027       0.108     0.707      0.147     0.788      0.580     0.554      0.930     0.552    0.506     0.559   0.851     0.168      0.422     0.01659  -1	   0.0351880     0.0171559
