      D1CLV-a9d      0.026     0.033       0.083     0.668     -0.014     0.840      0.603     0.709      0.640     0.405    0.615     0.337   0.852     0.171      0.120     0.00933  -1	  -0.0614495    -0.0927311
      D1CLV-a0a      0.027     0.031       0.077     0.686     -0.160     0.842      0.579     0.678      0.900     0.396    0.595     0.345   0.757     0.174      0.137     0.00916  -1	  -0.0643433    -0.0085259
      D1CLV-a0b      0.030     0.031       0.074     0.775     -0.223     0.841      0.612     0.732      0.256     0.421    0.607     0.358   0.777     0.160      0.328     0.00897  -1	   0.1665812    -0.0207523
      D1CLV-a0c      0.029     0.029       0.064     0.722     -0.410     0.836      0.575     0.690      0.763     0.370    0.575     0.337   0.664     0.192      0.071     0.00752  -1	  -0.0077146     0.0354437
      D1CLV-a0d      0.029     0.027       0.066     0.682     -0.442     0.838      0.604     0.653      0.904     0.390    0.595     0.340   0.639     0.167      0.225     0.00813  -1	  -0.0172571     0.0606371
    D1CLV-a100a      0.029     0.033       0.074     0.690      0.119     0.838      0.561     0.602      0.685     0.394    0.585     0.351   0.827     0.147      0.474     0.01487  -1	   0.0605338    -0.0181366
    D1CLV-a100b      0.030     0.032       0.072     0.569     -0.355     0.831      0.576     0.565      0.728     0.417    0.600     0.360   0.626     0.157      0.326     0.01638  -1	  -0.0127045     0.0873763
    D1CLV-a100c      0.031     0.036       0.085     0.706     -0.452     0.841      0.543     0.592      0.325     0.390    0.588     0.346   0.707     0.162      0.181     0.01532  -1	   0.1129308     0.0827087
    D1CLV-a100d      0.029     0.034       0.077     0.628     -0.015     0.839      0.552     0.614      0.477     0.409    0.586     0.363   0.796     0.172      0.154     0.01759  -1	  -0.0301979    -0.0360087
    D1CLV-a101a      0.033     0.035       0.083     0.647     -0.266     0.837      0.577     0.576      0.779     0.423    0.588     0.375   0.671     0.156      0.461     0.01691  -1	  -0.0120747     0.0410416
    D1CLV-a101b      0.032     0.036       0.079     0.681     -0.255     0.841      0.571     0.615      0.964     0.501    0.615     0.422   0.726     0.181      0.200     0.01826  -1	  -0.0179227     0.0178535
    D1CLV-a101c      0.032     0.033       0.074     0.727     -0.491     0.836      0.562     0.541      0.706     0.372    0.576     0.339   0.707     0.152      0.356     0.01695  -1	   0.0419392     0.1023635
    D1CLV-a101d      0.032     0.034       0.083     0.654     -0.537     0.851      0.569     0.622      0.862     0.408    0.587     0.362   0.663     0.192      0.314     0.01497  -1	   0.0288831     0.0684988
    D1CLV-a102a      0.029     0.032       0.066     0.709      0.233     0.852      0.564     0.537      0.823     0.412    0.615     0.344   0.864     0.206      0.267     0.01558  -1	   0.0307927     0.0001064
    D1CLV-a102b      0.031     0.036       0.085     0.658     -0.320     0.838      0.577     0.581      0.850     0.411    0.592     0.359   0.812     0.156      0.329     0.01715  -1	  -0.0306833     0.0319270
    D1CLV-a102c      0.031     0.033       0.083     0.646     -0.426     0.834      0.546     0.559      0.802     0.503    0.604     0.433   0.584     0.172      0.245     0.01692  -1	   0.0104100     0.0752723
    D1CLV-a102d      0.031     0.028       0.074     0.784     -0.165     0.846      0.589     0.671      0.685     0.404    0.593     0.353   0.761     0.158      0.067     0.01749  -1	  -0.0618138    -0.0008704
    D1CLV-a103a      0.029     0.033       0.077     0.670      0.013     0.858      0.566     0.627      0.357     0.432    0.597     0.375   0.781     0.195      0.138     0.01721  -1	   0.0036382    -0.0332615
    D1CLV-a103b      0.027     0.031       0.072     0.779     -0.268     0.852      0.600     0.676      0.667     0.420    0.572     0.384   0.730     0.184      0.190     0.02206  -1	  -0.0310034    -0.0203916
    D1CLV-a103c      0.029     0.034       0.072     0.662     -0.059     0.825      0.584     0.643      0.578     0.441    0.600     0.380   0.812     0.156      0.106     0.01770  -1	  -0.0451508    -0.0407127
    D1CLV-a103d      0.028     0.027       0.068     0.674     -0.202     0.856      0.609     0.688      0.705     0.404    0.583     0.362   0.773     0.233      0.200     0.01766  -1	  -0.0682423    -0.0601290
    D1CLV-a104a      0.027     0.032       0.074     0.817     -0.270     0.850      0.577     0.640      0.692     0.435    0.597     0.377   0.601     0.177      0.186     0.02234  -1	  -0.0178459     0.0173868
    D1CLV-a104b      0.028     0.031       0.072     0.692     -0.010     0.852      0.589     0.643      0.759     0.444    0.607     0.378   0.852     0.194      0.195     0.02417  -1	  -0.0497695    -0.0613583
    D1CLV-a104c      0.030     0.033       0.074     0.639     -0.137     0.840      0.569     0.623      0.517     0.392    0.585     0.350   0.732     0.146      0.077     0.01769  -1	  -0.0518776    -0.0048265
    D1CLV-a104d      0.027     0.031       0.072     0.677     -0.010     0.853      0.620     0.673      0.776     0.442    0.606     0.377   0.852     0.176      0.189     0.02409  -1	  -0.0509836    -0.0658682
    D1CLV-a105a      0.027     0.031       0.070     0.806     -0.281     0.853      0.581     0.656      0.916     0.429    0.597     0.373   0.601     0.188      0.225     0.02267  -1	  -0.0431412     0.0218488
    D1CLV-a105b      0.022     0.037       0.096     0.767     -0.104     0.846      0.608     0.702      0.820     0.431    0.595     0.376   0.792     0.149      0.241     0.03280  -1	  -0.0393885    -0.0484707
    D1CLV-a105c      0.025     0.030       0.074     0.700     -0.139     0.847      0.625     0.718      0.838     0.406    0.588     0.359   0.812     0.179      0.024     0.04028  -1	  -0.0716133    -0.0362732
    D1CLV-a105d      0.027     0.030       0.077     0.649     -0.137     0.832      0.599     0.682      0.848     0.429    0.584     0.384   0.732     0.188      0.020     0.03780  -1	  -0.0554202    -0.0246053
    D1CLV-a106a      0.028     0.032       0.083     0.721     -0.134     0.858      0.580     0.652      0.958     0.454    0.603     0.390   0.812     0.168      0.174     0.04159  -1	  -0.0489860    -0.0119878
    D1CLV-a106b      0.029     0.032       0.079     0.638     -0.093     0.856      0.607     0.694      0.966     0.429    0.599     0.371   0.756     0.171      0.059     0.04359  -1	  -0.0326336    -0.0140522
    D1CLV-a106c      0.028     0.031       0.079     0.736     -0.105     0.852      0.605     0.691      0.872     0.433    0.595     0.377   0.812     0.201      0.134     0.04006  -1	  -0.0636665    -0.0474946
    D1CLV-a106d      0.024     0.033       0.085     0.698     -0.202     0.856      0.606     0.682      0.507     0.404    0.577     0.365   0.773     0.171      0.094     0.02472  -1	  -0.0491538    -0.0527979
    D1CLV-a107a      0.027     0.035       0.072     0.716     -0.149     0.855      0.563     0.645      0.484     0.511    0.595     0.448   0.812     0.211      0.167     0.05039  -1	  -0.0034707    -0.0555609
    D1CLV-a107b      0.027     0.034       0.085     0.686     -0.174     0.856      0.609     0.700      0.976     0.422    0.597     0.366   0.757     0.163      0.075     0.04518  -1	  -0.0379766    -0.0032823
    D1CLV-a107c      0.027     0.034       0.079     0.766     -0.252     0.851      0.575     0.658      0.575     0.481    0.596     0.419   0.730     0.199      0.153     0.05168  -1	  -0.0101665    -0.0290890
    D1CLV-a107d      0.028     0.032       0.079     0.730      0.002     0.852      0.607     0.671      0.523     0.427    0.568     0.394   0.805     0.183      0.145     0.03803  -1	  -0.0219248    -0.0542200
    D1CLV-a108a      0.029     0.038       0.087     0.652     -0.044     0.830      0.582     0.662      0.106     0.398    0.604     0.341   0.852     0.191      0.111     0.02517  -1	   0.0742471    -0.0418984
    D1CLV-a108b      0.030     0.035       0.085     0.770      0.119     0.839      0.533     0.620      0.525     0.480    0.607     0.409   0.831     0.171      0.118     0.02901  -1	   0.0327280    -0.0142634
    D1CLV-a108c      0.028     0.036       0.087     0.662     -0.078     0.838      0.575     0.653      0.982     0.439    0.614     0.368   0.812     0.167      0.051     0.02777  -1	  -0.0286597    -0.0167406
    D1CLV-a108d      0.027     0.019       0.043     0.755     -0.021     0.831      0.600     0.599      0.729     0.385    0.590     0.339   0.855     0.307      0.138     0.02034  -1	  -0.1126826    -0.0648990
    D1CLV-a109a      0.029     0.039       0.094     0.690     -0.099     0.839      0.574     0.658      0.109     0.409    0.609     0.346   0.812     0.173      0.129     0.02557  -1	   0.0999165    -0.0093479
    D1CLV-a109b      0.030     0.035       0.089     0.718      0.103     0.837      0.561     0.632      0.453     0.410    0.603     0.350   0.851     0.165      0.059     0.02706  -1	  -0.0098342    -0.0435524
    D1CLV-a109c      0.027     0.040       0.096     0.711     -0.047     0.843      0.568     0.627      0.508     0.472    0.619     0.393   0.876     0.170      0.203     0.02607  -1	   0.0123238    -0.0661056
    D1CLV-a109d      0.030     0.032       0.077     0.755     -0.308     0.835      0.550     0.586      0.849     0.431    0.617     0.359   0.815     0.173      0.514     0.01556  -1	  -0.0131199     0.0304351
     D1CLV-a10a      0.025     0.031       0.085     0.682      0.182     0.818      0.587     0.700      0.772     0.500    0.696     0.352   0.794     0.145      0.096     0.01018  -1	   0.0265537    -0.0086774
     D1CLV-a10b      0.028     0.033       0.085     0.654      0.163     0.839      0.565     0.703      0.818     0.480    0.577     0.435   0.794     0.148      0.105     0.00963  -1	   0.0180587    -0.0279083
     D1CLV-a10c      0.026     0.032       0.085     0.700      0.039     0.833      0.559     0.687      0.458     0.479    0.585     0.427   0.805     0.140      0.113     0.00953  -1	  -0.0128969    -0.0519126
     D1CLV-a10d      0.028     0.031       0.077     0.757     -0.245     0.840      0.617     0.758      0.944     0.415    0.589     0.367   0.777     0.175      0.093     0.01006  -1	  -0.0519522     0.0075387
    D1CLV-a110a      0.031     0.035       0.083     0.633     -0.229     0.841      0.586     0.596      0.823     0.408    0.600     0.353   0.718     0.153      0.313     0.01714  -1	  -0.0423412     0.0187892
    D1CLV-a110b      0.032     0.034       0.079     0.725     -0.488     0.831      0.569     0.552      0.705     0.390    0.573     0.356   0.707     0.146      0.355     0.01700  -1	   0.0459633     0.0895662
    D1CLV-a110c      0.027     0.036       0.085     0.627     -0.172     0.830      0.576     0.671      0.341     0.396    0.582     0.356   0.701     0.172      0.121     0.01806  -1	  -0.0030338    -0.0362097
    D1CLV-a110d      0.031     0.033       0.074     0.701     -0.070     0.841      0.575     0.629      0.552     0.378    0.583     0.339   0.836     0.144      0.099     0.01767  -1	  -0.0492346    -0.0280022
    D1CLV-a111a      0.033     0.033       0.081     0.728     -0.456     0.835      0.568     0.557      0.796     0.417    0.592     0.365   0.707     0.145      0.302     0.01698  -1	   0.0106114     0.0787288
    D1CLV-a111b      0.030     0.033       0.074     0.692     -0.075     0.843      0.574     0.631      0.496     0.376    0.587     0.334   0.812     0.148      0.106     0.01768  -1	  -0.0415798    -0.0252348
    D1CLV-a111c      0.030     0.032       0.077     0.745     -0.274     0.843      0.537     0.573      0.341     0.437    0.587     0.388   0.750     0.175      0.450     0.01564  -1	   0.1754591     0.0830152
    D1CLV-a111d      0.031     0.035       0.085     0.678     -0.316     0.818      0.572     0.581      0.973     0.406    0.604     0.347   0.812     0.167      0.413     0.01706  -1	  -0.0470273     0.0465863
    D1CLV-a112a      0.028     0.038       0.085     0.755      0.133     0.845      0.575     0.629      0.915     0.428    0.600     0.369   0.831     0.161      0.192     0.01058  -1	   0.0204349    -0.0252294
    D1CLV-a112b      0.024     0.025       0.060     0.604     -0.079     0.837      0.608     0.648      0.797     0.370    0.570     0.340   0.756     0.199      0.116     0.00841  -1	  -0.0887307    -0.0306313
    D1CLV-a112c      0.029     0.027       0.074     0.727     -0.662     0.836      0.598     0.665      0.930     0.408    0.602     0.350   0.664     0.184      0.322     0.00817  -1	   0.0670708     0.0958162
    D1CLV-a112d      0.029     0.027       0.064     0.676      0.246     0.834      0.617     0.714      0.724     0.407    0.596     0.354   0.840     0.174      0.162     0.00733  -1	   0.0089367    -0.0564442
    D1CLV-a113a      0.028     0.032       0.077     0.721     -0.274     0.851      0.595     0.662      0.594     0.454    0.578     0.410   0.750     0.174      0.162     0.02206  -1	  -0.0246392    -0.0269041
    D1CLV-a113b      0.028     0.031       0.070     0.737     -0.128     0.853      0.575     0.633      0.574     0.416    0.591     0.365   0.812     0.196      0.235     0.02311  -1	  -0.0222557    -0.0415306
    D1CLV-a113c      0.029     0.032       0.074     0.730     -0.225     0.857      0.585     0.642      0.524     0.418    0.583     0.374   0.798     0.181      0.193     0.02240  -1	  -0.0157349    -0.0306530
    D1CLV-a113d      0.027     0.030       0.077     0.733     -0.319     0.855      0.587     0.658      0.877     0.424    0.591     0.372   0.836     0.197      0.162     0.02243  -1	  -0.0554985    -0.0120951
     D1CLV-a11a      0.032     0.031       0.066     0.800      0.119     0.831      0.576     0.631      0.419     0.402    0.581     0.362   0.702     0.166      0.217     0.01259  -1	   0.0913699     0.0542020
     D1CLV-a11b      0.027     0.035       0.085     0.706     -0.062     0.838      0.593     0.678      0.693     0.388    0.587     0.344   0.836     0.150      0.412     0.01201  -1	  -0.0037658    -0.0791515
     D1CLV-a11c      0.031     0.031       0.068     0.781      0.122     0.833      0.570     0.624      0.934     0.414    0.595     0.361   0.831     0.177      0.204     0.01254  -1	  -0.0100874    -0.0177601
     D1CLV-a11d      0.028     0.033       0.083     0.612     -0.178     0.844      0.609     0.656      0.638     0.385    0.582     0.345   0.701     0.174      0.059     0.01594  -1	  -0.0625980    -0.0312333
     D1CLV-a12a      0.028     0.034       0.079     0.732      0.053     0.836      0.602     0.654      0.490     0.376    0.578     0.341   0.841     0.156      0.481     0.01173  -1	   0.1200986    -0.0618927
     D1CLV-a12b      0.031     0.024       0.060     0.705      0.126     0.846      0.614     0.645      0.896     0.396    0.588     0.351   0.851     0.188      0.829     0.00894  -1	   0.0548973    -0.0650733
     D1CLV-a12c      0.030     0.031       0.070     0.718     -0.035     0.834      0.582     0.654      0.654     0.384    0.592     0.336   0.876     0.179      0.174     0.01325  -1	  -0.0549722    -0.0659305
     D1CLV-a12d      0.030     0.031       0.072     0.738      0.009     0.836      0.575     0.655      0.529     0.390    0.591     0.343   0.805     0.182      0.146     0.01321  -1	  -0.0241673    -0.0432080
     D1CLV-a13a      0.029     0.035       0.081     0.733     -0.045     0.834      0.605     0.668      0.573     0.399    0.584     0.357   0.876     0.154      0.368     0.01168  -1	   0.0301697    -0.0802596
     D1CLV-a13b      0.026     0.035       0.077     0.687     -0.174     0.840      0.598     0.649      0.503     0.393    0.593     0.344   0.757     0.158      0.445     0.01155  -1	   0.0630810    -0.0335595
     D1CLV-a13c      0.031     0.027       0.057     0.661      0.385     0.856      0.565     0.545      0.430     0.372    0.579     0.336   0.903     0.222      0.623     0.01045  -1	   0.3194833     0.0928810
     D1CLV-a13d      0.029     0.034       0.085     0.723     -0.009     0.840      0.599     0.680      0.538     0.377    0.580     0.340   0.876     0.150      0.412     0.01198  -1	   0.0542376    -0.0938495
     D1CLV-a14a      0.026     0.024       0.051     0.741      0.180     0.841      0.627     0.631      0.707     0.395    0.571     0.362   0.819     0.204      0.170     0.01149  -1	  -0.0246009    -0.0185442
     D1CLV-a14b      0.025     0.025       0.049     0.770      0.113     0.840      0.620     0.612      0.613     0.385    0.571     0.355   0.831     0.231      0.180     0.01175  -1	  -0.0357873    -0.0239527
     D1CLV-a14c      0.025     0.024       0.051     0.800      0.232     0.845      0.597     0.585      0.560     0.396    0.586     0.353   0.715     0.235      0.135     0.01181  -1	   0.0315105     0.0586871
     D1CLV-a14d      0.025     0.024       0.055     0.801      0.338     0.848      0.614     0.602      0.685     0.387    0.590     0.342   0.747     0.231      0.154     0.01148  -1	   0.0716474     0.0605117
     D1CLV-a15a      0.025     0.032       0.081     0.774     -0.074     0.846      0.570     0.659      0.707     0.374    0.577     0.339   0.815     0.192      0.158     0.02300  -1	  -0.0635025    -0.0541088
     D1CLV-a15b      0.025     0.029       0.066     0.668      0.318     0.838      0.594     0.576      0.627     0.368    0.577     0.335   0.872     0.211      0.298     0.02220  -1	   0.0591268    -0.0129943
     D1CLV-a15c      0.026     0.025       0.049     0.770      0.193     0.850      0.615     0.604      0.527     0.388    0.566     0.360   0.798     0.226      0.160     0.01168  -1	   0.0117091     0.0196611
     D1CLV-a15d      0.024     0.029       0.066     0.637      0.363     0.844      0.599     0.604      0.560     0.372    0.573     0.340   0.848     0.214      0.290     0.02206  -1	   0.0925764    -0.0114453
     D1CLV-a16a      0.028     0.031       0.072     0.764      0.163     0.840      0.582     0.639      0.487     0.401    0.585     0.358   0.798     0.220      0.063     0.00971  -1	  -0.0020577    -0.0277884
     D1CLV-a16b      0.025     0.032       0.074     0.723     -0.470     0.838      0.602     0.665      0.993     0.428    0.608     0.363   0.707     0.160      0.042     0.01159  -1	   0.0244447     0.0655757
     D1CLV-a16c      0.026     0.031       0.072     0.702      0.050     0.847      0.604     0.640      0.505     0.382    0.576     0.347   0.841     0.156      0.238     0.01027  -1	   0.0015791    -0.0407959
     D1CLV-a16d      0.026     0.035       0.079     0.737      0.059     0.841      0.614     0.681      0.747     0.409    0.595     0.356   0.841     0.198      0.145     0.01023  -1	  -0.0387796    -0.0770319
     D1CLV-a17a      0.027     0.031       0.072     0.722      0.278     0.846      0.599     0.667      0.769     0.409    0.591     0.359   0.896     0.223      0.102     0.01019  -1	   0.0135024    -0.0747574
     D1CLV-a17b      0.025     0.035       0.077     0.754      0.207     0.827      0.610     0.684      0.782     0.415    0.622     0.341   0.844     0.220      0.090     0.01028  -1	  -0.0076855    -0.0734868
     D1CLV-a17c      0.025     0.031       0.074     0.750      0.155     0.838      0.605     0.659      0.324     0.411    0.576     0.373   0.798     0.216      0.012     0.00992  -1	   0.0009753    -0.0121035
     D1CLV-a17d      0.026     0.032       0.068     0.653      0.160     0.832      0.612     0.610      0.779     0.381    0.588     0.338   0.794     0.188      0.321     0.00937  -1	  -0.0092261    -0.0446242
     D1CLV-a18a      0.029     0.038       0.083     0.753      0.111     0.840      0.578     0.635      0.993     0.443    0.618     0.368   0.831     0.191      0.179     0.01061  -1	   0.0083163    -0.0412573
     D1CLV-a18b      0.027     0.031       0.077     0.717     -0.450     0.830      0.581     0.641      0.518     0.415    0.579     0.374   0.664     0.193      0.214     0.00835  -1	   0.0580537     0.0250044
     D1CLV-a18c      0.025     0.038       0.087     0.628      0.009     0.840      0.601     0.662      0.853     0.399    0.587     0.354   0.725     0.165      0.129     0.01070  -1	  -0.0333516    -0.0408011
     D1CLV-a18d      0.028     0.038       0.083     0.756      0.025     0.840      0.558     0.611      0.696     0.419    0.608     0.356   0.785     0.171      0.179     0.01059  -1	  -0.0104785    -0.0299873
     D1CLV-a19a      0.027     0.037       0.087     0.669      0.166     0.837      0.572     0.625      0.920     0.406    0.592     0.356   0.794     0.175      0.144     0.01058  -1	   0.0123302    -0.0309253
     D1CLV-a19b      0.027     0.041       0.094     0.530     -0.600     0.840      0.599     0.659      0.630     0.375    0.568     0.347   0.528     0.153      0.183     0.01127  -1	   0.1030257     0.0456317
     D1CLV-a19c      0.026     0.033       0.074     0.802      0.117     0.829      0.628     0.685      0.458     0.395    0.569     0.364   0.702     0.221      0.102     0.00976  -1	   0.0245647     0.0107525
     D1CLV-a19d      0.029     0.035       0.083     0.697     -0.545     0.834      0.573     0.635      0.916     0.402    0.597     0.349   0.663     0.152      0.167     0.00821  -1	   0.0403254     0.0780675
      D1CLV-a1a      0.027     0.027       0.060     0.718      0.167     0.837      0.566     0.583      0.940     0.446    0.612     0.376   0.819     0.210      0.875     0.00918  -1	   0.1049510    -0.0030922
      D1CLV-a1b      0.028     0.029       0.074     0.737      0.326     0.842      0.572     0.660      0.402     0.402    0.596     0.350   0.896     0.165      0.073     0.00996  -1	   0.0790405    -0.0092209
      D1CLV-a1c      0.027     0.029       0.072     0.751      0.350     0.846      0.586     0.679      0.304     0.377    0.579     0.341   0.907     0.173      0.113     0.00979  -1	   0.1303521    -0.0026148
      D1CLV-a1d      0.030     0.026       0.057     0.595     -0.263     0.846      0.605     0.606      0.765     0.389    0.585     0.347   0.653     0.237      0.767     0.00895  -1	  -0.0059553     0.0539818
     D1CLV-a20a      0.029     0.032       0.074     0.632     -0.260     0.837      0.622     0.741      0.750     0.429    0.588     0.380   0.671     0.156      0.105     0.00771  -1	  -0.0416986    -0.0189476
     D1CLV-a20b      0.027     0.036       0.085     0.597     -0.116     0.835      0.597     0.649      0.940     0.410    0.586     0.364   0.714     0.149      0.225     0.00940  -1	  -0.0410401    -0.0022251
     D1CLV-a20c      0.029     0.050       0.119     0.573      0.126     0.839      0.578     0.582      0.823     0.401    0.582     0.360   0.753     0.124      0.231     0.01178  -1	   0.0467565    -0.0156265
     D1CLV-a20d      0.030     0.042       0.094     0.689     -0.177     0.834      0.588     0.564      0.824     0.409    0.614     0.342   0.757     0.165      0.670     0.01017  -1	   0.0274875    -0.0007420
     D1CLV-a21a      0.026     0.042       0.102     0.519      0.119     0.846      0.575     0.660      0.566     0.411    0.606     0.350   0.692     0.143      0.104     0.01074  -1	  -0.0103302    -0.0580684
     D1CLV-a21b      0.028     0.040       0.094     0.656     -0.035     0.830      0.559     0.643      0.660     0.427    0.586     0.380   0.852     0.134      0.159     0.00956  -1	  -0.0312185    -0.0576673
     D1CLV-a21c      0.027     0.039       0.098     0.665      0.021     0.833      0.580     0.663      0.444     0.402    0.572     0.368   0.781     0.132      0.161     0.00938  -1	   0.0052384    -0.0547824
     D1CLV-a21d      0.026     0.052       0.111     0.657      0.048     0.839      0.549     0.529      0.942     0.411    0.605     0.350   0.780     0.139      0.314     0.01174  -1	   0.0270264    -0.0025205
     D1CLV-a22a      0.028     0.032       0.081     0.609      0.056     0.833      0.599     0.711      0.660     0.457    0.591     0.403   0.761     0.178      0.085     0.00915  -1	  -0.0472012    -0.0752977
     D1CLV-a22b      0.028     0.034       0.087     0.642     -0.047     0.833      0.589     0.699      0.508     0.421    0.585     0.375   0.796     0.145      0.085     0.00930  -1	  -0.0502510    -0.0727056
     D1CLV-a22c      0.025     0.033       0.081     0.640      0.067     0.836      0.580     0.680      0.635     0.386    0.580     0.348   0.761     0.152      0.117     0.00941  -1	  -0.0430512    -0.0545910
     D1CLV-a22d      0.027     0.033       0.074     0.745      0.026     0.838      0.591     0.717      0.745     0.412    0.591     0.362   0.805     0.171      0.153     0.00877  -1	  -0.0375337    -0.0580049
     D1CLV-a23a      0.026     0.033       0.083     0.638      0.068     0.843      0.573     0.677      0.415     0.374    0.571     0.344   0.761     0.153      0.107     0.00933  -1	  -0.0236247    -0.0615864
     D1CLV-a23b      0.027     0.035       0.087     0.702     -0.099     0.841      0.573     0.676      0.582     0.383    0.582     0.344   0.836     0.153      0.136     0.00947  -1	  -0.0491437    -0.0664024
     D1CLV-a23c      0.029     0.042       0.096     0.597     -0.235     0.843      0.596     0.701      0.486     0.380    0.575     0.347   0.700     0.147      0.151     0.01431  -1	  -0.0126881    -0.0579602
     D1CLV-a23d      0.030     0.036       0.091     0.693      0.089     0.853      0.561     0.618      0.299     0.423    0.613     0.355   0.817     0.150      0.145     0.01147  -1	   0.0591663    -0.0007569
     D1CLV-a24a      0.030     0.044       0.096     0.683     -0.419     0.838      0.502     0.542      0.430     0.447    0.586     0.397   0.639     0.141      0.234     0.01540  -1	   0.0883148     0.1001780
     D1CLV-a24b      0.028     0.032       0.083     0.679      0.104     0.838      0.567     0.699      0.841     0.414    0.580     0.373   0.827     0.152      0.098     0.00965  -1	  -0.0230416    -0.0394225
     D1CLV-a24c      0.026     0.045       0.094     0.640      0.080     0.852      0.559     0.668      0.373     0.390    0.592     0.342   0.761     0.132      0.172     0.01474  -1	   0.0478970    -0.0672033
     D1CLV-a24d      0.026     0.037       0.087     0.730     -0.132     0.841      0.590     0.655      0.997     0.448    0.635     0.360   0.812     0.164      0.192     0.01564  -1	  -0.0428722    -0.0186665
     D1CLV-a25a      0.030     0.045       0.100     0.656     -0.507     0.847      0.520     0.568      0.338     0.439    0.601     0.377   0.663     0.144      0.250     0.01521  -1	   0.1523708     0.1057933
     D1CLV-a25b      0.026     0.045       0.091     0.650      0.069     0.849      0.554     0.645      0.405     0.400    0.579     0.362   0.817     0.143      0.186     0.01495  -1	   0.0384600    -0.0748715
     D1CLV-a25c      0.026     0.044       0.087     0.649      0.110     0.855      0.555     0.656      0.394     0.373    0.589     0.331   0.771     0.143      0.184     0.01475  -1	   0.0510689    -0.0645376
     D1CLV-a25d      0.031     0.046       0.098     0.654     -0.429     0.852      0.533     0.578      0.878     0.444    0.609     0.376   0.639     0.137      0.247     0.01541  -1	   0.0149047     0.0722890
     D1CLV-a26a      0.029     0.043       0.096     0.709     -0.526     0.846      0.512     0.564      0.909     0.392    0.622     0.321   0.688     0.148      0.234     0.01519  -1	   0.0247144     0.0999842
     D1CLV-a26b      0.028     0.033       0.074     0.575     -0.158     0.832      0.608     0.724      0.501     0.375    0.576     0.341   0.684     0.181      0.209     0.01315  -1	  -0.0311951    -0.0676912
     D1CLV-a26c      0.025     0.039       0.087     0.568      0.025     0.846      0.549     0.637      0.720     0.417    0.616     0.347   0.708     0.162      0.115     0.01678  -1	  -0.0367432    -0.0314351
     D1CLV-a26d      0.031     0.035       0.079     0.620      0.095     0.827      0.584     0.627      0.703     0.559    0.624     0.468   0.761     0.147      0.125     0.01600  -1	   0.0075620    -0.0077654
     D1CLV-a27a      0.025     0.032       0.066     0.646      0.231     0.839      0.597     0.556      0.525     0.359    0.568     0.333   0.784     0.210      0.557     0.03502  -1	   0.1451370     0.0169413
     D1CLV-a27b      0.020     0.031       0.066     0.710      0.374     0.843      0.623     0.557      0.561     0.402    0.610     0.339   0.928     0.211      0.419     0.04033  -1	   0.1864939     0.0604413
     D1CLV-a27c      0.023     0.029       0.066     0.695      0.370     0.827      0.625     0.554      0.643     0.409    0.591     0.359   0.903     0.222      0.384     0.04487  -1	   0.1261989     0.0405534
     D1CLV-a27d      0.025     0.029       0.066     0.695      0.403     0.830      0.619     0.547      0.734     0.414    0.612     0.348   0.878     0.219      0.384     0.04425  -1	   0.1415644     0.0549757
     D1CLV-a28a      0.027     0.032       0.064     0.654      0.397     0.838      0.612     0.578      0.516     0.351    0.564     0.328   0.903     0.199      0.346     0.03717  -1	   0.1505624     0.0196902
     D1CLV-a28b      0.024     0.033       0.066     0.672      0.423     0.848      0.608     0.572      0.633     0.375    0.581     0.338   0.878     0.190      0.373     0.03979  -1	   0.1768677     0.0425601
     D1CLV-a28c      0.026     0.032       0.062     0.654      0.287     0.846      0.613     0.604      0.593     0.385    0.572     0.352   0.872     0.213      0.327     0.03683  -1	   0.0701263    -0.0382050
     D1CLV-a28d      0.023     0.033       0.066     0.687      0.329     0.846      0.628     0.595      0.604     0.382    0.576     0.347   0.872     0.204      0.373     0.03884  -1	   0.1208557    -0.0051685
     D1CLV-a29a      0.023     0.031       0.064     0.660      0.406     0.841      0.611     0.578      0.544     0.371    0.578     0.336   0.878     0.199      0.373     0.03963  -1	   0.1669593     0.0386767
     D1CLV-a29b      0.024     0.038       0.087     0.615      0.085     0.830      0.594     0.657      0.513     0.382    0.582     0.343   0.761     0.154      0.167     0.02658  -1	  -0.0123752    -0.0642494
     D1CLV-a29c      0.022     0.037       0.089     0.718     -0.197     0.831      0.567     0.639      0.550     0.581    0.604     0.506   0.781     0.192      0.237     0.02877  -1	   0.0190898    -0.0413931
     D1CLV-a29d      0.025     0.024       0.060     0.595      0.481     0.834      0.624     0.613      0.674     0.371    0.578     0.336   0.818     0.204      0.240     0.02455  -1	   0.1171238     0.0326030
      D1CLV-a2a      0.028     0.025       0.062     0.665      0.004     0.844      0.602     0.631      0.776     0.410    0.595     0.357   0.781     0.241      0.773     0.00904  -1	   0.0333733    -0.0584445
      D1CLV-a2b      0.027     0.024       0.064     0.609      0.349     0.831      0.580     0.588      0.680     0.410    0.599     0.354   0.816     0.169      1.387     0.00931  -1	   0.5484674     0.0493814
      D1CLV-a2c      0.027     0.026       0.062     0.566      0.038     0.833      0.579     0.585      0.868     0.425    0.620     0.351   0.708     0.197      0.822     0.00922  -1	   0.0117443     0.0412752
      D1CLV-a2d      0.029     0.029       0.062     0.769     -0.216     0.841      0.562     0.559      0.875     0.405    0.596     0.352   0.777     0.176      0.324     0.01043  -1	  -0.0580147     0.0335131
     D1CLV-a30a      0.023     0.034       0.083     0.578      0.272     0.837      0.561     0.633      0.844     0.381    0.582     0.342   0.798     0.171      0.180     0.02215  -1	   0.0286568    -0.0303869
     D1CLV-a30b      0.019     0.038       0.094     0.668      0.205     0.838      0.539     0.645      0.119     0.387    0.606     0.328   0.840     0.144      0.129     0.03449  -1	   0.1275694    -0.0185074
     D1CLV-a30c      0.021     0.034       0.085     0.631      0.152     0.842      0.568     0.642      0.977     0.395    0.603     0.339   0.739     0.180      0.160     0.02279  -1	   0.0004621    -0.0187539
     D1CLV-a30d      0.025     0.034       0.085     0.637      0.163     0.848      0.593     0.679      0.803     0.372    0.582     0.334   0.739     0.182      0.209     0.02254  -1	  -0.0053751    -0.0525953
     D1CLV-a31a      0.025     0.040       0.087     0.684     -0.059     0.832      0.542     0.498      0.834     0.395    0.580     0.356   0.812     0.154      0.383     0.02517  -1	  -0.0293436     0.0278979
     D1CLV-a31b      0.028     0.035       0.085     0.669     -0.295     0.829      0.521     0.528      0.921     0.397    0.591     0.349   0.726     0.167      0.267     0.02389  -1	  -0.0449402     0.0782302
     D1CLV-a31c      0.027     0.036       0.081     0.714     -0.348     0.833      0.543     0.512      0.581     0.375    0.567     0.347   0.836     0.179      0.183     0.02650  -1	   0.0010553     0.0576315
     D1CLV-a31d      0.026     0.036       0.085     0.714     -0.317     0.826      0.522     0.481      0.445     0.362    0.570     0.334   0.836     0.179      0.182     0.02673  -1	   0.0260348     0.0999783
     D1CLV-a32a      0.025     0.038       0.089     0.761     -0.285     0.829      0.522     0.480      0.395     0.368    0.569     0.340   0.730     0.171      0.202     0.02678  -1	   0.0544310     0.1210353
     D1CLV-a32b      0.023     0.040       0.085     0.714     -0.224     0.843      0.549     0.627      0.804     0.423    0.612     0.356   0.798     0.174      0.164     0.01909  -1	  -0.0474174    -0.0263974
     D1CLV-a32c      0.023     0.040       0.087     0.691     -0.247     0.833      0.557     0.642      0.559     0.411    0.601     0.354   0.773     0.167      0.164     0.01916  -1	  -0.0167889    -0.0347960
     D1CLV-a32d      0.023     0.039       0.079     0.717     -0.230     0.843      0.568     0.541      0.856     0.402    0.591     0.353   0.798     0.138      0.135     0.02287  -1	  -0.0460323     0.0320072
     D1CLV-a33a      0.022     0.043       0.089     0.745     -0.227     0.837      0.530     0.612      0.659     0.465    0.623     0.384   0.798     0.175      0.212     0.01897  -1	  -0.0082104    -0.0335179
     D1CLV-a33b      0.022     0.040       0.087     0.751     -0.220     0.840      0.537     0.582      0.742     0.435    0.611     0.367   0.777     0.178      0.182     0.01921  -1	  -0.0374349    -0.0149742
     D1CLV-a33c      0.024     0.045       0.091     0.697     -0.436     0.815      0.538     0.512      0.852     0.558    0.627     0.464   0.639     0.154      0.263     0.01766  -1	   0.0433895     0.0828242
     D1CLV-a33d      0.029     0.037       0.083     0.748      0.042     0.841      0.580     0.640      0.455     0.396    0.591     0.349   0.805     0.185      0.165     0.01058  -1	   0.0210849    -0.0411212
     D1CLV-a34a      0.029     0.041       0.089     0.704      0.129     0.833      0.598     0.652      0.479     0.438    0.594     0.383   0.851     0.154      0.113     0.01134  -1	   0.0261330    -0.0534244
     D1CLV-a34b      0.027     0.034       0.079     0.702      0.095     0.839      0.614     0.682      0.873     0.401    0.592     0.351   0.841     0.202      0.128     0.01027  -1	  -0.0382404    -0.0735816
     D1CLV-a34c      0.028     0.040       0.089     0.722      0.163     0.834      0.548     0.616      0.490     0.420    0.598     0.364   0.819     0.162      0.099     0.01108  -1	   0.0324793    -0.0303702
     D1CLV-a34d      0.027     0.043       0.096     0.668     -0.408     0.832      0.551     0.617      0.687     0.417    0.601     0.359   0.639     0.143      0.244     0.01136  -1	   0.0195846     0.0304620
     D1CLV-a35a      0.026     0.033       0.074     0.762      0.029     0.836      0.551     0.519      0.484     0.371    0.570     0.342   0.785     0.212      0.279     0.01066  -1	   0.0336140     0.0391141
     D1CLV-a35b      0.027     0.035       0.083     0.679     -0.412     0.839      0.612     0.660      0.948     0.522    0.703     0.365   0.639     0.148      0.228     0.01168  -1	   0.0066570     0.0480868
     D1CLV-a35c      0.028     0.034       0.074     0.671     -0.011     0.845      0.608     0.643      0.872     0.385    0.583     0.345   0.852     0.200      0.509     0.01122  -1	  -0.0411042    -0.0844932
     D1CLV-a35d      0.029     0.040       0.083     0.605     -0.234     0.835      0.581     0.673      0.771     0.396    0.592     0.348   0.718     0.166      0.198     0.01175  -1	  -0.0345626    -0.0197996
     D1CLV-a36a      0.028     0.055       0.115     0.702      0.092     0.847      0.537     0.540      0.693     0.416    0.602     0.357   0.859     0.123      0.348     0.01173  -1	   0.0910432    -0.0206863
     D1CLV-a36b      0.027     0.054       0.115     0.627      0.115     0.844      0.533     0.536      0.240     0.457    0.625     0.375   0.713     0.134      0.163     0.01175  -1	   0.1265913     0.0657477
     D1CLV-a36c      0.027     0.055       0.117     0.659      0.045     0.835      0.526     0.522      0.265     0.464    0.617     0.387   0.780     0.121      0.199     0.01177  -1	   0.1268022     0.0666799
     D1CLV-a36d      0.028     0.056       0.117     0.691      0.113     0.831      0.520     0.519      0.880     0.487    0.647     0.383   0.780     0.125      0.283     0.01181  -1	   0.0981401     0.0283096
     D1CLV-a37a      0.028     0.033       0.072     0.728     -0.214     0.842      0.593     0.686      0.550     0.392    0.590     0.346   0.798     0.203      0.240     0.01077  -1	  -0.0100561    -0.0612709
     D1CLV-a37b      0.027     0.041       0.098     0.654     -0.002     0.827      0.552     0.628      0.242     0.397    0.563     0.370   0.852     0.144      0.161     0.00937  -1	   0.0520607    -0.0461178
     D1CLV-a37c      0.030     0.029       0.070     0.632      0.163     0.860      0.599     0.633      0.882     0.403    0.590     0.356   0.739     0.185      0.130     0.01023  -1	  -0.0027473    -0.0159729
     D1CLV-a37d      0.029     0.045       0.096     0.713     -0.090     0.835      0.542     0.591      0.153     0.391    0.588     0.347   0.836     0.144      0.222     0.01069  -1	   0.1523037     0.0403605
     D1CLV-a38a      0.026     0.044       0.106     0.542      0.025     0.839      0.583     0.671      0.486     0.399    0.601     0.342   0.646     0.152      0.065     0.01070  -1	  -0.0288690    -0.0655005
     D1CLV-a38b      0.028     0.038       0.089     0.746      0.144     0.840      0.555     0.614      0.166     0.403    0.597     0.350   0.851     0.138      0.172     0.01201  -1	   0.1587840     0.0508058
     D1CLV-a38c      0.031     0.042       0.091     0.683     -0.213     0.835      0.575     0.552      0.765     0.385    0.604     0.330   0.773     0.163      0.673     0.01024  -1	   0.0386915     0.0155322
     D1CLV-a38d      0.028     0.033       0.072     0.723     -0.203     0.847      0.592     0.685      0.565     0.382    0.567     0.354   0.798     0.203      0.255     0.01075  -1	  -0.0152495    -0.0653130
     D1CLV-a39a      0.033     0.046       0.098     0.651     -0.071     0.860      0.531     0.597      0.354     0.370    0.578     0.335   0.812     0.131      0.108     0.01429  -1	   0.0083501    -0.0281225
     D1CLV-a39b      0.030     0.046       0.098     0.613      0.231     0.852      0.556     0.550      0.172     0.391    0.582     0.352   0.784     0.150      0.322     0.01338  -1	   0.2447252     0.0969185
     D1CLV-a39c      0.024     0.035       0.085     0.577      0.080     0.812      0.604     0.712      0.897     0.622    0.606     0.544   0.744     0.181      0.052     0.01060  -1	   0.0156636    -0.0529293
     D1CLV-a39d      0.031     0.036       0.096     0.634      0.137     0.856      0.580     0.606      0.810     0.424    0.607     0.360   0.771     0.147      0.064     0.01185  -1	   0.0095337    -0.0044696
      D1CLV-a3a      0.030     0.024       0.057     0.657     -0.254     0.852      0.600     0.597      0.918     0.401    0.593     0.351   0.726     0.231      0.457     0.00901  -1	  -0.0800353     0.0235279
      D1CLV-a3b      0.029     0.034       0.070     0.751     -0.164     0.836      0.606     0.673      0.642     0.404    0.600     0.349   0.761     0.175      0.467     0.01145  -1	   0.0362213    -0.0498478
      D1CLV-a3c      0.025     0.035       0.074     0.645      0.063     0.845      0.615     0.728      0.833     0.401    0.601     0.346   0.761     0.182      0.177     0.01004  -1	  -0.0364379    -0.0716438
      D1CLV-a3d      0.025     0.032       0.074     0.779      0.140     0.846      0.553     0.657      0.465     0.400    0.581     0.360   0.831     0.171      0.183     0.01081  -1	   0.0460510    -0.0321548
     D1CLV-a40a      0.028     0.052       0.115     0.693     -0.254     0.839      0.514     0.608      0.800     0.416    0.608     0.353   0.582     0.135      0.151     0.01745  -1	  -0.0049166     0.0182586
     D1CLV-a40b      0.027     0.034       0.081     0.658     -0.506     0.847      0.589     0.666      0.860     0.445    0.601     0.384   0.663     0.175      0.298     0.02134  -1	   0.0181759     0.0452373
     D1CLV-a40c      0.029     0.043       0.098     0.531     -0.242     0.849      0.599     0.717      0.867     0.382    0.585     0.341   0.639     0.153      0.148     0.01444  -1	  -0.0179378    -0.0014551
     D1CLV-a40d      0.028     0.048       0.104     0.641      0.250     0.847      0.553     0.528      0.183     0.436    0.627     0.355   0.816     0.139      0.328     0.01351  -1	   0.2945462     0.1541871
     D1CLV-a41a      0.027     0.032       0.081     0.609     -0.137     0.841      0.599     0.652      0.322     0.408    0.612     0.342   0.732     0.159      0.129     0.02010  -1	  -0.0146624    -0.0197175
     D1CLV-a41b      0.021     0.035       0.087     0.756     -0.212     0.848      0.592     0.697      0.998     0.478    0.634     0.386   0.777     0.164      0.190     0.02813  -1	  -0.0446518    -0.0072024
     D1CLV-a41c      0.028     0.044       0.100     0.689     -0.403     0.848      0.551     0.639      0.796     0.434    0.605     0.371   0.639     0.133      0.254     0.01540  -1	   0.0031605     0.0265059
     D1CLV-a41d      0.025     0.034       0.083     0.652      0.128     0.840      0.591     0.716      0.779     0.449    0.611     0.380   0.827     0.180      0.075     0.02754  -1	  -0.0244252    -0.0780522
     D1CLV-a42a      0.024     0.039       0.091     0.509     -0.039     0.845      0.620     0.727      0.562     0.385    0.573     0.352   0.717     0.168      0.247     0.03109  -1	  -0.0362303    -0.1109156
     D1CLV-a42b      0.025     0.032       0.070     0.608     -0.023     0.849      0.598     0.649      0.497     0.387    0.585     0.345   0.796     0.212      0.106     0.02685  -1	  -0.0660030    -0.0813803
     D1CLV-a42c      0.025     0.039       0.096     0.749     -0.022     0.842      0.582     0.719      0.160     0.389    0.579     0.350   0.876     0.161      0.348     0.03112  -1	   0.2254118    -0.0844338
     D1CLV-a42d      0.025     0.032       0.068     0.580      0.021     0.851      0.586     0.638      0.411     0.372    0.576     0.339   0.708     0.206      0.106     0.02733  -1	  -0.0495524    -0.0543213
     D1CLV-a43a      0.024     0.036       0.094     0.725     -0.072     0.835      0.596     0.721      0.760     0.406    0.597     0.353   0.836     0.169      0.246     0.03064  -1	  -0.0476252    -0.0843357
     D1CLV-a43b      0.025     0.037       0.085     0.658     -0.274     0.834      0.572     0.514      0.520     0.411    0.604     0.350   0.726     0.175      0.427     0.05443  -1	   0.0603798     0.0841449
     D1CLV-a43c      0.023     0.036       0.089     0.742     -0.092     0.842      0.589     0.718      0.828     0.398    0.592     0.349   0.836     0.170      0.267     0.03085  -1	  -0.0553012    -0.0723271
     D1CLV-a43d      0.024     0.033       0.066     0.639      0.203     0.834      0.589     0.532      0.745     0.702    0.754     0.485   0.784     0.227      0.400     0.03536  -1	   0.1979214     0.1553757
     D1CLV-a44a      0.025     0.035       0.068     0.655      0.241     0.849      0.599     0.542      0.724     0.706    0.765     0.480   0.840     0.212      0.317     0.03599  -1	   0.2138250     0.1672801
     D1CLV-a44b      0.025     0.032       0.064     0.702      0.072     0.843      0.595     0.567      0.347     0.355    0.553     0.341   0.841     0.193      0.456     0.03558  -1	   0.1467127     0.0357471
     D1CLV-a44c      0.026     0.030       0.066     0.696      0.380     0.831      0.628     0.561      0.556     0.396    0.598     0.343   0.903     0.219      0.384     0.04355  -1	   0.1640319     0.0578522
     D1CLV-a44d      0.025     0.032       0.064     0.703      0.260     0.844      0.599     0.562      0.531     0.362    0.574     0.331   0.896     0.208      0.314     0.03667  -1	   0.0744994    -0.0023663
     D1CLV-a45a      0.027     0.032       0.064     0.701      0.220     0.849      0.625     0.591      0.717     0.356    0.573     0.326   0.864     0.208      0.334     0.03738  -1	   0.0219564    -0.0465793
     D1CLV-a45b      0.031     0.054       0.111     0.694      0.144     0.854      0.495     0.336      0.189     0.371    0.589     0.328   0.780     0.118      0.344     0.10649  -1	   0.2841490     0.3978068
     D1CLV-a45c      0.025     0.036       0.077     0.652      0.261     0.847      0.608     0.527      0.345     0.856    0.798     0.644   0.872     0.174      0.432     0.04193  -1	   0.4278395     0.3607465
     D1CLV-a45d      0.033     0.060       0.117     0.670      0.154     0.849      0.455     0.261      0.044     0.461    0.619     0.384   0.845     0.116      0.415     0.62233   1	   0.4489349     0.6450090
     D1CLV-a46a      0.026     0.035       0.081     0.609     -0.036     0.842      0.556     0.584      0.520     0.392    0.573     0.359   0.796     0.188      0.053     0.03859  -1	  -0.0676639    -0.0402320
     D1CLV-a46b      0.026     0.031       0.064     0.696      0.335     0.852      0.615     0.580      0.539     0.384    0.564     0.358   0.872     0.218      0.373     0.03696  -1	   0.1420167     0.0214048
     D1CLV-a46c      0.035     0.055       0.117     0.562      0.153     0.849      0.477     0.304      0.068     0.486    0.616     0.408   0.652     0.120      0.438     0.57020   1	   0.3772879     0.5545967
     D1CLV-a46d      0.029     0.054       0.119     0.664     -0.398     0.858      0.511     0.514      0.872     0.399    0.594     0.348   0.538     0.121      0.156     0.13968  -1	   0.0155203     0.0732529
     D1CLV-a47a      0.019     0.037       0.085     0.572      0.221     0.838      0.568     0.636      0.450     0.457    0.584     0.408   0.767     0.179      0.098     0.04041  -1	   0.0038332    -0.0600514
     D1CLV-a47b      0.026     0.030       0.072     0.725     -0.588     0.846      0.576     0.603      0.849     0.405    0.594     0.354   0.688     0.203      0.323     0.05166  -1	   0.0429199     0.0747478
     D1CLV-a47c      0.025     0.034       0.081     0.754     -0.069     0.832      0.594     0.686      0.786     0.387    0.584     0.346   0.815     0.195      0.194     0.04970  -1	  -0.0630369    -0.0663017
     D1CLV-a47d      0.024     0.035       0.074     0.690     -0.015     0.820      0.585     0.653      0.909     0.473    0.608     0.403   0.852     0.187      0.153     0.06230  -1	  -0.0429147    -0.0566913
     D1CLV-a48a      0.025     0.037       0.085     0.677     -0.365     0.833      0.560     0.522      0.427     0.378    0.589     0.334   0.699     0.171      0.171     0.02735  -1	   0.0396101     0.0938228
     D1CLV-a48b      0.022     0.041       0.087     0.714     -0.207     0.834      0.542     0.607      0.475     0.430    0.603     0.369   0.798     0.184      0.182     0.01906  -1	   0.0072194    -0.0308953
     D1CLV-a48c      0.026     0.038       0.089     0.547     -0.420     0.837      0.599     0.556      0.752     0.385    0.586     0.342   0.504     0.148      0.286     0.02030  -1	   0.0009436     0.0733204
     D1CLV-a48d      0.026     0.038       0.085     0.751     -0.288     0.826      0.517     0.479      0.381     0.383    0.572     0.351   0.730     0.171      0.183     0.02684  -1	   0.0567470     0.1301328
     D1CLV-a49a      0.025     0.038       0.087     0.666     -0.370     0.835      0.555     0.526      0.659     0.385    0.582     0.346   0.699     0.162      0.188     0.02657  -1	  -0.0066795     0.0617168
     D1CLV-a49b      0.023     0.043       0.089     0.601     -0.457     0.840      0.554     0.595      0.864     0.384    0.582     0.344   0.627     0.143      0.258     0.01957  -1	   0.0140149     0.0799954
     D1CLV-a49c      0.030     0.033       0.081     0.702     -0.426     0.841      0.551     0.571      0.975     0.409    0.608     0.347   0.664     0.162      0.214     0.02333  -1	  -0.0147406     0.0852944
     D1CLV-a49d      0.029     0.033       0.083     0.727     -0.411     0.838      0.553     0.581      0.959     0.404    0.608     0.342   0.664     0.154      0.220     0.02342  -1	  -0.0237200     0.0756500
      D1CLV-a4a      0.028     0.033       0.077     0.723      0.066     0.838      0.585     0.653      0.672     0.409    0.594     0.357   0.841     0.199      0.086     0.01005  -1	  -0.0473047    -0.0692443
      D1CLV-a4b      0.026     0.034       0.077     0.696      0.102     0.842      0.611     0.720      0.973     0.417    0.618     0.347   0.827     0.181      0.169     0.00985  -1	  -0.0182732    -0.0552172
      D1CLV-a4c      0.024     0.030       0.062     0.762     -0.146     0.835      0.590     0.693      0.695     0.402    0.594     0.351   0.792     0.160      0.196     0.00999  -1	  -0.0510126    -0.0324041
      D1CLV-a4d      0.024     0.030       0.062     0.740     -0.121     0.831      0.592     0.691      0.676     0.379    0.589     0.335   0.812     0.160      0.196     0.00986  -1	  -0.0569914    -0.0427429
     D1CLV-a50a      0.029     0.033       0.079     0.646     -0.386     0.838      0.544     0.547      0.985     0.395    0.605     0.337   0.644     0.174      0.210     0.02344  -1	  -0.0198730     0.0975533
     D1CLV-a50b      0.026     0.038       0.087     0.703     -0.365     0.834      0.540     0.504      0.585     0.376    0.574     0.344   0.724     0.167      0.183     0.02681  -1	   0.0066838     0.0760128
     D1CLV-a50c      0.024     0.036       0.077     0.679     -0.249     0.827      0.545     0.568      0.704     0.564    0.772     0.334   0.773     0.210      0.123     0.02034  -1	  -0.0050700     0.0155984
     D1CLV-a50d      0.021     0.042       0.091     0.711     -0.122     0.834      0.532     0.613      0.928     0.444    0.616     0.371   0.812     0.176      0.224     0.01884  -1	  -0.0425740    -0.0268585
     D1CLV-a51a      0.029     0.050       0.106     0.650      0.068     0.844      0.511     0.493      0.763     0.407    0.582     0.365   0.817     0.131      0.149     0.01195  -1	   0.0145544     0.0236053
     D1CLV-a51b      0.028     0.038       0.089     0.738     -0.266     0.855      0.616     0.637      0.567     0.382    0.572     0.350   0.750     0.145      0.317     0.01176  -1	   0.0164026    -0.0229038
     D1CLV-a51c      0.027     0.039       0.087     0.700     -0.062     0.838      0.573     0.625      0.991     0.430    0.616     0.359   0.836     0.158      0.226     0.01235  -1	  -0.0350167    -0.0220572
     D1CLV-a51d      0.030     0.034       0.083     0.650      0.226     0.841      0.595     0.610      0.842     0.403    0.612     0.339   0.840     0.161      0.309     0.01546  -1	   0.0442634    -0.0206748
     D1CLV-a52a      0.030     0.036       0.079     0.540     -0.013     0.843      0.586     0.615      0.812     0.435    0.612     0.366   0.717     0.153      0.213     0.01159  -1	  -0.0326920    -0.0048795
     D1CLV-a52b      0.030     0.037       0.085     0.610     -0.088     0.843      0.586     0.621      0.957     0.423    0.592     0.371   0.756     0.158      0.225     0.01168  -1	  -0.0332121    -0.0021509
     D1CLV-a52c      0.028     0.035       0.077     0.757      0.059     0.847      0.583     0.563      0.453     0.395    0.582     0.355   0.821     0.188      0.220     0.01080  -1	   0.0401550     0.0194702
     D1CLV-a52d      0.030     0.037       0.085     0.556     -0.051     0.840      0.593     0.626      0.931     0.413    0.584     0.369   0.738     0.156      0.262     0.01166  -1	  -0.0329984    -0.0061322
     D1CLV-a53a      0.028     0.034       0.074     0.764      0.050     0.847      0.566     0.535      0.488     0.389    0.580     0.351   0.821     0.209      0.247     0.01070  -1	   0.0329499     0.0227455
     D1CLV-a53b      0.027     0.033       0.081     0.688     -0.115     0.847      0.604     0.726      0.910     0.396    0.586     0.353   0.788     0.176      0.179     0.01060  -1	  -0.0628992    -0.0373353
     D1CLV-a53c      0.031     0.038       0.096     0.613      0.152     0.861      0.582     0.619      0.861     0.435    0.612     0.366   0.739     0.151      0.066     0.01191  -1	   0.0334666    -0.0039147
     D1CLV-a53d      0.028     0.033       0.083     0.725     -0.429     0.850      0.614     0.660      0.946     0.402    0.590     0.355   0.664     0.161      0.128     0.01081  -1	  -0.0113118     0.0404569
     D1CLV-a54a      0.029     0.030       0.074     0.721     -0.046     0.853      0.618     0.662      0.972     0.418    0.599     0.362   0.876     0.185      0.183     0.01058  -1	  -0.0616886    -0.0428919
     D1CLV-a54b      0.029     0.032       0.081     0.633     -0.723     0.851      0.585     0.594      0.996     0.450    0.614     0.377   0.584     0.203      0.173     0.01069  -1	   0.1429802     0.1111587
     D1CLV-a54c      0.028     0.041       0.098     0.721     -0.409     0.832      0.584     0.597      0.910     0.757    0.766     0.536   0.664     0.140      0.148     0.01078  -1	   0.0750791     0.0623243
     D1CLV-a54d      0.025     0.033       0.083     0.701     -0.037     0.851      0.615     0.738      0.824     0.385    0.569     0.355   0.876     0.181      0.144     0.01067  -1	  -0.0697580    -0.0833558
     D1CLV-a55a      0.028     0.033       0.072     0.728     -0.319     0.847      0.608     0.700      0.657     0.386    0.573     0.353   0.836     0.203      0.240     0.01079  -1	  -0.0208159    -0.0545389
     D1CLV-a55b      0.029     0.035       0.094     0.707     -0.145     0.854      0.589     0.647      0.544     0.417    0.611     0.351   0.812     0.168      0.143     0.01136  -1	  -0.0372540    -0.0518657
     D1CLV-a55c      0.026     0.036       0.083     0.581      0.074     0.859      0.620     0.744      0.694     0.442    0.591     0.389   0.744     0.183      0.201     0.01123  -1	  -0.0202414    -0.0972781
     D1CLV-a55d      0.025     0.051       0.115     0.598      0.193     0.842      0.539     0.529      0.673     0.405    0.605     0.345   0.652     0.128      0.290     0.01175  -1	   0.1026975     0.0457560
     D1CLV-a56a      0.022     0.035       0.085     0.773      0.135     0.847      0.551     0.647      0.445     0.421    0.572     0.384   0.831     0.186      0.149     0.01401  -1	   0.0398978    -0.0414461
     D1CLV-a56b      0.029     0.032       0.077     0.597     -0.059     0.851      0.592     0.666      0.643     0.385    0.574     0.352   0.738     0.207      0.177     0.01683  -1	  -0.0613891    -0.0677361
     D1CLV-a56c      0.023     0.035       0.081     0.794      0.038     0.841      0.571     0.694      0.214     0.475    0.591     0.419   0.785     0.169      0.178     0.01413  -1	   0.1246251    -0.0047909
     D1CLV-a56d      0.029     0.031       0.077     0.706     -0.017     0.851      0.591     0.650      0.523     0.440    0.579     0.397   0.876     0.202      0.066     0.01765  -1	  -0.0578056    -0.0767896
     D1CLV-a57a      0.026     0.035       0.077     0.642     -0.450     0.841      0.563     0.623      0.575     0.413    0.595     0.360   0.584     0.158      0.113     0.02028  -1	   0.0232079     0.0441166
     D1CLV-a57b      0.030     0.034       0.083     0.708      0.081     0.858      0.588     0.643      0.747     0.486    0.586     0.433   0.841     0.168      0.172     0.01765  -1	   0.0010843    -0.0396224
     D1CLV-a57c      0.031     0.033       0.079     0.704      0.073     0.857      0.575     0.617      0.618     0.513    0.578     0.464   0.841     0.177      0.135     0.01758  -1	  -0.0040111    -0.0306510
     D1CLV-a57d      0.026     0.034       0.079     0.700     -0.603     0.847      0.604     0.683      0.963     0.455    0.606     0.388   0.633     0.175      0.284     0.02135  -1	   0.0513288     0.0716169
     D1CLV-a58a      0.026     0.034       0.074     0.588     -0.510     0.841      0.588     0.665      0.744     0.421    0.602     0.362   0.590     0.180      0.104     0.01978  -1	   0.0423288     0.0413197
     D1CLV-a58b      0.028     0.031       0.081     0.711      0.102     0.841      0.582     0.641      0.601     0.385    0.602     0.331   0.851     0.167      0.215     0.02115  -1	  -0.0074948    -0.0514535
     D1CLV-a58c      0.026     0.034       0.074     0.638     -0.470     0.837      0.569     0.638      0.999     0.457    0.642     0.361   0.627     0.181      0.107     0.01969  -1	   0.0331295     0.0757844
     D1CLV-a58d      0.025     0.035       0.077     0.630     -0.439     0.835      0.556     0.633      0.871     0.433    0.613     0.363   0.584     0.161      0.128     0.02012  -1	   0.0102831     0.0638970
     D1CLV-a59a      0.022     0.036       0.089     0.779     -0.224     0.833      0.572     0.690      0.563     0.418    0.601     0.360   0.777     0.161      0.245     0.02732  -1	   0.0028028    -0.0480426
     D1CLV-a59b      0.024     0.033       0.087     0.619      0.130     0.853      0.586     0.700      0.744     0.433    0.612     0.364   0.771     0.161      0.061     0.02793  -1	  -0.0226457    -0.0539028
     D1CLV-a59c      0.028     0.031       0.079     0.734      0.123     0.859      0.575     0.633      0.703     0.390    0.591     0.343   0.851     0.175      0.225     0.02127  -1	  -0.0049041    -0.0447073
     D1CLV-a59d      0.024     0.036       0.089     0.787     -0.221     0.837      0.561     0.673      0.613     0.408    0.587     0.362   0.777     0.163      0.259     0.02715  -1	  -0.0073913    -0.0420189
      D1CLV-a5a      0.027     0.032       0.085     0.764     -0.325     0.823      0.596     0.654      0.496     0.404    0.596     0.351   0.815     0.173      0.171     0.00843  -1	   0.0135075    -0.0100440
      D1CLV-a5b      0.028     0.031       0.081     0.755     -0.303     0.831      0.581     0.650      0.643     0.411    0.589     0.363   0.815     0.169      0.218     0.00848  -1	  -0.0212057    -0.0182670
      D1CLV-a5c      0.025     0.036       0.085     0.728     -0.416     0.834      0.546     0.624      0.667     0.412    0.594     0.360   0.664     0.153      0.216     0.00790  -1	   0.0102583     0.0319986
      D1CLV-a5d      0.027     0.030       0.066     0.797      0.315     0.833      0.587     0.653      0.303     0.394    0.584     0.352   0.875     0.239      0.020     0.00990  -1	   0.0730590     0.0070397
     D1CLV-a60a      0.023     0.042       0.089     0.449     -0.235     0.841      0.572     0.659      0.738     0.400    0.586     0.356   0.479     0.163      0.262     0.03125  -1	  -0.0305568     0.0214650
     D1CLV-a60b      0.025     0.027       0.070     0.683     -0.203     0.841      0.602     0.675      0.602     0.374    0.581     0.337   0.773     0.247      0.084     0.03216  -1	  -0.0730099    -0.0575940
     D1CLV-a60c      0.026     0.035       0.081     0.642     -0.222     0.834      0.561     0.496      0.945     0.426    0.607     0.362   0.718     0.190      0.146     0.05272  -1	  -0.0425913     0.0497298
     D1CLV-a60d      0.025     0.038       0.083     0.601     -0.137     0.837      0.563     0.517      0.502     0.406    0.595     0.353   0.732     0.167      0.413     0.05413  -1	   0.0384024     0.0706749
     D1CLV-a61a      0.030     0.057       0.119     0.772     -0.109     0.873      0.473     0.300      0.092     0.414    0.583     0.371   0.703     0.121      0.442     0.23099   1	   0.3869884     0.5220657
     D1CLV-a61b      0.031     0.043       0.094     0.712     -0.199     0.844      0.568     0.514      0.496     0.412    0.608     0.350   0.781     0.163      0.297     0.10837  -1	   0.0471834     0.0504302
     D1CLV-a61c      0.031     0.056       0.117     0.777     -0.115     0.876      0.469     0.306      0.168     0.396    0.577     0.359   0.703     0.122      0.469     0.23323   1	   0.3505349     0.4647209
     D1CLV-a61d      0.023     0.036       0.087     0.737     -0.100     0.840      0.603     0.738      0.604     0.391    0.588     0.347   0.836     0.163      0.256     0.03024  -1	  -0.0225909    -0.1001640
     D1CLV-a62a      0.028     0.051       0.117     0.512     -0.683     0.859      0.551     0.562      0.284     0.420    0.590     0.371   0.192     0.132      0.130     0.11581  -1	   0.1821332     0.1065407
     D1CLV-a62b      0.031     0.062       0.119     0.633      0.338     0.844      0.445     0.242      0.013     0.411    0.580     0.371   0.853     0.115      0.322     0.63201   1	   0.4496361     0.6683942
     D1CLV-a62c      0.030     0.044       0.098     0.663      0.179     0.854      0.558     0.544      0.900     0.398    0.578     0.359   0.794     0.139      0.306     0.12836  -1	   0.0657799     0.0171279
     D1CLV-a62d      0.030     0.052       0.106     0.764     -0.091     0.845      0.468     0.459      0.184     0.399    0.600     0.344   0.793     0.122      0.252     0.10368  -1	   0.1966785     0.1952413
     D1CLV-a63a      0.028     0.051       0.109     0.666     -0.175     0.853      0.512     0.509      0.400     0.642    0.813     0.356   0.730     0.129      0.227     0.11910  -1	   0.1703053     0.1694659
     D1CLV-a63b      0.027     0.050       0.111     0.681     -0.350     0.854      0.513     0.539      0.871     0.397    0.601     0.342   0.812     0.136      0.192     0.15447  -1	  -0.0152916     0.0410975
     D1CLV-a63c      0.030     0.057       0.119     0.785     -0.069     0.857      0.481     0.318      0.359     0.395    0.589     0.350   0.793     0.127      0.466     0.23296   1	   0.2458707     0.3080992
     D1CLV-a63d      0.030     0.054       0.117     0.548      0.010     0.855      0.482     0.330      0.076     0.452    0.594     0.395   0.434     0.121      0.441     0.57865   1	   0.2980196     0.4723320
     D1CLV-a64a      0.025     0.034       0.083     0.718      0.193     0.847      0.566     0.647      0.576     0.390    0.584     0.347   0.819     0.156      0.153     0.09300  -1	   0.0282719    -0.0320396
     D1CLV-a64b      0.033     0.062       0.119     0.667      0.214     0.848      0.445     0.254      0.087     0.928    0.969     0.409   0.854     0.110      0.323     0.63459   1	   0.8346092     1.1419874
     D1CLV-a64c      0.030     0.052       0.113     0.620     -0.430     0.863      0.535     0.519      0.700     0.397    0.578     0.359   0.000     0.120      0.220     0.14187  -1	   0.0266770     0.0478337
     D1CLV-a64d      0.029     0.051       0.115     0.609     -0.663     0.859      0.570     0.610      0.380     0.380    0.572     0.349   0.471     0.117      0.225     0.11541  -1	   0.1831703     0.0651629
     D1CLV-a65a      0.022     0.040       0.087     0.704     -0.253     0.843      0.567     0.643      0.326     0.423    0.584     0.378   0.750     0.179      0.182     0.01914  -1	   0.0519494    -0.0208227
     D1CLV-a65b      0.027     0.038       0.104     0.719     -0.029     0.839      0.560     0.569      0.796     0.418    0.591     0.367   0.876     0.159      0.222     0.02484  -1	  -0.0372787    -0.0348494
     D1CLV-a65c      0.026     0.037       0.085     0.747     -0.281     0.828      0.514     0.476      0.412     0.375    0.571     0.345   0.750     0.183      0.183     0.02673  -1	   0.0394378     0.1142020
     D1CLV-a65d      0.027     0.036       0.083     0.676     -0.346     0.827      0.544     0.485      0.453     0.382    0.600     0.330   0.812     0.174      0.164     0.02785  -1	   0.0247230     0.1116845
     D1CLV-a66a      0.022     0.040       0.087     0.724     -0.175     0.844      0.548     0.618      0.736     0.406    0.600     0.350   0.781     0.188      0.194     0.01905  -1	  -0.0467159    -0.0428156
     D1CLV-a66b      0.024     0.038       0.087     0.706     -0.159     0.835      0.566     0.614      0.758     0.886    0.962     0.339   0.781     0.200      0.237     0.01901  -1	   0.2583081     0.1623325
     D1CLV-a66c      0.029     0.029       0.087     0.646      0.210     0.836      0.615     0.697      0.702     0.415    0.603     0.356   0.784     0.181      0.118     0.01707  -1	  -0.0011976    -0.0470358
     D1CLV-a66d      0.026     0.029       0.074     0.742     -0.594     0.832      0.586     0.629      0.573     0.359    0.570     0.331   0.688     0.209      0.275     0.02638  -1	   0.1170324     0.0531312
     D1CLV-a67a      0.028     0.032       0.087     0.712     -0.495     0.830      0.578     0.622      0.824     0.417    0.602     0.358   0.707     0.158      0.203     0.02551  -1	   0.0109475     0.0498931
     D1CLV-a67b      0.029     0.031       0.094     0.685      0.014     0.841      0.568     0.682      0.499     0.400    0.580     0.361   0.781     0.153      0.146     0.01663  -1	  -0.0255682    -0.0552929
     D1CLV-a67c      0.023     0.040       0.089     0.709     -0.230     0.845      0.555     0.643      0.390     0.442    0.602     0.380   0.798     0.175      0.192     0.01886  -1	   0.0327984    -0.0410464
     D1CLV-a67d      0.022     0.040       0.087     0.719     -0.251     0.839      0.563     0.635      0.496     0.421    0.606     0.359   0.750     0.190      0.182     0.01923  -1	   0.0062731    -0.0347504
     D1CLV-a68a      0.028     0.039       0.094     0.694      0.115     0.837      0.585     0.684      0.549     0.502    0.610     0.427   0.827     0.171      0.059     0.01625  -1	   0.0010572    -0.0693611
     D1CLV-a68b      0.031     0.021       0.060     0.668     -0.111     0.839      0.611     0.588      0.753     0.377    0.570     0.347   0.788     0.265      0.093     0.01428  -1	  -0.0978602    -0.0295110
     D1CLV-a68c      0.030     0.028       0.062     0.648      0.520     0.862      0.596     0.564      0.353     0.371    0.569     0.343   0.841     0.193      0.211     0.01353  -1	   0.2459236     0.1651898
     D1CLV-a68d      0.031     0.028       0.062     0.666      0.499     0.857      0.591     0.557      0.464     0.395    0.582     0.354   0.891     0.193      0.187     0.01342  -1	   0.2011792     0.1318513
     D1CLV-a69a      0.027     0.038       0.085     0.705     -0.172     0.846      0.543     0.599      0.765     0.389    0.584     0.347   0.781     0.150      0.199     0.01222  -1	  -0.0471797    -0.0036464
     D1CLV-a69b      0.027     0.033       0.085     0.774      0.333     0.840      0.596     0.631      0.434     0.418    0.585     0.372   0.875     0.161      0.130     0.01607  -1	   0.1335767     0.0550781
     D1CLV-a69c      0.027     0.038       0.087     0.641     -0.096     0.851      0.584     0.618      0.843     0.399    0.606     0.339   0.756     0.143      0.230     0.01250  -1	  -0.0437805    -0.0123533
     D1CLV-a69d      0.025     0.038       0.081     0.654     -0.162     0.833      0.570     0.608      0.703     0.391    0.590     0.345   0.757     0.166      0.243     0.01201  -1	  -0.0415013    -0.0204330
      D1CLV-a6a      0.027     0.035       0.081     0.719     -0.022     0.843      0.582     0.647      0.867     0.426    0.601     0.366   0.876     0.225      0.134     0.01025  -1	  -0.0629746    -0.0840375
      D1CLV-a6b      0.028     0.031       0.079     0.750     -0.368     0.829      0.578     0.637      0.797     0.421    0.589     0.371   0.703     0.186      0.213     0.00835  -1	  -0.0240926     0.0140139
      D1CLV-a6c      0.027     0.038       0.085     0.737      0.011     0.838      0.592     0.645      0.998     0.433    0.635     0.346   0.805     0.166      0.160     0.01056  -1	  -0.0193613    -0.0261891
      D1CLV-a6d      0.031     0.028       0.072     0.615     -0.110     0.836      0.602     0.703      0.633     0.455    0.597     0.396   0.732     0.200      0.106     0.00779  -1	  -0.0647778    -0.0597958
     D1CLV-a70a      0.028     0.033       0.070     0.697     -0.281     0.854      0.596     0.675      0.794     0.362    0.569     0.335   0.726     0.188      0.228     0.01070  -1	  -0.0510457    -0.0144623
     D1CLV-a70b      0.022     0.031       0.079     0.695     -0.049     0.844      0.591     0.739      0.850     0.451    0.600     0.390   0.852     0.178      0.187     0.01151  -1	  -0.0608991    -0.0698421
     D1CLV-a70c      0.023     0.032       0.079     0.737     -0.052     0.847      0.613     0.765      0.735     0.452    0.589     0.400   0.836     0.163      0.187     0.01151  -1	  -0.0461803    -0.0776083
     D1CLV-a70d      0.024     0.033       0.081     0.747     -0.096     0.847      0.585     0.724      0.840     0.470    0.587     0.418   0.836     0.166      0.205     0.01153  -1	  -0.0459189    -0.0536614
     D1CLV-a71a      0.028     0.032       0.072     0.728     -0.263     0.842      0.610     0.699      0.698     0.358    0.559     0.338   0.750     0.185      0.228     0.01073  -1	  -0.0413547    -0.0326920
     D1CLV-a71b      0.028     0.032       0.072     0.723     -0.226     0.848      0.602     0.695      0.763     0.381    0.576     0.347   0.798     0.188      0.225     0.01069  -1	  -0.0580830    -0.0443920
     D1CLV-a71c      0.031     0.033       0.087     0.644     -0.549     0.852      0.575     0.583      0.966     0.415    0.597     0.360   0.607     0.181      0.258     0.01068  -1	   0.0273378     0.0908994
     D1CLV-a71d      0.027     0.033       0.079     0.610      0.049     0.849      0.600     0.718      0.952     0.425    0.595     0.371   0.725     0.208      0.204     0.01116  -1	  -0.0288177    -0.0486163
     D1CLV-a72a      0.028     0.033       0.072     0.727     -0.192     0.848      0.612     0.708      0.572     0.377    0.570     0.347   0.781     0.195      0.240     0.01074  -1	  -0.0205728    -0.0667674
     D1CLV-a72b      0.026     0.036       0.081     0.595      0.146     0.851      0.597     0.699      0.926     0.434    0.605     0.371   0.753     0.193      0.228     0.01122  -1	   0.0091899    -0.0540709
     D1CLV-a72c      0.026     0.032       0.074     0.635      0.111     0.853      0.579     0.647      0.945     0.390    0.587     0.346   0.771     0.181      0.219     0.01640  -1	  -0.0213169    -0.0274703
     D1CLV-a72d      0.026     0.024       0.055     0.769     -0.041     0.850      0.644     0.786      0.752     0.391    0.570     0.360   0.855     0.174      0.106     0.01070  -1	  -0.0810071    -0.0506562
     D1CLV-a73a      0.030     0.034       0.083     0.750      0.053     0.848      0.558     0.605      0.515     0.528    0.582     0.475   0.821     0.168      0.133     0.01783  -1	   0.0160950    -0.0060061
     D1CLV-a73b      0.029     0.038       0.083     0.749      0.060     0.840      0.569     0.666      0.302     0.407    0.598     0.353   0.841     0.177      0.126     0.01700  -1	   0.0564793    -0.0475959
     D1CLV-a73c      0.029     0.034       0.083     0.740      0.132     0.853      0.555     0.595      0.643     0.530    0.589     0.471   0.851     0.171      0.184     0.01770  -1	   0.0419552     0.0006284
     D1CLV-a73d      0.028     0.031       0.079     0.649     -0.110     0.851      0.579     0.648      0.790     0.396    0.585     0.354   0.732     0.184      0.177     0.01684  -1	  -0.0656609    -0.0280865
     D1CLV-a74a      0.029     0.035       0.083     0.727      0.057     0.853      0.540     0.574      0.523     0.556    0.585     0.498   0.841     0.175      0.183     0.01756  -1	   0.0324044     0.0061243
     D1CLV-a74b      0.028     0.030       0.079     0.732      0.054     0.850      0.603     0.655      0.603     0.468    0.608     0.399   0.841     0.190      0.151     0.01748  -1	  -0.0187114    -0.0480028
     D1CLV-a74c      0.030     0.034       0.083     0.706     -0.004     0.846      0.554     0.595      0.619     0.655    0.582     0.597   0.876     0.180      0.169     0.01761  -1	   0.0101053    -0.0149061
     D1CLV-a74d      0.031     0.034       0.085     0.702      0.078     0.858      0.591     0.646      0.865     0.497    0.598     0.434   0.841     0.175      0.177     0.01763  -1	   0.0058864    -0.0353008
     D1CLV-a75a      0.028     0.031       0.079     0.697      0.129     0.844      0.579     0.631      0.432     0.390    0.593     0.341   0.827     0.181      0.199     0.02099  -1	   0.0304574    -0.0314484
     D1CLV-a75b      0.024     0.033       0.079     0.578      0.033     0.847      0.606     0.709      0.692     0.418    0.593     0.366   0.708     0.185      0.055     0.02784  -1	  -0.0589997    -0.0723552
     D1CLV-a75c      0.022     0.037       0.098     0.778     -0.167     0.843      0.606     0.703      0.771     0.392    0.604     0.335   0.761     0.169      0.190     0.03283  -1	  -0.0559281    -0.0454646
     D1CLV-a75d      0.025     0.036       0.079     0.628      0.099     0.846      0.570     0.589      0.574     0.449    0.604     0.385   0.761     0.170      0.229     0.02225  -1	   0.0107770    -0.0108383
     D1CLV-a76a      0.027     0.029       0.074     0.751      0.001     0.855      0.634     0.628      0.552     0.395    0.587     0.351   0.785     0.242      0.063     0.02979  -1	  -0.0591545    -0.0310312
     D1CLV-a76b      0.023     0.038       0.094     0.788     -0.163     0.850      0.575     0.656      0.877     0.426    0.595     0.372   0.761     0.155      0.202     0.03242  -1	  -0.0465678    -0.0209552
     D1CLV-a76c      0.025     0.028       0.077     0.663     -0.018     0.847      0.605     0.611      0.817     0.405    0.593     0.355   0.852     0.197      0.035     0.02896  -1	  -0.0818734    -0.0461237
     D1CLV-a76d      0.027     0.028       0.077     0.746      0.048     0.845      0.616     0.605      0.577     0.399    0.603     0.342   0.805     0.240      0.072     0.03022  -1	  -0.0590440    -0.0301905
     D1CLV-a77a      0.027     0.029       0.077     0.696     -0.135     0.854      0.600     0.696      0.360     0.405    0.582     0.363   0.788     0.203     -0.002     0.04140  -1	  -0.0596170    -0.0605981
     D1CLV-a77b      0.029     0.022       0.053     0.756      0.399     0.854      0.589     0.617      0.741     0.375    0.581     0.338   0.907     0.255      0.179     0.03499  -1	   0.0592204    -0.0231313
     D1CLV-a77c      0.029     0.022       0.045     0.746      0.404     0.856      0.620     0.645      0.778     0.388    0.575     0.354   0.902     0.322      0.279     0.04609  -1	   0.0545556    -0.0686645
     D1CLV-a77d      0.031     0.025       0.055     0.765     -0.406     0.852      0.589     0.610      0.967     0.408    0.599     0.353   0.643     0.229      0.055     0.05076  -1	  -0.0107392     0.0534827
     D1CLV-a78a      0.028     0.022       0.045     0.708      0.376     0.855      0.620     0.644      0.720     0.375    0.566     0.349   0.928     0.312      0.335     0.04558  -1	   0.0408782    -0.0937613
     D1CLV-a78b      0.028     0.022       0.047     0.742      0.402     0.850      0.613     0.631      0.768     0.378    0.574     0.345   0.902     0.305      0.279     0.04613  -1	   0.0517817    -0.0606470
     D1CLV-a78c      0.029     0.021       0.045     0.709      0.383     0.853      0.628     0.652      0.941     0.380    0.583     0.341   0.928     0.305      0.300     0.04560  -1	   0.0129757    -0.0981760
     D1CLV-a78d      0.030     0.022       0.045     0.735      0.397     0.852      0.613     0.633      0.673     0.364    0.574     0.334   0.928     0.305      0.312     0.04590  -1	   0.0644294    -0.0707627
     D1CLV-a79a      0.028     0.029       0.077     0.718     -0.177     0.855      0.619     0.703      0.550     0.384    0.576     0.349   0.781     0.190      0.027     0.03915  -1	  -0.0710187    -0.0467134
     D1CLV-a79b      0.032     0.058       0.119     0.643      0.411     0.847      0.472     0.279      0.226     0.441    0.608     0.375   0.879     0.116      0.369     0.65796   1	   0.4461390     0.5566891
     D1CLV-a79c      0.032     0.052       0.106     0.605     -0.532     0.864      0.551     0.534      0.624     0.386    0.566     0.359   0.515     0.135      0.197     0.14139  -1	   0.0730397     0.0742273
     D1CLV-a79d      0.029     0.051       0.111     0.651     -0.156     0.848      0.527     0.532      0.530     0.403    0.572     0.369   0.730     0.130      0.268     0.11967  -1	   0.0287225     0.0226392
      D1CLV-a7a      0.030     0.028       0.070     0.738      0.011     0.838      0.581     0.647      0.606     0.437    0.576     0.397   0.805     0.222      0.103     0.00838  -1	  -0.0497330    -0.0518964
      D1CLV-a7b      0.029     0.034       0.085     0.755     -0.245     0.824      0.589     0.655      0.748     0.435    0.593     0.380   0.777     0.174      0.186     0.00842  -1	  -0.0366928    -0.0225812
      D1CLV-a7c      0.030     0.031       0.079     0.737     -0.463     0.833      0.608     0.738      0.680     0.391    0.596     0.341   0.707     0.145      0.179     0.00762  -1	   0.0142970     0.0147374
      D1CLV-a7d      0.028     0.032       0.079     0.688     -0.511     0.831      0.577     0.647      0.658     0.417    0.612     0.350   0.663     0.164      0.207     0.00782  -1	   0.0453196     0.0435794
     D1CLV-a80a      0.033     0.052       0.106     0.589     -0.477     0.859      0.540     0.519      0.649     0.381    0.555     0.362   0.420     0.129      0.179     0.14013  -1	   0.0525065     0.0803233
     D1CLV-a80b      0.029     0.051       0.109     0.637     -0.270     0.862      0.542     0.562      0.453     0.402    0.567     0.372   0.515     0.117      0.241     0.11402  -1	   0.0412206     0.0439375
     D1CLV-a80c      0.030     0.053       0.109     0.502      0.009     0.856      0.510     0.443      0.422     0.385    0.573     0.353   0.434     0.129      0.324     0.48257   1	   0.0733863     0.1596873
     D1CLV-a80d      0.033     0.054       0.111     0.716      0.072     0.862      0.488     0.317      0.111     0.384    0.576     0.349   0.859     0.130      0.377     0.10719  -1	   0.3296210     0.4613783
     D1CLV-a81a      0.026     0.031       0.081     0.729     -0.073     0.845      0.585     0.657      0.338     0.390    0.582     0.351   0.836     0.176      0.114     0.02699  -1	  -0.0087127    -0.0405390
     D1CLV-a81b      0.029     0.032       0.079     0.735      0.057     0.831      0.568     0.593      0.874     0.405    0.583     0.362   0.841     0.165      0.205     0.02145  -1	  -0.0348371    -0.0181071
     D1CLV-a81c      0.032     0.053       0.111     0.682      0.119     0.864      0.487     0.338      0.035     0.380    0.574     0.347   0.780     0.120      0.348     0.10710  -1	   0.3514000     0.4852355
     D1CLV-a81d      0.026     0.029       0.072     0.680      0.095     0.838      0.582     0.593      0.812     0.418    0.591     0.369   0.817     0.200      0.300     0.03423  -1	  -0.0314626    -0.0341919
     D1CLV-a82a      0.026     0.037       0.085     0.752     -0.346     0.832      0.524     0.486      0.319     0.374    0.577     0.339   0.815     0.186      0.183     0.02679  -1	   0.0901037     0.1352971
     D1CLV-a82b      0.027     0.027       0.068     0.676      0.213     0.841      0.598     0.565      0.209     0.352    0.575     0.321   0.840     0.254      0.264     0.03375  -1	   0.1308133     0.0769727
     D1CLV-a82c      0.026     0.037       0.085     0.701     -0.315     0.838      0.552     0.522      0.386     0.371    0.570     0.342   0.836     0.179      0.183     0.02651  -1	   0.0401260     0.0693059
     D1CLV-a82d      0.025     0.030       0.072     0.721      0.366     0.831      0.615     0.619      0.115     0.385    0.629     0.310   0.928     0.221      0.286     0.03436  -1	   0.3136849     0.1329024
     D1CLV-a83a      0.025     0.028       0.068     0.667      0.360     0.843      0.609     0.580      0.078     0.350    0.582     0.315   0.903     0.222      0.305     0.03349  -1	   0.2901038     0.1602449
     D1CLV-a83b      0.027     0.035       0.083     0.659      0.017     0.837      0.533     0.572      0.335     0.360    0.569     0.333   0.781     0.169      0.093     0.02826  -1	  -0.0125019     0.0059096
     D1CLV-a83c      0.022     0.040       0.085     0.744     -0.230     0.837      0.552     0.616      0.264     0.435    0.606     0.371   0.798     0.186      0.182     0.01902  -1	   0.0894049     0.0097828
     D1CLV-a83d      0.022     0.040       0.085     0.725     -0.264     0.839      0.565     0.633      0.708     0.409    0.601     0.352   0.750     0.194      0.182     0.01909  -1	  -0.0334375    -0.0346038
     D1CLV-a84a      0.026     0.033       0.077     0.794      0.032     0.847      0.558     0.613      0.939     0.508    0.609     0.434   0.785     0.215      0.259     0.01547  -1	  -0.0005347    -0.0238353
     D1CLV-a84b      0.026     0.041       0.104     0.653     -0.034     0.851      0.615     0.705      0.645     0.392    0.588     0.347   0.852     0.137      0.098     0.01634  -1	  -0.0475724    -0.0933045
     D1CLV-a84c      0.026     0.042       0.096     0.780      0.105     0.842      0.584     0.617      0.625     0.414    0.621     0.341   0.831     0.159      0.099     0.01970  -1	   0.0122143    -0.0282522
     D1CLV-a84d      0.025     0.041       0.109     0.695      0.123     0.848      0.568     0.650      0.823     0.389    0.589     0.344   0.827     0.155      0.120     0.01671  -1	   0.0000472    -0.0510019
     D1CLV-a85a      0.026     0.041       0.096     0.765      0.199     0.856      0.556     0.579      0.394     0.377    0.601     0.324   0.798     0.163      0.102     0.01979  -1	   0.0831910     0.0313086
     D1CLV-a85b      0.023     0.035       0.094     0.695     -0.036     0.836      0.598     0.696      0.760     0.390    0.575     0.356   0.852     0.148      0.156     0.01657  -1	  -0.0593355    -0.0698741
     D1CLV-a85c      0.029     0.035       0.085     0.716     -0.397     0.837      0.588     0.637      0.870     0.404    0.587     0.359   0.724     0.157      0.214     0.01607  -1	  -0.0197332     0.0278119
     D1CLV-a85d      0.026     0.029       0.074     0.737     -0.005     0.837      0.606     0.618      0.842     0.396    0.588     0.350   0.876     0.217      0.343     0.01657  -1	  -0.0639667    -0.0727501
     D1CLV-a86a      0.023     0.034       0.074     0.739     -0.084     0.830      0.599     0.699      0.478     0.444    0.572     0.406   0.836     0.176      0.282     0.01370  -1	   0.0276978    -0.0806146
     D1CLV-a86b      0.028     0.025       0.062     0.751     -0.422     0.827      0.603     0.639      0.939     0.386    0.577     0.350   0.643     0.178      0.214     0.01323  -1	  -0.0278343     0.0610315
     D1CLV-a86c      0.027     0.025       0.062     0.759     -0.492     0.825      0.613     0.646      0.937     0.389    0.578     0.353   0.686     0.193      0.230     0.01313  -1	  -0.0046938     0.0639610
     D1CLV-a86d      0.023     0.033       0.077     0.667     -0.122     0.826      0.600     0.713      0.591     0.409    0.591     0.359   0.788     0.182      0.313     0.01398  -1	  -0.0183555    -0.0868033
     D1CLV-a87a      0.025     0.025       0.060     0.696      0.059     0.843      0.569     0.559      0.880     0.416    0.611     0.350   0.817     0.232      0.220     0.01260  -1	  -0.0698859    -0.0233643
     D1CLV-a87b      0.025     0.036       0.079     0.686     -0.281     0.844      0.572     0.678      0.876     0.435    0.600     0.376   0.726     0.154      0.345     0.01163  -1	  -0.0367608     0.0054671
     D1CLV-a87c      0.026     0.034       0.072     0.717     -0.218     0.840      0.581     0.692      0.864     0.409    0.587     0.363   0.798     0.154      0.362     0.01158  -1	  -0.0482982    -0.0214681
     D1CLV-a87d      0.025     0.029       0.068     0.645      0.151     0.849      0.629     0.730      0.498     0.403    0.578     0.365   0.739     0.180      0.373     0.01077  -1	   0.0656896    -0.0823633
     D1CLV-a88a      0.023     0.034       0.083     0.714      0.027     0.854      0.586     0.683      0.944     0.466    0.608     0.397   0.805     0.167      0.126     0.01382  -1	  -0.0193239    -0.0311895
     D1CLV-a88b      0.025     0.026       0.060     0.662     -0.034     0.831      0.603     0.664      0.906     0.428    0.604     0.366   0.852     0.188      0.304     0.01130  -1	  -0.0739784    -0.0464267
     D1CLV-a88c      0.022     0.034       0.081     0.692      0.018     0.849      0.594     0.690      0.850     0.464    0.607     0.395   0.781     0.183      0.125     0.01381  -1	  -0.0354048    -0.0524775
     D1CLV-a88d      0.028     0.035       0.085     0.690     -0.561     0.838      0.625     0.685      0.794     0.417    0.608     0.354   0.663     0.157      0.219     0.01579  -1	   0.0472141     0.0355220
     D1CLV-a89a      0.033     0.026       0.072     0.745     -0.259     0.849      0.597     0.664      0.676     0.425    0.603     0.365   0.750     0.177      0.222     0.01761  -1	  -0.0377139    -0.0107342
     D1CLV-a89b      0.031     0.031       0.083     0.669     -0.074     0.856      0.613     0.664      0.822     0.378    0.597     0.328   0.812     0.168      0.215     0.01732  -1	  -0.0663093    -0.0457862
     D1CLV-a89c      0.030     0.025       0.055     0.697      0.114     0.851      0.598     0.606      0.496     0.363    0.596     0.316   0.827     0.211      0.176     0.01523  -1	  -0.0227660    -0.0184372
     D1CLV-a89d      0.030     0.030       0.064     0.737     -0.102     0.860      0.623     0.664      0.213     0.441    0.585     0.393   0.812     0.202      0.161     0.01712  -1	   0.0670669     0.0065750
      D1CLV-a8a      0.031     0.028       0.068     0.678     -0.145     0.837      0.600     0.709      0.916     0.471    0.587     0.419   0.788     0.194      0.226     0.00783  -1	  -0.0535648    -0.0290833
      D1CLV-a8b      0.030     0.031       0.077     0.752     -0.422     0.841      0.607     0.737      0.518     0.417    0.609     0.353   0.643     0.149      0.179     0.00758  -1	   0.0376752     0.0049936
      D1CLV-a8c      0.028     0.041       0.096     0.681     -0.047     0.836      0.558     0.639      0.541     0.406    0.589     0.358   0.852     0.147      0.165     0.00956  -1	  -0.0170861    -0.0686633
      D1CLV-a8d      0.028     0.036       0.089     0.783     -0.392     0.843      0.581     0.671      0.538     0.413    0.586     0.368   0.703     0.171      0.181     0.00785  -1	   0.0295918    -0.0060729
     D1CLV-a90a      0.031     0.027       0.074     0.779     -0.026     0.841      0.583     0.654      0.763     0.428    0.594     0.373   0.855     0.182      0.223     0.01755  -1	  -0.0455868    -0.0409193
     D1CLV-a90b      0.031     0.030       0.066     0.700     -0.184     0.853      0.612     0.660      0.557     0.426    0.590     0.376   0.781     0.190      0.193     0.01696  -1	  -0.0291896    -0.0388157
     D1CLV-a90c      0.027     0.031       0.077     0.729      0.152     0.851      0.605     0.659      0.785     0.776    0.767     0.560   0.819     0.202      0.069     0.01705  -1	   0.1148020     0.0612780
     D1CLV-a90d      0.025     0.036       0.083     0.713     -0.359     0.843      0.602     0.671      0.895     0.420    0.610     0.356   0.724     0.154      0.144     0.01566  -1	  -0.0285084     0.0156947
     D1CLV-a91a      0.026     0.034       0.087     0.686     -0.177     0.836      0.593     0.669      0.404     0.411    0.582     0.370   0.757     0.155      0.091     0.02399  -1	  -0.0263889    -0.0352970
     D1CLV-a91b      0.027     0.029       0.074     0.764      0.024     0.858      0.632     0.627      0.598     0.395    0.582     0.354   0.785     0.242      0.063     0.02992  -1	  -0.0576972    -0.0304024
     D1CLV-a91c      0.023     0.034       0.083     0.757      0.166     0.846      0.579     0.666      0.346     0.441    0.587     0.390   0.798     0.220      0.089     0.02293  -1	   0.0470136    -0.0299127
     D1CLV-a91d      0.022     0.037       0.096     0.755     -0.117     0.846      0.616     0.705      0.683     0.416    0.603     0.356   0.792     0.163      0.213     0.03277  -1	  -0.0363669    -0.0658537
     D1CLV-a92a      0.029     0.030       0.079     0.643     -0.141     0.830      0.598     0.673      0.835     0.461    0.585     0.412   0.732     0.188     -0.013     0.03648  -1	  -0.0479342    -0.0261291
     D1CLV-a92b      0.026     0.032       0.079     0.675     -0.140     0.852      0.596     0.705      0.601     0.390    0.585     0.349   0.788     0.186      0.078     0.03829  -1	  -0.0711770    -0.0711938
     D1CLV-a92c      0.028     0.031       0.079     0.723     -0.126     0.850      0.600     0.675      0.650     0.449    0.589     0.397   0.812     0.157      0.021     0.03933  -1	  -0.0684027    -0.0396555
     D1CLV-a92d      0.029     0.029       0.074     0.739     -0.146     0.863      0.620     0.700      0.669     0.393    0.586     0.350   0.812     0.188      0.002     0.03873  -1	  -0.0824442    -0.0440112
     D1CLV-a93a      0.027     0.030       0.074     0.683     -0.228     0.859      0.605     0.680      0.644     0.421    0.581     0.378   0.773     0.185      0.009     0.03861  -1	  -0.0688761    -0.0399663
     D1CLV-a93b      0.027     0.030       0.077     0.731     -0.146     0.850      0.639     0.730      0.766     0.405    0.592     0.354   0.812     0.179      0.017     0.03974  -1	  -0.0763169    -0.0370493
     D1CLV-a93c      0.029     0.030       0.077     0.679     -0.144     0.844      0.613     0.702      0.852     0.408    0.588     0.362   0.788     0.184      0.023     0.03896  -1	  -0.0630495    -0.0295349
     D1CLV-a93d      0.026     0.030       0.077     0.744     -0.050     0.856      0.610     0.704      0.533     0.402    0.587     0.357   0.876     0.179     -0.009     0.04137  -1	  -0.0824927    -0.0747483
     D1CLV-a94a      0.029     0.031       0.074     0.655     -0.202     0.854      0.601     0.674      0.774     0.438    0.595     0.382   0.773     0.170      0.032     0.03927  -1	  -0.0591176    -0.0260654
     D1CLV-a94b      0.029     0.033       0.081     0.761     -0.083     0.853      0.589     0.676      1.000     0.511    0.647     0.404   0.815     0.170      0.142     0.04130  -1	  -0.0200825    -0.0119260
     D1CLV-a94c      0.027     0.029       0.077     0.706     -0.152     0.852      0.622     0.705      0.519     0.390    0.582     0.350   0.781     0.162      0.027     0.03919  -1	  -0.0717899    -0.0427998
     D1CLV-a94d      0.028     0.032       0.083     0.672     -0.129     0.847      0.605     0.700      0.945     0.442    0.607     0.377   0.788     0.170      0.072     0.04314  -1	  -0.0455948    -0.0205211
     D1CLV-a95a      0.031     0.059       0.117     0.613      0.318     0.844      0.469     0.282      0.040     0.424    0.591     0.374   0.853     0.116      0.364     0.63518   1	   0.4397667     0.6027407
     D1CLV-a95b      0.030     0.055       0.111     0.663     -0.513     0.857      0.521     0.517      0.529     0.367    0.564     0.343   0.582     0.119      0.208     0.14305  -1	   0.0891933     0.0930665
     D1CLV-a95c      0.030     0.037       0.087     0.675      0.022     0.863      0.563     0.602      0.334     0.489    0.585     0.436   0.781     0.167      0.370     0.06269  -1	   0.1402342     0.0112884
     D1CLV-a95d      0.029     0.054       0.113     0.612     -0.380     0.862      0.533     0.527      0.877     0.395    0.591     0.347   0.471     0.122      0.194     0.13992  -1	   0.0164963     0.0722689
     D1CLV-a96a      0.028     0.050       0.109     0.703     -0.306     0.853      0.509     0.521      0.644     0.388    0.590     0.342   0.836     0.139      0.261     0.15392  -1	   0.0066001     0.0229544
     D1CLV-a96b      0.032     0.050       0.109     0.642      0.099     0.865      0.502     0.359      0.801     0.380    0.591     0.334   0.761     0.117      0.423     0.11275  -1	   0.0751042     0.1761379
     D1CLV-a96c      0.028     0.030       0.064     0.713     -0.316     0.859      0.567     0.488      0.763     0.375    0.586     0.334   0.836     0.186      0.052     0.08572  -1	  -0.0549107     0.0647162
     D1CLV-a96d      0.030     0.054       0.123     0.707     -0.277     0.868      0.535     0.529      0.377     0.397    0.585     0.354   0.636     0.114      0.176     0.12887  -1	   0.0576667     0.0568835
     D1CLV-a97a      0.027     0.041       0.096     0.696     -0.062     0.843      0.572     0.637      0.428     0.401    0.597     0.348   0.812     0.156      0.119     0.02625  -1	  -0.0081917    -0.0537212
     D1CLV-a97b      0.030     0.033       0.077     0.642     -0.082     0.831      0.589     0.606      0.334     0.408    0.574     0.372   0.756     0.159      0.486     0.02582  -1	   0.1480974     0.0245440
     D1CLV-a97c      0.029     0.035       0.091     0.788      0.161     0.830      0.521     0.607      0.448     0.518    0.611     0.443   0.798     0.174      0.122     0.02885  -1	   0.0765238     0.0225109
     D1CLV-a97d      0.026     0.042       0.098     0.734     -0.009     0.835      0.575     0.638      0.449     0.413    0.586     0.368   0.876     0.173      0.238     0.02635  -1	   0.0417436    -0.0788598
     D1CLV-a98a      0.027     0.040       0.096     0.750      0.177     0.853      0.550     0.571      0.405     0.383    0.591     0.337   0.798     0.154      0.094     0.01986  -1	   0.0615083     0.0296264
     D1CLV-a98b      0.026     0.041       0.094     0.765      0.207     0.848      0.575     0.595      0.433     0.399    0.604     0.341   0.844     0.160      0.107     0.01966  -1	   0.0763783     0.0133726
     D1CLV-a98c      0.027     0.040       0.098     0.732      0.245     0.845      0.555     0.581      0.297     0.379    0.599     0.327   0.864     0.154      0.101     0.01967  -1	   0.1081530     0.0330230
     D1CLV-a98d      0.029     0.039       0.087     0.695     -0.051     0.837      0.583     0.661      0.084     0.392    0.603     0.336   0.812     0.193      0.107     0.02537  -1	   0.1027838    -0.0059836
     D1CLV-a99a      0.026     0.041       0.096     0.772      0.193     0.858      0.547     0.569      0.440     0.385    0.594     0.336   0.798     0.157      0.091     0.01967  -1	   0.0703919     0.0316576
     D1CLV-a99b      0.027     0.037       0.098     0.713     -0.565     0.836      0.578     0.622      0.901     0.397    0.585     0.354   0.688     0.170      0.119     0.01870  -1	   0.0475466     0.0529688
     D1CLV-a99c      0.026     0.040       0.096     0.763      0.065     0.854      0.579     0.606      0.292     0.382    0.595     0.334   0.821     0.156      0.096     0.01957  -1	   0.0528554     0.0155619
     D1CLV-a99d      0.030     0.039       0.085     0.547     -0.167     0.846      0.590     0.676      0.233     0.400    0.586     0.356   0.622     0.148      0.075     0.02628  -1	  -0.0055126    -0.0287988
      D1CLV-a9a      0.025     0.034       0.089     0.643     -0.064     0.833      0.590     0.702      0.804     0.409    0.584     0.365   0.756     0.158      0.191     0.00927  -1	  -0.0540111    -0.0466926
      D1CLV-a9b      0.023     0.032       0.085     0.633      0.045     0.834      0.580     0.685      0.478     0.390    0.592     0.342   0.725     0.162      0.107     0.00960  -1	  -0.0406611    -0.0587519
      D1CLV-a9c      0.025     0.032       0.072     0.641     -0.105     0.832      0.609     0.719      0.708     0.401    0.576     0.365   0.732     0.172      0.104     0.00880  -1	  -0.0655649    -0.0527444
      D1CLV-a9d      0.026     0.033       0.083     0.668     -0.014     0.840      0.603     0.709      0.640     0.405    0.615     0.337   0.852     0.171      0.120     0.00933  -1	  -0.0614495    -0.0927311
