      D1DQJ-a9d      0.035     0.032       0.099     0.676     -0.158     0.837      0.636     0.552      0.915     0.615    0.513     0.613   0.757     0.138      0.149     0.15171  -1	   0.0060055     0.0110232
      D1DQJ-a0a      0.033     0.034       0.110     0.687     -0.115     0.829      0.579     0.532      0.880     0.648    0.545     0.619   0.788     0.160      0.248     0.11132  -1	   0.0140277     0.0254916
      D1DQJ-a0b      0.033     0.033       0.117     0.647     -0.019     0.825      0.591     0.558      0.555     0.613    0.511     0.612   0.796     0.153      0.224     0.11262  -1	   0.0088928     0.0101225
      D1DQJ-a0c      0.036     0.037       0.129     0.568     -0.168     0.844      0.599     0.494      0.853     0.608    0.505     0.612   0.684     0.119      0.116     0.05748  -1	   0.0093814     0.0386815
      D1DQJ-a0d      0.037     0.034       0.120     0.588      0.036     0.825      0.581     0.428      0.812     0.589    0.499     0.598   0.708     0.149      0.166     0.11570  -1	   0.0250889     0.0884868
    D1DQJ-a100a      0.030     0.028       0.092     0.744      0.382     0.845      0.535     0.412      0.769     0.573    0.523     0.565   0.928     0.170      0.690     0.00334  -1	   0.3495354     0.2853397
    D1DQJ-a100b      0.032     0.041       0.140     0.525      0.257     0.821      0.572     0.585      0.463     0.574    0.478     0.603   0.737     0.117      0.211     0.00358  -1	   0.0989221     0.0288501
    D1DQJ-a100c      0.032     0.031       0.097     0.739      0.324     0.841      0.532     0.442      0.337     0.558    0.502     0.568   0.896     0.157      0.391     0.00336  -1	   0.2916445     0.2824827
    D1DQJ-a100d      0.031     0.033       0.110     0.639      0.215     0.824      0.561     0.557      0.722     0.600    0.490     0.616   0.784     0.117      0.152     0.00358  -1	   0.0758405     0.0642062
    D1DQJ-a101a      0.028     0.038       0.129     0.608     -0.345     0.832      0.594     0.617      0.380     0.578    0.495     0.592   0.756     0.121      0.245     0.00366  -1	   0.0367527    -0.0220607
    D1DQJ-a101b      0.031     0.048       0.159     0.537      0.202     0.820      0.535     0.533      0.517     0.633    0.540     0.608   0.705     0.085      0.242     0.00381  -1	   0.1227177     0.0849610
    D1DQJ-a101c      0.028     0.042       0.138     0.593      0.013     0.827      0.568     0.537      0.606     0.605    0.499     0.613   0.708     0.095      0.238     0.00343  -1	   0.0258828     0.0278096
    D1DQJ-a101d      0.027     0.050       0.170     0.596      0.104     0.818      0.533     0.568      0.747     0.691    0.554     0.654   0.753     0.084      0.289     0.00398  -1	   0.1226863     0.0619962
    D1DQJ-a102a      0.025     0.044       0.131     0.575     -0.170     0.817      0.579     0.600      0.775     0.619    0.504     0.623   0.684     0.107      0.354     0.00348  -1	   0.0168719    -0.0031438
    D1DQJ-a102b      0.032     0.047       0.163     0.562      0.190     0.831      0.529     0.496      0.144     0.570    0.483     0.593   0.721     0.087      0.268     0.00381  -1	   0.1733840     0.1174198
    D1DQJ-a102c      0.029     0.039       0.120     0.629      0.244     0.810      0.537     0.551      0.354     0.671    0.521     0.658   0.784     0.111      0.216     0.00354  -1	   0.1262268     0.0835198
    D1DQJ-a102d      0.032     0.033       0.113     0.665     -0.189     0.823      0.612     0.657      0.529     0.577    0.496     0.591   0.757     0.125      0.222     0.00376  -1	  -0.0061759    -0.0412428
    D1DQJ-a103a      0.029     0.043       0.143     0.657      0.211     0.833      0.545     0.540      0.123     0.569    0.484     0.592   0.840     0.106      0.190     0.00340  -1	   0.1631124     0.0854172
    D1DQJ-a103b      0.028     0.037       0.117     0.624      0.281     0.821      0.549     0.563      0.634     0.618    0.494     0.629   0.816     0.115      0.156     0.00351  -1	   0.1099342     0.0713785
    D1DQJ-a103c      0.025     0.043       0.131     0.506      0.182     0.806      0.588     0.608      0.317     0.602    0.495     0.614   0.659     0.110      0.278     0.00359  -1	   0.0834041    -0.0090938
    D1DQJ-a103d      0.026     0.029       0.090     0.753      0.186     0.821      0.592     0.628      0.859     0.642    0.521     0.631   0.798     0.154      0.339     0.00319  -1	   0.1102499     0.0399216
    D1DQJ-a104a      0.033     0.032       0.108     0.646      0.242     0.830      0.608     0.552      0.520     0.604    0.492     0.618   0.784     0.145      0.177     0.13587  -1	   0.0835665     0.0812080
    D1DQJ-a104b      0.030     0.032       0.110     0.690     -0.101     0.838      0.586     0.469      0.098     0.560    0.476     0.591   0.788     0.140      0.114     0.08911  -1	   0.0348068     0.1629132
    D1DQJ-a104c      0.033     0.033       0.101     0.658      0.162     0.837      0.604     0.501      0.502     0.600    0.502     0.606   0.794     0.132      0.216     0.22852  -1	   0.0656714     0.1060641
    D1DQJ-a104d      0.036     0.035       0.131     0.520     -0.305     0.836      0.585     0.475      0.890     0.575    0.497     0.587   0.677     0.109      0.098     0.05784  -1	   0.0262432     0.0791926
    D1DQJ-a105a      0.029     0.032       0.108     0.725      0.388     0.832      0.545     0.466      0.409     0.565    0.507     0.570   0.928     0.167      0.363     0.00335  -1	   0.2920462     0.2540991
    D1DQJ-a105b      0.028     0.037       0.120     0.641      0.249     0.820      0.540     0.569      0.519     0.606    0.498     0.615   0.784     0.110      0.178     0.00352  -1	   0.0972938     0.0628218
    D1DQJ-a105c      0.031     0.028       0.090     0.746      0.338     0.838      0.543     0.423      0.931     0.589    0.528     0.576   0.896     0.176      0.734     0.00332  -1	   0.2876870     0.2254908
    D1DQJ-a105d      0.030     0.037       0.117     0.675      0.220     0.819      0.539     0.572      0.442     0.626    0.500     0.632   0.840     0.113      0.191     0.00353  -1	   0.1022574     0.0529385
     D1DQJ-a10a      0.032     0.028       0.108     0.634      0.141     0.828      0.610     0.572      0.831     0.610    0.484     0.629   0.771     0.132      0.201     0.14679  -1	   0.0545996     0.0415938
     D1DQJ-a10b      0.036     0.032       0.099     0.674     -0.174     0.836      0.635     0.546      0.981     0.598    0.506     0.601   0.757     0.137      0.149     0.15013  -1	   0.0175230     0.0173214
     D1DQJ-a10c      0.035     0.032       0.103     0.680     -0.059     0.833      0.635     0.544      0.934     0.596    0.495     0.609   0.812     0.140      0.149     0.15213  -1	   0.0184471     0.0122588
     D1DQJ-a10d      0.038     0.028       0.101     0.753      0.110     0.840      0.603     0.532      0.280     0.590    0.523     0.581   0.831     0.166      0.167     0.04350  -1	   0.0868180     0.1349863
     D1DQJ-a11a      0.031     0.025       0.094     0.610      0.416     0.828      0.590     0.662      0.881     0.598    0.501     0.606   0.822     0.137      0.151     0.06346  -1	   0.1982413     0.0938355
     D1DQJ-a11b      0.034     0.029       0.108     0.658      0.085     0.817      0.599     0.685      0.944     0.625    0.519     0.617   0.817     0.129      0.138     0.01889  -1	   0.0524616     0.0055266
     D1DQJ-a11c      0.032     0.028       0.099     0.651      0.177     0.820      0.631     0.709      0.492     0.607    0.494     0.620   0.794     0.154      0.173     0.04752  -1	   0.0357642    -0.0299517
     D1DQJ-a11d      0.030     0.029       0.117     0.726      0.466     0.819      0.588     0.624      0.073     0.637    0.529     0.620   0.916     0.143      0.161     0.01598  -1	   0.3211005     0.2332344
     D1DQJ-a12a      0.030     0.024       0.094     0.774      0.250     0.829      0.585     0.580      0.802     0.577    0.487     0.598   0.875     0.159      0.152     0.04231  -1	   0.0823105     0.0693672
     D1DQJ-a12b      0.034     0.028       0.087     0.732      0.257     0.838      0.600     0.509      0.870     0.584    0.488     0.603   0.896     0.140      0.218     0.24815   1	   0.1176533     0.1081296
     D1DQJ-a12c      0.033     0.035       0.120     0.646      0.212     0.820      0.590     0.629      0.937     0.644    0.521     0.633   0.784     0.109      0.083     0.05409  -1	   0.1335093     0.0489480
     D1DQJ-a12d      0.031     0.027       0.092     0.718      0.370     0.816      0.601     0.668      0.599     0.587    0.503     0.594   0.928     0.167      0.163     0.03362  -1	   0.1357606     0.0428103
     D1DQJ-a13a      0.030     0.032       0.108     0.564      0.167     0.826      0.568     0.553      0.613     0.614    0.509     0.614   0.721     0.119      0.143     0.03089  -1	   0.0232214     0.0501080
     D1DQJ-a13b      0.035     0.044       0.154     0.669      0.330     0.839      0.549     0.433      0.547     0.600    0.502     0.607   0.872     0.099      0.186     0.06078  -1	   0.2090685     0.2213501
     D1DQJ-a13c      0.033     0.034       0.117     0.586      0.120     0.826      0.611     0.641      0.854     0.635    0.514     0.630   0.753     0.113      0.064     0.05413  -1	   0.0606504     0.0052526
     D1DQJ-a13d      0.032     0.049       0.147     0.632      0.344     0.837      0.521     0.452      0.254     0.566    0.485     0.589   0.816     0.093      0.162     0.03236  -1	   0.2112440     0.1947912
     D1DQJ-a14a      0.031     0.037       0.122     0.644      0.142     0.831      0.552     0.481      0.895     0.623    0.507     0.624   0.771     0.117      0.099     0.06023  -1	   0.0898606     0.0876235
     D1DQJ-a14b      0.033     0.036       0.117     0.535      0.193     0.834      0.560     0.485      0.808     0.610    0.488     0.627   0.659     0.125      0.092     0.05723  -1	   0.0854571     0.0886711
     D1DQJ-a14c      0.033     0.036       0.124     0.566      0.224     0.834      0.574     0.504      0.392     0.631    0.494     0.641   0.767     0.125      0.053     0.05953  -1	   0.0227455     0.0778120
     D1DQJ-a14d      0.032     0.034       0.120     0.556      0.119     0.830      0.577     0.520      0.779     0.610    0.480     0.633   0.753     0.129      0.071     0.05748  -1	   0.0392743     0.0454851
     D1DQJ-a15a      0.033     0.031       0.108     0.674     -0.025     0.832      0.605     0.472      0.889     0.593    0.499     0.603   0.852     0.141      0.145     0.08300  -1	   0.0095617     0.0533855
     D1DQJ-a15b      0.032     0.034       0.113     0.716      0.009     0.826      0.600     0.568      0.211     0.620    0.524     0.608   0.805     0.147      0.221     0.11053  -1	   0.1007653     0.0706193
     D1DQJ-a15c      0.028     0.022       0.076     0.722      0.100     0.822      0.605     0.635      0.832     0.587    0.490     0.604   0.851     0.165      0.089     0.05058  -1	  -0.0036074    -0.0052895
     D1DQJ-a15d      0.028     0.021       0.078     0.793      0.333     0.827      0.624     0.619      0.427     0.551    0.485     0.575   0.875     0.172      0.209     0.03091  -1	   0.1483127     0.1335255
     D1DQJ-a16a      0.028     0.021       0.071     0.731     -0.298     0.824      0.640     0.659      0.981     0.596    0.512     0.596   0.750     0.208      0.129     0.02988  -1	  -0.0046110     0.0032066
     D1DQJ-a16b      0.030     0.022       0.078     0.659      0.244     0.836      0.614     0.680      0.761     0.610    0.475     0.636   0.840     0.197      0.120     0.03021  -1	   0.0488631    -0.0075883
     D1DQJ-a16c      0.029     0.020       0.074     0.746      0.333     0.824      0.620     0.623      0.883     0.559    0.489     0.579   0.896     0.175      0.231     0.02644  -1	   0.1132938     0.0609261
     D1DQJ-a16d      0.031     0.036       0.129     0.715     -0.028     0.844      0.594     0.482      0.265     0.589    0.488     0.609   0.876     0.114      0.153     0.06843  -1	   0.0326976     0.1062680
     D1DQJ-a17a      0.027     0.030       0.103     0.586      0.046     0.827      0.625     0.664      0.788     0.724    0.640     0.620   0.708     0.125      0.203     0.01823  -1	   0.0339220     0.0215338
     D1DQJ-a17b      0.038     0.033       0.110     0.734      0.239     0.843      0.588     0.519      0.897     0.634    0.541     0.609   0.864     0.124      0.131     0.06943  -1	   0.1482421     0.1188766
     D1DQJ-a17c      0.022     0.033       0.117     0.714      0.059     0.831      0.591     0.643      0.716     0.608    0.504     0.613   0.841     0.120      0.253     0.02081  -1	   0.0326543    -0.0144180
     D1DQJ-a17d      0.028     0.021       0.071     0.705     -0.377     0.826      0.638     0.662      0.892     0.601    0.507     0.605   0.724     0.202      0.149     0.03022  -1	   0.0056592     0.0086355
     D1DQJ-a18a      0.023     0.035       0.131     0.732      0.116     0.823      0.597     0.662      0.942     0.624    0.507     0.625   0.851     0.121      0.303     0.01973  -1	   0.0905656     0.0132782
     D1DQJ-a18b      0.023     0.033       0.122     0.638      0.133     0.826      0.590     0.642      0.654     0.604    0.490     0.620   0.771     0.126      0.246     0.02032  -1	   0.0459497    -0.0055557
     D1DQJ-a18c      0.023     0.033       0.126     0.666      0.193     0.825      0.586     0.622      0.460     0.625    0.516     0.620   0.794     0.120      0.204     0.02012  -1	   0.0767599     0.0292736
     D1DQJ-a18d      0.028     0.032       0.115     0.633      0.033     0.823      0.569     0.602      0.984     0.663    0.559     0.622   0.725     0.139      0.186     0.02221  -1	   0.0540019     0.0363552
     D1DQJ-a19a      0.036     0.037       0.129     0.607      0.085     0.837      0.571     0.532      0.729     0.614    0.532     0.596   0.761     0.114      0.164     0.07154  -1	   0.0436539     0.0550148
     D1DQJ-a19b      0.026     0.033       0.115     0.626      0.101     0.829      0.586     0.602      0.676     0.627    0.515     0.622   0.771     0.126      0.246     0.01794  -1	   0.0380472     0.0133034
     D1DQJ-a19c      0.028     0.036       0.126     0.632      0.105     0.826      0.563     0.519      0.017     0.605    0.497     0.615   0.771     0.131      0.321     0.03033  -1	   0.2148066     0.1502644
     D1DQJ-a19d      0.031     0.032       0.117     0.578     -0.172     0.852      0.606     0.557      0.639     0.654    0.517     0.645   0.684     0.135      0.177     0.03501  -1	  -0.0335558     0.0065455
      D1DQJ-a1a      0.035     0.032       0.103     0.696     -0.091     0.836      0.628     0.526      0.909     0.600    0.502     0.607   0.812     0.132      0.148     0.15337  -1	   0.0093566     0.0241088
      D1DQJ-a1b      0.038     0.033       0.113     0.728      0.214     0.842      0.615     0.559      0.435     0.598    0.503     0.604   0.864     0.136      0.128     0.06895  -1	   0.0912362     0.1003163
      D1DQJ-a1c      0.036     0.032       0.101     0.678     -0.149     0.835      0.650     0.570      0.947     0.595    0.505     0.600   0.788     0.135      0.149     0.15240  -1	   0.0107056     0.0044573
      D1DQJ-a1d      0.035     0.032       0.101     0.686     -0.180     0.841      0.641     0.553      0.988     0.613    0.516     0.607   0.757     0.131      0.148     0.15516  -1	   0.0183164     0.0168543
     D1DQJ-a20a      0.037     0.039       0.129     0.611      0.140     0.834      0.560     0.513      0.990     0.726    0.590     0.662   0.771     0.115      0.161     0.07530  -1	   0.1529032     0.1162791
     D1DQJ-a20b      0.034     0.033       0.110     0.666     -0.091     0.826      0.582     0.546      0.617     0.680    0.588     0.616   0.812     0.158      0.296     0.11066  -1	   0.0361485     0.0344734
     D1DQJ-a20c      0.032     0.031       0.103     0.626     -0.040     0.824      0.588     0.577      0.961     0.613    0.539     0.590   0.796     0.152      0.104     0.05254  -1	   0.0187662     0.0121648
     D1DQJ-a20d      0.030     0.035       0.124     0.626     -0.035     0.819      0.583     0.564      0.276     0.753    0.662     0.635   0.796     0.131      0.223     0.02876  -1	   0.0732611     0.0666702
     D1DQJ-a21a      0.031     0.034       0.110     0.597      0.035     0.818      0.599     0.606      0.982     0.714    0.634     0.614   0.708     0.131      0.071     0.06618  -1	   0.0692430     0.0304636
     D1DQJ-a21b      0.031     0.035       0.122     0.601     -0.060     0.831      0.552     0.465      0.233     0.652    0.555     0.614   0.756     0.118      0.188     0.02918  -1	   0.0201859     0.1288861
     D1DQJ-a21c      0.033     0.033       0.115     0.690     -0.521     0.823      0.592     0.691      0.569     0.620    0.533     0.602   0.663     0.135      0.170     0.02732  -1	   0.0590984     0.0013065
     D1DQJ-a21d      0.036     0.031       0.108     0.773      0.390     0.836      0.620     0.491      0.466     0.595    0.506     0.599   0.907     0.145      0.106     0.06283  -1	   0.1926597     0.2670821
     D1DQJ-a22a      0.036     0.034       0.115     0.700      0.274     0.831      0.568     0.387      0.516     0.597    0.490     0.613   0.896     0.132      0.264     0.05714  -1	   0.1613616     0.2641151
     D1DQJ-a22b      0.034     0.034       0.115     0.685     -0.045     0.825      0.572     0.509      0.607     0.629    0.532     0.611   0.852     0.147      0.191     0.11173  -1	   0.0050770     0.0389328
     D1DQJ-a22c      0.036     0.033       0.113     0.661      0.111     0.844      0.620     0.586      0.855     0.574    0.490     0.592   0.827     0.135      0.129     0.06829  -1	   0.0540822     0.0159034
     D1DQJ-a22d      0.028     0.046       0.138     0.615      0.076     0.829      0.535     0.522      0.860     0.700    0.551     0.664   0.761     0.104      0.115     0.01856  -1	   0.0860436     0.0631127
     D1DQJ-a23a      0.029     0.038       0.143     0.605      0.234     0.808      0.563     0.622      0.707     0.653    0.519     0.643   0.784     0.094      0.109     0.01228  -1	   0.0982989     0.0501125
     D1DQJ-a23b      0.033     0.027       0.099     0.680      0.091     0.825      0.621     0.682      0.875     0.617    0.505     0.621   0.817     0.188      0.157     0.04823  -1	   0.0280360    -0.0219531
     D1DQJ-a23c      0.034     0.031       0.103     0.679     -0.112     0.840      0.635     0.553      0.949     0.582    0.495     0.596   0.788     0.142      0.148     0.15807  -1	   0.0082606     0.0088777
     D1DQJ-a23d      0.030     0.035       0.124     0.629      0.165     0.815      0.578     0.656      0.781     0.671    0.504     0.671   0.739     0.105      0.056     0.01209  -1	   0.0681141     0.0209602
     D1DQJ-a24a      0.034     0.029       0.108     0.662      0.182     0.808      0.613     0.589      0.984     0.643    0.518     0.635   0.794     0.146      0.172     0.01662  -1	   0.1026129     0.0423132
     D1DQJ-a24b      0.028     0.037       0.147     0.597      0.274     0.813      0.592     0.658      0.926     0.630    0.515     0.625   0.798     0.099      0.095     0.01228  -1	   0.1700748     0.0643425
     D1DQJ-a24c      0.029     0.036       0.126     0.579      0.075     0.805      0.569     0.653      0.955     0.676    0.499     0.679   0.744     0.116      0.088     0.01283  -1	   0.0827574     0.0185021
     D1DQJ-a24d      0.035     0.031       0.120     0.659      0.225     0.811      0.612     0.602      0.807     0.595    0.513     0.593   0.840     0.135      0.158     0.01648  -1	   0.0883540     0.0441396
     D1DQJ-a25a      0.028     0.038       0.145     0.542      0.296     0.809      0.583     0.651      0.628     0.624    0.522     0.613   0.737     0.103      0.081     0.01225  -1	   0.0994791     0.0368625
     D1DQJ-a25b      0.032     0.026       0.103     0.536      0.266     0.828      0.625     0.691      0.785     0.595    0.502     0.602   0.737     0.150      0.127     0.03775  -1	   0.0746551     0.0056561
     D1DQJ-a25c      0.027     0.036       0.140     0.556      0.296     0.809      0.585     0.647      0.702     0.624    0.505     0.626   0.798     0.106      0.090     0.01226  -1	   0.1085069     0.0385536
     D1DQJ-a25d      0.031     0.028       0.106     0.770      0.306     0.813      0.562     0.602      0.356     0.607    0.503     0.613   0.875     0.143      0.164     0.01817  -1	   0.1526066     0.1074132
     D1DQJ-a26a      0.029     0.024       0.087     0.695      0.136     0.826      0.616     0.705      0.962     0.624    0.516     0.618   0.827     0.186      0.217     0.02401  -1	   0.0493512    -0.0088168
     D1DQJ-a26b      0.033     0.027       0.094     0.596      0.254     0.826      0.610     0.695      0.589     0.605    0.486     0.624   0.798     0.147      0.127     0.02973  -1	   0.0447339    -0.0186928
     D1DQJ-a26c      0.032     0.026       0.092     0.702      0.312     0.819      0.604     0.677      0.406     0.583    0.490     0.600   0.896     0.158      0.150     0.03063  -1	   0.1014978     0.0207048
     D1DQJ-a26d      0.028     0.029       0.108     0.678      0.046     0.828      0.611     0.653      0.459     0.612    0.503     0.617   0.781     0.145      0.273     0.01919  -1	   0.0419621    -0.0209248
     D1DQJ-a27a      0.021     0.046       0.145     0.661      0.059     0.830      0.579     0.591      0.591     0.610    0.506     0.613   0.817     0.088      0.158     0.01889  -1	   0.0336950    -0.0123350
     D1DQJ-a27b      0.032     0.025       0.099     0.637      0.242     0.826      0.606     0.572      0.463     0.577    0.500     0.587   0.784     0.142      0.058     0.01553  -1	   0.0153997     0.0639265
     D1DQJ-a27c      0.032     0.023       0.087     0.743      0.051     0.830      0.631     0.620      0.408     0.589    0.502     0.597   0.841     0.176      0.110     0.02043  -1	  -0.0081846     0.0248268
     D1DQJ-a27d      0.032     0.025       0.103     0.694      0.177     0.821      0.599     0.558      0.338     0.580    0.496     0.593   0.794     0.146      0.136     0.01635  -1	   0.0406437     0.0924830
     D1DQJ-a28a      0.026     0.047       0.140     0.683      0.164     0.836      0.502     0.556      0.088     0.595    0.510     0.596   0.794     0.105      0.257     0.01811  -1	   0.2219333     0.0686762
     D1DQJ-a28b      0.033     0.022       0.083     0.728      0.141     0.825      0.596     0.634      0.397     0.552    0.486     0.575   0.851     0.226      0.068     0.02130  -1	  -0.0088516    -0.0044617
     D1DQJ-a28c      0.026     0.043       0.145     0.630      0.243     0.826      0.549     0.616      0.448     0.582    0.489     0.600   0.784     0.111      0.208     0.01628  -1	   0.1247902     0.0176253
     D1DQJ-a28d      0.025     0.045       0.143     0.590      0.164     0.809      0.539     0.619      0.943     0.635    0.523     0.623   0.721     0.111      0.251     0.01792  -1	   0.1302377     0.0522205
     D1DQJ-a29a      0.023     0.053       0.177     0.523     -0.660     0.820      0.607     0.713      0.866     0.719    0.520     0.704   0.192     0.077      0.219     0.01127  -1	   0.0812172     0.0101633
     D1DQJ-a29b      0.022     0.056       0.189     0.509     -0.420     0.818      0.580     0.660      0.092     0.556    0.504     0.564   0.000     0.084      0.164     0.01179  -1	   0.0525758    -0.0351520
     D1DQJ-a29c      0.024     0.026       0.090     0.672      0.427     0.818      0.586     0.613      0.994     0.628    0.534     0.609   0.878     0.176      0.177     0.01552  -1	   0.2186415     0.1049802
     D1DQJ-a29d      0.025     0.026       0.087     0.650      0.379     0.823      0.610     0.639      0.244     0.589    0.511     0.589   0.903     0.175      0.181     0.01575  -1	   0.1497559     0.0716728
      D1DQJ-a2a      0.037     0.033       0.117     0.691      0.327     0.817      0.580     0.499      0.797     0.697    0.534     0.674   0.872     0.124      0.115     0.05980  -1	   0.1834957     0.1722107
      D1DQJ-a2b      0.037     0.033       0.113     0.676      0.185     0.835      0.598     0.543      0.713     0.574    0.483     0.598   0.794     0.135      0.256     0.06261  -1	   0.0913417     0.0652220
      D1DQJ-a2c      0.036     0.035       0.120     0.709      0.003     0.839      0.604     0.535      0.685     0.604    0.500     0.612   0.805     0.137      0.313     0.05763  -1	   0.0514609     0.0313401
      D1DQJ-a2d      0.034     0.032       0.099     0.687      0.026     0.839      0.615     0.514      0.987     0.613    0.511     0.613   0.781     0.129      0.149     0.15512  -1	   0.0528908     0.0440792
     D1DQJ-a30a      0.025     0.042       0.136     0.648     -0.030     0.800      0.562     0.658      0.417     0.640    0.527     0.625   0.796     0.092      0.166     0.01033  -1	   0.0108080    -0.0534792
     D1DQJ-a30b      0.025     0.026       0.085     0.627      0.254     0.828      0.610     0.632      0.685     0.572    0.491     0.590   0.816     0.180      0.164     0.01383  -1	   0.0409127    -0.0005809
     D1DQJ-a30c      0.019     0.030       0.103     0.693      0.054     0.836      0.599     0.676      0.881     0.583    0.514     0.582   0.817     0.188      0.210     0.01359  -1	   0.0041781    -0.0366975
     D1DQJ-a30d      0.026     0.033       0.110     0.662      0.213     0.799      0.575     0.596      0.938     0.728    0.568     0.681   0.840     0.109      0.148     0.03384  -1	   0.1307830     0.0781150
     D1DQJ-a31a      0.022     0.033       0.126     0.687      0.214     0.829      0.586     0.645      0.742     0.620    0.506     0.622   0.840     0.127      0.218     0.01978  -1	   0.0968465     0.0298740
     D1DQJ-a31b      0.018     0.040       0.136     0.690      0.181     0.834      0.573     0.569      0.483     0.615    0.502     0.620   0.794     0.115      0.215     0.01440  -1	   0.0962574     0.0488369
     D1DQJ-a31c      0.028     0.047       0.175     0.688     -0.050     0.806      0.515     0.581      0.380     0.671    0.542     0.644   0.852     0.081      0.099     0.01129  -1	   0.0061235    -0.0215699
     D1DQJ-a31d      0.023     0.034       0.126     0.694      0.141     0.832      0.582     0.639      0.912     0.649    0.524     0.636   0.827     0.124      0.247     0.01971  -1	   0.0960853     0.0335537
     D1DQJ-a32a      0.019     0.038       0.133     0.641      0.306     0.835      0.600     0.607      0.723     0.596    0.502     0.603   0.816     0.116      0.203     0.01445  -1	   0.1516403     0.0688866
     D1DQJ-a32b      0.021     0.037       0.126     0.552      0.164     0.834      0.615     0.633      0.802     0.593    0.492     0.608   0.721     0.115      0.200     0.01404  -1	   0.0660476     0.0013759
     D1DQJ-a32c      0.021     0.038       0.133     0.638      0.182     0.832      0.623     0.635      0.709     0.585    0.502     0.593   0.739     0.104      0.203     0.01436  -1	   0.0780045     0.0168464
     D1DQJ-a32d      0.025     0.033       0.115     0.658      0.171     0.830      0.603     0.656      0.529     0.584    0.495     0.598   0.794     0.125      0.202     0.01661  -1	   0.0528406    -0.0103224
     D1DQJ-a33a      0.019     0.040       0.129     0.705      0.229     0.834      0.600     0.619      0.531     0.632    0.509     0.631   0.864     0.117      0.198     0.01426  -1	   0.1173711     0.0350418
     D1DQJ-a33b      0.024     0.033       0.124     0.691      0.085     0.826      0.597     0.647      0.301     0.608    0.515     0.605   0.817     0.116      0.229     0.02057  -1	   0.0741441    -0.0093005
     D1DQJ-a33c      0.025     0.030       0.117     0.683      0.021     0.827      0.615     0.681      0.827     0.625    0.506     0.626   0.781     0.115      0.136     0.01764  -1	   0.0092046    -0.0092379
     D1DQJ-a33d      0.023     0.033       0.122     0.659      0.149     0.825      0.611     0.681      0.491     0.617    0.509     0.617   0.827     0.116      0.252     0.02061  -1	   0.0685295    -0.0244113
     D1DQJ-a34a      0.031     0.027       0.097     0.653     -0.035     0.829      0.586     0.625      0.609     0.602    0.505     0.606   0.852     0.127      0.151     0.02765  -1	  -0.0321838    -0.0203238
     D1DQJ-a34b      0.028     0.030       0.108     0.673     -0.121     0.829      0.574     0.499      0.535     0.622    0.528     0.607   0.788     0.155      0.244     0.01843  -1	  -0.0027016     0.0558338
     D1DQJ-a34c      0.033     0.027       0.099     0.585      0.066     0.828      0.605     0.662      0.188     0.653    0.542     0.626   0.744     0.143      0.165     0.02802  -1	   0.0116519    -0.0276606
     D1DQJ-a34d      0.034     0.028       0.097     0.621      0.042     0.836      0.595     0.639      0.275     0.612    0.518     0.606   0.725     0.133      0.164     0.02844  -1	   0.0054705    -0.0113530
     D1DQJ-a35a      0.039     0.034       0.122     0.640      0.283     0.835      0.598     0.574      0.449     0.686    0.546     0.656   0.816     0.114      0.276     0.09069  -1	   0.1920177     0.1365450
     D1DQJ-a35b      0.032     0.031       0.106     0.618     -0.018     0.830      0.598     0.589      0.960     0.604    0.506     0.606   0.796     0.137      0.092     0.06013  -1	   0.0319847     0.0108423
     D1DQJ-a35c      0.034     0.028       0.099     0.520     -0.020     0.833      0.582     0.629      0.981     0.621    0.544     0.594   0.717     0.160      0.187     0.02497  -1	   0.0248420     0.0292908
     D1DQJ-a35d      0.034     0.032       0.108     0.636     -0.138     0.832      0.609     0.529      0.963     0.603    0.511     0.603   0.732     0.130      0.162     0.14537  -1	   0.0143201     0.0298396
     D1DQJ-a36a      0.024     0.084       0.241     0.626      0.096     0.783      0.411     0.332      0.800     0.662    0.551     0.628   0.738     0.066      0.239     0.01281  -1	   0.1950382     0.1407628
     D1DQJ-a36b      0.022     0.075       0.223     0.597      0.015     0.785      0.443     0.365      0.442     0.677    0.578     0.621   0.587     0.076      0.242     0.01357  -1	   0.1293821     0.1189384
     D1DQJ-a36c      0.022     0.092       0.257     0.583      0.143     0.781      0.390     0.326      0.158     0.675    0.569     0.626   0.587     0.062      0.211     0.01239  -1	   0.2517517     0.1618016
     D1DQJ-a36d      0.034     0.058       0.179     0.517      0.092     0.799      0.512     0.507      0.370     0.591    0.490     0.608   0.459     0.085      0.175     0.01173  -1	   0.0680326     0.0386928
     D1DQJ-a37a      0.027     0.067       0.214     0.646     -0.024     0.793      0.572     0.569      0.069     0.619    0.507     0.620   0.680     0.060      0.197     0.00994  -1	   0.1570830     0.0099344
     D1DQJ-a37b      0.030     0.027       0.094     0.571      0.306     0.823      0.604     0.624      0.811     0.582    0.493     0.597   0.798     0.138      0.144     0.01349  -1	   0.0987195     0.0399273
     D1DQJ-a37c      0.031     0.077       0.234     0.623      0.029     0.794      0.449     0.410      0.364     0.648    0.520     0.637   0.713     0.069      0.254     0.00988  -1	   0.1669698     0.0802386
     D1DQJ-a37d      0.034     0.073       0.228     0.547     -0.124     0.786      0.562     0.538      0.333     0.634    0.520     0.624   0.310     0.057      0.092     0.01147  -1	   0.0278300    -0.0161568
     D1DQJ-a38a      0.032     0.034       0.124     0.675     -0.113     0.814      0.576     0.620      0.106     0.588    0.495     0.601   0.788     0.097      0.141     0.01125  -1	   0.0464011     0.0063036
     D1DQJ-a38b      0.028     0.036       0.138     0.589      0.284     0.807      0.560     0.631      0.607     0.615    0.500     0.622   0.798     0.113      0.125     0.01250  -1	   0.0949325     0.0351168
     D1DQJ-a38c      0.029     0.065       0.202     0.551     -0.163     0.808      0.563     0.564      0.901     0.710    0.544     0.679   0.538     0.064      0.255     0.01064  -1	   0.0852550     0.0173318
     D1DQJ-a38d      0.028     0.044       0.149     0.657      0.132     0.803      0.555     0.662      0.611     0.641    0.519     0.632   0.827     0.100      0.198     0.01113  -1	   0.0779823    -0.0163363
     D1DQJ-a39a      0.033     0.039       0.131     0.675      0.242     0.814      0.535     0.578      0.316     0.762    0.602     0.690   0.840     0.112      0.122     0.01196  -1	   0.1249642     0.0918591
     D1DQJ-a39b      0.029     0.044       0.149     0.645      0.139     0.799      0.553     0.643      0.560     0.755    0.657     0.640   0.771     0.102      0.206     0.01123  -1	   0.1221362     0.0467633
     D1DQJ-a39c      0.028     0.037       0.140     0.610      0.232     0.803      0.561     0.633      0.648     0.634    0.512     0.631   0.784     0.103      0.127     0.01233  -1	   0.0811477     0.0316500
     D1DQJ-a39d      0.028     0.043       0.147     0.641      0.178     0.803      0.547     0.637      0.473     0.629    0.501     0.633   0.739     0.099      0.193     0.01105  -1	   0.0911001     0.0054648
      D1DQJ-a3a      0.038     0.033       0.110     0.603      0.161     0.833      0.591     0.426      0.658     0.652    0.521     0.641   0.739     0.120      0.244     0.05841  -1	   0.0781925     0.1668614
      D1DQJ-a3b      0.035     0.039       0.129     0.523      0.189     0.835      0.564     0.494      0.745     0.689    0.521     0.676   0.659     0.119      0.050     0.05936  -1	   0.0831301     0.0841624
      D1DQJ-a3c      0.030     0.035       0.120     0.567      0.152     0.833      0.561     0.498      0.674     0.691    0.510     0.685   0.721     0.122      0.066     0.06087  -1	   0.0344475     0.0745254
      D1DQJ-a3d      0.032     0.033       0.110     0.670      0.186     0.835      0.598     0.478      0.983     0.608    0.516     0.603   0.794     0.126      0.136     0.23082  -1	   0.1183839     0.0979479
     D1DQJ-a40a      0.030     0.040       0.129     0.656      0.146     0.819      0.555     0.607      0.213     0.600    0.507     0.602   0.827     0.115      0.160     0.01318  -1	   0.0881174     0.0008743
     D1DQJ-a40b      0.030     0.040       0.136     0.610      0.144     0.815      0.543     0.606      0.496     0.596    0.490     0.613   0.771     0.111      0.112     0.01304  -1	   0.0296103    -0.0069313
     D1DQJ-a40c      0.035     0.031       0.113     0.685     -0.112     0.816      0.598     0.622      0.587     0.576    0.499     0.587   0.788     0.148      0.167     0.01355  -1	  -0.0177453    -0.0227236
     D1DQJ-a40d      0.030     0.041       0.136     0.650      0.149     0.814      0.552     0.617      0.227     0.607    0.497     0.617   0.827     0.106      0.157     0.01322  -1	   0.0833346    -0.0134402
     D1DQJ-a41a      0.030     0.037       0.126     0.651      0.256     0.823      0.576     0.608      0.369     0.597    0.494     0.610   0.872     0.108      0.256     0.00901  -1	   0.1524004     0.0395291
     D1DQJ-a41b      0.028     0.034       0.120     0.643      0.130     0.827      0.578     0.582      0.425     0.583    0.503     0.590   0.771     0.126      0.240     0.00896  -1	   0.0624238     0.0280547
     D1DQJ-a41c      0.032     0.028       0.108     0.547      0.272     0.829      0.604     0.608      0.838     0.584    0.486     0.605   0.737     0.138      0.203     0.00728  -1	   0.1058163     0.0527462
     D1DQJ-a41d      0.032     0.028       0.092     0.661      0.186     0.814      0.590     0.649      0.437     0.567    0.474     0.599   0.794     0.175      0.301     0.00919  -1	   0.0864069    -0.0117483
     D1DQJ-a42a      0.033     0.028       0.099     0.702      0.188     0.826      0.599     0.599      0.550     0.593    0.494     0.607   0.819     0.177      0.339     0.00948  -1	   0.1106658     0.0376815
     D1DQJ-a42b      0.031     0.023       0.087     0.747      0.067     0.828      0.634     0.620      0.928     0.697    0.633     0.596   0.841     0.185      0.126     0.02072  -1	   0.0382410     0.0324999
     D1DQJ-a42c      0.034     0.022       0.090     0.615      0.275     0.809      0.609     0.629      0.256     0.745    0.538     0.718   0.816     0.167      0.062     0.01271  -1	   0.0150145     0.0507762
     D1DQJ-a42d      0.033     0.024       0.092     0.643      0.008     0.802      0.629     0.649      0.327     0.762    0.564     0.717   0.725     0.151      0.082     0.01471  -1	  -0.0424658     0.0002859
     D1DQJ-a43a      0.029     0.053       0.186     0.652      0.182     0.800      0.484     0.545      0.798     0.571    0.504     0.578   0.845     0.084      0.290     0.01748  -1	   0.1534976     0.0673376
     D1DQJ-a43b      0.026     0.056       0.193     0.644      0.290     0.794      0.512     0.610      0.362     0.715    0.603     0.640   0.825     0.091      0.184     0.01655  -1	   0.2254353     0.0677782
     D1DQJ-a43c      0.021     0.057       0.186     0.661      0.062     0.823      0.493     0.522      0.510     0.623    0.504     0.626   0.805     0.077      0.233     0.00762  -1	   0.0963657     0.0254720
     D1DQJ-a43d      0.028     0.053       0.195     0.708      0.195     0.803      0.554     0.649      0.189     0.611    0.514     0.607   0.900     0.077      0.267     0.01394  -1	   0.2534157    -0.0084382
     D1DQJ-a44a      0.024     0.058       0.211     0.604      0.127     0.819      0.533     0.584      0.069     0.611    0.491     0.625   0.713     0.079      0.108     0.01433  -1	   0.1028319    -0.0153519
     D1DQJ-a44b      0.022     0.052       0.172     0.676      0.101     0.812      0.557     0.662      0.212     0.602    0.525     0.590   0.780     0.088      0.053     0.01529  -1	   0.0469118    -0.0513438
     D1DQJ-a44c      0.024     0.046       0.140     0.670      0.245     0.828      0.525     0.588      0.403     0.631    0.536     0.610   0.840     0.107      0.298     0.01727  -1	   0.2039555     0.0513359
     D1DQJ-a44d      0.023     0.063       0.202     0.562     -0.509     0.820      0.566     0.668      0.217     0.590    0.502     0.597   0.389     0.074      0.257     0.01196  -1	   0.1212435    -0.0347273
     D1DQJ-a45a      0.025     0.050       0.175     0.621      0.122     0.809      0.532     0.570      0.020     0.638    0.478     0.660   0.771     0.095      0.103     0.01167  -1	   0.0832530    -0.0051282
     D1DQJ-a45b      0.026     0.046       0.172     0.628      0.113     0.817      0.573     0.636      0.462     0.621    0.527     0.607   0.771     0.075      0.191     0.00976  -1	   0.0727229    -0.0075738
     D1DQJ-a45c      0.024     0.061       0.198     0.517     -0.429     0.811      0.601     0.701      0.060     0.873    0.864     0.584   0.000     0.076      0.223     0.01190  -1	   0.2189503     0.0739691
     D1DQJ-a45d      0.024     0.049       0.161     0.552      0.174     0.801      0.526     0.548      0.368     0.626    0.493     0.638   0.721     0.097      0.271     0.01081  -1	   0.1129841     0.0342058
     D1DQJ-a46a      0.018     0.056       0.182     0.632      0.161     0.814      0.536     0.576      0.038     0.628    0.511     0.626   0.778     0.084      0.225     0.01081  -1	   0.2029854     0.0193919
     D1DQJ-a46b      0.030     0.047       0.161     0.579      0.077     0.815      0.547     0.562      0.060     0.583    0.498     0.594   0.744     0.097      0.311     0.01007  -1	   0.1906171     0.0397134
     D1DQJ-a46c      0.026     0.046       0.168     0.625      0.238     0.800      0.546     0.583      0.278     0.621    0.535     0.601   0.784     0.094      0.180     0.01232  -1	   0.1413591     0.0490028
     D1DQJ-a46d      0.032     0.047       0.147     0.560      0.285     0.811      0.549     0.607      0.210     0.611    0.516     0.606   0.798     0.097      0.315     0.00991  -1	   0.2348356     0.0316529
     D1DQJ-a47a      0.024     0.043       0.143     0.629     -0.001     0.809      0.577     0.681      0.207     0.593    0.502     0.601   0.796     0.099      0.114     0.01040  -1	   0.0131644    -0.0856611
     D1DQJ-a47b      0.026     0.042       0.138     0.550      0.089     0.801      0.572     0.642      0.454     0.624    0.529     0.607   0.744     0.098      0.063     0.01019  -1	  -0.0184079    -0.0452250
     D1DQJ-a47c      0.026     0.036       0.136     0.595      0.185     0.814      0.614     0.677      0.606     0.600    0.503     0.606   0.721     0.086      0.078     0.01184  -1	   0.0345310    -0.0018506
     D1DQJ-a47d      0.022     0.045       0.149     0.635      0.021     0.806      0.569     0.653      0.310     0.639    0.521     0.629   0.725     0.093      0.098     0.01048  -1	  -0.0007182    -0.0520468
     D1DQJ-a48a      0.026     0.040       0.138     0.649      0.092     0.831      0.623     0.653      0.348     0.595    0.517     0.590   0.761     0.117      0.105     0.00905  -1	   0.0193474    -0.0220004
     D1DQJ-a48b      0.026     0.040       0.136     0.503      0.037     0.805      0.590     0.669      0.189     0.745    0.668     0.620   0.646     0.105      0.154     0.01019  -1	   0.0168620    -0.0319465
     D1DQJ-a48c      0.028     0.041       0.138     0.551      0.061     0.800      0.577     0.654      0.283     0.621    0.513     0.618   0.744     0.103      0.134     0.01022  -1	   0.0003564    -0.0638145
     D1DQJ-a48d      0.023     0.033       0.124     0.641      0.150     0.826      0.596     0.649      0.567     0.615    0.512     0.613   0.739     0.118      0.240     0.02029  -1	   0.0572211     0.0039347
     D1DQJ-a49a      0.023     0.039       0.143     0.680      0.249     0.822      0.598     0.606      0.446     0.620    0.529     0.604   0.840     0.088      0.264     0.00741  -1	   0.1674417     0.0772816
     D1DQJ-a49b      0.026     0.033       0.117     0.625     -0.061     0.826      0.582     0.610      0.840     0.618    0.512     0.616   0.756     0.129      0.204     0.02668  -1	  -0.0016298    -0.0005554
     D1DQJ-a49c      0.023     0.033       0.124     0.707      0.133     0.824      0.592     0.633      0.666     0.633    0.531     0.615   0.851     0.117      0.225     0.02029  -1	   0.0621547     0.0147605
     D1DQJ-a49d      0.025     0.041       0.154     0.560      0.227     0.810      0.564     0.587      0.803     0.615    0.514     0.612   0.767     0.110      0.165     0.00951  -1	   0.1150591     0.0551201
      D1DQJ-a4a      0.033     0.044       0.156     0.586      0.162     0.849      0.569     0.390      0.373     0.711    0.508     0.706   0.721     0.088      0.164     0.04638  -1	   0.0776224     0.1947153
      D1DQJ-a4b      0.037     0.031       0.106     0.681     -0.004     0.820      0.607     0.448      0.783     0.603    0.497     0.613   0.852     0.130      0.070     0.07948  -1	   0.0001264     0.0772114
      D1DQJ-a4c      0.037     0.032       0.113     0.705      0.230     0.839      0.587     0.531      0.842     0.635    0.538     0.612   0.864     0.126      0.062     0.06090  -1	   0.1139148     0.0973936
      D1DQJ-a4d      0.034     0.036       0.117     0.513      0.223     0.828      0.575     0.512      0.652     0.629    0.483     0.647   0.705     0.129      0.066     0.06114  -1	   0.0552247     0.0655445
     D1DQJ-a50a      0.027     0.034       0.124     0.617      0.196     0.824      0.546     0.507      0.153     0.609    0.493     0.622   0.739     0.138      0.305     0.03150  -1	   0.1712029     0.1441322
     D1DQJ-a50b      0.023     0.031       0.106     0.618      0.266     0.830      0.606     0.681      0.311     0.588    0.502     0.596   0.816     0.127      0.441     0.00897  -1	   0.2277007    -0.0051080
     D1DQJ-a50c      0.027     0.040       0.126     0.670     -0.143     0.816      0.577     0.617      0.375     0.592    0.496     0.604   0.788     0.121      0.246     0.00902  -1	   0.0400498    -0.0345268
     D1DQJ-a50d      0.028     0.040       0.117     0.670     -0.072     0.826      0.590     0.631      0.206     0.592    0.494     0.606   0.812     0.125      0.252     0.00934  -1	   0.0911249    -0.0321071
     D1DQJ-a51a      0.030     0.045       0.136     0.553      0.042     0.830      0.554     0.535      0.847     0.669    0.545     0.638   0.708     0.104      0.095     0.01872  -1	   0.0616760     0.0456098
     D1DQJ-a51b      0.029     0.032       0.113     0.727      0.004     0.836      0.586     0.696      0.292     0.569    0.485     0.592   0.805     0.114      0.057     0.00990  -1	  -0.0166939    -0.0458895
     D1DQJ-a51c      0.029     0.047       0.143     0.647     -0.060     0.842      0.505     0.493      0.995     0.641    0.525     0.627   0.756     0.115      0.078     0.01848  -1	   0.0762203     0.0662083
     D1DQJ-a51d      0.027     0.049       0.163     0.622     -0.103     0.806      0.551     0.623      0.340     0.723    0.662     0.601   0.732     0.082      0.235     0.00968  -1	   0.0826028    -0.0054874
     D1DQJ-a52a      0.024     0.026       0.080     0.643     -0.105     0.826      0.639     0.706      0.920     0.594    0.491     0.609   0.732     0.186      0.305     0.00488  -1	  -0.0208922    -0.0392508
     D1DQJ-a52b      0.029     0.038       0.129     0.553      0.157     0.822      0.540     0.455      0.133     0.570    0.475     0.600   0.721     0.099      0.131     0.01006  -1	   0.0360380     0.1397003
     D1DQJ-a52c      0.021     0.028       0.090     0.707      0.098     0.817      0.642     0.688      0.833     0.580    0.499     0.591   0.841     0.161      0.348     0.00610  -1	   0.0277522    -0.0425827
     D1DQJ-a52d      0.028     0.061       0.200     0.626      0.060     0.807      0.557     0.587      0.739     0.626    0.522     0.616   0.738     0.075      0.214     0.01004  -1	   0.1076805     0.0066033
     D1DQJ-a53a      0.030     0.036       0.124     0.700      0.150     0.820      0.585     0.512      0.161     0.581    0.493     0.596   0.819     0.103      0.153     0.00953  -1	   0.1022126     0.1455218
     D1DQJ-a53b      0.025     0.071       0.193     0.631     -0.145     0.784      0.526     0.583      0.025     0.744    0.563     0.700   0.589     0.070      0.213     0.01081  -1	   0.1563237    -0.0176343
     D1DQJ-a53c      0.022     0.080       0.234     0.599      0.042     0.785      0.440     0.378      0.516     0.647    0.554     0.612   0.587     0.070      0.236     0.01293  -1	   0.1413357     0.0949535
     D1DQJ-a53d      0.034     0.064       0.198     0.573     -0.093     0.804      0.599     0.669      0.074     0.669    0.591     0.603   0.554     0.068      0.197     0.01259  -1	   0.1249702    -0.0440817
     D1DQJ-a54a      0.024     0.059       0.193     0.585      0.033     0.801      0.543     0.539      0.974     0.617    0.520     0.609   0.587     0.072      0.172     0.01369  -1	   0.1233849     0.0401657
     D1DQJ-a54b      0.026     0.067       0.211     0.656      0.103     0.806      0.498     0.517      0.156     0.608    0.503     0.613   0.780     0.062      0.138     0.01180  -1	   0.1417083     0.0200221
     D1DQJ-a54c      0.028     0.049       0.170     0.651      0.144     0.809      0.554     0.678      0.764     0.598    0.501     0.606   0.827     0.077      0.176     0.00886  -1	   0.1038137     0.0025742
     D1DQJ-a54d      0.031     0.054       0.193     0.639     -0.231     0.800      0.547     0.614      0.728     0.630    0.506     0.632   0.570     0.069      0.365     0.00931  -1	   0.0443851    -0.0091949
     D1DQJ-a55a      0.026     0.043       0.133     0.583      0.313     0.811      0.586     0.615      0.682     0.624    0.496     0.633   0.798     0.105      0.256     0.00923  -1	   0.1710055     0.0539514
     D1DQJ-a55b      0.031     0.063       0.202     0.600     -0.213     0.797      0.559     0.606      0.118     0.629    0.465     0.661   0.570     0.063      0.180     0.01174  -1	   0.0814801    -0.0360555
     D1DQJ-a55c      0.030     0.043       0.138     0.718      0.087     0.809      0.533     0.653      0.819     0.593    0.511     0.593   0.841     0.095      0.224     0.00962  -1	   0.0741918     0.0047379
     D1DQJ-a55d      0.029     0.043       0.149     0.647      0.136     0.800      0.578     0.678      0.426     0.747    0.664     0.626   0.771     0.100      0.204     0.01109  -1	   0.1273041     0.0260622
     D1DQJ-a56a      0.030     0.036       0.126     0.636      0.310     0.822      0.580     0.610      0.542     0.585    0.494     0.599   0.816     0.108      0.234     0.00907  -1	   0.1528626     0.0666866
     D1DQJ-a56b      0.029     0.036       0.129     0.636      0.304     0.824      0.579     0.611      0.693     0.603    0.503     0.608   0.816     0.105      0.234     0.00909  -1	   0.1594095     0.0782758
     D1DQJ-a56c      0.029     0.039       0.152     0.651      0.067     0.809      0.579     0.660      0.326     0.584    0.510     0.585   0.817     0.096      0.150     0.01008  -1	   0.0353862    -0.0419657
     D1DQJ-a56d      0.030     0.037       0.126     0.664      0.301     0.815      0.573     0.602      0.587     0.607    0.505     0.611   0.872     0.105      0.246     0.00906  -1	   0.1622054     0.0699725
     D1DQJ-a57a      0.027     0.035       0.122     0.654      0.231     0.807      0.555     0.640      0.346     0.603    0.493     0.616   0.840     0.105      0.152     0.00716  -1	   0.0783430    -0.0024889
     D1DQJ-a57b      0.033     0.029       0.097     0.678      0.224     0.829      0.629     0.629      0.465     0.581    0.486     0.602   0.840     0.165      0.391     0.00971  -1	   0.1582577     0.0302788
     D1DQJ-a57c      0.035     0.036       0.115     0.655     -0.143     0.839      0.595     0.652      0.853     0.673    0.519     0.661   0.788     0.137      0.186     0.00846  -1	   0.0182755    -0.0107655
     D1DQJ-a57d      0.031     0.035       0.124     0.563      0.415     0.821      0.581     0.633      0.608     0.606    0.510     0.606   0.804     0.118      0.198     0.00909  -1	   0.1981221     0.0955967
     D1DQJ-a58a      0.033     0.030       0.097     0.653      0.159     0.810      0.591     0.590      0.432     0.645    0.517     0.637   0.794     0.178      0.192     0.01016  -1	   0.0500644     0.0289381
     D1DQJ-a58b      0.026     0.042       0.138     0.632      0.158     0.815      0.581     0.653      0.714     0.615    0.529     0.600   0.739     0.126      0.109     0.00656  -1	   0.0609891    -0.0047886
     D1DQJ-a58c      0.033     0.029       0.103     0.690      0.268     0.827      0.602     0.604      0.390     0.586    0.488     0.605   0.872     0.177      0.375     0.00966  -1	   0.2003600     0.0684514
     D1DQJ-a58d      0.032     0.023       0.078     0.647      0.305     0.821      0.600     0.635      0.399     0.591    0.501     0.599   0.816     0.228      0.095     0.00881  -1	   0.0420085     0.0182699
     D1DQJ-a59a      0.021     0.065       0.209     0.648     -0.111     0.832      0.517     0.590      0.281     0.622    0.515     0.617   0.589     0.070      0.162     0.00850  -1	   0.0531915    -0.0369566
     D1DQJ-a59b      0.033     0.049       0.156     0.573      0.079     0.803      0.557     0.650      0.194     0.571    0.470     0.604   0.744     0.108      0.106     0.00901  -1	   0.0413237    -0.0746630
     D1DQJ-a59c      0.023     0.069       0.211     0.659     -0.086     0.820      0.485     0.552      0.632     0.638    0.529     0.622   0.747     0.076      0.149     0.00835  -1	   0.0533986    -0.0144696
     D1DQJ-a59d      0.026     0.050       0.156     0.574     -0.032     0.803      0.552     0.592      0.147     0.571    0.508     0.576   0.778     0.090      0.182     0.01127  -1	   0.0630335    -0.0331791
      D1DQJ-a5a      0.033     0.033       0.115     0.649      0.028     0.829      0.579     0.542      0.617     0.618    0.525     0.606   0.725     0.154      0.258     0.11879  -1	   0.0288828     0.0345820
      D1DQJ-a5b      0.037     0.034       0.124     0.545     -0.269     0.837      0.618     0.536      0.914     0.579    0.509     0.583   0.591     0.121      0.098     0.05699  -1	   0.0196278     0.0245450
      D1DQJ-a5c      0.033     0.028       0.103     0.676     -0.064     0.836      0.637     0.523      0.711     0.580    0.485     0.603   0.812     0.136      0.131     0.04566  -1	  -0.0279795     0.0293428
      D1DQJ-a5d      0.036     0.040       0.136     0.561     -0.044     0.833      0.588     0.458      0.815     0.610    0.506     0.613   0.778     0.110      0.128     0.05708  -1	   0.0238436     0.0667435
     D1DQJ-a60a      0.027     0.060       0.184     0.557      0.020     0.824      0.497     0.562      0.006     0.603    0.488     0.620   0.587     0.091      0.274     0.00887  -1	   0.1786266     0.0063774
     D1DQJ-a60b      0.026     0.072       0.230     0.599     -0.088     0.800      0.492     0.538      0.037     0.731    0.556     0.691   0.554     0.071      0.196     0.01216  -1	   0.1304834    -0.0071886
     D1DQJ-a60c      0.028     0.071       0.223     0.624     -0.013     0.794      0.515     0.696      0.269     0.634    0.501     0.638   0.680     0.074      0.117     0.01409  -1	   0.0759238    -0.0845318
     D1DQJ-a60d      0.026     0.053       0.193     0.782     -0.297     0.792      0.541     0.649      0.149     0.578    0.474     0.609   0.628     0.085      0.224     0.01093  -1	   0.1491507    -0.0096314
     D1DQJ-a61a      0.027     0.043       0.145     0.609      0.200     0.813      0.560     0.619      0.859     0.658    0.506     0.657   0.784     0.097      0.178     0.01070  -1	   0.1357465     0.0498806
     D1DQJ-a61b      0.026     0.060       0.195     0.633     -0.011     0.818      0.525     0.498      0.087     0.606    0.497     0.616   0.680     0.075      0.128     0.01175  -1	   0.0842071     0.0459075
     D1DQJ-a61c      0.026     0.050       0.168     0.561      0.097     0.805      0.527     0.549      0.012     0.594    0.517     0.589   0.744     0.097      0.208     0.01136  -1	   0.1400772     0.0342656
     D1DQJ-a61d      0.027     0.051       0.168     0.614      0.161     0.815      0.518     0.555      0.029     0.628    0.504     0.632   0.778     0.092      0.142     0.01169  -1	   0.1293210     0.0229447
     D1DQJ-a62a      0.019     0.051       0.170     0.644      0.028     0.824      0.569     0.613      0.131     0.577    0.505     0.584   0.713     0.089      0.225     0.01104  -1	   0.1206455    -0.0193640
     D1DQJ-a62b      0.026     0.048       0.152     0.716      0.206     0.810      0.541     0.600      0.311     0.656    0.524     0.642   0.864     0.096      0.166     0.01096  -1	   0.1473736     0.0279519
     D1DQJ-a62c      0.026     0.051       0.170     0.610      0.121     0.813      0.515     0.550      0.016     0.647    0.503     0.650   0.713     0.098      0.120     0.01176  -1	   0.0953354     0.0179059
     D1DQJ-a62d      0.032     0.049       0.156     0.556      0.246     0.808      0.551     0.598      0.108     0.636    0.544     0.608   0.767     0.095      0.352     0.00984  -1	   0.2818778     0.0479273
     D1DQJ-a63a      0.024     0.056       0.205     0.532      0.037     0.807      0.540     0.545      0.037     0.679    0.530     0.659   0.434     0.078      0.121     0.00763  -1	   0.0377535     0.0022910
     D1DQJ-a63b      0.027     0.044       0.147     0.655      0.136     0.807      0.561     0.622      0.724     0.645    0.518     0.636   0.827     0.104      0.234     0.01062  -1	   0.0942226     0.0100935
     D1DQJ-a63c      0.029     0.038       0.152     0.658     -0.546     0.793      0.602     0.686      0.259     0.654    0.522     0.642   0.663     0.084      0.202     0.01145  -1	   0.1268743     0.0029559
     D1DQJ-a63d      0.023     0.044       0.140     0.618      0.013     0.803      0.577     0.669      0.233     0.605    0.503     0.610   0.725     0.093      0.153     0.01051  -1	   0.0274925    -0.0652926
     D1DQJ-a64a      0.024     0.050       0.170     0.629      0.076     0.816      0.551     0.559      0.007     0.545    0.491     0.566   0.761     0.090      0.134     0.00984  -1	   0.1120764     0.0324950
     D1DQJ-a64b      0.026     0.033       0.117     0.645      0.203     0.815      0.569     0.589      0.571     0.590    0.499     0.600   0.784     0.123      0.122     0.00513  -1	   0.0402471     0.0297481
     D1DQJ-a64c      0.029     0.033       0.103     0.697      0.157     0.807      0.595     0.681      0.905     0.613    0.510     0.613   0.794     0.142      0.165     0.00509  -1	   0.0704468    -0.0014238
     D1DQJ-a64d      0.027     0.033       0.108     0.677      0.167     0.807      0.572     0.655      0.364     0.597    0.506     0.602   0.794     0.138      0.145     0.00509  -1	   0.0442689    -0.0184406
     D1DQJ-a65a      0.026     0.039       0.145     0.624      0.106     0.810      0.550     0.561      0.617     0.579    0.492     0.596   0.771     0.111      0.171     0.00957  -1	   0.0311176     0.0207703
     D1DQJ-a65b      0.025     0.039       0.126     0.657      0.278     0.814      0.584     0.608      0.202     0.614    0.515     0.610   0.872     0.119      0.329     0.00647  -1	   0.2522253     0.0693395
     D1DQJ-a65c      0.024     0.040       0.140     0.619      0.273     0.814      0.601     0.608      0.658     0.616    0.523     0.605   0.816     0.089      0.264     0.00746  -1	   0.1525457     0.0662648
     D1DQJ-a65d      0.027     0.044       0.133     0.643      0.146     0.822      0.599     0.686      0.405     0.631    0.543     0.604   0.771     0.116      0.210     0.00722  -1	   0.0938208    -0.0356897
     D1DQJ-a66a      0.025     0.041       0.140     0.676      0.237     0.816      0.576     0.667      0.593     0.595    0.513     0.593   0.840     0.108      0.157     0.00711  -1	   0.1037611     0.0047223
     D1DQJ-a66b      0.027     0.044       0.136     0.665      0.168     0.817      0.571     0.652      0.718     0.623    0.527     0.609   0.794     0.117      0.212     0.00732  -1	   0.0997531     0.0006311
     D1DQJ-a66c      0.025     0.039       0.131     0.657      0.120     0.807      0.581     0.655      0.905     0.586    0.508     0.590   0.827     0.117      0.174     0.00712  -1	   0.0652885    -0.0055364
     D1DQJ-a66d      0.024     0.039       0.143     0.522      0.172     0.810      0.586     0.615      0.533     0.612    0.500     0.620   0.659     0.117      0.131     0.00938  -1	   0.0241448    -0.0043699
     D1DQJ-a67a      0.028     0.072       0.223     0.541      0.066     0.809      0.549     0.503      0.137     0.692    0.529     0.673   0.459     0.064      0.253     0.01083  -1	   0.1638932     0.0335906
     D1DQJ-a67b      0.026     0.042       0.140     0.681      0.252     0.811      0.589     0.686      0.084     0.620    0.515     0.615   0.872     0.098      0.134     0.00717  -1	   0.1602118    -0.0091381
     D1DQJ-a67c      0.026     0.045       0.136     0.669      0.163     0.815      0.570     0.657      0.135     0.623    0.539     0.599   0.794     0.118      0.137     0.00722  -1	   0.1173260    -0.0196570
     D1DQJ-a67d      0.029     0.068       0.211     0.659      0.026     0.801      0.519     0.540      0.230     0.578    0.486     0.599   0.780     0.061      0.175     0.01197  -1	   0.1281532    -0.0107309
     D1DQJ-a68a      0.021     0.030       0.106     0.682      0.248     0.814      0.595     0.560      0.586     0.616    0.514     0.613   0.840     0.130      0.223     0.00446  -1	   0.0883869     0.0824702
     D1DQJ-a68b      0.020     0.035       0.126     0.652      0.277     0.821      0.617     0.589      0.240     0.594    0.503     0.600   0.872     0.125      0.284     0.00427  -1	   0.1891691     0.0979708
     D1DQJ-a68c      0.019     0.036       0.122     0.600      0.240     0.816      0.608     0.599      0.266     0.578    0.513     0.578   0.784     0.115      0.282     0.00431  -1	   0.1372766     0.0514519
     D1DQJ-a68d      0.025     0.023       0.069     0.749      0.064     0.823      0.625     0.695      0.653     0.596    0.485     0.617   0.841     0.205      0.205     0.00550  -1	  -0.0057655    -0.0419867
     D1DQJ-a69a      0.023     0.032       0.113     0.667      0.151     0.820      0.628     0.632      0.747     0.597    0.503     0.603   0.794     0.137      0.275     0.00513  -1	   0.0585812     0.0026310
     D1DQJ-a69b      0.025     0.025       0.087     0.798      0.061     0.821      0.594     0.602      0.635     0.595    0.505     0.601   0.821     0.176      0.171     0.00380  -1	   0.0046506     0.0172660
     D1DQJ-a69c      0.032     0.055       0.172     0.510      0.043     0.805      0.569     0.585      0.479     0.606    0.526     0.594   0.434     0.081      0.104     0.01221  -1	   0.0216249    -0.0095959
     D1DQJ-a69d      0.020     0.035       0.120     0.618      0.133     0.818      0.609     0.601      0.344     0.595    0.519     0.588   0.771     0.123      0.264     0.00427  -1	   0.0727214     0.0178527
      D1DQJ-a6a      0.038     0.034       0.113     0.681      0.225     0.843      0.609     0.549      0.801     0.589    0.500     0.599   0.840     0.133      0.109     0.06803  -1	   0.1043771     0.0680816
      D1DQJ-a6b      0.034     0.033       0.113     0.677     -0.068     0.827      0.566     0.521      0.619     0.621    0.532     0.603   0.812     0.154      0.236     0.11344  -1	   0.0084658     0.0340995
      D1DQJ-a6c      0.034     0.035       0.110     0.593      0.005     0.837      0.609     0.614      0.902     0.665    0.519     0.654   0.708     0.133      0.085     0.06008  -1	   0.0463025    -0.0010177
      D1DQJ-a6d      0.036     0.034       0.115     0.687      0.127     0.836      0.602     0.553      0.669     0.577    0.485     0.600   0.827     0.132      0.121     0.06781  -1	   0.0376427     0.0348110
     D1DQJ-a70a      0.024     0.046       0.152     0.580     -0.160     0.802      0.625     0.692      0.272     0.592    0.490     0.609   0.684     0.092      0.130     0.00406  -1	  -0.0071476    -0.0804764
     D1DQJ-a70b      0.026     0.032       0.108     0.609      0.232     0.816      0.590     0.600      0.711     0.710    0.634     0.610   0.784     0.142      0.184     0.00594  -1	   0.1025431     0.0833768
     D1DQJ-a70c      0.025     0.031       0.106     0.584      0.227     0.816      0.605     0.617      0.800     0.710    0.637     0.607   0.767     0.145      0.184     0.00592  -1	   0.1018862     0.0729963
     D1DQJ-a70d      0.033     0.040       0.138     0.621      0.043     0.813      0.575     0.588      0.993     0.641    0.536     0.619   0.725     0.119      0.111     0.00816  -1	   0.0855273     0.0268284
     D1DQJ-a71a      0.024     0.036       0.122     0.724      0.339     0.829      0.610     0.595      0.559     0.595    0.504     0.601   0.896     0.113      0.135     0.00405  -1	   0.1537525     0.1067314
     D1DQJ-a71b      0.020     0.051       0.177     0.656      0.148     0.805      0.553     0.596      0.856     0.623    0.522     0.613   0.780     0.086      0.246     0.00446  -1	   0.1301732     0.0370257
     D1DQJ-a71c      0.028     0.042       0.147     0.665      0.021     0.808      0.578     0.653      0.615     0.606    0.520     0.599   0.781     0.116      0.182     0.00515  -1	   0.0245015    -0.0341419
     D1DQJ-a71d      0.025     0.048       0.168     0.580      0.029     0.816      0.547     0.572      0.178     0.582    0.492     0.598   0.708     0.086      0.147     0.00442  -1	   0.0378247    -0.0113846
     D1DQJ-a72a      0.030     0.036       0.129     0.578      0.112     0.806      0.590     0.693      0.362     0.602    0.502     0.609   0.753     0.114      0.268     0.00503  -1	   0.0628170    -0.0610545
     D1DQJ-a72b      0.028     0.038       0.140     0.715      0.176     0.808      0.567     0.629      0.475     0.752    0.679     0.618   0.819     0.099      0.176     0.00533  -1	   0.1500359     0.0988995
     D1DQJ-a72c      0.028     0.035       0.124     0.660      0.192     0.799      0.596     0.650      0.194     0.710    0.644     0.600   0.794     0.135      0.140     0.00569  -1	   0.1215491     0.0624764
     D1DQJ-a72d      0.028     0.039       0.140     0.751      0.240     0.804      0.554     0.613      0.703     0.642    0.551     0.608   0.844     0.106      0.161     0.00534  -1	   0.1353895     0.0714803
     D1DQJ-a73a      0.022     0.049       0.168     0.720     -0.011     0.806      0.519     0.604      0.553     0.610    0.531     0.593   0.876     0.098      0.165     0.00487  -1	   0.0320380    -0.0375482
     D1DQJ-a73b      0.027     0.038       0.143     0.584      0.313     0.818      0.573     0.642      0.637     0.589    0.510     0.591   0.798     0.104      0.185     0.00615  -1	   0.1394297     0.0488443
     D1DQJ-a73c      0.023     0.049       0.161     0.643      0.132     0.806      0.565     0.641      0.175     0.659    0.544     0.631   0.771     0.115      0.143     0.00676  -1	   0.0952650    -0.0292568
     D1DQJ-a73d      0.023     0.041       0.145     0.594      0.097     0.808      0.595     0.680      0.702     0.615    0.502     0.620   0.744     0.120      0.088     0.00650  -1	   0.0236758    -0.0308785
     D1DQJ-a74a      0.027     0.041       0.140     0.611      0.181     0.814      0.567     0.636      0.921     0.609    0.511     0.608   0.739     0.118      0.097     0.00646  -1	   0.1153282     0.0283456
     D1DQJ-a74b      0.030     0.051       0.170     0.631      0.089     0.818      0.543     0.550      0.191     0.589    0.505     0.594   0.738     0.091      0.112     0.00594  -1	   0.0690325     0.0207228
     D1DQJ-a74c      0.022     0.045       0.154     0.573      0.067     0.812      0.594     0.684      0.818     0.630    0.515     0.625   0.744     0.119      0.138     0.00666  -1	   0.0514747    -0.0243436
     D1DQJ-a74d      0.027     0.043       0.138     0.594      0.093     0.807      0.561     0.635      0.484     0.589    0.497     0.601   0.744     0.122      0.078     0.00648  -1	   0.0009845    -0.0444100
     D1DQJ-a75a      0.031     0.030       0.106     0.672      0.289     0.826      0.573     0.564      0.144     0.546    0.475     0.579   0.872     0.138      0.392     0.00422  -1	   0.2960288     0.1460323
     D1DQJ-a75b      0.030     0.028       0.101     0.734     -0.063     0.817      0.583     0.632      0.770     0.585    0.486     0.605   0.836     0.141      0.246     0.00432  -1	  -0.0076946    -0.0144911
     D1DQJ-a75c      0.030     0.031       0.110     0.655      0.269     0.826      0.580     0.557      0.066     0.577    0.494     0.592   0.872     0.138      0.180     0.00435  -1	   0.1609832     0.1324145
     D1DQJ-a75d      0.032     0.030       0.101     0.606      0.105     0.823      0.597     0.636      0.726     0.565    0.486     0.588   0.771     0.158      0.097     0.00479  -1	   0.0009719    -0.0239489
     D1DQJ-a76a      0.026     0.034       0.110     0.643      0.350     0.835      0.537     0.532      0.194     0.524    0.446     0.581   0.848     0.142      0.336     0.00434  -1	   0.2598340     0.1501969
     D1DQJ-a76b      0.024     0.038       0.143     0.629     -0.071     0.819      0.633     0.655      0.444     0.603    0.512     0.602   0.756     0.105      0.123     0.00931  -1	  -0.0302195    -0.0477236
     D1DQJ-a76c      0.027     0.056       0.179     0.556      0.015     0.816      0.475     0.540      0.009     0.583    0.472     0.615   0.587     0.092      0.226     0.00903  -1	   0.1319193     0.0243166
     D1DQJ-a76d      0.027     0.073       0.221     0.635     -0.033     0.794      0.511     0.711      0.969     0.674    0.542     0.645   0.680     0.073      0.123     0.01417  -1	   0.1376502     0.0402944
     D1DQJ-a77a      0.022     0.039       0.129     0.708      0.159     0.821      0.564     0.639      0.061     0.625    0.524     0.613   0.819     0.115      0.192     0.00522  -1	   0.1681200     0.0243410
     D1DQJ-a77b      0.024     0.038       0.122     0.668      0.144     0.826      0.583     0.661      0.118     0.590    0.497     0.602   0.827     0.130      0.236     0.00521  -1	   0.1481510    -0.0253422
     D1DQJ-a77c      0.031     0.047       0.154     0.580      0.195     0.807      0.543     0.598      0.349     0.612    0.535     0.593   0.721     0.095      0.333     0.00999  -1	   0.1782457     0.0299704
     D1DQJ-a77d      0.028     0.020       0.074     0.681      0.110     0.821      0.618     0.665      0.357     0.592    0.526     0.581   0.827     0.185      0.071     0.00622  -1	  -0.0363001    -0.0181651
     D1DQJ-a78a      0.031     0.032       0.117     0.733      0.159     0.818      0.580     0.673      0.151     0.643    0.509     0.641   0.819     0.105      0.070     0.00564  -1	   0.0609746     0.0131049
     D1DQJ-a78b      0.029     0.033       0.115     0.630      0.254     0.824      0.581     0.623      0.288     0.600    0.517     0.596   0.816     0.130      0.119     0.00520  -1	   0.0701710     0.0212010
     D1DQJ-a78c      0.022     0.038       0.124     0.629      0.281     0.828      0.580     0.692      0.356     0.584    0.501     0.593   0.816     0.124      0.217     0.00527  -1	   0.1317463    -0.0261358
     D1DQJ-a78d      0.025     0.050       0.163     0.623      0.204     0.820      0.556     0.612      0.625     0.604    0.508     0.606   0.784     0.089      0.277     0.00574  -1	   0.1486707     0.0236210
     D1DQJ-a79a      0.023     0.050       0.168     0.589      0.149     0.821      0.526     0.567      0.258     0.590    0.493     0.604   0.753     0.085      0.243     0.00580  -1	   0.1235957     0.0133573
     D1DQJ-a79b      0.023     0.049       0.163     0.568      0.158     0.823      0.545     0.582      0.299     0.595    0.504     0.600   0.721     0.083      0.252     0.00578  -1	   0.1157122     0.0109149
     D1DQJ-a79c      0.027     0.043       0.140     0.670      0.025     0.828      0.593     0.660      0.999     0.668    0.558     0.627   0.781     0.113      0.204     0.00562  -1	   0.0897828     0.0126377
     D1DQJ-a79d      0.026     0.045       0.163     0.549      0.201     0.823      0.560     0.589      0.789     0.597    0.503     0.603   0.705     0.086      0.266     0.00569  -1	   0.1347550     0.0643286
      D1DQJ-a7a      0.038     0.033       0.110     0.734      0.192     0.847      0.604     0.536      0.970     0.625    0.533     0.606   0.819     0.133      0.151     0.07476  -1	   0.1375323     0.0882251
      D1DQJ-a7b      0.037     0.035       0.115     0.686      0.247     0.851      0.588     0.505      0.696     0.589    0.488     0.608   0.840     0.131      0.129     0.06806  -1	   0.1120048     0.1074305
      D1DQJ-a7c      0.038     0.032       0.110     0.742      0.256     0.838      0.613     0.550      0.345     0.614    0.511     0.613   0.896     0.129      0.128     0.06966  -1	   0.1247935     0.1493241
      D1DQJ-a7d      0.037     0.034       0.115     0.651      0.124     0.844      0.595     0.520      0.927     0.600    0.514     0.598   0.827     0.131      0.152     0.06810  -1	   0.0826293     0.0606939
     D1DQJ-a80a      0.027     0.039       0.126     0.628     -0.139     0.817      0.615     0.716      0.970     0.650    0.555     0.613   0.732     0.113      0.147     0.00500  -1	   0.0270060    -0.0115805
     D1DQJ-a80b      0.027     0.038       0.126     0.615     -0.029     0.816      0.597     0.687      0.916     0.618    0.515     0.614   0.796     0.116      0.145     0.00503  -1	   0.0289466    -0.0196548
     D1DQJ-a80c      0.027     0.038       0.126     0.602     -0.030     0.817      0.595     0.683      0.897     0.609    0.513     0.606   0.796     0.115      0.165     0.00505  -1	   0.0242876    -0.0202584
     D1DQJ-a80d      0.026     0.035       0.129     0.611     -0.065     0.814      0.602     0.691      0.981     0.619    0.534     0.599   0.756     0.115      0.188     0.00498  -1	   0.0259073    -0.0021231
     D1DQJ-a81a      0.021     0.053       0.170     0.751     -0.178     0.815      0.535     0.578      0.683     0.682    0.551     0.647   0.777     0.099      0.332     0.00598  -1	   0.0677011    -0.0183139
     D1DQJ-a81b      0.025     0.044       0.138     0.668      0.098     0.809      0.603     0.655      0.657     0.716    0.550     0.681   0.817     0.095      0.115     0.00797  -1	   0.0518722    -0.0069208
     D1DQJ-a81c      0.023     0.057       0.182     0.663      0.200     0.817      0.565     0.669      0.682     0.673    0.559     0.632   0.854     0.094      0.160     0.00708  -1	   0.1528507     0.0099737
     D1DQJ-a81d      0.027     0.037       0.122     0.709      0.111     0.808      0.576     0.662      0.655     0.652    0.555     0.614   0.851     0.103      0.049     0.00584  -1	   0.0209652    -0.0079375
     D1DQJ-a82a      0.025     0.029       0.097     0.700     -0.019     0.826      0.635     0.615      0.961     0.609    0.513     0.606   0.876     0.158      0.041     0.00396  -1	   0.0104904    -0.0185395
     D1DQJ-a82b      0.025     0.031       0.099     0.725      0.003     0.822      0.590     0.577      0.883     0.593    0.495     0.605   0.805     0.144      0.037     0.00400  -1	   0.0046942     0.0032493
     D1DQJ-a82c      0.025     0.026       0.083     0.637     -0.188     0.818      0.642     0.719      0.868     0.588    0.491     0.604   0.701     0.200      0.314     0.00496  -1	  -0.0251146    -0.0393673
     D1DQJ-a82d      0.027     0.034       0.122     0.685      0.141     0.819      0.599     0.652      1.000     0.636    0.560     0.596   0.827     0.106      0.175     0.00739  -1	   0.1021732     0.0377202
     D1DQJ-a83a      0.027     0.044       0.145     0.558      0.136     0.823      0.540     0.540      0.091     0.576    0.479     0.602   0.753     0.104      0.341     0.00355  -1	   0.1902248     0.0671558
     D1DQJ-a83c      0.025     0.033       0.113     0.625      0.175     0.807      0.616     0.653      0.631     0.590    0.481     0.615   0.739     0.144      0.253     0.00360  -1	   0.0526334    -0.0153365
     D1DQJ-a83d      0.021     0.034       0.122     0.668      0.024     0.826      0.611     0.742      0.148     0.585    0.492     0.601   0.781     0.125      0.191     0.00372  -1	   0.0606067    -0.0876561
     D1DQJ-a84a      0.019     0.047       0.147     0.654      0.058     0.802      0.550     0.665      0.466     0.646    0.517     0.638   0.817     0.095      0.171     0.00433  -1	   0.0374076    -0.0586834
     D1DQJ-a84b      0.021     0.039       0.124     0.621      0.034     0.799      0.582     0.639      0.576     0.595    0.504     0.601   0.725     0.122      0.159     0.00423  -1	  -0.0059023    -0.0383620
     D1DQJ-a84c      0.025     0.027       0.097     0.721      0.204     0.820      0.590     0.657      0.688     0.583    0.523     0.576   0.864     0.180      0.102     0.00409  -1	   0.0242256    -0.0109946
     D1DQJ-a84d      0.024     0.028       0.092     0.736     -0.241     0.827      0.637     0.665      0.458     0.580    0.521     0.573   0.798     0.160      0.195     0.00376  -1	   0.0019593    -0.0275219
     D1DQJ-a85a      0.023     0.044       0.149     0.635     -0.041     0.808      0.545     0.648      0.509     0.654    0.484     0.669   0.796     0.106      0.275     0.00423  -1	   0.0424344    -0.0479925
     D1DQJ-a85b      0.019     0.053       0.172     0.664      0.114     0.810      0.540     0.602      0.580     0.728    0.538     0.701   0.780     0.091      0.289     0.00427  -1	   0.1381673     0.0187936
     D1DQJ-a85c      0.028     0.047       0.166     0.620     -0.018     0.807      0.572     0.520      0.399     0.603    0.488     0.620   0.796     0.089      0.250     0.00438  -1	   0.0566436     0.0245933
     D1DQJ-a85d      0.024     0.051       0.163     0.634      0.062     0.815      0.503     0.553      0.105     0.569    0.506     0.575   0.738     0.090      0.117     0.00429  -1	   0.0747228     0.0103648
     D1DQJ-a86a      0.029     0.037       0.124     0.627      0.045     0.813      0.564     0.696      0.596     0.611    0.528     0.596   0.725     0.110      0.283     0.00399  -1	   0.0422571    -0.0319105
     D1DQJ-a86b      0.028     0.038       0.133     0.736      0.166     0.802      0.557     0.617      0.466     0.623    0.532     0.605   0.819     0.100      0.176     0.00534  -1	   0.0930270     0.0342467
     D1DQJ-a86c      0.026     0.049       0.161     0.608     -0.053     0.805      0.572     0.509      0.292     0.584    0.488     0.603   0.756     0.092      0.213     0.00438  -1	   0.0496607     0.0349567
     D1DQJ-a86d      0.027     0.036       0.129     0.648      0.115     0.800      0.560     0.690      0.329     0.594    0.505     0.598   0.771     0.104      0.288     0.00394  -1	   0.1023907    -0.0464213
     D1DQJ-a87a      0.033     0.030       0.097     0.706      0.054     0.830      0.545     0.529      0.244     0.589    0.490     0.606   0.841     0.179      0.176     0.00342  -1	   0.0587569     0.0714984
     D1DQJ-a87b      0.024     0.051       0.179     0.568     -0.168     0.804      0.574     0.619      0.167     0.578    0.512     0.579   0.538     0.092      0.091     0.00423  -1	  -0.0024060    -0.0358362
     D1DQJ-a87c      0.024     0.046       0.149     0.622      0.132     0.816      0.553     0.623      0.264     0.651    0.508     0.648   0.771     0.117      0.120     0.00657  -1	   0.0502438    -0.0330615
     D1DQJ-a87d      0.027     0.035       0.124     0.603      0.202     0.810      0.569     0.610      0.182     0.593    0.499     0.603   0.784     0.130      0.125     0.00565  -1	   0.0535575     0.0020408
     D1DQJ-a88a      0.030     0.028       0.097     0.638      0.347     0.819      0.572     0.562      0.482     0.567    0.469     0.603   0.816     0.143      0.143     0.00430  -1	   0.0987138     0.0903529
     D1DQJ-a88b      0.028     0.028       0.101     0.685      0.263     0.827      0.563     0.548      0.321     0.560    0.477     0.591   0.872     0.141      0.423     0.00433  -1	   0.2290026     0.1225101
     D1DQJ-a88c      0.028     0.028       0.094     0.678      0.306     0.832      0.580     0.577      0.160     0.540    0.470     0.577   0.872     0.147      0.315     0.00429  -1	   0.2338615     0.1293360
     D1DQJ-a88d      0.029     0.030       0.092     0.669      0.321     0.823      0.540     0.438      0.113     0.588    0.510     0.589   0.872     0.156      0.202     0.00329  -1	   0.1907176     0.2966609
     D1DQJ-a89a      0.030     0.027       0.101     0.747     -0.015     0.820      0.575     0.620      0.671     0.615    0.507     0.617   0.876     0.136      0.258     0.00432  -1	   0.0126735    -0.0060012
     D1DQJ-a89b      0.031     0.028       0.097     0.682     -0.049     0.817      0.589     0.640      0.447     0.570    0.484     0.594   0.852     0.156      0.264     0.00427  -1	   0.0188377    -0.0399653
     D1DQJ-a89c      0.029     0.030       0.106     0.650      0.291     0.828      0.551     0.531      0.153     0.524    0.468     0.564   0.872     0.135      0.395     0.00433  -1	   0.2780882     0.1668725
     D1DQJ-a89d      0.031     0.034       0.110     0.615      0.393     0.838      0.538     0.524      0.157     0.646    0.480     0.665   0.848     0.138      0.329     0.00446  -1	   0.3025144     0.2104470
      D1DQJ-a8a      0.036     0.033       0.122     0.589      0.080     0.830      0.572     0.407      0.962     0.618    0.522     0.607   0.744     0.139      0.164     0.11354  -1	   0.0723430     0.1233705
      D1DQJ-a8b      0.035     0.032       0.101     0.673     -0.156     0.838      0.638     0.552      0.966     0.589    0.508     0.592   0.757     0.139      0.149     0.15094  -1	   0.0113029     0.0114139
      D1DQJ-a8c      0.034     0.031       0.103     0.670     -0.056     0.839      0.626     0.540      0.934     0.595    0.507     0.599   0.812     0.128      0.149     0.15374  -1	   0.0146479     0.0230949
      D1DQJ-a8d      0.036     0.034       0.115     0.707      0.154     0.843      0.590     0.530      0.492     0.602    0.506     0.606   0.819     0.137      0.128     0.06852  -1	   0.0556456     0.0785990
     D1DQJ-a90a      0.027     0.033       0.108     0.596      0.319     0.832      0.549     0.545      0.205     0.532    0.448     0.587   0.798     0.142      0.392     0.00427  -1	   0.2440854     0.1249553
     D1DQJ-a90b      0.032     0.038       0.117     0.666      0.405     0.839      0.516     0.486      0.565     0.637    0.511     0.634   0.878     0.122      0.355     0.00436  -1	   0.3049035     0.2433310
     D1DQJ-a90c      0.029     0.034       0.110     0.551      0.465     0.842      0.548     0.523      0.790     0.583    0.483     0.606   0.818     0.135      0.363     0.00430  -1	   0.2827681     0.2139621
     D1DQJ-a90d      0.027     0.035       0.113     0.589      0.157     0.823      0.566     0.599      0.848     0.620    0.505     0.623   0.721     0.114      0.173     0.00347  -1	   0.0715551     0.0385998
     D1DQJ-a91a      0.029     0.039       0.126     0.602     -0.312     0.834      0.587     0.606      0.503     0.585    0.504     0.592   0.756     0.114      0.254     0.00367  -1	   0.0126773    -0.0181159
     D1DQJ-a91b      0.020     0.038       0.124     0.642      0.117     0.829      0.588     0.685      0.149     0.570    0.475     0.600   0.771     0.126      0.217     0.00522  -1	   0.0965876    -0.0604176
     D1DQJ-a91c      0.029     0.035       0.108     0.572      0.046     0.818      0.543     0.518      0.105     0.582    0.476     0.610   0.708     0.132      0.297     0.00337  -1	   0.1084199     0.1019122
     D1DQJ-a91d      0.029     0.035       0.117     0.628      0.249     0.819      0.550     0.575      0.827     0.609    0.512     0.607   0.784     0.113      0.212     0.00348  -1	   0.1232650     0.0804886
     D1DQJ-a92a      0.027     0.033       0.108     0.704      0.225     0.804      0.574     0.656      0.595     0.604    0.502     0.610   0.864     0.147      0.145     0.00509  -1	   0.0637163    -0.0063760
     D1DQJ-a92b      0.029     0.043       0.147     0.503      0.181     0.830      0.556     0.564      0.238     0.564    0.477     0.593   0.659     0.095      0.223     0.00377  -1	   0.0790602     0.0264908
     D1DQJ-a92c      0.028     0.027       0.101     0.574      0.082     0.826      0.610     0.700      0.628     0.620    0.512     0.616   0.744     0.122      0.120     0.00450  -1	  -0.0239483    -0.0383817
     D1DQJ-a92d      0.026     0.033       0.120     0.665      0.116     0.820      0.608     0.693      0.937     0.642    0.537     0.619   0.827     0.132      0.216     0.00454  -1	   0.0727183     0.0031092
     D1DQJ-a93a      0.029     0.034       0.117     0.533     -0.133     0.823      0.625     0.685      0.692     0.603    0.509     0.604   0.653     0.140      0.212     0.00542  -1	  -0.0256460    -0.0469726
     D1DQJ-a93b      0.034     0.037       0.129     0.600     -0.151     0.813      0.580     0.657      0.939     0.679    0.531     0.658   0.701     0.129      0.038     0.00346  -1	   0.0389063     0.0044645
     D1DQJ-a93c      0.025     0.038       0.126     0.706      0.199     0.829      0.596     0.657      0.956     0.641    0.521     0.629   0.819     0.122      0.208     0.00440  -1	   0.1417620     0.0390853
     D1DQJ-a93d      0.034     0.040       0.138     0.516      0.017     0.830      0.547     0.544      0.276     0.563    0.484     0.587   0.646     0.106      0.251     0.00374  -1	   0.0349699     0.0334910
     D1DQJ-a94a      0.023     0.028       0.092     0.622     -0.033     0.820      0.583     0.668      0.865     0.604    0.515     0.600   0.796     0.170      0.241     0.00376  -1	  -0.0165168    -0.0240336
     D1DQJ-a94b      0.023     0.028       0.090     0.642     -0.072     0.824      0.586     0.673      0.823     0.599    0.504     0.604   0.756     0.151      0.212     0.00372  -1	  -0.0247419    -0.0231443
     D1DQJ-a94c      0.023     0.028       0.090     0.626     -0.069     0.825      0.592     0.677      0.812     0.589    0.499     0.599   0.756     0.157      0.197     0.00371  -1	  -0.0288405    -0.0308829
     D1DQJ-a94d      0.024     0.027       0.085     0.653     -0.042     0.823      0.591     0.674      0.856     0.621    0.527     0.607   0.852     0.160      0.204     0.00370  -1	  -0.0179417    -0.0293901
     D1DQJ-a95a      0.028     0.033       0.108     0.614      0.154     0.820      0.576     0.614      0.585     0.581    0.508     0.584   0.739     0.155      0.236     0.00329  -1	   0.0424455     0.0005134
     D1DQJ-a95b      0.024     0.031       0.099     0.662     -0.154     0.819      0.624     0.619      0.918     0.604    0.491     0.619   0.757     0.150      0.084     0.00398  -1	  -0.0016888    -0.0177056
     D1DQJ-a95c      0.024     0.019       0.067     0.709     -0.139     0.835      0.613     0.696      0.544     0.579    0.502     0.588   0.812     0.215      0.239     0.00360  -1	  -0.0285049    -0.0531709
     D1DQJ-a95d      0.025     0.026       0.085     0.524      0.077     0.832      0.626     0.639      0.389     0.563    0.488     0.584   0.682     0.156      0.044     0.00351  -1	  -0.0830670    -0.0534358
     D1DQJ-a96a      0.027     0.042       0.133     0.637      0.129     0.828      0.553     0.570      0.104     0.618    0.497     0.627   0.771     0.104      0.205     0.00337  -1	   0.1229026     0.0423482
     D1DQJ-a96b      0.027     0.044       0.145     0.560      0.098     0.821      0.535     0.542      0.305     0.601    0.496     0.613   0.744     0.105      0.350     0.00357  -1	   0.1223393     0.0409653
     D1DQJ-a96c      0.025     0.045       0.140     0.667     -0.011     0.829      0.534     0.542      0.704     0.618    0.509     0.618   0.852     0.103      0.205     0.00338  -1	   0.0307683     0.0127754
     D1DQJ-a96d      0.026     0.042       0.131     0.499      0.176     0.811      0.577     0.591      0.188     0.594    0.479     0.620   0.595     0.113      0.278     0.00359  -1	   0.0928462     0.0050001
     D1DQJ-a97a      0.022     0.043       0.147     0.673     -0.027     0.805      0.574     0.676      0.806     0.621    0.512     0.619   0.852     0.102      0.322     0.00434  -1	   0.0431141    -0.0373407
     D1DQJ-a97b      0.024     0.037       0.115     0.602      0.002     0.822      0.602     0.659      0.796     0.605    0.498     0.614   0.725     0.108      0.309     0.00332  -1	   0.0222253    -0.0246638
     D1DQJ-a97c      0.024     0.041       0.140     0.638     -0.108     0.816      0.572     0.604      0.869     0.594    0.522     0.585   0.732     0.120      0.322     0.00349  -1	   0.0139139    -0.0045519
     D1DQJ-a97d      0.028     0.049       0.166     0.618     -0.025     0.793      0.565     0.513      0.814     0.680    0.563     0.635   0.796     0.095      0.216     0.00428  -1	   0.0558668     0.0379403
     D1DQJ-a98a      0.027     0.044       0.147     0.562      0.133     0.818      0.540     0.547      0.259     0.616    0.493     0.629   0.753     0.103      0.338     0.00356  -1	   0.1407857     0.0432583
     D1DQJ-a98b      0.027     0.041       0.133     0.653     -0.253     0.815      0.575     0.615      0.984     0.595    0.511     0.596   0.726     0.122      0.299     0.00350  -1	   0.0149435     0.0131361
     D1DQJ-a98c      0.025     0.046       0.159     0.543     -0.038     0.808      0.560     0.603      0.669     0.572    0.499     0.583   0.717     0.096      0.108     0.00414  -1	  -0.0031812    -0.0172473
     D1DQJ-a98d      0.028     0.036       0.126     0.619      0.095     0.801      0.561     0.683      0.400     0.600    0.520     0.593   0.761     0.109      0.290     0.00404  -1	   0.0740990    -0.0462971
     D1DQJ-a99a      0.030     0.031       0.106     0.698      0.341     0.833      0.562     0.484      0.084     0.563    0.500     0.575   0.872     0.162      0.339     0.00335  -1	   0.3412385     0.3072388
     D1DQJ-a99b      0.031     0.031       0.103     0.724      0.310     0.837      0.561     0.489      0.231     0.559    0.509     0.563   0.896     0.164      0.317     0.00333  -1	   0.2660206     0.2399316
     D1DQJ-a99c      0.029     0.028       0.094     0.685      0.488     0.829      0.556     0.460      0.371     0.606    0.544     0.580   0.891     0.160      0.187     0.00336  -1	   0.2614222     0.3353168
     D1DQJ-a99d      0.029     0.029       0.094     0.677      0.291     0.825      0.549     0.462      0.222     0.692    0.658     0.570   0.872     0.166      0.180     0.00337  -1	   0.1925010     0.3050125
      D1DQJ-a9a      0.035     0.032       0.103     0.671     -0.161     0.837      0.645     0.568      0.912     0.589    0.521     0.582   0.757     0.137      0.148     0.15231  -1	  -0.0012671     0.0048078
      D1DQJ-a9b      0.034     0.031       0.097     0.706     -0.074     0.842      0.634     0.547      0.970     0.625    0.517     0.618   0.836     0.138      0.149     0.15185  -1	   0.0233169     0.0198788
      D1DQJ-a9c      0.034     0.032       0.101     0.680     -0.164     0.838      0.639     0.559      0.910     0.586    0.505     0.592   0.757     0.137      0.149     0.15360  -1	  -0.0010117     0.0063457
      D1DQJ-a9d      0.035     0.032       0.099     0.676     -0.158     0.837      0.636     0.552      0.915     0.615    0.513     0.613   0.757     0.138      0.149     0.15171  -1	   0.0060055     0.0110232
