      D1FFW-a9d      0.017     0.087       0.344     0.693     -0.280     0.703      0.416     0.377      0.658     0.455    0.444     0.521   0.582     0.128      0.087     0.02503  -1	   0.0436007    -0.0105328
      D1FFW-a0a      0.002     0.083       0.367     0.594      0.468     0.697      0.452     0.399      0.790     0.500    0.512     0.507   0.722     0.140      0.089     0.02251  -1	   0.3534162     0.1888280
      D1FFW-a0b     -0.000     0.081       0.328     0.597      0.449     0.680      0.407     0.348      0.894     0.504    0.508     0.513   0.752     0.158      0.095     0.02303  -1	   0.3001507     0.1217624
      D1FFW-a0c      0.003     0.079       0.281     0.683     -0.146     0.637      0.443     0.489      0.731     0.565    0.517     0.563   0.656     0.167      0.149     0.03095  -1	   0.0127560    -0.0649112
      D1FFW-a0d      0.003     0.086       0.375     0.651      0.406     0.678      0.381     0.383      0.852     0.532    0.487     0.557   0.945     0.146      0.012     0.02281  -1	   0.2711286     0.0948638
    D1FFW-a100a      0.020     0.081       0.305     0.707      0.231     0.714      0.317     0.258      0.619     0.412    0.529     0.412   0.909     0.154      0.321     0.01628  -1	   0.1881494     0.0535002
    D1FFW-a100b      0.020     0.078       0.312     0.733      0.407     0.723      0.261     0.182      0.983     0.411    0.550     0.394   1.000     0.148      0.274     0.01586  -1	   0.2556593     0.1507474
    D1FFW-a100c      0.015     0.063       0.242     0.640     -0.201     0.719      0.431     0.355      0.718     0.368    0.475     0.412   0.570     0.180      0.337     0.01735  -1	   0.0141886     0.0346456
    D1FFW-a100d      0.013     0.071       0.281     0.659      0.025     0.714      0.393     0.571      0.550     0.406    0.448     0.470   0.780     0.148      0.046     0.01567  -1	   0.0327011    -0.0487177
    D1FFW-a101a      0.018     0.085       0.297     0.711      0.289     0.673      0.316     0.283      0.884     0.605    0.523     0.596   0.946     0.167      0.239     0.01604  -1	   0.2111675     0.0570451
    D1FFW-a101b      0.019     0.082       0.297     0.660      0.244     0.701      0.348     0.265      0.514     0.437    0.476     0.478   0.854     0.157      0.305     0.01623  -1	   0.2185521     0.0932699
    D1FFW-a101c      0.022     0.079       0.297     0.623      0.079     0.663      0.306     0.171      0.417     0.629    0.494     0.639   0.738     0.144      0.319     0.01600  -1	   0.1819366     0.2110983
    D1FFW-a101d      0.018     0.083       0.289     0.644      0.210     0.715      0.337     0.279      0.269     0.448    0.506     0.463   0.787     0.143      0.250     0.01622  -1	   0.2540119     0.1330447
    D1FFW-a102a      0.020     0.081       0.297     0.670      0.259     0.708      0.304     0.228      0.786     0.334    0.463     0.389   0.892     0.149      0.303     0.01619  -1	   0.1605935     0.0912152
    D1FFW-a102b      0.013     0.068       0.258     0.724     -0.353     0.699      0.420     0.398      0.339     0.429    0.479     0.466   0.593     0.143      0.207     0.01876  -1	   0.1213408     0.0612075
    D1FFW-a102c      0.013     0.050       0.227     0.704      0.054     0.731      0.443     0.419      0.381     0.401    0.430     0.481   0.841     0.163      0.139     0.01759  -1	   0.0369705     0.0267877
    D1FFW-a102d      0.017     0.068       0.258     0.731     -0.317     0.718      0.390     0.336      0.477     0.409    0.504     0.428   0.636     0.158      0.283     0.01892  -1	   0.0850001     0.0637172
    D1FFW-a103a     -0.004     0.065       0.258     0.662      0.013     0.727      0.439     0.455      0.690     0.431    0.448     0.494   0.780     0.181      0.250     0.01714  -1	   0.0250717    -0.0354584
    D1FFW-a103b      0.015     0.049       0.219     0.794      0.055     0.723      0.488     0.481      0.342     0.467    0.466     0.513   0.821     0.184      0.156     0.01761  -1	   0.0652223     0.0133728
    D1FFW-a103c      0.011     0.050       0.227     0.727      0.123     0.736      0.462     0.453      0.236     0.322    0.427     0.405   0.851     0.160      0.145     0.01737  -1	   0.1031822     0.0335850
    D1FFW-a103d      0.013     0.050       0.219     0.752      0.009     0.741      0.443     0.431      0.381     0.324    0.439     0.397   0.785     0.163      0.145     0.01713  -1	   0.0391338     0.0253985
    D1FFW-a104a      0.004     0.073       0.281     0.663     -0.395     0.723      0.390     0.332      0.484     0.385    0.464     0.437   0.538     0.151      0.105     0.01561  -1	   0.0593760     0.0544485
    D1FFW-a104b      0.012     0.049       0.219     0.768      0.064     0.734      0.452     0.464      0.276     0.325    0.433     0.404   0.821     0.180      0.155     0.01734  -1	   0.0836345     0.0147929
    D1FFW-a104c      0.020     0.058       0.219     0.728     -0.201     0.664      0.477     0.619      0.601     0.425    0.428     0.506   0.691     0.203      0.262     0.01650  -1	   0.0445198    -0.0462257
    D1FFW-a104d      0.007     0.057       0.227     0.736     -0.032     0.720      0.439     0.333      0.513     0.375    0.414     0.469   0.802     0.180      0.271     0.02333  -1	   0.0468663     0.0550112
    D1FFW-a105a      0.006     0.078       0.312     0.700      0.275     0.750      0.385     0.281      0.543     0.447    0.490     0.475   0.946     0.169      0.237     0.01797  -1	   0.2077841     0.0835004
    D1FFW-a105b      0.008     0.061       0.273     0.748     -0.344     0.693      0.512     0.798      0.881     0.419    0.438     0.492   0.636     0.185      0.145     0.02067  -1	  -0.0046621     0.0751993
    D1FFW-a105c     -0.007     0.073       0.312     0.654      0.032     0.652      0.509     0.746      0.631     0.392    0.412     0.486   0.780     0.155      0.065     0.02829  -1	   0.0180724    -0.0003070
    D1FFW-a105d      0.011     0.053       0.258     0.631     -0.276     0.704      0.569     0.774      0.807     0.427    0.442     0.496   0.515     0.188      0.163     0.01962  -1	   0.0004851     0.0404373
    D1FFW-a106a      0.007     0.060       0.250     0.674     -0.001     0.649      0.467     0.448      0.940     0.406    0.448     0.471   0.747     0.185      0.043     0.02265  -1	  -0.0015760    -0.0304100
    D1FFW-a106b      0.014     0.058       0.250     0.724     -0.127     0.696      0.494     0.653      0.873     0.384    0.438     0.459   0.711     0.220      0.163     0.01951  -1	  -0.0234174    -0.0228747
    D1FFW-a106c      0.011     0.071       0.289     0.748     -0.572     0.655      0.514     0.734      0.641     0.506    0.460     0.555   0.518     0.157      0.221     0.01970  -1	   0.1172362     0.0116276
    D1FFW-a106d      0.012     0.058       0.242     0.704      0.065     0.675      0.480     0.401      0.765     0.504    0.525     0.500   0.859     0.221      0.090     0.02359  -1	  -0.0289586    -0.0636825
    D1FFW-a107a      0.020     0.070       0.352     0.588     -0.498     0.641      0.394     0.472      0.682     0.541    0.494     0.559   0.420     0.143      0.418     0.02044  -1	   0.0829760     0.0384277
    D1FFW-a107b      0.007     0.069       0.289     0.722     -0.287     0.684      0.476     0.715      0.986     0.435    0.479     0.472   0.636     0.186      0.115     0.01738  -1	  -0.0052341     0.0394685
    D1FFW-a107c      0.018     0.078       0.359     0.735     -0.049     0.673      0.394     0.478      0.254     0.398    0.503     0.419   0.802     0.163      0.264     0.01821  -1	   0.1673518    -0.0794136
    D1FFW-a107d      0.016     0.083       0.359     0.698     -0.261     0.693      0.379     0.604      0.292     0.554    0.608     0.477   0.582     0.144      0.179     0.03253  -1	   0.0970164    -0.0680616
    D1FFW-a108a      0.012     0.078       0.336     0.713      0.181     0.680      0.418     0.467      0.612     0.550    0.549     0.523   0.900     0.176      0.046     0.01112  -1	   0.0612202    -0.0623608
    D1FFW-a108b      0.018     0.078       0.273     0.556      0.089     0.695      0.371     0.397      0.873     0.381    0.492     0.411   0.612     0.173      0.106     0.01207  -1	   0.0869318     0.0338376
    D1FFW-a108c      0.021     0.093       0.383     0.645     -0.070     0.647      0.319     0.470      0.893     0.499    0.546     0.477   0.680     0.158      0.192     0.01752  -1	   0.0419277    -0.0147389
    D1FFW-a108d      0.023     0.091       0.383     0.710      0.199     0.652      0.334     0.449      0.268     0.529    0.520     0.527   0.900     0.164      0.283     0.01767  -1	   0.2964319    -0.0757258
    D1FFW-a109a      0.023     0.068       0.297     0.702      0.260     0.660      0.431     0.514      0.987     0.565    0.483     0.590   0.946     0.156      0.265     0.01262  -1	   0.1588593     0.0057795
    D1FFW-a109b      0.020     0.065       0.273     0.722      0.417     0.637      0.390     0.456      0.900     0.510    0.536     0.496   1.000     0.155      0.315     0.01272  -1	   0.1950235    -0.0049329
    D1FFW-a109c      0.021     0.076       0.297     0.674     -0.096     0.655      0.487     0.372      0.693     0.448    0.483     0.481   0.747     0.168      0.189     0.01288  -1	   0.0262709    -0.0351922
    D1FFW-a109d      0.017     0.084       0.320     0.624     -0.078     0.673      0.572     0.524      0.317     0.411    0.457     0.468   0.680     0.139      0.129     0.01271  -1	   0.1031132    -0.0010626
     D1FFW-a10a      0.008     0.067       0.297     0.668      0.452     0.731      0.470     0.390      0.366     0.423    0.423     0.507   0.915     0.136      0.126     0.02634  -1	   0.2911573     0.1649807
     D1FFW-a10b      0.006     0.078       0.312     0.655     -0.424     0.692      0.524     0.632      0.668     0.491    0.431     0.565   0.000     0.127      0.057     0.02346  -1	   0.0440016    -0.0006840
     D1FFW-a10c      0.022     0.086       0.320     0.662      0.296     0.706      0.265     0.200      0.503     0.420    0.456     0.477   0.892     0.137      0.318     0.01579  -1	   0.2863230     0.1882349
     D1FFW-a10d      0.000     0.082       0.375     0.591      0.459     0.683      0.368     0.341      0.830     0.504    0.460     0.553   0.722     0.133      0.083     0.02317  -1	   0.3579119     0.2119305
    D1FFW-a110a      0.025     0.080       0.344     0.696      0.119     0.663      0.444     0.559      0.716     0.447    0.510     0.459   0.780     0.135      0.099     0.01165  -1	   0.0664467    -0.0300777
    D1FFW-a110b      0.020     0.084       0.312     0.579      0.282     0.701      0.308     0.240      0.781     0.400    0.470     0.448   0.699     0.143      0.293     0.01594  -1	   0.2203846     0.1623616
    D1FFW-a110c      0.016     0.082       0.297     0.674      0.272     0.718      0.286     0.218      0.361     0.334    0.430     0.416   0.892     0.149      0.278     0.01626  -1	   0.2683868     0.1634381
    D1FFW-a110d      0.010     0.055       0.281     0.673      0.397     0.647      0.425     0.331      0.957     0.424    0.413     0.517   0.898     0.166      0.086     0.01153  -1	   0.1547588     0.0906077
    D1FFW-a111a      0.014     0.062       0.234     0.651     -0.026     0.712      0.441     0.304      0.764     0.438    0.483     0.473   0.747     0.176      0.372     0.01762  -1	   0.0258819     0.0488423
    D1FFW-a111b      0.018     0.082       0.305     0.663      0.292     0.710      0.314     0.250      0.245     0.395    0.443     0.465   0.892     0.140      0.243     0.01607  -1	   0.3033647     0.1581024
    D1FFW-a111c      0.017     0.068       0.258     0.767     -0.240     0.706      0.399     0.359      0.397     0.423    0.518     0.431   0.683     0.158      0.322     0.01868  -1	   0.1272512     0.0503312
    D1FFW-a111d      0.012     0.073       0.281     0.642     -0.286     0.722      0.385     0.315      0.487     0.353    0.428     0.435   0.515     0.152      0.117     0.01579  -1	   0.0635993     0.0742516
    D1FFW-a112a      0.011     0.084       0.281     0.706      0.300     0.636      0.320     0.376      0.592     0.431    0.440     0.502   0.974     0.134      0.300     0.05001  -1	   0.1933026    -0.0413033
    D1FFW-a112b      0.006     0.077       0.281     0.685     -0.177     0.644      0.508     0.506      0.454     0.563    0.511     0.565   0.730     0.164      0.283     0.03026  -1	   0.0987584    -0.0561654
    D1FFW-a112c     -0.000     0.083       0.359     0.581      0.466     0.674      0.369     0.351      0.435     0.563    0.547     0.536   0.722     0.131      0.062     0.02327  -1	   0.2910553     0.1541435
    D1FFW-a112d      0.011     0.083       0.281     0.699      0.275     0.644      0.346     0.413      0.628     0.436    0.439     0.507   0.892     0.132      0.312     0.04996  -1	   0.1838228    -0.0349903
    D1FFW-a113a      0.013     0.070       0.312     0.711     -0.024     0.667      0.414     0.638      0.576     0.423    0.452     0.484   0.802     0.171      0.152     0.01922  -1	   0.0201301    -0.0669571
    D1FFW-a113b      0.008     0.059       0.273     0.732     -0.446     0.692      0.512     0.801      0.899     0.482    0.458     0.533   0.000     0.178      0.145     0.02055  -1	   0.0050170     0.0770476
    D1FFW-a113c      0.006     0.060       0.281     0.667     -0.425     0.698      0.579     0.842      0.936     0.432    0.421     0.518   0.000     0.184      0.172     0.01996  -1	   0.0259019     0.0975078
    D1FFW-a113d      0.012     0.058       0.266     0.686      0.093     0.674      0.609     0.790      0.797     0.433    0.502     0.452   0.805     0.174      0.403     0.01869  -1	   0.0258680    -0.0551596
     D1FFW-a11a      0.005     0.081       0.320     0.671     -0.038     0.722      0.377     0.305      0.150     0.537    0.486     0.561   0.747     0.136      0.119     0.02627  -1	   0.1174847     0.0773879
     D1FFW-a11b      0.006     0.074       0.328     0.496      0.463     0.665      0.450     0.372      0.827     0.562    0.555     0.528   0.451     0.149      0.093     0.02072  -1	   0.3197106     0.1679238
     D1FFW-a11c      0.017     0.081       0.289     0.677      0.269     0.641      0.371     0.428      0.868     0.445    0.492     0.472   0.892     0.138      0.299     0.04970  -1	   0.1370236    -0.0414274
     D1FFW-a11d      0.018     0.063       0.250     0.712      0.157     0.698      0.582     0.382      0.314     0.395    0.434     0.472   0.900     0.149      0.124     0.01503  -1	   0.1064284     0.1305698
     D1FFW-a12a     -0.002     0.083       0.312     0.649      0.403     0.702      0.473     0.346      0.924     0.450    0.459     0.503   0.879     0.163      0.150     0.02129  -1	   0.2639256     0.0698590
     D1FFW-a12b      0.010     0.074       0.289     0.687      0.004     0.728      0.326     0.426      0.347     0.280    0.403     0.381   0.780     0.182      0.141     0.05592  -1	   0.1071614    -0.0265417
     D1FFW-a12c      0.012     0.067       0.266     0.641      0.319     0.730      0.346     0.264      0.395     0.551    0.506     0.558   0.853     0.190      0.147     0.09401  -1	   0.1833609     0.1570819
     D1FFW-a12d      0.002     0.072       0.328     0.662      0.299     0.709      0.317     0.317      0.915     0.417    0.458     0.473   0.892     0.161      0.275     0.05686  -1	   0.1756361     0.1086748
     D1FFW-a13a      0.011     0.069       0.305     0.563      0.068     0.673      0.321     0.310      0.780     0.652    0.480     0.670   0.612     0.147      0.205     0.04314  -1	   0.0925020     0.1403937
     D1FFW-a13b      0.009     0.080       0.312     0.693     -0.084     0.688      0.330     0.405      0.466     0.458    0.409     0.552   0.747     0.142      0.123     0.03871  -1	   0.0659797     0.0043817
     D1FFW-a13c      0.003     0.073       0.320     0.628      0.240     0.705      0.337     0.361      0.835     0.432    0.466     0.481   0.787     0.157      0.302     0.04657  -1	   0.1522333     0.0853832
     D1FFW-a13d      0.015     0.067       0.273     0.666     -0.027     0.737      0.400     0.257      0.502     0.477    0.445     0.540   0.747     0.187      0.186     0.08242  -1	   0.0606263     0.0936325
     D1FFW-a14a     -0.019     0.076       0.234     0.639      0.435     0.706      0.390     0.179      0.838     0.417    0.422     0.503   0.879     0.140      0.403     0.32607   1	   0.2515667     0.2341778
     D1FFW-a14b      0.008     0.079       0.328     0.639      0.255     0.714      0.333     0.322      0.809     0.463    0.462     0.513   0.825     0.163      0.275     0.04803  -1	   0.1916121     0.0943590
     D1FFW-a14c      0.008     0.075       0.289     0.670      0.554     0.676      0.269     0.226      0.793     0.429    0.486     0.462   0.890     0.130      0.365     0.26138  -1	   0.3878239     0.2648867
     D1FFW-a14d      0.010     0.060       0.242     0.581      0.333     0.736      0.368     0.130      0.877     0.383    0.499     0.408   0.727     0.158      0.489     0.14305  -1	   0.1830322     0.3097105
     D1FFW-a15a     -0.005     0.083       0.289     0.686      0.248     0.694      0.283     0.109      0.335     0.528    0.463     0.572   0.854     0.145      0.590     0.36843   1	   0.4426924     0.3909323
     D1FFW-a15b      0.014     0.082       0.320     0.714      0.242     0.648      0.266     0.223      0.738     0.549    0.518     0.547   0.909     0.146      0.212     0.12654  -1	   0.1442169     0.0759370
     D1FFW-a15c      0.020     0.064       0.250     0.694      0.409     0.697      0.332     0.138      0.958     0.554    0.492     0.573   0.945     0.194      0.286     0.13744  -1	   0.2406351     0.2536624
     D1FFW-a15d      0.020     0.065       0.289     0.660      0.253     0.696      0.314     0.170      0.677     0.533    0.500     0.548   0.892     0.153      0.237     0.14644  -1	   0.1480980     0.2215330
     D1FFW-a16a      0.015     0.075       0.320     0.752      0.512     0.703      0.182     0.101      0.285     0.383    0.469     0.431   0.955     0.158      0.281     0.15143  -1	   0.4769892     0.3676967
     D1FFW-a16b      0.016     0.088       0.359     0.593      0.304     0.723      0.284     0.196      0.918     0.465    0.462     0.515   0.727     0.127      0.173     0.06611  -1	   0.3014623     0.2414896
     D1FFW-a16c      0.015     0.072       0.289     0.587      0.345     0.718      0.231     0.088      0.261     0.491    0.504     0.505   0.727     0.158      0.295     0.07031  -1	   0.3207033     0.4519206
     D1FFW-a16d      0.016     0.077       0.297     0.549      0.284     0.706      0.289     0.155      0.668     0.442    0.478     0.481   0.546     0.139      0.283     0.06742  -1	   0.2172311     0.2692794
     D1FFW-a17a      0.020     0.071       0.289     0.582      0.430     0.720      0.242     0.093      0.521     0.446    0.494     0.471   0.752     0.154      0.290     0.07195  -1	   0.3220726     0.4263773
     D1FFW-a17b      0.011     0.075       0.320     0.654      0.353     0.695      0.363     0.527      0.471     0.405    0.432     0.484   0.898     0.164      0.338     0.12868  -1	   0.2872191    -0.0311230
     D1FFW-a17c      0.015     0.071       0.297     0.523      0.338     0.718      0.263     0.116      0.393     0.368    0.416     0.460   0.574     0.139      0.209     0.06871  -1	   0.2463489     0.3762467
     D1FFW-a17d      0.019     0.066       0.273     0.576      0.340     0.715      0.269     0.134      0.394     0.438    0.480     0.475   0.727     0.167      0.295     0.06885  -1	   0.2519627     0.3710117
     D1FFW-a18a      0.007     0.067       0.305     0.510      0.232     0.659      0.392     0.513      0.867     0.448    0.485     0.481   0.508     0.154      0.242     0.04428  -1	   0.1249749     0.0880947
     D1FFW-a18b      0.017     0.053       0.234     0.703      0.011     0.689      0.402     0.523      0.527     0.532    0.479     0.563   0.834     0.174      0.159     0.06283  -1	   0.0149641    -0.0409542
     D1FFW-a18c      0.011     0.079       0.344     0.691     -0.064     0.662      0.492     0.757      0.554     0.447    0.492     0.473   0.747     0.139      0.121     0.02228  -1	   0.0188331    -0.0190065
     D1FFW-a18d      0.030     0.058       0.312     0.682     -0.246     0.717      0.390     0.205      0.497     0.332    0.452     0.394   0.637     0.147      0.285     0.02542  -1	   0.0469889     0.1521311
     D1FFW-a19a      0.022     0.056       0.281     0.614      0.247     0.712      0.424     0.345      0.956     0.485    0.522     0.485   0.787     0.156      0.211     0.15757  -1	   0.1294151     0.1040053
     D1FFW-a19b      0.014     0.081       0.344     0.728      0.150     0.641      0.298     0.482      0.410     0.527    0.489     0.550   0.900     0.155      0.166     0.03141  -1	   0.1242850    -0.0925736
     D1FFW-a19c      0.012     0.067       0.305     0.601      0.117     0.690      0.401     0.527      0.824     0.388    0.463     0.441   0.713     0.177      0.330     0.13879  -1	   0.0651280     0.0042451
     D1FFW-a19d     -0.001     0.091       0.367     0.662     -0.057     0.685      0.526     0.642      0.640     0.411    0.460     0.466   0.747     0.149      0.215     0.04840  -1	   0.0593424    -0.0449358
      D1FFW-a1a      0.004     0.081       0.352     0.551      0.475     0.692      0.399     0.342      0.786     0.464    0.434     0.536   0.722     0.133      0.098     0.02301  -1	   0.3660861     0.2104603
      D1FFW-a1b      0.008     0.081       0.344     0.642      0.509     0.679      0.389     0.340      0.376     0.423    0.422     0.508   0.842     0.150      0.084     0.02253  -1	   0.3378522     0.1358494
      D1FFW-a1c      0.002     0.087       0.375     0.621      0.482     0.666      0.387     0.379      0.435     0.518    0.501     0.532   0.848     0.131      0.068     0.02309  -1	   0.3134898     0.1243912
      D1FFW-a1d      0.012     0.073       0.297     0.587     -0.263     0.659      0.497     0.527      0.697     0.400    0.452     0.461   0.389     0.177      0.097     0.02660  -1	   0.0449541    -0.0079747
     D1FFW-a20a      0.022     0.056       0.250     0.773      0.433     0.699      0.343     0.340      0.398     0.358    0.478     0.401   0.992     0.193      0.361     0.09253  -1	   0.3176760     0.0861603
     D1FFW-a20b      0.017     0.064       0.281     0.787      0.069     0.680      0.384     0.491      0.776     0.398    0.504     0.419   0.851     0.167      0.248     0.11886  -1	  -0.0004680    -0.0872808
     D1FFW-a20c      0.014     0.056       0.234     0.575      0.076     0.658      0.558     0.542      0.693     0.489    0.485     0.518   0.612     0.183      0.143     0.01608  -1	   0.0071904    -0.0277170
     D1FFW-a20d      0.004     0.066       0.273     0.712      0.052     0.667      0.493     0.557      0.684     0.487    0.506     0.499   0.859     0.169      0.216     0.01409  -1	   0.0123651    -0.0927005
     D1FFW-a21a      0.007     0.074       0.312     0.619     -0.195     0.642      0.459     0.506      0.602     0.387    0.468     0.436   0.664     0.158      0.120     0.01553  -1	   0.0172041    -0.0344534
     D1FFW-a21b      0.011     0.059       0.234     0.676      0.075     0.683      0.538     0.547      0.686     0.464    0.554     0.439   0.805     0.173      0.118     0.01647  -1	  -0.0167283    -0.0704108
     D1FFW-a21c      0.007     0.048       0.211     0.685     -0.290     0.723      0.482     0.522      0.750     0.459    0.528     0.455   0.726     0.175      0.383     0.01639  -1	  -0.0158898    -0.0296527
     D1FFW-a21d      0.011     0.066       0.250     0.691     -0.073     0.647      0.573     0.629      0.464     0.463    0.516     0.468   0.747     0.138      0.267     0.01751  -1	   0.0655830    -0.0676152
     D1FFW-a22a      0.006     0.066       0.266     0.731      0.103     0.660      0.503     0.584      0.770     0.461    0.515     0.468   0.834     0.161      0.213     0.01398  -1	   0.0104307    -0.0874558
     D1FFW-a22b      0.000     0.059       0.242     0.620      0.222     0.665      0.554     0.567      0.742     0.421    0.447     0.485   0.787     0.155      0.118     0.01503  -1	   0.0412245    -0.0294775
     D1FFW-a22c      0.008     0.063       0.250     0.603      0.243     0.656      0.488     0.535      0.375     0.417    0.454     0.476   0.787     0.156      0.052     0.01397  -1	   0.0591441    -0.0521569
     D1FFW-a22d      0.009     0.062       0.242     0.655     -0.049     0.664      0.606     0.662      0.783     0.433    0.432     0.509   0.747     0.162      0.201     0.01360  -1	   0.0073689    -0.0448691
     D1FFW-a23a      0.001     0.066       0.281     0.605     -0.187     0.625      0.551     0.690      0.598     0.338    0.432     0.418   0.664     0.155      0.124     0.01449  -1	   0.0199102    -0.0109237
     D1FFW-a23b      0.013     0.062       0.258     0.632      0.178     0.687      0.519     0.491      0.755     0.509    0.492     0.531   0.778     0.155      0.151     0.01641  -1	   0.0662746    -0.0068089
     D1FFW-a23c      0.009     0.078       0.320     0.730     -0.109     0.668      0.490     0.696      0.423     0.489    0.475     0.527   0.711     0.145      0.160     0.02097  -1	   0.0576825    -0.0549251
     D1FFW-a23d      0.004     0.067       0.281     0.712      0.032     0.674      0.511     0.574      0.636     0.471    0.487     0.500   0.834     0.157      0.216     0.01406  -1	   0.0224834    -0.0795720
     D1FFW-a24a      0.009     0.065       0.281     0.491     -0.086     0.661      0.610     0.708      0.733     0.347    0.409     0.445   0.283     0.150      0.036     0.01429  -1	   0.0668584     0.0678631
     D1FFW-a24b      0.010     0.072       0.297     0.719     -0.171     0.659      0.435     0.608      0.742     0.360    0.467     0.411   0.785     0.140      0.137     0.01634  -1	  -0.0162387    -0.0500961
     D1FFW-a24c      0.006     0.072       0.328     0.657     -0.172     0.656      0.461     0.496      0.550     0.396    0.487     0.430   0.730     0.136      0.117     0.01535  -1	  -0.0042956    -0.0469071
     D1FFW-a24d      0.017     0.056       0.227     0.657      0.336     0.713      0.405     0.276      0.364     0.482    0.493     0.505   0.920     0.196      0.264     0.01507  -1	   0.2032991     0.2013112
     D1FFW-a25a      0.006     0.085       0.367     0.656      0.438     0.682      0.446     0.417      0.976     0.580    0.557     0.545   0.945     0.129      0.067     0.02274  -1	   0.3367702     0.1415368
     D1FFW-a25b      0.009     0.074       0.289     0.756     -0.007     0.631      0.388     0.597      0.734     0.406    0.486     0.440   0.793     0.164      0.191     0.02213  -1	  -0.0112670    -0.0909943
     D1FFW-a25c      0.004     0.059       0.273     0.644      0.072     0.675      0.558     0.545      0.726     0.423    0.453     0.483   0.738     0.179      0.124     0.01397  -1	   0.0013946    -0.0237544
     D1FFW-a25d      0.015     0.058       0.242     0.642      0.101     0.711      0.575     0.339      0.784     0.382    0.472     0.427   0.713     0.177      0.032     0.01548  -1	   0.0204226     0.0425522
     D1FFW-a26a      0.001     0.086       0.398     0.664      0.408     0.697      0.377     0.386      0.482     0.507    0.459     0.557   0.945     0.128      0.010     0.02344  -1	   0.2568619     0.0952836
     D1FFW-a26b      0.012     0.067       0.297     0.726     -0.135     0.675      0.509     0.361      0.166     0.413    0.470     0.459   0.711     0.168      0.278     0.01662  -1	   0.1972118     0.1348853
     D1FFW-a26c      0.024     0.078       0.305     0.668      0.284     0.712      0.366     0.255      0.626     0.347    0.446     0.414   0.892     0.146      0.328     0.01548  -1	   0.2199641     0.1035391
     D1FFW-a26d      0.003     0.069       0.305     0.655      0.003     0.702      0.566     0.524      0.860     0.418    0.448     0.482   0.780     0.147      0.108     0.01878  -1	   0.0283881    -0.0125130
     D1FFW-a27a      0.008     0.076       0.312     0.669      0.129     0.705      0.363     0.382      0.661     0.472    0.517     0.476   0.780     0.154      0.223     0.01950  -1	   0.0931200     0.0001466
     D1FFW-a27b      0.011     0.076       0.312     0.676      0.048     0.718      0.388     0.424      0.703     0.448    0.513     0.456   0.780     0.156      0.239     0.01929  -1	   0.0633880    -0.0320199
     D1FFW-a27c      0.000     0.070       0.250     0.696      0.195     0.733      0.367     0.239      0.422     0.422    0.404     0.523   0.845     0.124      0.258     0.02042  -1	   0.1653625     0.1886536
     D1FFW-a27d      0.000     0.044       0.234     0.639     -0.086     0.546      0.526     0.278      0.537     0.976    0.667     0.950   0.756     0.176      0.220     0.01815  -1	  -0.0313474     0.0807753
     D1FFW-a28a      0.022     0.079       0.312     0.626      0.202     0.706      0.360     0.246      0.371     0.331    0.441     0.404   0.787     0.145      0.328     0.01553  -1	   0.2457239     0.1568752
     D1FFW-a28b      0.017     0.071       0.289     0.738      0.242     0.715      0.400     0.216      0.986     0.422    0.495     0.447   0.909     0.150      0.136     0.02604  -1	   0.1200904     0.0653250
     D1FFW-a28c      0.005     0.054       0.242     0.580      0.261     0.701      0.505     0.386      0.715     0.459    0.445     0.524   0.699     0.181      0.183     0.02343  -1	   0.0841646     0.0655789
     D1FFW-a28d      0.004     0.078       0.312     0.721      0.183     0.741      0.370     0.281      0.488     0.473    0.433     0.546   0.900     0.154      0.225     0.01806  -1	   0.1736789     0.0832279
     D1FFW-a29a      0.019     0.065       0.297     0.634      0.175     0.770      0.432     0.433      0.439     0.441    0.493     0.467   0.778     0.136      0.280     0.07718  -1	   0.1811385     0.0552494
     D1FFW-a29b      0.015     0.063       0.266     0.669      0.205     0.748      0.359     0.246      0.188     0.498    0.450     0.554   0.854     0.199      0.204     0.09061  -1	   0.2063168     0.2119584
     D1FFW-a29c      0.002     0.073       0.312     0.759      0.292     0.711      0.389     0.336      0.691     0.460    0.445     0.524   0.938     0.160      0.212     0.04315  -1	   0.1704953     0.0443744
     D1FFW-a29d      0.015     0.072       0.281     0.576      0.198     0.758      0.371     0.279      0.328     0.461    0.454     0.518   0.652     0.169      0.236     0.11614  -1	   0.1981149     0.1716977
      D1FFW-a2a      0.002     0.085       0.375     0.622      0.445     0.694      0.373     0.357      0.683     0.494    0.503     0.508   0.879     0.138      0.085     0.02293  -1	   0.3041238     0.1370376
      D1FFW-a2b      0.014     0.081       0.352     0.667     -0.476     0.655      0.572     0.750      1.000     0.663    0.627     0.567   0.613     0.138      0.192     0.02420  -1	   0.0253758     0.0382805
      D1FFW-a2c      0.017     0.083       0.359     0.739     -0.384     0.658      0.545     0.712      0.999     0.501    0.574     0.456   0.593     0.138      0.162     0.02421  -1	  -0.0276633     0.0174932
      D1FFW-a2d      0.013     0.082       0.344     0.761     -0.291     0.674      0.511     0.596      0.993     0.642    0.586     0.580   0.628     0.139      0.146     0.02526  -1	  -0.0015727    -0.0365228
     D1FFW-a30a      0.009     0.086       0.328     0.523      0.280     0.728      0.425     0.409      0.290     0.395    0.467     0.444   0.546     0.180      0.155     0.04401  -1	   0.2472291     0.0556081
     D1FFW-a30b      0.007     0.073       0.312     0.606      0.258     0.706      0.318     0.290      0.732     0.381    0.431     0.461   0.825     0.157      0.270     0.04607  -1	   0.1597069     0.1275780
     D1FFW-a30c      0.017     0.067       0.258     0.644      0.266     0.747      0.374     0.269      0.181     0.490    0.480     0.524   0.825     0.174      0.195     0.09479  -1	   0.2359674     0.2100951
     D1FFW-a30d      0.006     0.074       0.320     0.645      0.278     0.706      0.300     0.305      0.869     0.443    0.497     0.466   0.825     0.164      0.275     0.04690  -1	   0.1667100     0.1069217
     D1FFW-a31a      0.017     0.067       0.266     0.672      0.048     0.716      0.363     0.269      0.376     0.432    0.422     0.517   0.780     0.193      0.178     0.07955  -1	   0.0982373     0.1045752
     D1FFW-a31b      0.012     0.066       0.266     0.643     -0.061     0.720      0.376     0.240      0.336     0.470    0.472     0.511   0.680     0.190      0.186     0.08168  -1	   0.0774224     0.1471425
     D1FFW-a31c      0.008     0.087       0.336     0.625      0.115     0.740      0.371     0.481      0.181     0.396    0.416     0.488   0.713     0.145      0.118     0.04071  -1	   0.1916438    -0.0371797
     D1FFW-a31d      0.012     0.062       0.258     0.746      0.024     0.733      0.361     0.268      0.504     0.478    0.446     0.540   0.834     0.204      0.248     0.06852  -1	   0.0757307     0.0821221
     D1FFW-a32a     -0.015     0.073       0.242     0.641      0.427     0.691      0.380     0.198      0.568     0.418    0.446     0.484   0.879     0.152      0.380     0.31242   1	   0.2612048     0.2420549
     D1FFW-a32b      0.013     0.083       0.312     0.712      0.521     0.687      0.184     0.062      0.257     0.355    0.412     0.451   0.963     0.188      0.331     0.15871  -1	   0.5057263     0.3986386
     D1FFW-a32c      0.006     0.080       0.305     0.758      0.549     0.681      0.149     0.062      0.149     0.462    0.458     0.515   0.955     0.181      0.235     0.15346  -1	   0.5157661     0.4025423
     D1FFW-a32d      0.005     0.092       0.375     0.689     -0.053     0.732      0.300     0.368      0.715     0.504    0.454     0.557   0.747     0.142      0.146     0.04379  -1	   0.0787856     0.0298869
     D1FFW-a33a      0.016     0.075       0.289     0.688      0.324     0.702      0.208     0.144      0.335     0.425    0.396     0.532   0.920     0.146      0.246     0.14296  -1	   0.2768330     0.3021047
     D1FFW-a33b      0.011     0.077       0.320     0.622      0.368     0.691      0.354     0.516      0.559     0.417    0.481     0.455   0.831     0.153      0.330     0.12922  -1	   0.2749069     0.0031648
     D1FFW-a33c      0.016     0.069       0.305     0.644      0.253     0.719      0.231     0.133      0.642     0.417    0.423     0.501   0.825     0.159      0.196     0.07329  -1	   0.1603442     0.2857301
     D1FFW-a33d      0.010     0.073       0.289     0.641      0.547     0.688      0.275     0.225      0.956     0.435    0.510     0.448   0.842     0.126      0.363     0.26221  -1	   0.3889602     0.2978643
     D1FFW-a34a      0.009     0.072       0.336     0.641      0.315     0.686      0.335     0.406      0.871     0.561    0.501     0.572   0.853     0.158      0.188     0.13263  -1	   0.2076266     0.1111947
     D1FFW-a34b      0.015     0.065       0.273     0.685      0.496     0.718      0.227     0.100      0.170     0.475    0.425     0.554   0.915     0.174      0.293     0.07767  -1	   0.4599861     0.5060494
     D1FFW-a34c      0.016     0.070       0.297     0.668      0.468     0.709      0.225     0.098      0.181     0.402    0.449     0.466   0.915     0.160      0.292     0.07834  -1	   0.4454499     0.4615041
     D1FFW-a34d      0.011     0.080       0.352     0.546     -0.005     0.677      0.381     0.535      0.428     0.457    0.484     0.490   0.401     0.142      0.497     0.07045  -1	   0.2023961     0.0153564
     D1FFW-a35a      0.021     0.069       0.297     0.636     -0.520     0.695      0.454     0.251      0.773     0.504    0.501     0.519   0.515     0.181      0.273     0.02674  -1	   0.0753323     0.0559168
     D1FFW-a35b      0.008     0.060       0.258     0.657      0.220     0.692      0.338     0.270      0.782     0.473    0.460     0.524   0.854     0.187      0.451     0.06775  -1	   0.1171917     0.1300894
     D1FFW-a35c      0.006     0.064       0.258     0.710      0.320     0.678      0.365     0.394      0.803     0.377    0.446     0.444   0.974     0.187      0.442     0.06586  -1	   0.1277766    -0.0319885
     D1FFW-a36a      0.018     0.084       0.359     0.730     -0.136     0.671      0.413     0.745      0.499     0.525    0.486     0.550   0.711     0.134      0.189     0.03227  -1	   0.0629412    -0.0160791
     D1FFW-a36b      0.015     0.076       0.352     0.537     -0.427     0.698      0.344     0.220      0.593     0.447    0.484     0.480   0.000     0.146      0.534     0.02259  -1	   0.0910659     0.1353843
     D1FFW-a36c      0.021     0.074       0.312     0.672     -0.177     0.656      0.336     0.120      0.200     0.530    0.486     0.555   0.730     0.170      0.558     0.02583  -1	   0.3682406     0.3902966
     D1FFW-a36d      0.016     0.056       0.266     0.753      0.384     0.714      0.344     0.324      0.853     0.390    0.499     0.414   0.944     0.182      0.320     0.08402  -1	   0.1615541     0.0661134
     D1FFW-a37a      0.011     0.075       0.297     0.708     -0.141     0.679      0.386     0.602      0.803     0.481    0.514     0.487   0.711     0.138      0.207     0.03114  -1	   0.0024541    -0.0261065
     D1FFW-a37b      0.026     0.060       0.305     0.737     -0.172     0.701      0.350     0.159      0.250     0.411    0.446     0.476   0.785     0.160      0.219     0.02585  -1	   0.1218886     0.2566384
     D1FFW-a37c      0.031     0.080       0.375     0.698      0.074     0.684      0.246     0.068      0.174     0.519    0.473     0.556   0.805     0.158      0.405     0.02454  -1	   0.3573551     0.3647681
     D1FFW-a37d      0.024     0.064       0.297     0.683     -0.087     0.700      0.377     0.332      0.481     0.503    0.553     0.476   0.747     0.178      0.205     0.02374  -1	   0.0391640     0.0238421
     D1FFW-a38a      0.006     0.083       0.352     0.575      0.034     0.673      0.380     0.592      0.837     0.681    0.492     0.688   0.587     0.132      0.184     0.05292  -1	   0.1220165     0.1025529
     D1FFW-a38b      0.008     0.050       0.219     0.744     -0.177     0.727      0.491     0.537      0.668     0.331    0.431     0.410   0.781     0.160      0.366     0.01606  -1	  -0.0062799    -0.0530418
     D1FFW-a38c      0.009     0.052       0.227     0.713     -0.259     0.729      0.473     0.527      0.803     0.385    0.500     0.408   0.636     0.171      0.366     0.01634  -1	  -0.0370258    -0.0370272
     D1FFW-a38d      0.010     0.064       0.273     0.767     -0.029     0.673      0.559     0.584      0.980     0.494    0.482     0.525   0.793     0.178      0.314     0.01402  -1	  -0.0099800    -0.0726879
     D1FFW-a39a      0.001     0.070       0.289     0.669      0.033     0.662      0.491     0.566      0.438     0.401    0.445     0.469   0.780     0.155      0.063     0.01456  -1	   0.0206617    -0.0658483
     D1FFW-a39b      0.006     0.071       0.305     0.605     -0.097     0.663      0.421     0.442      0.759     0.380    0.457     0.439   0.680     0.167      0.144     0.01545  -1	   0.0086374    -0.0117045
     D1FFW-a39c      0.012     0.059       0.250     0.584     -0.011     0.684      0.561     0.542      0.639     0.489    0.516     0.493   0.554     0.167      0.151     0.01626  -1	   0.0021733    -0.0243012
     D1FFW-a39d      0.016     0.068       0.289     0.679     -0.040     0.610      0.523     0.608      0.920     0.703    0.557     0.661   0.747     0.144      0.224     0.01350  -1	   0.0366053    -0.0322127
      D1FFW-a3a      0.004     0.081       0.352     0.576      0.437     0.687      0.414     0.407      0.600     0.448    0.457     0.502   0.752     0.145      0.096     0.02321  -1	   0.2845235     0.1219941
      D1FFW-a3b      0.012     0.074       0.320     0.755     -0.069     0.653      0.506     0.741      0.442     0.385    0.449     0.450   0.793     0.128      0.140     0.02168  -1	   0.0432471    -0.0481604
      D1FFW-a3c      0.017     0.068       0.250     0.623      0.237     0.650      0.428     0.424      0.731     0.411    0.424     0.495   0.787     0.167      0.313     0.05970  -1	   0.1057206    -0.0082880
      D1FFW-a3d      0.013     0.079       0.273     0.593      0.179     0.649      0.416     0.464      0.665     0.419    0.437     0.493   0.652     0.138      0.344     0.03938  -1	   0.1326522    -0.0094989
     D1FFW-a40a      0.003     0.062       0.258     0.653      0.196     0.651      0.544     0.569      0.553     0.437    0.463     0.488   0.845     0.136      0.099     0.01535  -1	   0.0333077    -0.0413322
     D1FFW-a40b      0.003     0.067       0.273     0.702      0.011     0.674      0.506     0.564      0.559     0.429    0.438     0.501   0.834     0.157      0.213     0.01408  -1	   0.0364628    -0.0783426
     D1FFW-a40c      0.015     0.061       0.250     0.670      0.198     0.667      0.559     0.557      0.643     0.442    0.473     0.485   0.845     0.175      0.128     0.01667  -1	   0.0408141    -0.0428887
     D1FFW-a40d      0.005     0.072       0.312     0.696     -0.080     0.654      0.465     0.580      0.900     0.572    0.503     0.581   0.747     0.151      0.178     0.01404  -1	   0.0090270    -0.0334294
     D1FFW-a41a      0.009     0.063       0.281     0.576      0.234     0.649      0.547     0.493      0.560     0.471    0.433     0.545   0.661     0.154      0.173     0.01313  -1	   0.0918821     0.0335413
     D1FFW-a41b      0.008     0.054       0.219     0.670     -0.084     0.673      0.600     0.608      0.872     0.453    0.499     0.473   0.747     0.167      0.164     0.01602  -1	  -0.0341190    -0.0520223
     D1FFW-a41c      0.007     0.064       0.258     0.778      0.012     0.688      0.539     0.608      0.423     0.424    0.457     0.481   0.826     0.149      0.213     0.01389  -1	   0.0709663    -0.0640736
     D1FFW-a41d      0.009     0.065       0.273     0.597     -0.058     0.663      0.512     0.697      0.426     0.403    0.439     0.476   0.554     0.185      0.105     0.01400  -1	   0.0343685    -0.0244632
     D1FFW-a42a      0.007     0.068       0.312     0.676     -0.071     0.648      0.523     0.669      0.711     0.374    0.429     0.455   0.747     0.141      0.121     0.01508  -1	  -0.0016728    -0.0055364
     D1FFW-a42b      0.030     0.076       0.305     0.658      0.117     0.658      0.491     0.435      0.959     0.399    0.454     0.459   0.780     0.147      0.194     0.01226  -1	   0.0858687    -0.0262301
     D1FFW-a42c      0.014     0.079       0.312     0.688     -0.038     0.666      0.598     0.609      0.851     0.366    0.407     0.466   0.747     0.166      0.122     0.01275  -1	   0.0450466     0.0000716
     D1FFW-a42d      0.020     0.078       0.344     0.679     -0.043     0.669      0.470     0.595      0.593     0.488    0.511     0.495   0.747     0.168      0.141     0.01121  -1	   0.0298036    -0.0564750
     D1FFW-a43a      0.017     0.066       0.266     0.702      0.197     0.698      0.573     0.365      0.280     0.398    0.417     0.489   0.900     0.151      0.110     0.01522  -1	   0.1324035     0.1515669
     D1FFW-a43b      0.012     0.071       0.312     0.684     -0.091     0.718      0.584     0.401      0.340     0.331    0.402     0.435   0.747     0.141      0.187     0.01641  -1	   0.0999879     0.0786113
     D1FFW-a43c      0.018     0.061       0.242     0.549      0.209     0.707      0.563     0.383      0.482     0.376    0.435     0.453   0.508     0.150      0.228     0.01510  -1	   0.1199348     0.1030153
     D1FFW-a43d      0.012     0.063       0.297     0.701      0.296     0.657      0.569     0.651      0.929     0.615    0.548     0.584   0.946     0.135      0.059     0.01215  -1	   0.1335135     0.0592341
     D1FFW-a44a      0.004     0.080       0.320     0.674      0.005     0.721      0.527     0.396      0.612     0.395    0.412     0.489   0.780     0.141      0.165     0.01722  -1	   0.0725870     0.0018317
     D1FFW-a44b      0.018     0.078       0.312     0.690     -0.058     0.664      0.567     0.567      0.801     0.366    0.393     0.477   0.747     0.164      0.122     0.01285  -1	   0.0500147    -0.0105967
     D1FFW-a44c      0.010     0.061       0.258     0.562     -0.110     0.706      0.575     0.364      0.855     0.441    0.410     0.536   0.463     0.152      0.103     0.01662  -1	   0.0531899     0.0165770
     D1FFW-a44d      0.015     0.067       0.273     0.690      0.046     0.695      0.610     0.469      0.774     0.551    0.640     0.446   0.780     0.132      0.119     0.01561  -1	   0.0187008     0.0192519
     D1FFW-a45a      0.016     0.057       0.250     0.667      0.061     0.714      0.587     0.356      0.734     0.409    0.415     0.501   0.805     0.173     -0.016     0.01537  -1	   0.0239183     0.0519591
     D1FFW-a45b      0.013     0.061       0.250     0.605      0.295     0.695      0.515     0.267      0.949     0.472    0.512     0.480   0.825     0.140      0.177     0.01596  -1	   0.1361860     0.1233377
     D1FFW-a45c      0.019     0.058       0.234     0.564      0.157     0.700      0.538     0.280      0.710     0.406    0.498     0.431   0.652     0.157      0.043     0.01501  -1	   0.0381014     0.0997804
     D1FFW-a45d      0.016     0.082       0.297     0.691      0.226     0.713      0.309     0.261      0.220     0.494    0.497     0.513   0.854     0.151      0.252     0.01612  -1	   0.2881513     0.1463429
     D1FFW-a46a      0.014     0.045       0.227     0.694     -0.037     0.721      0.487     0.303      0.660     0.403    0.473     0.447   0.852     0.175      0.263     0.02145  -1	  -0.0243932     0.0748887
     D1FFW-a46b      0.010     0.066       0.266     0.651      0.004     0.652      0.403     0.123      0.150     0.823    0.558     0.785   0.780     0.163      0.218     0.02326  -1	   0.1334055     0.2933103
     D1FFW-a46c     -0.001     0.061       0.250     0.686      0.334     0.720      0.398     0.279      0.511     0.451    0.454     0.509   0.920     0.170      0.434     0.01991  -1	   0.2535763     0.1835566
     D1FFW-a46d      0.006     0.072       0.312     0.666     -0.192     0.696      0.518     0.310      0.594     0.415    0.423     0.500   0.730     0.140      0.237     0.01792  -1	   0.0392715     0.0388868
     D1FFW-a47a      0.004     0.075       0.297     0.601      0.355     0.719      0.494     0.400      0.239     0.419    0.429     0.499   0.831     0.133      0.119     0.02571  -1	   0.2351941     0.1074600
     D1FFW-a47b      0.010     0.081       0.328     0.621      0.291     0.738      0.391     0.326      0.538     0.453    0.451     0.512   0.825     0.133      0.130     0.02641  -1	   0.2141632     0.1030670
     D1FFW-a47c     -0.004     0.069       0.258     0.733      0.201     0.702      0.425     0.351      0.512     0.461    0.467     0.507   0.909     0.148      0.245     0.02108  -1	   0.1207731     0.0269211
     D1FFW-a47d      0.010     0.081       0.297     0.638      0.248     0.733      0.372     0.327      0.421     0.441    0.459     0.494   0.787     0.131      0.116     0.02642  -1	   0.1768340     0.0715401
     D1FFW-a48a      0.015     0.070       0.273     0.646      0.196     0.743      0.379     0.294      0.454     0.500    0.456     0.553   0.778     0.188      0.111     0.11039  -1	   0.1205977     0.0857487
     D1FFW-a48b      0.010     0.071       0.281     0.620     -0.019     0.728      0.402     0.287      0.812     0.487    0.509     0.497   0.680     0.186      0.153     0.09221  -1	   0.0348110     0.0340412
     D1FFW-a48c      0.016     0.067       0.273     0.695      0.204     0.737      0.381     0.291      0.664     0.536    0.502     0.549   0.854     0.183      0.111     0.09944  -1	   0.1031419     0.0684021
     D1FFW-a48d      0.018     0.050       0.250     0.720     -0.005     0.715      0.414     0.230      0.421     0.467    0.419     0.552   0.876     0.195      0.222     0.08236  -1	   0.0566595     0.1680641
     D1FFW-a49a      0.015     0.073       0.281     0.654     -0.052     0.729      0.399     0.320      0.585     0.435    0.469     0.481   0.747     0.176      0.178     0.09342  -1	   0.0462629     0.0239902
     D1FFW-a49b      0.017     0.065       0.266     0.731      0.264     0.736      0.330     0.233      0.278     0.495    0.459     0.545   0.946     0.190      0.180     0.08372  -1	   0.2085391     0.1811527
     D1FFW-a49c      0.018     0.070       0.297     0.615      0.309     0.724      0.401     0.281      0.735     0.465    0.427     0.544   0.853     0.154      0.226     0.05326  -1	   0.2134144     0.1575813
     D1FFW-a49d      0.014     0.065       0.250     0.683      0.254     0.737      0.357     0.252      0.219     0.514    0.445     0.573   0.892     0.183      0.195     0.08473  -1	   0.2142513     0.2022905
      D1FFW-a4a      0.000     0.084       0.375     0.615      0.451     0.690      0.380     0.334      0.379     0.543    0.459     0.588   0.848     0.128      0.077     0.02288  -1	   0.3121920     0.1684763
      D1FFW-a4b      0.011     0.069       0.266     0.604     -0.035     0.671      0.561     0.592      0.824     0.491    0.484     0.521   0.680     0.168      0.182     0.02937  -1	   0.0256814    -0.0479629
      D1FFW-a4c      0.014     0.082       0.289     0.720      0.238     0.643      0.351     0.397      0.270     0.421    0.430     0.500   0.909     0.138      0.283     0.04948  -1	   0.2667326    -0.0276134
      D1FFW-a4d      0.009     0.080       0.328     0.596      0.519     0.683      0.404     0.360      0.418     0.403    0.446     0.469   0.715     0.149      0.110     0.02302  -1	   0.3468898     0.1472450
     D1FFW-a50a      0.004     0.072       0.328     0.650      0.295     0.711      0.322     0.300      0.905     0.423    0.468     0.470   0.892     0.161      0.321     0.05686  -1	   0.1816677     0.1178385
     D1FFW-a50b      0.006     0.073       0.320     0.647      0.292     0.707      0.356     0.364      0.852     0.437    0.475     0.477   0.825     0.161      0.275     0.04769  -1	   0.1806202     0.0762588
     D1FFW-a50c      0.001     0.073       0.305     0.766      0.436     0.701      0.216     0.270      0.124     0.468    0.527     0.465   0.992     0.162      0.294     0.09746  -1	   0.4821474     0.1843932
     D1FFW-a51a      0.006     0.071       0.328     0.608      0.257     0.700      0.337     0.325      0.823     0.411    0.427     0.494   0.825     0.161      0.311     0.05676  -1	   0.1661612     0.1216024
     D1FFW-a51b      0.008     0.070       0.297     0.708     -0.132     0.737      0.454     0.570      0.381     0.423    0.427     0.504   0.711     0.167      0.335     0.04292  -1	   0.1294515    -0.0682219
     D1FFW-a51c      0.008     0.061       0.242     0.703      0.387     0.728      0.369     0.187      0.691     0.454    0.463     0.503   0.952     0.167      0.158     0.10982  -1	   0.1743993     0.2153716
     D1FFW-a51d      0.015     0.067       0.266     0.673      0.240     0.738      0.370     0.282      0.233     0.496    0.445     0.557   0.854     0.190      0.149     0.08281  -1	   0.1857500     0.1403806
     D1FFW-a52a      0.012     0.072       0.312     0.724      0.517     0.660      0.244     0.112      0.684     0.587    0.472     0.618   0.963     0.169      0.309     0.13537  -1	   0.3865942     0.3533709
     D1FFW-a52b      0.008     0.077       0.289     0.688      0.549     0.685      0.274     0.231      0.781     0.338    0.424     0.424   0.908     0.143      0.292     0.27088  -1	   0.3512930     0.2000471
     D1FFW-a52c      0.015     0.059       0.242     0.589      0.199     0.746      0.380     0.112      0.827     0.453    0.485     0.485   0.652     0.180      0.489     0.15374  -1	   0.1364580     0.2949714
     D1FFW-a52d      0.004     0.071       0.266     0.653      0.598     0.705      0.287     0.233      0.718     0.407    0.454     0.466   0.890     0.139      0.510     0.26742   1	   0.4815061     0.3462903
     D1FFW-a53a      0.019     0.071       0.273     0.671      0.298     0.702      0.246     0.151      0.437     0.512    0.468     0.553   0.892     0.167      0.250     0.14252  -1	   0.2223105     0.2765541
     D1FFW-a53b      0.016     0.072       0.312     0.652      0.246     0.710      0.257     0.158      0.209     0.361    0.453     0.423   0.854     0.143      0.237     0.07538  -1	   0.2603150     0.2907597
     D1FFW-a53c      0.030     0.082       0.375     0.580     -0.089     0.657      0.355     0.515      0.444     0.457    0.510     0.468   0.554     0.158      0.164     0.02041  -1	   0.0762251    -0.0067397
     D1FFW-a53d      0.010     0.070       0.289     0.632      0.507     0.696      0.318     0.267      0.496     0.430    0.461     0.484   0.842     0.126      0.355     0.28483   1	   0.3987564     0.2733231
     D1FFW-a54a      0.025     0.086       0.367     0.625      0.100     0.656      0.342     0.467      0.759     0.410    0.502     0.431   0.713     0.168      0.281     0.01816  -1	   0.0991271    -0.0231487
     D1FFW-a54b      0.010     0.063       0.266     0.670      0.328     0.681      0.393     0.477      0.969     0.459    0.477     0.497   0.920     0.186      0.461     0.06732  -1	   0.1505554    -0.0031059
     D1FFW-a54c     -0.003     0.095       0.383     0.757     -0.282     0.670      0.563     0.776      0.662     0.468    0.508     0.480   0.628     0.141      0.275     0.04776  -1	   0.0249075     0.0167057
     D1FFW-a54d     -0.004     0.091       0.391     0.640     -0.184     0.683      0.447     0.644      0.873     0.432    0.468     0.479   0.664     0.139      0.173     0.04569  -1	   0.0273438     0.0333285
     D1FFW-a55a      0.009     0.081       0.344     0.685     -0.099     0.670      0.472     0.739      0.471     0.453    0.517     0.459   0.747     0.143      0.129     0.03179  -1	   0.0272618    -0.0632082
     D1FFW-a55b      0.014     0.087       0.359     0.689     -0.088     0.691      0.404     0.702      0.288     0.462    0.522     0.464   0.747     0.138      0.157     0.03262  -1	   0.1058824    -0.1113887
     D1FFW-a55c      0.018     0.088       0.375     0.721      0.128     0.664      0.337     0.437      0.376     0.497    0.510     0.506   0.834     0.165      0.225     0.01747  -1	   0.1797626    -0.0724827
     D1FFW-a55d      0.028     0.070       0.305     0.732     -0.082     0.702      0.390     0.276      0.153     0.384    0.407     0.484   0.802     0.179      0.322     0.02356  -1	   0.2644625     0.1731759
     D1FFW-a56a      0.021     0.078       0.352     0.674     -0.183     0.690      0.393     0.535      0.438     0.469    0.531     0.463   0.730     0.148      0.172     0.03287  -1	   0.0451227    -0.0740246
     D1FFW-a56b      0.031     0.069       0.336     0.688     -0.046     0.708      0.332     0.208      0.553     0.406    0.465     0.456   0.747     0.165      0.406     0.02484  -1	   0.1140682     0.1229884
     D1FFW-a56c      0.022     0.089       0.375     0.722      0.120     0.670      0.337     0.431      0.338     0.534    0.485     0.560   0.834     0.163      0.250     0.01739  -1	   0.2196593    -0.0503253
     D1FFW-a56d      0.031     0.072       0.297     0.655     -0.402     0.718      0.405     0.178      0.327     0.448    0.446     0.512   0.000     0.164      0.381     0.02733  -1	   0.1866449     0.1679182
     D1FFW-a57a      0.030     0.071       0.312     0.715      0.078     0.698      0.301     0.143      0.209     0.553    0.523     0.547   0.859     0.143      0.295     0.02505  -1	   0.2515405     0.3024406
     D1FFW-a57b      0.021     0.087       0.367     0.678      0.126     0.643      0.367     0.499      0.215     0.432    0.465     0.481   0.780     0.181      0.322     0.01772  -1	   0.2863870    -0.0805394
     D1FFW-a57c      0.019     0.083       0.367     0.684      0.044     0.656      0.349     0.458      0.451     0.427    0.432     0.504   0.780     0.176      0.319     0.01787  -1	   0.1578235    -0.0517304
     D1FFW-a57d      0.015     0.086       0.367     0.650      0.137     0.664      0.338     0.466      0.214     0.417    0.471     0.463   0.780     0.174      0.285     0.01771  -1	   0.2601132    -0.0637908
     D1FFW-a58a      0.017     0.087       0.359     0.675      0.110     0.635      0.305     0.387      0.509     0.385    0.469     0.433   0.780     0.184      0.309     0.01774  -1	   0.1401445    -0.0630241
     D1FFW-a58b      0.016     0.084       0.359     0.668      0.065     0.649      0.337     0.455      0.450     0.422    0.460     0.476   0.805     0.182      0.301     0.01781  -1	   0.1448270    -0.0739899
     D1FFW-a58c      0.023     0.085       0.375     0.726     -0.032     0.675      0.414     0.547      0.195     0.452    0.480     0.488   0.802     0.144      0.280     0.01824  -1	   0.2329727    -0.0863457
     D1FFW-a58d      0.021     0.087       0.375     0.748      0.111     0.643      0.322     0.401      0.158     0.492    0.483     0.523   0.834     0.154      0.263     0.01795  -1	   0.2845117    -0.0370284
     D1FFW-a59a      0.021     0.079       0.344     0.704      0.081     0.675      0.447     0.574      0.689     0.457    0.462     0.507   0.859     0.140      0.090     0.01165  -1	   0.0603650    -0.0367453
     D1FFW-a59b      0.006     0.055       0.219     0.589     -0.436     0.695      0.604     0.607      0.781     0.397    0.438     0.471   0.000     0.195      0.438     0.01795  -1	   0.0190533    -0.0684840
     D1FFW-a59c      0.020     0.093       0.375     0.653     -0.067     0.681      0.305     0.414      0.427     0.475    0.512     0.483   0.747     0.174      0.245     0.01729  -1	   0.1267982    -0.0527213
     D1FFW-a59d      0.022     0.083       0.359     0.758      0.132     0.654      0.310     0.375      0.236     0.470    0.484     0.502   0.826     0.170      0.280     0.01791  -1	   0.2619278    -0.0259653
      D1FFW-a5a      0.015     0.063       0.273     0.802      0.108     0.688      0.396     0.513      0.233     0.445    0.486     0.476   0.663     0.177      0.287     0.11933  -1	   0.2280192    -0.0047539
      D1FFW-a5b      0.015     0.068       0.273     0.675      0.277     0.645      0.429     0.657      0.994     0.522    0.530     0.513   0.892     0.162      0.177     0.02299  -1	   0.1078483    -0.0247212
      D1FFW-a5c      0.010     0.052       0.242     0.664     -0.276     0.733      0.499     0.564      0.660     0.366    0.495     0.395   0.582     0.168      0.318     0.01633  -1	  -0.0111774    -0.0413813
      D1FFW-a5d      0.019     0.072       0.258     0.637     -0.122     0.636      0.512     0.671      0.994     0.504    0.510     0.512   0.589     0.155      0.223     0.03200  -1	   0.0224463    -0.0223241
     D1FFW-a60a      0.008     0.067       0.266     0.729      0.059     0.669      0.485     0.549      0.538     0.461    0.451     0.521   0.859     0.163      0.216     0.01400  -1	   0.0546654    -0.0845820
     D1FFW-a60b      0.012     0.063       0.234     0.678      0.271     0.711      0.424     0.597      0.571     0.377    0.442     0.448   0.892     0.207      0.222     0.01416  -1	   0.1076404    -0.1128300
     D1FFW-a60c      0.011     0.078       0.305     0.675     -0.172     0.642      0.548     0.662      0.570     0.406    0.428     0.488   0.730     0.147      0.173     0.01667  -1	   0.0499969    -0.0396832
     D1FFW-a60d      0.007     0.080       0.328     0.720      0.197     0.667      0.446     0.527      0.660     0.503    0.547     0.481   0.900     0.174      0.021     0.01112  -1	   0.0428943    -0.0881043
     D1FFW-a61a      0.016     0.074       0.305     0.678      0.107     0.667      0.492     0.505      0.679     0.506    0.508     0.516   0.780     0.148      0.033     0.01179  -1	   0.0366729    -0.0325283
     D1FFW-a61b      0.009     0.079       0.328     0.708      0.192     0.674      0.453     0.543      0.731     0.557    0.522     0.550   0.900     0.174      0.046     0.01118  -1	   0.0751928    -0.0492752
     D1FFW-a61c      0.020     0.079       0.344     0.684     -0.039     0.682      0.428     0.566      0.904     0.480    0.570     0.440   0.747     0.168      0.131     0.01122  -1	   0.0054678    -0.0515022
     D1FFW-a61d      0.015     0.073       0.281     0.718      0.035     0.723      0.423     0.448      0.999     0.494    0.555     0.465   0.834     0.164      0.153     0.01637  -1	   0.0391585    -0.0521737
     D1FFW-a62a      0.010     0.080       0.336     0.740      0.189     0.669      0.375     0.405      0.644     0.534    0.544     0.512   0.900     0.180      0.069     0.01114  -1	   0.0636370    -0.0725748
     D1FFW-a62b      0.026     0.075       0.297     0.640      0.226     0.663      0.519     0.456      0.875     0.370    0.428     0.452   0.787     0.146      0.141     0.01225  -1	   0.1298817     0.0003412
     D1FFW-a62c      0.015     0.064       0.273     0.696      0.290     0.667      0.580     0.678      0.765     0.513    0.513     0.518   0.892     0.146      0.050     0.01217  -1	   0.0911695     0.0150685
     D1FFW-a62d      0.020     0.080       0.352     0.690     -0.052     0.684      0.452     0.595      0.569     0.424    0.521     0.429   0.747     0.160      0.132     0.01121  -1	   0.0238854    -0.0732402
     D1FFW-a63a      0.007     0.075       0.297     0.685      0.152     0.705      0.353     0.376      0.917     0.489    0.540     0.474   0.845     0.154      0.255     0.01874  -1	   0.0884910     0.0053619
     D1FFW-a63b      0.025     0.078       0.297     0.674      0.105     0.661      0.577     0.597      0.908     0.365    0.414     0.459   0.780     0.145      0.162     0.01221  -1	   0.0880942    -0.0142421
     D1FFW-a63c      0.028     0.077       0.297     0.642      0.201     0.663      0.530     0.494      0.869     0.363    0.397     0.472   0.787     0.150      0.147     0.01222  -1	   0.1366806    -0.0046476
     D1FFW-a63d      0.011     0.079       0.312     0.696     -0.059     0.673      0.587     0.550      0.857     0.391    0.405     0.493   0.747     0.168      0.122     0.01280  -1	   0.0438865    -0.0153540
     D1FFW-a64a      0.006     0.078       0.312     0.690      0.194     0.734      0.389     0.301      0.459     0.506    0.534     0.494   0.845     0.158      0.229     0.01783  -1	   0.1777174     0.0750735
     D1FFW-a64b      0.013     0.080       0.320     0.728      0.121     0.679      0.359     0.490      0.290     0.445    0.470     0.489   0.834     0.170      0.224     0.01982  -1	   0.1857171    -0.0871311
     D1FFW-a64c      0.009     0.078       0.305     0.651     -0.182     0.671      0.568     0.569      0.885     0.394    0.408     0.493   0.730     0.172      0.140     0.01294  -1	   0.0481478    -0.0206062
     D1FFW-a64d      0.019     0.068       0.258     0.769      0.203     0.701      0.556     0.366      0.134     0.427    0.453     0.485   0.901     0.137      0.126     0.01534  -1	   0.2114034     0.2238514
     D1FFW-a65a      0.007     0.085       0.320     0.708      0.116     0.729      0.319     0.338      0.562     0.474    0.494     0.497   0.834     0.155      0.231     0.02035  -1	   0.1368966     0.0045378
     D1FFW-a65b      0.017     0.084       0.312     0.626      0.308     0.717      0.295     0.233      0.326     0.419    0.463     0.471   0.853     0.147      0.269     0.01591  -1	   0.3038525     0.1821035
     D1FFW-a65c      0.011     0.054       0.234     0.539      0.139     0.711      0.545     0.377      0.993     0.427    0.445     0.493   0.434     0.147     -0.017     0.01614  -1	   0.1362461     0.0455240
     D1FFW-a65d      0.020     0.083       0.312     0.630      0.289     0.721      0.325     0.253      0.997     0.631    0.704     0.464   0.825     0.139      0.287     0.01573  -1	   0.2988949     0.1850542
     D1FFW-a66a      0.007     0.074       0.281     0.676     -0.260     0.701      0.347     0.315      0.522     0.372    0.425     0.458   0.582     0.162      0.141     0.01597  -1	   0.0546298     0.0678507
     D1FFW-a66b     -0.001     0.072       0.242     0.681      0.250     0.729      0.393     0.272      0.492     0.373    0.438     0.448   0.892     0.131      0.235     0.02042  -1	   0.1533522     0.1213290
     D1FFW-a66c      0.000     0.069       0.242     0.695      0.179     0.724      0.384     0.265      0.696     0.398    0.414     0.491   0.845     0.134      0.237     0.02050  -1	   0.0964865     0.1084215
     D1FFW-a66d      0.020     0.080       0.305     0.656      0.323     0.718      0.324     0.254      0.280     0.362    0.429     0.443   0.920     0.138      0.273     0.01560  -1	   0.3277974     0.1720697
     D1FFW-a67a      0.008     0.075       0.297     0.686      0.082     0.715      0.343     0.357      0.887     0.488    0.531     0.479   0.805     0.159      0.183     0.01886  -1	   0.0581142     0.0100874
     D1FFW-a67b     -0.003     0.072       0.258     0.724      0.256     0.731      0.369     0.262      0.575     0.373    0.437     0.447   0.946     0.132      0.258     0.02076  -1	   0.1541307     0.1052055
     D1FFW-a67c     -0.001     0.070       0.273     0.723      0.220     0.710      0.346     0.191      0.661     0.459    0.460     0.511   0.909     0.158      0.174     0.02025  -1	   0.0960168     0.1256654
     D1FFW-a67d      0.002     0.079       0.312     0.693      0.139     0.745      0.361     0.283      0.354     0.547    0.537     0.530   0.780     0.164      0.229     0.01781  -1	   0.1851520     0.0973008
     D1FFW-a68a      0.012     0.072       0.281     0.588      0.340     0.722      0.386     0.304      0.668     0.565    0.548     0.537   0.727     0.185      0.213     0.06738  -1	   0.2230595     0.1402211
     D1FFW-a68b      0.015     0.069       0.273     0.632      0.248     0.732      0.366     0.283      0.464     0.495    0.445     0.556   0.787     0.193      0.111     0.10800  -1	   0.1388161     0.1039455
     D1FFW-a68c     -0.002     0.073       0.258     0.701      0.241     0.729      0.357     0.241      0.320     0.385    0.450     0.449   0.909     0.130      0.227     0.02061  -1	   0.1984669     0.1761736
     D1FFW-a68d      0.015     0.070       0.273     0.559      0.213     0.766      0.387     0.308      0.426     0.534    0.491     0.555   0.661     0.186      0.149     0.10524  -1	   0.1491068     0.1255671
     D1FFW-a69a      0.012     0.068       0.273     0.672      0.276     0.747      0.355     0.278      0.172     0.530    0.476     0.563   0.892     0.187      0.183     0.08338  -1	   0.2443879     0.1771394
     D1FFW-a69b      0.016     0.069       0.320     0.653      0.387     0.718      0.391     0.323      0.945     0.555    0.566     0.513   0.898     0.149      0.248     0.04350  -1	   0.2898225     0.1738445
     D1FFW-a69c      0.009     0.073       0.328     0.622      0.308     0.708      0.281     0.255      0.725     0.417    0.429     0.498   0.853     0.163      0.275     0.05652  -1	   0.2067827     0.1815280
     D1FFW-a69d      0.011     0.064       0.258     0.699     -0.046     0.726      0.525     0.572      0.356     0.477    0.476     0.515   0.747     0.161      0.208     0.03855  -1	   0.0799320    -0.0536562
      D1FFW-a6a      0.007     0.074       0.328     0.625     -0.086     0.647      0.480     0.586      0.546     0.327    0.462     0.382   0.680     0.129      0.089     0.01784  -1	   0.0141278    -0.0308380
      D1FFW-a6b      0.012     0.087       0.367     0.637      0.485     0.687      0.332     0.307      0.883     0.530    0.480     0.560   0.848     0.135      0.093     0.02316  -1	   0.3998657     0.2085411
      D1FFW-a6c      0.010     0.060       0.242     0.695     -0.224     0.648      0.512     0.547      0.810     0.429    0.476     0.470   0.637     0.168      0.138     0.02239  -1	  -0.0145796    -0.0346891
      D1FFW-a6d      0.003     0.081       0.352     0.625      0.564     0.670      0.380     0.311      0.330     0.395    0.444     0.464   0.823     0.143      0.053     0.02278  -1	   0.3635805     0.1648695
     D1FFW-a70a      0.006     0.073       0.328     0.642      0.281     0.710      0.331     0.329      0.809     0.409    0.459     0.464   0.825     0.159      0.302     0.04757  -1	   0.1804957     0.1002053
     D1FFW-a70b      0.016     0.067       0.289     0.705      0.205     0.719      0.341     0.317      0.488     0.476    0.469     0.519   0.909     0.175      0.195     0.05837  -1	   0.1328975     0.0562341
     D1FFW-a70c      0.016     0.061       0.266     0.682      0.366     0.720      0.355     0.446      0.274     0.402    0.458     0.459   0.898     0.178      0.282     0.08922  -1	   0.2948939     0.0270701
     D1FFW-a70d      0.015     0.070       0.281     0.601      0.173     0.750      0.335     0.252      0.519     0.514    0.457     0.564   0.778     0.198      0.173     0.09559  -1	   0.1289826     0.1438972
     D1FFW-a71a      0.010     0.075       0.320     0.613      0.285     0.717      0.313     0.276      0.792     0.430    0.419     0.519   0.825     0.169      0.302     0.04885  -1	   0.2108123     0.1655535
     D1FFW-a71b      0.012     0.067       0.297     0.703     -0.012     0.727      0.461     0.572      0.521     0.440    0.454     0.498   0.802     0.185      0.341     0.04216  -1	   0.0967792    -0.0845450
     D1FFW-a71c      0.008     0.073       0.328     0.636      0.301     0.700      0.293     0.261      0.860     0.412    0.414     0.505   0.853     0.163      0.282     0.05673  -1	   0.1984406     0.1742079
     D1FFW-a71d      0.006     0.078       0.312     0.681      0.212     0.725      0.375     0.301      0.470     0.482    0.460     0.532   0.854     0.164      0.229     0.01795  -1	   0.1827882     0.0746094
     D1FFW-a72a      0.016     0.072       0.305     0.658      0.434     0.714      0.224     0.104      0.830     0.560    0.617     0.475   0.945     0.162      0.283     0.07044  -1	   0.3204854     0.3649925
     D1FFW-a72b      0.015     0.085       0.328     0.630      0.359     0.710      0.284     0.289      0.227     0.468    0.431     0.544   0.831     0.132      0.158     0.08635  -1	   0.3131286     0.1269358
     D1FFW-a72c      0.027     0.062       0.289     0.679      0.177     0.750      0.407     0.441      0.797     0.516    0.465     0.559   0.845     0.153      0.276     0.06545  -1	   0.1489973     0.0652842
     D1FFW-a72d      0.011     0.059       0.242     0.581      0.333     0.731      0.397     0.162      0.913     0.437    0.514     0.447   0.727     0.170      0.419     0.14191  -1	   0.1794470     0.2566794
     D1FFW-a73a      0.017     0.076       0.312     0.719      0.193     0.705      0.213     0.109      0.309     0.419    0.519     0.425   0.900     0.134      0.263     0.07718  -1	   0.2300710     0.2976191
     D1FFW-a73b      0.013     0.079       0.312     0.702      0.298     0.695      0.363     0.535      0.509     0.451    0.520     0.455   0.946     0.152      0.348     0.13004  -1	   0.2603479    -0.0932004
     D1FFW-a73c      0.010     0.083       0.344     0.698     -0.010     0.667      0.355     0.657      0.373     0.531    0.596     0.465   0.747     0.137      0.169     0.03171  -1	   0.0886575    -0.1080950
     D1FFW-a73d      0.017     0.080       0.359     0.686     -0.045     0.695      0.414     0.579      0.606     0.468    0.528     0.464   0.747     0.160      0.218     0.02311  -1	   0.0472283    -0.0697075
     D1FFW-a74a      0.015     0.074       0.320     0.706      0.124     0.661      0.376     0.519      0.401     0.489    0.476     0.526   0.834     0.156      0.174     0.03005  -1	   0.1097232    -0.0740438
     D1FFW-a74b      0.015     0.083       0.359     0.679     -0.198     0.675      0.432     0.670      0.268     0.482    0.528     0.477   0.730     0.144      0.177     0.03263  -1	   0.1043373    -0.0994043
     D1FFW-a74c      0.022     0.066       0.312     0.611     -0.117     0.714      0.390     0.389      0.517     0.508    0.491     0.531   0.589     0.180      0.182     0.02204  -1	   0.0394952     0.0263397
     D1FFW-a74d      0.008     0.087       0.375     0.671     -0.004     0.679      0.422     0.437      0.235     0.397    0.459     0.453   0.747     0.141      0.227     0.04688  -1	   0.1784251    -0.0245818
     D1FFW-a75a      0.020     0.082       0.352     0.700     -0.237     0.690      0.366     0.578      0.660     0.468    0.582     0.419   0.691     0.148      0.177     0.03231  -1	  -0.0032694    -0.0705818
     D1FFW-a75b      0.024     0.090       0.383     0.700      0.113     0.660      0.323     0.426      0.658     0.472    0.476     0.510   0.834     0.160      0.294     0.01784  -1	   0.1447796    -0.0432938
     D1FFW-a75c      0.021     0.082       0.359     0.685      0.078     0.659      0.311     0.394      0.373     0.436    0.473     0.479   0.805     0.172      0.283     0.01780  -1	   0.1720139    -0.0379179
     D1FFW-a75d      0.014     0.080       0.359     0.673     -0.236     0.705      0.410     0.635      0.510     0.424    0.484     0.459   0.637     0.140      0.198     0.03285  -1	   0.0414684    -0.0414428
     D1FFW-a76a      0.023     0.078       0.359     0.738     -0.054     0.665      0.390     0.473      0.242     0.378    0.457     0.436   0.802     0.159      0.281     0.01831  -1	   0.1938807    -0.0630152
     D1FFW-a76b      0.022     0.084       0.367     0.706      0.062     0.643      0.349     0.427      0.152     0.445    0.527     0.443   0.859     0.154      0.279     0.01807  -1	   0.2646922    -0.0585366
     D1FFW-a76c      0.019     0.085       0.359     0.684      0.169     0.645      0.313     0.392      0.236     0.389    0.445     0.457   0.845     0.185      0.314     0.01760  -1	   0.2797321    -0.0446497
     D1FFW-a76d      0.013     0.083       0.352     0.711     -0.043     0.656      0.397     0.730      0.372     0.496    0.502     0.512   0.802     0.151      0.174     0.03195  -1	   0.0857257    -0.1003209
     D1FFW-a77a      0.019     0.086       0.359     0.689      0.179     0.652      0.341     0.440      0.304     0.443    0.464     0.492   0.845     0.182      0.294     0.01775  -1	   0.2501786    -0.0688873
     D1FFW-a77b      0.019     0.086       0.359     0.672      0.116     0.650      0.344     0.436      0.299     0.381    0.443     0.452   0.780     0.185      0.309     0.01761  -1	   0.2320436    -0.0609145
     D1FFW-a77c      0.014     0.085       0.367     0.683      0.150     0.644      0.330     0.407      0.356     0.445    0.465     0.494   0.845     0.180      0.293     0.01770  -1	   0.2046905    -0.0587959
     D1FFW-a77d      0.019     0.085       0.359     0.653      0.143     0.668      0.314     0.401      0.336     0.395    0.460     0.450   0.780     0.173      0.342     0.01752  -1	   0.2461204    -0.0220555
     D1FFW-a78a      0.017     0.088       0.375     0.653      0.124     0.655      0.330     0.438      0.683     0.429    0.486     0.462   0.780     0.168      0.319     0.01792  -1	   0.1274904    -0.0403597
     D1FFW-a78b      0.023     0.090       0.383     0.722      0.124     0.659      0.317     0.402      0.366     0.472    0.445     0.536   0.834     0.161      0.299     0.01782  -1	   0.2361701    -0.0410169
     D1FFW-a78c      0.016     0.069       0.305     0.757      0.148     0.715      0.285     0.098      0.264     0.468    0.555     0.442   0.826     0.172      0.478     0.02184  -1	   0.3749802     0.3929697
     D1FFW-a78d      0.020     0.092       0.383     0.713      0.086     0.655      0.361     0.503      0.500     0.506    0.484     0.535   0.859     0.161      0.278     0.01772  -1	   0.1641069    -0.0907668
     D1FFW-a79a      0.015     0.079       0.289     0.732      0.167     0.696      0.331     0.336      0.909     0.443    0.484     0.477   0.900     0.184      0.109     0.01250  -1	   0.0753871    -0.0346246
     D1FFW-a79b      0.008     0.080       0.336     0.706      0.238     0.688      0.367     0.404      0.566     0.532    0.512     0.536   0.909     0.173      0.046     0.01111  -1	   0.1025611    -0.0397255
     D1FFW-a79c      0.025     0.086       0.367     0.710     -0.097     0.654      0.367     0.506      0.129     0.435    0.486     0.467   0.802     0.159      0.313     0.01802  -1	   0.2823309    -0.0822229
     D1FFW-a79d      0.015     0.073       0.281     0.680      0.104     0.692      0.506     0.501      0.650     0.462    0.429     0.539   0.780     0.198      0.097     0.01232  -1	   0.0659161    -0.0418335
      D1FFW-a7a      0.012     0.078       0.336     0.728     -0.071     0.648      0.511     0.724      0.905     0.377    0.453     0.439   0.802     0.130      0.119     0.02054  -1	  -0.0023646     0.0323158
      D1FFW-a7b      0.003     0.068       0.266     0.719      0.025     0.676      0.504     0.562      0.638     0.474    0.489     0.501   0.834     0.174      0.216     0.01405  -1	   0.0208724    -0.0946479
      D1FFW-a7c      0.003     0.061       0.289     0.755     -0.234     0.642      0.522     0.716      0.698     0.395    0.438     0.469   0.683     0.140      0.168     0.01903  -1	  -0.0259022     0.0012995
      D1FFW-a7d      0.011     0.084       0.305     0.595     -0.431     0.687      0.523     0.677      0.772     0.414    0.421     0.500   0.000     0.132      0.018     0.02222  -1	   0.1075369     0.0335084
     D1FFW-a80a      0.008     0.076       0.328     0.735      0.199     0.682      0.397     0.423      0.597     0.482    0.506     0.495   0.900     0.172      0.057     0.01105  -1	   0.0630614    -0.0593086
     D1FFW-a80b      0.007     0.076       0.336     0.665      0.198     0.676      0.425     0.459      0.457     0.423    0.440     0.493   0.845     0.163      0.081     0.01105  -1	   0.0985902    -0.0334558
     D1FFW-a80c      0.015     0.072       0.297     0.581      0.061     0.656      0.449     0.413      0.660     0.443    0.559     0.416   0.612     0.157      0.069     0.01168  -1	   0.0147457    -0.0174724
     D1FFW-a80d      0.011     0.078       0.328     0.716      0.158     0.696      0.470     0.576      0.261     0.463    0.478     0.500   0.900     0.174      0.054     0.01121  -1	   0.1095227    -0.0895300
     D1FFW-a81a      0.009     0.079       0.328     0.734      0.206     0.688      0.405     0.465      0.588     0.455    0.474     0.495   0.909     0.172      0.038     0.01114  -1	   0.0778391    -0.0709688
     D1FFW-a81b      0.021     0.077       0.359     0.692      0.048     0.664      0.472     0.509      0.960     0.462    0.480     0.498   0.780     0.146      0.110     0.01176  -1	   0.0580153    -0.0005568
     D1FFW-a81c      0.011     0.056       0.266     0.664      0.205     0.654      0.399     0.344      0.820     0.541    0.535     0.526   0.854     0.197      0.085     0.01136  -1	   0.0180253     0.0041446
     D1FFW-a81d      0.021     0.082       0.344     0.649      0.114     0.657      0.544     0.688      0.813     0.455    0.446     0.519   0.713     0.137      0.128     0.01171  -1	   0.1057181     0.0540366
     D1FFW-a82a      0.009     0.075       0.336     0.725      0.158     0.682      0.404     0.418      0.675     0.478    0.476     0.515   0.900     0.172      0.073     0.01102  -1	   0.0553019    -0.0431465
     D1FFW-a82b      0.027     0.076       0.297     0.619      0.091     0.656      0.487     0.438      0.934     0.406    0.432     0.485   0.738     0.148      0.162     0.01225  -1	   0.0950038    -0.0103428
     D1FFW-a82c      0.029     0.080       0.305     0.737      0.059     0.671      0.533     0.587      0.999     0.497    0.489     0.523   0.859     0.154      0.185     0.01241  -1	   0.0727767    -0.0539350
     D1FFW-a82d      0.015     0.063       0.289     0.663      0.197     0.664      0.426     0.524      0.900     0.461    0.500     0.480   0.845     0.167      0.122     0.01164  -1	   0.0542619    -0.0214795
     D1FFW-a83a      0.015     0.066       0.266     0.681     -0.006     0.665      0.433     0.467      0.642     0.412    0.492     0.441   0.747     0.167      0.263     0.01225  -1	   0.0230901    -0.0560864
     D1FFW-a83b      0.020     0.083       0.312     0.642      0.319     0.709      0.279     0.220      0.315     0.474    0.500     0.492   0.853     0.147      0.251     0.01594  -1	   0.3082318     0.1966891
     D1FFW-a83c      0.020     0.083       0.312     0.637      0.267     0.710      0.292     0.233      0.215     0.471    0.507     0.484   0.825     0.145      0.247     0.01587  -1	   0.3054245     0.1920166
     D1FFW-a83d      0.015     0.075       0.281     0.604      0.364     0.692      0.372     0.289      0.675     0.481    0.455     0.535   0.831     0.145      0.284     0.01566  -1	   0.2439691     0.1518782
     D1FFW-a84a      0.019     0.082       0.289     0.676      0.222     0.692      0.306     0.228      0.900     0.535    0.557     0.501   0.854     0.146      0.295     0.01576  -1	   0.1698474     0.1087042
     D1FFW-a84b      0.018     0.080       0.281     0.700      0.069     0.704      0.346     0.286      0.235     0.432    0.443     0.500   0.859     0.155      0.240     0.01664  -1	   0.2070225     0.0994328
     D1FFW-a84c      0.020     0.082       0.305     0.657      0.257     0.711      0.321     0.250      0.940     0.528    0.559     0.493   0.892     0.143      0.256     0.01587  -1	   0.2019625     0.1167670
     D1FFW-a84d      0.018     0.083       0.312     0.616      0.188     0.704      0.342     0.267      0.547     0.413    0.503     0.433   0.778     0.154      0.303     0.01611  -1	   0.1805008     0.0878379
     D1FFW-a85a      0.023     0.082       0.312     0.641      0.262     0.711      0.285     0.214      0.281     0.499    0.458     0.549   0.825     0.153      0.247     0.01580  -1	   0.2853774     0.2024554
     D1FFW-a85b      0.004     0.078       0.312     0.665      0.201     0.729      0.363     0.284      0.541     0.477    0.470     0.519   0.854     0.162      0.220     0.01790  -1	   0.1581465     0.0793289
     D1FFW-a85c      0.016     0.088       0.281     0.664      0.259     0.691      0.276     0.219      0.096     0.560    0.488     0.581   0.892     0.156      0.255     0.01648  -1	   0.3507788     0.2069286
     D1FFW-a85d      0.014     0.067       0.258     0.704     -0.040     0.705      0.398     0.282      0.490     0.395    0.454     0.456   0.802     0.161      0.320     0.01803  -1	   0.0882474     0.0853019
     D1FFW-a86a      0.013     0.065       0.250     0.712     -0.198     0.720      0.402     0.325      0.449     0.359    0.445     0.428   0.785     0.173      0.316     0.01793  -1	   0.0911059     0.0703609
     D1FFW-a86b      0.003     0.080       0.312     0.639     -0.147     0.722      0.458     0.465      0.806     0.482    0.480     0.515   0.589     0.156      0.212     0.01760  -1	   0.0371789    -0.0297894
     D1FFW-a86c      0.003     0.075       0.305     0.646      0.268     0.742      0.398     0.325      0.488     0.503    0.479     0.536   0.825     0.164      0.220     0.01784  -1	   0.2041747     0.1016934
     D1FFW-a86d      0.018     0.078       0.320     0.631      0.286     0.714      0.276     0.163      0.896     0.478    0.544     0.460   0.825     0.142      0.277     0.01590  -1	   0.2121772     0.2191559
     D1FFW-a87a      0.011     0.067       0.273     0.572      0.195     0.736      0.392     0.278      0.583     0.564    0.514     0.565   0.652     0.198      0.149     0.09157  -1	   0.1116695     0.1139342
     D1FFW-a87b      0.010     0.069       0.266     0.666     -0.031     0.680      0.431     0.326      0.809     0.652    0.535     0.630   0.747     0.170      0.299     0.02007  -1	   0.0586119     0.0170284
     D1FFW-a87c      0.014     0.062       0.266     0.760     -0.162     0.718      0.414     0.384      0.290     0.364    0.494     0.394   0.777     0.150      0.389     0.01916  -1	   0.1858935     0.0607990
     D1FFW-a87d      0.019     0.081       0.305     0.632      0.291     0.705      0.313     0.228      0.500     0.323    0.422     0.410   0.825     0.146      0.250     0.01583  -1	   0.2297995     0.1475633
     D1FFW-a88a      0.015     0.067       0.305     0.618      0.315     0.726      0.422     0.367      0.702     0.471    0.489     0.498   0.853     0.148      0.253     0.04315  -1	   0.2058965     0.1099620
     D1FFW-a88b      0.004     0.072       0.328     0.628      0.260     0.698      0.278     0.263      0.696     0.414    0.422     0.500   0.825     0.159      0.282     0.05532  -1	   0.1693550     0.1644784
     D1FFW-a88c      0.018     0.066       0.297     0.739      0.386     0.738      0.355     0.279      0.666     0.378    0.450     0.442   0.952     0.160      0.245     0.04215  -1	   0.2414273     0.1315857
     D1FFW-a88d      0.015     0.061       0.281     0.542      0.303     0.713      0.463     0.362      0.735     0.370    0.419     0.459   0.574     0.190      0.265     0.06698  -1	   0.1726310     0.1061720
     D1FFW-a89a      0.008     0.075       0.289     0.693      0.044     0.722      0.272     0.356      0.574     0.346    0.409     0.445   0.780     0.178      0.140     0.05403  -1	   0.0654348     0.0388698
     D1FFW-a89b      0.015     0.068       0.289     0.706     -0.070     0.678      0.444     0.654      0.620     0.433    0.447     0.498   0.802     0.184      0.157     0.01924  -1	   0.0150907    -0.0654089
     D1FFW-a89c      0.014     0.062       0.258     0.662      0.035     0.673      0.510     0.717      0.428     0.391    0.413     0.485   0.780     0.171      0.143     0.02705  -1	   0.0526593    -0.0742805
     D1FFW-a89d      0.013     0.055       0.273     0.683      0.166     0.689      0.585     0.732      0.928     0.419    0.464     0.470   0.845     0.159      0.108     0.01788  -1	   0.0389937     0.0307539
      D1FFW-a8a      0.006     0.072       0.266     0.701     -0.086     0.648      0.533     0.649      0.624     0.388    0.455     0.447   0.802     0.143      0.209     0.01408  -1	   0.0203368    -0.0854462
      D1FFW-a8b      0.007     0.071       0.266     0.678     -0.065     0.673      0.420     0.386      0.652     0.373    0.441     0.445   0.747     0.178      0.151     0.02173  -1	   0.0144009    -0.0274850
      D1FFW-a8c     -0.005     0.081       0.312     0.689      0.241     0.708      0.513     0.398      0.765     0.419    0.449     0.482   0.854     0.157      0.131     0.02116  -1	   0.1291395     0.0067217
      D1FFW-a8d      0.007     0.078       0.281     0.618     -0.232     0.692      0.431     0.548      0.986     0.470    0.512     0.479   0.570     0.165      0.072     0.01905  -1	   0.0475340     0.0032638
     D1FFW-a90a      0.017     0.065       0.266     0.664      0.260     0.760      0.320     0.236      0.153     0.418    0.435     0.493   0.892     0.199      0.197     0.04714  -1	   0.2490722     0.2262064
     D1FFW-a90b      0.014     0.060       0.266     0.723     -0.082     0.691      0.488     0.709      0.878     0.452    0.434     0.525   0.802     0.197      0.138     0.01996  -1	  -0.0048763    -0.0016751
     D1FFW-a90c      0.007     0.053       0.219     0.658      0.093     0.628      0.483     0.607      0.837     0.424    0.434     0.500   0.805     0.190      0.122     0.01957  -1	  -0.0212571    -0.0570036
     D1FFW-a90d      0.006     0.062       0.281     0.667      0.099     0.672      0.482     0.449      0.815     0.384    0.435     0.460   0.805     0.175      0.099     0.02553  -1	   0.0141187    -0.0245153
     D1FFW-a91a     -0.002     0.067       0.281     0.729     -0.308     0.671      0.547     0.819      0.813     0.537    0.453     0.588   0.636     0.153      0.184     0.02620  -1	   0.0039911     0.0536665
     D1FFW-a91b      0.009     0.063       0.242     0.776     -0.022     0.657      0.460     0.514      0.791     0.433    0.421     0.519   0.793     0.212      0.211     0.02429  -1	  -0.0090841    -0.0783701
     D1FFW-a91c      0.005     0.054       0.234     0.516      0.202     0.634      0.542     0.681      0.933     0.470    0.418     0.556   0.508     0.246      0.078     0.01662  -1	   0.0714999     0.0128726
     D1FFW-a91d      0.003     0.055       0.227     0.734      0.090     0.640      0.517     0.678      0.891     0.406    0.429     0.485   0.859     0.164      0.149     0.02100  -1	  -0.0243205    -0.0520604
     D1FFW-a92a      0.021     0.084       0.359     0.669     -0.152     0.687      0.444     0.721      0.554     0.453    0.490     0.481   0.730     0.140      0.156     0.03252  -1	   0.0428712    -0.0302468
     D1FFW-a92b      0.011     0.058       0.242     0.676     -0.425     0.722      0.451     0.403      0.873     0.427    0.459     0.482   0.000     0.198      0.225     0.02161  -1	   0.0168726    -0.0374607
     D1FFW-a92c      0.011     0.058       0.250     0.689     -0.477     0.713      0.463     0.428      0.908     0.430    0.433     0.506   0.613     0.198      0.225     0.02197  -1	   0.0500757     0.0117865
     D1FFW-a92d      0.011     0.059       0.242     0.672     -0.333     0.694      0.453     0.415      0.763     0.390    0.419     0.479   0.582     0.199      0.181     0.02124  -1	   0.0324366     0.0128152
     D1FFW-a93a      0.014     0.083       0.352     0.677     -0.120     0.668      0.444     0.777      0.465     0.524    0.503     0.535   0.656     0.140      0.122     0.03198  -1	   0.0423220     0.0016856
     D1FFW-a93b      0.027     0.087       0.383     0.704     -0.098     0.653      0.383     0.483      0.520     0.483    0.551     0.459   0.802     0.157      0.303     0.01820  -1	   0.0927318    -0.1097220
     D1FFW-a93c      0.019     0.074       0.328     0.708     -0.065     0.668      0.390     0.202      0.549     0.440    0.548     0.421   0.802     0.188      0.329     0.01806  -1	   0.0632926     0.0470950
     D1FFW-a93d      0.010     0.078       0.352     0.697      0.235     0.652      0.318     0.417      0.901     0.449    0.522     0.451   0.854     0.157      0.082     0.01772  -1	   0.0857901    -0.0127278
     D1FFW-a94a      0.015     0.080       0.367     0.676     -0.134     0.650      0.396     0.694      0.245     0.518    0.503     0.531   0.656     0.140      0.157     0.03246  -1	   0.0964663    -0.0590995
     D1FFW-a94b      0.017     0.079       0.359     0.734     -0.084     0.666      0.414     0.517      0.173     0.385    0.458     0.443   0.802     0.148      0.281     0.01814  -1	   0.2204313    -0.0704404
     D1FFW-a94c      0.022     0.092       0.383     0.725      0.097     0.666      0.335     0.439      0.334     0.545    0.527     0.536   0.859     0.161      0.283     0.01790  -1	   0.2339825    -0.0771694
     D1FFW-a94d      0.023     0.080       0.359     0.754     -0.004     0.674      0.386     0.490      0.087     0.395    0.457     0.452   0.793     0.165      0.280     0.01819  -1	   0.2984654    -0.0439609
     D1FFW-a95a      0.021     0.091       0.383     0.737      0.082     0.670      0.321     0.418      0.228     0.532    0.499     0.546   0.859     0.153      0.278     0.01785  -1	   0.2681345    -0.0569716
     D1FFW-a95b      0.021     0.093       0.367     0.674     -0.004     0.646      0.311     0.433      0.833     0.478    0.537     0.466   0.747     0.164      0.249     0.01764  -1	   0.0550287    -0.0535898
     D1FFW-a95c      0.021     0.081       0.359     0.669      0.002     0.656      0.367     0.492      0.345     0.416    0.454     0.475   0.780     0.172      0.299     0.01776  -1	   0.1673498    -0.0720472
     D1FFW-a95d      0.026     0.089       0.367     0.663     -0.037     0.663      0.310     0.433      0.497     0.474    0.491     0.499   0.747     0.166      0.309     0.01801  -1	   0.1361920    -0.0421271
     D1FFW-a96a      0.016     0.086       0.359     0.682      0.129     0.643      0.338     0.456      0.228     0.433    0.456     0.489   0.780     0.188      0.328     0.01749  -1	   0.2775725    -0.0652714
     D1FFW-a96b      0.019     0.084       0.367     0.675      0.146     0.635      0.334     0.407      0.429     0.420    0.428     0.501   0.780     0.182      0.318     0.01780  -1	   0.1940741    -0.0335615
     D1FFW-a96c      0.016     0.084       0.367     0.727      0.249     0.669      0.305     0.366      0.422     0.501    0.481     0.532   0.909     0.173      0.313     0.01727  -1	   0.2681946    -0.0077505
     D1FFW-a96d      0.025     0.087       0.375     0.716      0.096     0.648      0.319     0.452      0.216     0.406    0.461     0.460   0.859     0.161      0.298     0.01763  -1	   0.2713835    -0.0883808
     D1FFW-a97a      0.022     0.082       0.359     0.757      0.081     0.664      0.360     0.446      0.181     0.454    0.502     0.472   0.851     0.160      0.280     0.01807  -1	   0.2686492    -0.0584607
     D1FFW-a97b      0.014     0.081       0.328     0.744      0.187     0.670      0.410     0.470      0.825     0.510    0.582     0.458   0.900     0.173      0.049     0.01112  -1	   0.0509080    -0.0946076
     D1FFW-a97c      0.017     0.080       0.312     0.616     -0.004     0.672      0.517     0.444      0.232     0.366    0.479     0.407   0.680     0.141      0.129     0.01262  -1	   0.1243316     0.0278091
     D1FFW-a97d      0.024     0.083       0.352     0.664      0.235     0.671      0.453     0.611      0.658     0.471    0.477     0.508   0.854     0.149      0.115     0.01177  -1	   0.1482413    -0.0115426
     D1FFW-a98a      0.019     0.079       0.344     0.736      0.005     0.662      0.473     0.550      0.860     0.469    0.459     0.521   0.834     0.144      0.086     0.01177  -1	   0.0332344    -0.0250465
     D1FFW-a98b      0.009     0.056       0.281     0.570      0.332     0.697      0.346     0.288      0.614     0.411    0.457     0.467   0.727     0.165      0.261     0.01158  -1	   0.1561195     0.1862232
     D1FFW-a98c      0.021     0.072       0.297     0.660      0.085     0.660      0.453     0.347      0.572     0.489    0.471     0.529   0.805     0.196      0.162     0.01270  -1	   0.0615027    -0.0062712
     D1FFW-a98d      0.012     0.064       0.297     0.726      0.271     0.676      0.324     0.442      0.524     0.517    0.478     0.549   0.946     0.154      0.212     0.01184  -1	   0.1485603    -0.0040623
     D1FFW-a99a      0.025     0.075       0.281     0.600      0.166     0.678      0.485     0.383      0.984     0.435    0.512     0.446   0.778     0.146      0.215     0.01230  -1	   0.1068817    -0.0073288
     D1FFW-a99b      0.019     0.066       0.289     0.669      0.096     0.680      0.459     0.415      0.870     0.436    0.472     0.480   0.805     0.156      0.104     0.01059  -1	   0.0418722    -0.0114842
     D1FFW-a99c      0.006     0.075       0.336     0.737      0.201     0.676      0.416     0.441      0.532     0.478    0.484     0.508   0.909     0.174      0.057     0.01103  -1	   0.0665082    -0.0520346
     D1FFW-a99d      0.024     0.078       0.305     0.681      0.138     0.675      0.570     0.604      0.983     0.444    0.474     0.485   0.780     0.149      0.130     0.01226  -1	   0.1053295    -0.0053311
      D1FFW-a9a      0.005     0.078       0.297     0.643      0.331     0.671      0.440     0.351      0.944     0.500    0.453     0.553   0.853     0.151      0.151     0.02007  -1	   0.2049653     0.0512803
      D1FFW-a9b      0.007     0.075       0.297     0.654      0.172     0.645      0.490     0.471      0.352     0.484    0.471     0.525   0.845     0.158      0.222     0.02247  -1	   0.1416481    -0.0280117
      D1FFW-a9c      0.004     0.082       0.359     0.625      0.461     0.692      0.383     0.318      0.763     0.437    0.440     0.507   0.848     0.150      0.067     0.02255  -1	   0.3149404     0.1526150
      D1FFW-a9d      0.017     0.087       0.344     0.693     -0.280     0.703      0.416     0.377      0.658     0.455    0.444     0.521   0.582     0.128      0.087     0.02503  -1	   0.0436007    -0.0105328
