      D7CEI-a9d      0.079     0.056       0.328     0.647     -0.202     0.708      0.389     0.392      0.429     0.265    0.509     0.287   0.570     0.137      0.201     0.00872  -1	   0.0789127     0.0572281
      D7CEI-a0a      0.067     0.085       0.420     0.756      0.129     0.666      0.503     0.488      0.987     0.333    0.567     0.311   0.826     0.124      0.087     0.01511  -1	   0.0676373     0.0069476
      D7CEI-a0b      0.066     0.085       0.405     0.732      0.163     0.694      0.466     0.412      0.775     0.332    0.531     0.335   0.900     0.127      0.080     0.01518  -1	   0.1096665    -0.0183996
      D7CEI-a0c      0.065     0.075       0.374     0.521      0.040     0.651      0.502     0.497      0.659     0.259    0.496     0.290   0.434     0.128      0.038     0.01075  -1	   0.1108749     0.0765329
      D7CEI-a0d      0.068     0.086       0.374     0.725      0.160     0.670      0.420     0.333      0.986     0.386    0.602     0.331   0.900     0.142      0.100     0.01615  -1	   0.0880362    -0.0745837
    D7CEI-a100a      0.085     0.072       0.328     0.627      0.303     0.729      0.252     0.110      0.406     0.281    0.453     0.342   0.853     0.127      0.127     0.36673   1	   0.2848211     0.3077144
    D7CEI-a100b      0.091     0.069       0.344     0.634      0.482     0.692      0.185     0.077      0.147     0.251    0.477     0.294   0.848     0.154      0.339     0.04520  -1	   0.6025056     0.4931798
    D7CEI-a100c      0.086     0.082       0.359     0.621      0.213     0.707      0.326     0.249      0.680     0.295    0.499     0.324   0.787     0.152      0.143     0.04317  -1	   0.2022999     0.0676424
    D7CEI-a100d      0.078     0.067       0.344     0.714      0.614     0.705      0.164     0.066      0.385     0.285    0.497     0.315   0.950     0.132      0.368     0.71764   1	   0.6491197     0.5015535
    D7CEI-a101a      0.091     0.076       0.351     0.604      0.267     0.695      0.232     0.129      0.360     0.239    0.469     0.288   0.825     0.165      0.329     0.05115  -1	   0.3450126     0.2725136
    D7CEI-a101b      0.076     0.090       0.389     0.556      0.469     0.696      0.205     0.086      0.811     0.305    0.510     0.325   0.722     0.109      0.287     0.07513  -1	   0.4635220     0.3601115
    D7CEI-a101c      0.081     0.074       0.351     0.717      0.143     0.689      0.231     0.162      0.490     0.249    0.477     0.292   0.834     0.137      0.138     0.04478  -1	   0.1537169     0.1164396
    D7CEI-a101d      0.084     0.074       0.336     0.699     -0.022     0.696      0.248     0.192      0.957     0.263    0.527     0.273   0.747     0.135      0.127     0.04502  -1	   0.0444560     0.0935977
    D7CEI-a102a      0.082     0.076       0.366     0.712      0.114     0.711      0.242     0.177      0.341     0.270    0.491     0.305   0.834     0.132      0.132     0.04652  -1	   0.1933948     0.1330208
    D7CEI-a102b      0.084     0.075       0.336     0.735      0.073     0.694      0.246     0.180      0.870     0.279    0.533     0.285   0.859     0.134      0.134     0.04446  -1	   0.0554507     0.0536596
    D7CEI-a102c      0.083     0.073       0.351     0.671      0.094     0.706      0.263     0.193      0.276     0.245    0.503     0.273   0.805     0.127      0.127     0.04707  -1	   0.1958097     0.1618959
    D7CEI-a102d      0.086     0.073       0.336     0.746      0.105     0.699      0.249     0.191      0.226     0.215    0.477     0.257   0.834     0.135      0.114     0.04372  -1	   0.2307864     0.1497604
    D7CEI-a103a      0.076     0.098       0.420     0.620     -0.448     0.685      0.196     0.079      0.810     0.264    0.482     0.305   0.000     0.105      0.033     0.02889  -1	   0.1228574     0.1174544
    D7CEI-a103b      0.067     0.091       0.443     0.688     -0.111     0.649      0.364     0.421      0.823     0.416    0.573     0.380   0.656     0.097      0.095     0.01912  -1	   0.0262974    -0.0158394
    D7CEI-a103c      0.077     0.106       0.443     0.635     -0.468     0.687      0.186     0.089      0.985     0.316    0.532     0.320   0.000     0.100      0.029     0.02889  -1	   0.1144134     0.0858442
    D7CEI-a103d      0.060     0.079       0.374     0.754      0.074     0.683      0.329     0.291      0.461     0.281    0.507     0.305   0.851     0.123      0.061     0.01560  -1	   0.0809246    -0.0262625
    D7CEI-a104a      0.079     0.096       0.420     0.646     -0.350     0.684      0.208     0.083      0.631     0.259    0.484     0.298   0.515     0.096      0.123     0.02920  -1	   0.0946633     0.1709747
    D7CEI-a104b      0.082     0.073       0.336     0.690      0.033     0.702      0.316     0.257      0.589     0.260    0.478     0.303   0.780     0.121      0.127     0.04617  -1	   0.1044589     0.0705022
    D7CEI-a104c      0.056     0.079       0.382     0.731     -0.027     0.687      0.333     0.320      0.318     0.285    0.482     0.326   0.802     0.125      0.069     0.01590  -1	   0.1011108    -0.0057686
    D7CEI-a104d      0.072     0.070       0.366     0.687     -0.032     0.676      0.373     0.220      0.374     0.289    0.480     0.331   0.747     0.111      0.087     0.02065  -1	   0.0967023     0.1207445
    D7CEI-a105a      0.081     0.098       0.420     0.604     -0.283     0.675      0.235     0.138      0.879     0.278    0.483     0.318   0.515     0.110     -0.005     0.02937  -1	   0.1270282     0.1334245
    D7CEI-a105b      0.083     0.091       0.389     0.676     -0.071     0.670      0.221     0.190      0.657     0.312    0.530     0.318   0.747     0.121      0.124     0.02528  -1	   0.0804269     0.0618836
    D7CEI-a105c      0.083     0.092       0.427     0.719     -0.172     0.665      0.269     0.238      0.586     0.371    0.534     0.370   0.785     0.110      0.132     0.02567  -1	   0.0581593    -0.0082495
    D7CEI-a105d      0.071     0.071       0.382     0.715      0.029     0.686      0.376     0.227      0.326     0.324    0.487     0.360   0.834     0.106      0.089     0.02094  -1	   0.1186192     0.1192555
    D7CEI-a106a      0.077     0.107       0.420     0.623     -0.399     0.675      0.177     0.069      0.803     0.315    0.495     0.346   0.394     0.103      0.104     0.02903  -1	   0.1171354     0.1838875
    D7CEI-a106b      0.084     0.091       0.412     0.679     -0.174     0.667      0.310     0.324      0.873     0.334    0.521     0.345   0.730     0.117      0.112     0.02511  -1	   0.0488554    -0.0040889
    D7CEI-a106c      0.077     0.100       0.412     0.604     -0.478     0.681      0.243     0.150      0.882     0.270    0.482     0.310   0.546     0.108     -0.022     0.03555  -1	   0.1556036     0.1313598
    D7CEI-a106d      0.083     0.087       0.435     0.697      0.020     0.672      0.238     0.235      0.629     0.297    0.503     0.322   0.780     0.111      0.122     0.02501  -1	   0.0983043     0.0283726
    D7CEI-a107a      0.074     0.055       0.321     0.647     -0.143     0.702      0.534     0.483      0.659     0.298    0.509     0.320   0.589     0.152      0.109     0.01172  -1	   0.0147127     0.0207957
    D7CEI-a107b      0.079     0.074       0.374     0.483     -0.302     0.711      0.473     0.506      0.640     0.236    0.461     0.290   0.118     0.112      0.207     0.01111  -1	   0.1205785     0.0466743
    D7CEI-a107c      0.074     0.052       0.244     0.631     -0.017     0.739      0.429     0.471      0.464     0.349    0.517     0.362   0.680     0.197      0.130     0.00908  -1	   0.0660011     0.0111008
    D7CEI-a107d      0.071     0.069       0.366     0.658     -0.190     0.714      0.403     0.312      0.888     0.304    0.495     0.336   0.730     0.123      0.072     0.01165  -1	   0.0267676     0.0334815
    D7CEI-a108a      0.081     0.083       0.405     0.777     -0.001     0.697      0.232     0.143      0.545     0.273    0.479     0.315   0.793     0.115      0.130     0.05467  -1	   0.1034622     0.0686644
    D7CEI-a108b      0.076     0.098       0.420     0.627     -0.382     0.686      0.213     0.101      0.945     0.291    0.483     0.331   0.471     0.106      0.107     0.03552  -1	   0.1003751     0.1546565
    D7CEI-a108c      0.084     0.080       0.374     0.633      0.286     0.701      0.243     0.138      0.312     0.271    0.485     0.309   0.825     0.146      0.162     0.04221  -1	   0.3154181     0.2105825
    D7CEI-a108d      0.079     0.094       0.405     0.557     -0.257     0.689      0.237     0.102      0.924     0.264    0.498     0.294   0.389     0.100      0.064     0.02926  -1	   0.1362660     0.1923751
     D7CEI-a10a      0.060     0.081       0.405     0.631      0.341     0.651      0.348     0.269      0.410     0.297    0.505     0.321   0.853     0.103      0.092     0.02139  -1	   0.2506615     0.0921786
     D7CEI-a10b      0.072     0.082       0.389     0.679      0.165     0.678      0.503     0.431      0.942     0.331    0.581     0.298   0.845     0.128      0.078     0.01523  -1	   0.1038025    -0.0076528
     D7CEI-a10c      0.057     0.097       0.458     0.582      0.389     0.645      0.244     0.213      0.809     0.314    0.533     0.318   0.705     0.113      0.059     0.02990  -1	   0.3227804     0.1356586
     D7CEI-a10d      0.061     0.094       0.420     0.609      0.453     0.684      0.240     0.169      0.261     0.314    0.537     0.314   0.848     0.123      0.075     0.03077  -1	   0.4142620     0.1583951
     D7CEI-a11a      0.068     0.073       0.344     0.728     -0.058     0.731      0.334     0.213      0.869     0.334    0.484     0.372   0.802     0.135      0.141     0.01756  -1	   0.0465518     0.0572047
     D7CEI-a11b      0.077     0.066       0.321     0.706      0.377     0.713      0.395     0.347      0.582     0.289    0.494     0.321   0.952     0.152      0.123     0.06322  -1	   0.2360860     0.0391020
     D7CEI-a11c      0.069     0.086       0.427     0.679      0.047     0.669      0.311     0.272      0.700     0.311    0.525     0.321   0.780     0.114      0.109     0.02004  -1	   0.0765010    -0.0012452
     D7CEI-a11d      0.079     0.065       0.328     0.643      0.385     0.707      0.390     0.292      0.391     0.225    0.485     0.262   0.831     0.160      0.130     0.06372  -1	   0.2871429     0.1180070
     D7CEI-a12a      0.062     0.074       0.336     0.631      0.045     0.729      0.365     0.260      0.527     0.372    0.502     0.396   0.713     0.130      0.136     0.01756  -1	   0.1154334     0.1017803
     D7CEI-a12b      0.073     0.075       0.344     0.656      0.120     0.721      0.406     0.257      0.352     0.281    0.471     0.329   0.780     0.138      0.147     0.01889  -1	   0.1971970     0.1240064
     D7CEI-a12c      0.064     0.075       0.374     0.574     -0.035     0.693      0.527     0.502      0.999     0.400    0.581     0.360   0.554     0.128      0.093     0.02129  -1	   0.0919926     0.0404575
     D7CEI-a12d      0.071     0.065       0.359     0.662      0.106     0.696      0.447     0.412      0.680     0.272    0.456     0.331   0.780     0.117      0.129     0.01953  -1	   0.1025492     0.0446594
     D7CEI-a13a      0.070     0.073       0.344     0.695      0.004     0.719      0.295     0.182      0.600     0.276    0.465     0.328   0.780     0.129      0.142     0.01781  -1	   0.0911161     0.1190367
     D7CEI-a13b      0.071     0.073       0.344     0.714     -0.089     0.721      0.343     0.230      0.850     0.330    0.513     0.347   0.802     0.139      0.141     0.01756  -1	   0.0263441     0.0297056
     D7CEI-a13c      0.078     0.070       0.328     0.644      0.410     0.706      0.394     0.290      0.962     0.308    0.554     0.297   0.879     0.169      0.092     0.05893  -1	   0.2501838     0.0553125
     D7CEI-a13d      0.065     0.070       0.298     0.688      0.264     0.674      0.431     0.492      0.879     0.379    0.542     0.371   0.892     0.145      0.080     0.01860  -1	   0.1242670    -0.0353832
     D7CEI-a14a      0.070     0.084       0.397     0.604      0.086     0.690      0.472     0.434      0.798     0.288    0.468     0.339   0.738     0.100      0.062     0.01523  -1	   0.1530226     0.0601644
     D7CEI-a14b      0.081     0.061       0.336     0.642      0.009     0.689      0.413     0.206      0.568     0.320    0.551     0.310   0.713     0.122      0.084     0.01840  -1	   0.0490374     0.1330856
     D7CEI-a14c      0.067     0.081       0.366     0.598      0.341     0.687      0.456     0.310      0.946     0.337    0.516     0.351   0.727     0.112      0.160     0.02667  -1	   0.2927869     0.1202526
     D7CEI-a14d      0.064     0.076       0.351     0.650      0.357     0.689      0.417     0.264      0.806     0.295    0.445     0.363   0.898     0.110      0.162     0.02616  -1	   0.2644924     0.1302503
     D7CEI-a15a      0.069     0.071       0.351     0.610      0.306     0.679      0.474     0.322      0.709     0.298    0.502     0.324   0.853     0.121      0.133     0.02609  -1	   0.1935890     0.0936011
     D7CEI-a15b      0.072     0.090       0.405     0.638      0.121     0.742      0.257     0.100      0.362     0.274    0.489     0.310   0.713     0.105      0.059     0.06335  -1	   0.2153657     0.2077630
     D7CEI-a15c      0.081     0.087       0.389     0.687      0.082     0.729      0.281     0.115      0.998     0.365    0.573     0.334   0.805     0.115      0.106     0.04663  -1	   0.1440624     0.1039003
     D7CEI-a15d      0.081     0.080       0.382     0.651      0.469     0.730      0.244     0.082      0.799     0.314    0.499     0.343   0.915     0.120      0.032     0.04511  -1	   0.3984318     0.2868254
     D7CEI-a16a      0.073     0.074       0.351     0.536      0.107     0.682      0.400     0.361      0.437     0.331    0.505     0.354   0.434     0.131      0.110     0.01717  -1	   0.1642833     0.0937005
     D7CEI-a16b      0.070     0.088       0.405     0.653      0.141     0.726      0.225     0.082      0.305     0.266    0.476     0.311   0.780     0.108      0.059     0.06334  -1	   0.2212542     0.2230001
     D7CEI-a16c      0.065     0.094       0.435     0.652      0.094     0.726      0.202     0.056      0.932     0.351    0.502     0.376   0.805     0.090      0.037     0.06318  -1	   0.1883528     0.2246025
     D7CEI-a16d      0.062     0.107       0.496     0.604     -0.181     0.695      0.336     0.511      1.000     0.459    0.594     0.401   0.617     0.102      0.106     0.01486  -1	   0.0883278     0.0795382
     D7CEI-a17a      0.074     0.088       0.397     0.616      0.104     0.721      0.249     0.094      0.202     0.253    0.470     0.303   0.713     0.103      0.059     0.06252  -1	   0.2425695     0.2634554
     D7CEI-a17b      0.074     0.068       0.321     0.520      0.211     0.692      0.390     0.306      0.508     0.292    0.479     0.334   0.508     0.132      0.131     0.01719  -1	   0.1950518     0.1484851
     D7CEI-a17c      0.070     0.072       0.366     0.526      0.100     0.685      0.474     0.444      0.901     0.380    0.560     0.358   0.434     0.121     -0.000     0.01567  -1	   0.1643434     0.0945287
     D7CEI-a17d      0.076     0.074       0.397     0.524      0.102     0.685      0.485     0.452      0.901     0.323    0.526     0.331   0.434     0.116      0.020     0.01561  -1	   0.1882142     0.1247147
     D7CEI-a18a      0.061     0.072       0.374     0.663     -0.235     0.695      0.543     0.585      0.841     0.375    0.568     0.347   0.637     0.108      0.158     0.01085  -1	  -0.0087391     0.0025965
     D7CEI-a18b      0.075     0.105       0.473     0.668     -0.046     0.686      0.489     0.361      0.764     0.441    0.524     0.441   0.738     0.107      0.190     0.01382  -1	   0.1355717     0.0130742
     D7CEI-a18c      0.070     0.104       0.473     0.662     -0.043     0.689      0.462     0.356      0.891     0.431    0.534     0.425   0.738     0.103      0.168     0.01395  -1	   0.1240809     0.0065774
     D7CEI-a18d      0.057     0.070       0.374     0.697     -0.408     0.700      0.523     0.596      0.622     0.281    0.516     0.297   0.000     0.115      0.191     0.01153  -1	   0.0285407    -0.0109244
     D7CEI-a19a      0.074     0.092       0.427     0.645     -0.072     0.672      0.469     0.514      0.558     0.267    0.496     0.298   0.680     0.105      0.131     0.01321  -1	   0.1041134    -0.0096294
     D7CEI-a19b      0.073     0.076       0.366     0.612      0.004     0.680      0.515     0.584      0.661     0.280    0.489     0.315   0.713     0.123      0.097     0.01133  -1	   0.0863038     0.0181869
     D7CEI-a19c      0.075     0.081       0.366     0.604     -0.077     0.691      0.572     0.668      0.488     0.284    0.468     0.334   0.680     0.119      0.078     0.01126  -1	   0.1138814     0.0348479
     D7CEI-a19d      0.080     0.067       0.328     0.698     -0.003     0.670      0.495     0.424      0.612     0.243    0.431     0.319   0.747     0.145      0.038     0.01127  -1	   0.0760025     0.0239512
      D7CEI-a1a      0.072     0.067       0.336     0.682      0.210     0.673      0.480     0.455      0.631     0.233    0.459     0.288   0.854     0.121      0.070     0.01690  -1	   0.1224724     0.0145879
      D7CEI-a1b      0.074     0.084       0.412     0.609      0.101     0.707      0.436     0.353      0.835     0.292    0.494     0.324   0.713     0.110      0.029     0.01541  -1	   0.1642590     0.0722925
      D7CEI-a1c      0.072     0.090       0.427     0.607      0.130     0.698      0.485     0.461      0.730     0.331    0.519     0.344   0.713     0.098      0.097     0.01589  -1	   0.1795351     0.0672211
      D7CEI-a1d      0.069     0.073       0.359     0.519      0.033     0.697      0.519     0.463      0.838     0.288    0.493     0.321   0.434     0.130      0.143     0.02054  -1	   0.1378042     0.0691309
     D7CEI-a20a      0.069     0.077       0.382     0.677      0.005     0.701      0.407     0.394      0.833     0.342    0.574     0.314   0.780     0.125      0.009     0.01160  -1	   0.0346975    -0.0196320
     D7CEI-a20b      0.068     0.069       0.351     0.571     -0.017     0.712      0.394     0.289      0.773     0.311    0.485     0.349   0.554     0.148      0.168     0.00810  -1	   0.0925328     0.0844275
     D7CEI-a20c      0.070     0.075       0.374     0.644      0.008     0.672      0.553     0.631      0.654     0.265    0.458     0.323   0.713     0.119      0.057     0.01129  -1	   0.0832950     0.0675917
     D7CEI-a20d      0.080     0.096       0.458     0.744     -0.079     0.725      0.428     0.403      0.342     0.313    0.495     0.344   0.802     0.094      0.261     0.01306  -1	   0.2194432    -0.0266804
     D7CEI-a21a      0.071     0.067       0.328     0.563     -0.029     0.682      0.441     0.343      0.794     0.268    0.467     0.319   0.554     0.168      0.177     0.00806  -1	   0.0791692     0.0457551
     D7CEI-a21b      0.069     0.072       0.359     0.624     -0.125     0.699      0.399     0.301      0.590     0.243    0.461     0.298   0.589     0.142      0.169     0.00818  -1	   0.0795928     0.0499023
     D7CEI-a21c      0.068     0.071       0.351     0.627     -0.119     0.693      0.399     0.302      0.676     0.257    0.496     0.289   0.589     0.147      0.172     0.00816  -1	   0.0490236     0.0306688
     D7CEI-a21d      0.071     0.065       0.344     0.566      0.059     0.682      0.466     0.382      0.879     0.247    0.466     0.298   0.612     0.144      0.168     0.00806  -1	   0.0987430     0.0588407
     D7CEI-a22a      0.073     0.069       0.374     0.606      0.163     0.670      0.537     0.583      0.764     0.336    0.499     0.363   0.778     0.113      0.040     0.01222  -1	   0.1238973     0.0862791
     D7CEI-a22b      0.069     0.069       0.336     0.574      0.042     0.711      0.422     0.310      0.930     0.295    0.513     0.314   0.587     0.154      0.168     0.00806  -1	   0.1004793     0.0584587
     D7CEI-a22c      0.069     0.056       0.298     0.530     -0.246     0.696      0.647     0.743      0.974     0.265    0.489     0.300   0.291     0.158      0.066     0.00873  -1	   0.0929187     0.1305719
     D7CEI-a22d      0.070     0.061       0.313     0.609     -0.062     0.701      0.548     0.660      0.826     0.286    0.469     0.336   0.680     0.159      0.065     0.00873  -1	   0.0556865     0.0584278
     D7CEI-a23a      0.053     0.070       0.366     0.678      0.333     0.688      0.406     0.427      0.232     0.321    0.508     0.342   0.920     0.139      0.092     0.00945  -1	   0.2554452     0.0147372
     D7CEI-a23b      0.057     0.070       0.374     0.660      0.302     0.679      0.387     0.431      0.522     0.300    0.516     0.316   0.920     0.144      0.093     0.00950  -1	   0.1594641    -0.0300165
     D7CEI-a23c      0.069     0.083       0.397     0.749      0.163     0.681      0.504     0.480      0.924     0.315    0.539     0.314   0.900     0.124      0.069     0.01498  -1	   0.0899361    -0.0066759
     D7CEI-a23d      0.075     0.080       0.397     0.629      0.135     0.667      0.394     0.436      0.112     0.310    0.495     0.342   0.713     0.097      0.055     0.01266  -1	   0.2360504     0.0355966
     D7CEI-a24a      0.069     0.072       0.344     0.602     -0.130     0.705      0.397     0.288      0.499     0.311    0.496     0.342   0.589     0.151      0.168     0.00809  -1	   0.0897455     0.0732353
     D7CEI-a24b      0.072     0.056       0.313     0.626      0.073     0.676      0.497     0.535      0.859     0.262    0.483     0.302   0.738     0.151      0.150     0.01463  -1	   0.0432502     0.0194926
     D7CEI-a24c      0.055     0.070       0.366     0.645      0.208     0.693      0.403     0.433      0.805     0.352    0.545     0.344   0.787     0.133      0.089     0.00953  -1	   0.1168908     0.0292342
     D7CEI-a24d      0.086     0.095       0.405     0.651     -0.167     0.666      0.440     0.296      0.722     0.297    0.477     0.341   0.730     0.105      0.046     0.01530  -1	   0.0962818     0.0071224
     D7CEI-a25a      0.073     0.077       0.405     0.590     -0.063     0.689      0.493     0.402      0.893     0.308    0.502     0.334   0.554     0.121      0.076     0.01446  -1	   0.0949201     0.0559788
     D7CEI-a25b      0.075     0.082       0.397     0.702      0.163     0.685      0.442     0.377      0.781     0.319    0.555     0.306   0.900     0.130      0.075     0.01534  -1	   0.0970418    -0.0350863
     D7CEI-a25c      0.066     0.081       0.389     0.703      0.208     0.662      0.472     0.375      0.945     0.298    0.548     0.292   0.909     0.131      0.080     0.01510  -1	   0.0933987    -0.0315250
     D7CEI-a25d      0.078     0.089       0.458     0.650      0.057     0.650      0.276     0.224      0.521     0.328    0.501     0.354   0.805     0.106      0.174     0.01674  -1	   0.1438270     0.0472310
     D7CEI-a26a      0.073     0.056       0.267     0.752     -0.015     0.666      0.449     0.590      0.980     0.484    0.585     0.431   0.793     0.178      0.079     0.01971  -1	   0.0071419    -0.0306613
     D7CEI-a26b      0.075     0.083       0.420     0.629      0.286     0.672      0.225     0.141      0.753     0.323    0.528     0.328   0.825     0.120      0.150     0.02019  -1	   0.2262134     0.1569440
     D7CEI-a26c      0.080     0.116       0.519     0.524      0.159     0.649      0.226     0.209      0.499     0.284    0.483     0.324   0.000     0.099      0.121     0.02690  -1	   0.3645716     0.1387149
     D7CEI-a26d      0.064     0.084       0.412     0.748      0.151     0.675      0.487     0.475      0.963     0.340    0.554     0.326   0.900     0.131      0.074     0.01510  -1	   0.0758865    -0.0153787
     D7CEI-a27a      0.071     0.067       0.328     0.727      0.275     0.683      0.472     0.396      0.858     0.273    0.546     0.271   0.946     0.122      0.140     0.01545  -1	   0.1060616    -0.0230297
     D7CEI-a27b      0.056     0.092       0.420     0.625      0.516     0.657      0.177     0.123      0.968     0.356    0.585     0.318   0.842     0.115      0.071     0.02991  -1	   0.4079683     0.2136424
     D7CEI-a27c      0.072     0.085       0.405     0.623      0.141     0.681      0.232     0.154      0.579     0.305    0.500     0.333   0.713     0.116      0.130     0.01972  -1	   0.1700758     0.1474861
     D7CEI-a27d      0.060     0.096       0.458     0.640      0.509     0.666      0.228     0.191      0.999     0.434    0.683     0.308   0.842     0.101      0.079     0.02949  -1	   0.4646959     0.2044313
     D7CEI-a28a      0.058     0.096       0.443     0.616      0.247     0.671      0.275     0.221      0.819     0.323    0.556     0.309   0.787     0.105      0.085     0.02188  -1	   0.2072286     0.0707046
     D7CEI-a28b      0.069     0.074       0.344     0.710     -0.208     0.726      0.327     0.211      0.533     0.324    0.516     0.339   0.691     0.137      0.197     0.01768  -1	   0.0654804     0.0865628
     D7CEI-a28c      0.073     0.069       0.305     0.706      0.312     0.683      0.431     0.458      0.532     0.285    0.480     0.327   0.974     0.146      0.104     0.01828  -1	   0.1772227    -0.0603369
     D7CEI-a28d      0.066     0.073       0.344     0.679     -0.070     0.726      0.335     0.235      0.671     0.312    0.504     0.336   0.747     0.124      0.189     0.01743  -1	   0.0584594     0.0749625
     D7CEI-a29a      0.065     0.065       0.313     0.648      0.006     0.696      0.542     0.499      0.997     0.350    0.539     0.347   0.713     0.121      0.075     0.01689  -1	   0.0617411     0.0247932
     D7CEI-a29b      0.072     0.056       0.313     0.646      0.387     0.716      0.366     0.246      0.292     0.270    0.509     0.292   0.831     0.143      0.140     0.05334  -1	   0.2928717     0.2328064
     D7CEI-a29c      0.067     0.074       0.328     0.753      0.035     0.747      0.330     0.258      0.542     0.281    0.465     0.333   0.826     0.127      0.141     0.01744  -1	   0.1123089     0.0578765
     D7CEI-a29d      0.079     0.081       0.366     0.599      0.105     0.716      0.218     0.058      0.956     0.374    0.510     0.390   0.587     0.113      0.214     0.03695  -1	   0.1997502     0.2999408
      D7CEI-a2a      0.070     0.089       0.420     0.636      0.117     0.693      0.505     0.490      0.416     0.327    0.549     0.318   0.713     0.103      0.097     0.01563  -1	   0.1754682     0.0438709
      D7CEI-a2b      0.070     0.070       0.328     0.713     -0.078     0.729      0.350     0.208      0.621     0.312    0.446     0.380   0.802     0.132      0.144     0.01763  -1	   0.0705733     0.0997541
      D7CEI-a2d      0.065     0.069       0.344     0.570      0.131     0.698      0.505     0.476      0.863     0.293    0.469     0.343   0.587     0.123      0.128     0.01987  -1	   0.1534399     0.0815253
     D7CEI-a30a      0.060     0.108       0.481     0.652      0.475     0.689      0.066     0.007      0.231     0.357    0.514     0.371   0.973     0.101      0.075     0.08196  -1	   0.5095390     0.2789389
     D7CEI-a30b      0.089     0.073       0.344     0.633      0.144     0.730      0.297     0.125      0.700     0.301    0.520     0.314   0.713     0.137      0.055     0.04092  -1	   0.1526647     0.1730539
     D7CEI-a30c      0.065     0.093       0.435     0.646      0.321     0.668      0.199     0.050      0.665     0.346    0.523     0.354   0.853     0.099      0.123     0.08636  -1	   0.2728121     0.2144501
     D7CEI-a30d      0.069     0.092       0.435     0.596      0.093     0.730      0.244     0.086      0.275     0.268    0.447     0.334   0.612     0.101      0.045     0.06375  -1	   0.2384469     0.2435048
     D7CEI-a31a      0.069     0.089       0.405     0.640      0.187     0.715      0.199     0.067      0.181     0.321    0.538     0.321   0.778     0.106      0.051     0.06252  -1	   0.2538281     0.2697698
     D7CEI-a31b      0.078     0.087       0.405     0.635      0.198     0.727      0.248     0.094      0.308     0.255    0.490     0.289   0.778     0.104      0.063     0.06093  -1	   0.2596437     0.2309421
     D7CEI-a31c      0.088     0.076       0.344     0.661      0.060     0.742      0.278     0.104      0.819     0.287    0.509     0.309   0.805     0.131      0.171     0.04196  -1	   0.1188644     0.1774607
     D7CEI-a31d      0.086     0.080       0.351     0.688      0.203     0.737      0.254     0.105      0.673     0.315    0.497     0.344   0.854     0.128      0.159     0.04176  -1	   0.2097772     0.1988832
     D7CEI-a32a      0.067     0.089       0.397     0.600      0.084     0.726      0.255     0.106      0.517     0.289    0.474     0.335   0.738     0.101      0.065     0.06287  -1	   0.1710668     0.2062962
     D7CEI-a32b      0.079     0.084       0.389     0.617      0.358     0.717      0.249     0.092      0.259     0.310    0.485     0.347   0.831     0.106      0.148     0.04750  -1	   0.4039099     0.3416876
     D7CEI-a32c      0.069     0.091       0.427     0.655      0.068     0.716      0.267     0.076      0.287     0.257    0.485     0.295   0.805     0.110      0.081     0.06243  -1	   0.1970314     0.2018966
     D7CEI-a32d      0.070     0.075       0.374     0.602      0.067     0.720      0.374     0.121      0.330     0.294    0.524     0.305   0.738     0.122      0.040     0.05590  -1	   0.1258266     0.2277544
     D7CEI-a33a      0.076     0.091       0.412     0.632      0.061     0.739      0.230     0.083      0.317     0.284    0.469     0.334   0.738     0.105      0.056     0.06352  -1	   0.2042461     0.2313215
     D7CEI-a33b      0.094     0.060       0.321     0.568      0.123     0.724      0.378     0.180      0.578     0.282    0.459     0.339   0.587     0.135      0.117     0.02578  -1	   0.1647363     0.2261675
     D7CEI-a33c      0.070     0.090       0.405     0.609      0.043     0.719      0.282     0.085      0.430     0.289    0.486     0.326   0.713     0.098      0.048     0.06055  -1	   0.1582137     0.2061995
     D7CEI-a33d      0.065     0.097       0.450     0.636     -0.028     0.701      0.265     0.270      0.177     0.324    0.498     0.352   0.680     0.099      0.026     0.01907  -1	   0.1726809     0.0524138
     D7CEI-a34a      0.070     0.089       0.412     0.630      0.185     0.689      0.268     0.150      0.999     0.401    0.622     0.329   0.778     0.119      0.289     0.04005  -1	   0.1954339     0.1063922
     D7CEI-a34b      0.073     0.089       0.405     0.637      0.142     0.711      0.255     0.097      0.456     0.271    0.485     0.309   0.713     0.112      0.051     0.06290  -1	   0.1957048     0.1752200
     D7CEI-a34c      0.076     0.086       0.412     0.665     -0.041     0.703      0.341     0.396      0.599     0.292    0.465     0.344   0.747     0.100      0.060     0.01747  -1	   0.1031643     0.0159779
     D7CEI-a34d      0.077     0.079       0.405     0.590      0.334     0.704      0.285     0.150      0.659     0.312    0.516     0.328   0.727     0.115      0.209     0.04322  -1	   0.3163548     0.2389368
     D7CEI-a35a      0.075     0.102       0.466     0.675     -0.056     0.677      0.392     0.266      0.930     0.420    0.522     0.424   0.663     0.104      0.174     0.01377  -1	   0.1204633     0.0027846
     D7CEI-a35b      0.073     0.110       0.481     0.676     -0.043     0.685      0.472     0.452      0.792     0.387    0.514     0.400   0.738     0.104      0.147     0.01397  -1	   0.1283751     0.0066604
     D7CEI-a35c      0.074     0.088       0.420     0.623     -0.188     0.671      0.474     0.481      0.655     0.298    0.494     0.330   0.664     0.104      0.122     0.01357  -1	   0.0688933    -0.0015119
     D7CEI-a35d      0.067     0.076       0.344     0.557      0.076     0.709      0.333     0.269      0.793     0.361    0.477     0.404   0.612     0.135      0.110     0.01623  -1	   0.1508848     0.1400217
     D7CEI-a36a      0.073     0.090       0.420     0.647     -0.148     0.688      0.439     0.480      0.563     0.257    0.475     0.303   0.589     0.107      0.115     0.01326  -1	   0.0978477     0.0018043
     D7CEI-a36b      0.070     0.074       0.359     0.625     -0.026     0.690      0.537     0.606      0.726     0.264    0.480     0.306   0.680     0.117      0.064     0.01128  -1	   0.0752170     0.0494887
     D7CEI-a36c      0.069     0.095       0.450     0.640      0.032     0.682      0.490     0.492      0.663     0.272    0.488     0.308   0.713     0.112      0.116     0.01326  -1	   0.1289267     0.0291831
     D7CEI-a36d      0.075     0.104       0.466     0.694     -0.028     0.685      0.412     0.292      0.919     0.410    0.505     0.428   0.738     0.104      0.172     0.01373  -1	   0.1341595    -0.0003304
     D7CEI-a37a      0.074     0.051       0.260     0.672     -0.248     0.711      0.427     0.413      0.867     0.253    0.459     0.309   0.637     0.210      0.145     0.00922  -1	   0.0188830     0.0266484
     D7CEI-a37b      0.075     0.069       0.351     0.588     -0.198     0.690      0.379     0.278      0.915     0.357    0.482     0.397   0.538     0.150      0.151     0.00820  -1	   0.0698443     0.0764337
     D7CEI-a37c      0.069     0.091       0.443     0.738     -0.223     0.677      0.355     0.347      0.996     0.398    0.590     0.351   0.691     0.106      0.043     0.00976  -1	  -0.0132466    -0.0477023
     D7CEI-a37d      0.069     0.087       0.412     0.692      0.037     0.690      0.353     0.329      0.893     0.377    0.541     0.370   0.780     0.108      0.014     0.00971  -1	   0.0909811     0.0129541
     D7CEI-a38a      0.066     0.089       0.420     0.672     -0.216     0.692      0.386     0.340      0.846     0.332    0.521     0.343   0.637     0.106      0.028     0.00988  -1	   0.0351639    -0.0031963
     D7CEI-a38b      0.060     0.068       0.351     0.597     -0.318     0.703      0.572     0.771      0.986     0.277    0.489     0.313   0.389     0.129      0.127     0.00898  -1	   0.0533042     0.1499721
     D7CEI-a38c      0.068     0.085       0.405     0.683     -0.062     0.695      0.401     0.364      0.861     0.331    0.510     0.350   0.747     0.108      0.043     0.00966  -1	   0.0604917     0.0040964
     D7CEI-a39a      0.078     0.067       0.366     0.655     -0.043     0.680      0.535     0.407      0.496     0.311    0.450     0.375   0.747     0.124      0.096     0.00954  -1	   0.0849873     0.0667844
     D7CEI-a39b      0.072     0.063       0.351     0.679     -0.240     0.675      0.574     0.754      0.889     0.290    0.508     0.312   0.637     0.163      0.088     0.00921  -1	  -0.0074282     0.1150565
     D7CEI-a39c      0.076     0.076       0.420     0.652      0.146     0.671      0.453     0.306      0.600     0.287    0.480     0.329   0.780     0.093      0.088     0.01131  -1	   0.1418922     0.0990681
     D7CEI-a39d      0.083     0.069       0.359     0.604      0.038     0.686      0.463     0.372      0.622     0.233    0.466     0.284   0.713     0.103      0.105     0.01092  -1	   0.1105001     0.0646361
      D7CEI-a3a      0.076     0.066       0.351     0.692      0.102     0.701      0.466     0.424      0.579     0.251    0.452     0.312   0.780     0.125      0.168     0.01953  -1	   0.1230737     0.0283081
      D7CEI-a3b      0.072     0.088       0.412     0.627      0.133     0.693      0.460     0.426      0.577     0.295    0.505     0.319   0.713     0.102      0.086     0.01527  -1	   0.1709602     0.0421720
      D7CEI-a3c      0.071     0.077       0.366     0.630      0.172     0.684      0.562     0.542      0.255     0.277    0.506     0.300   0.778     0.141      0.058     0.01098  -1	   0.1902008     0.0524132
      D7CEI-a3d      0.067     0.079       0.397     0.606      0.056     0.708      0.479     0.452      0.832     0.277    0.483     0.316   0.738     0.098      0.062     0.01513  -1	   0.1277159     0.0650142
     D7CEI-a40a      0.081     0.065       0.344     0.659     -0.279     0.671      0.541     0.458      0.796     0.303    0.481     0.344   0.582     0.146      0.044     0.01027  -1	   0.0434133     0.0250515
     D7CEI-a40b      0.085     0.058       0.298     0.752      0.145     0.686      0.516     0.437      0.185     0.274    0.436     0.350   0.826     0.153     -0.008     0.01113  -1	   0.1705488     0.1144218
     D7CEI-a40c      0.070     0.069       0.351     0.598     -0.050     0.695      0.380     0.283      0.369     0.242    0.480     0.284   0.554     0.145      0.139     0.00813  -1	   0.1271391     0.1083939
     D7CEI-a40d      0.078     0.073       0.359     0.577      0.160     0.694      0.479     0.403      0.628     0.273    0.469     0.323   0.652     0.102      0.084     0.01107  -1	   0.1752432     0.0938683
     D7CEI-a41a      0.082     0.081       0.344     0.631     -0.034     0.678      0.359     0.292      0.520     0.255    0.462     0.309   0.680     0.118      0.043     0.01482  -1	   0.1215701     0.0616902
     D7CEI-a41b      0.082     0.082       0.374     0.650     -0.203     0.674      0.465     0.265      0.670     0.289    0.483     0.328   0.637     0.115      0.030     0.01517  -1	   0.0730054     0.0442319
     D7CEI-a41c      0.083     0.054       0.298     0.780      0.152     0.695      0.533     0.458      0.324     0.273    0.477     0.317   0.892     0.159     -0.013     0.01105  -1	   0.1006601     0.0737746
     D7CEI-a41d      0.071     0.065       0.344     0.590      0.278     0.674      0.430     0.455      0.929     0.303    0.484     0.342   0.699     0.164      0.034     0.00992  -1	   0.1915040     0.0842284
     D7CEI-a42a      0.077     0.063       0.374     0.497     -0.009     0.664      0.589     0.557      0.975     0.308    0.513     0.326   0.283     0.121      0.032     0.01125  -1	   0.1477960     0.1320684
     D7CEI-a42b      0.077     0.120       0.527     0.586      0.183     0.646      0.192     0.187      0.572     0.319    0.487     0.356   0.499     0.097      0.137     0.02681  -1	   0.3216197     0.1215227
     D7CEI-a42c      0.075     0.070       0.359     0.501     -0.060     0.662      0.592     0.601      0.962     0.314    0.482     0.355   0.401     0.114      0.058     0.01231  -1	   0.1461218     0.1185665
     D7CEI-a42d      0.073     0.070       0.389     0.588      0.148     0.656      0.502     0.524      0.733     0.336    0.529     0.341   0.587     0.099      0.053     0.01229  -1	   0.1257272     0.1068922
     D7CEI-a43a      0.071     0.084       0.420     0.635      0.198     0.672      0.266     0.230      0.597     0.271    0.521     0.284   0.778     0.123      0.075     0.02020  -1	   0.1562604     0.0486408
     D7CEI-a43b      0.072     0.071       0.366     0.591      0.088     0.641      0.430     0.471      0.605     0.386    0.562     0.362   0.612     0.104      0.053     0.01249  -1	   0.0809061     0.0410570
     D7CEI-a43c      0.068     0.055       0.282     0.619      0.051     0.676      0.501     0.524      0.818     0.248    0.471     0.296   0.738     0.157      0.103     0.01439  -1	   0.0375280     0.0127014
     D7CEI-a43d      0.073     0.088       0.412     0.653      0.274     0.672      0.478     0.420      0.935     0.332    0.549     0.323   0.892     0.126      0.115     0.01366  -1	   0.2012071     0.0196537
     D7CEI-a44a      0.079     0.120       0.511     0.504      0.254     0.646      0.263     0.270      0.892     0.473    0.502     0.489   0.000     0.108      0.184     0.02711  -1	   0.4750828     0.1839034
     D7CEI-a44b      0.086     0.116       0.542     0.595      0.134     0.633      0.179     0.156      0.359     0.314    0.553     0.303   0.456     0.094      0.250     0.02562  -1	   0.3513240     0.1085265
     D7CEI-a44c      0.076     0.121       0.534     0.607      0.251     0.638      0.159     0.128      0.966     0.384    0.579     0.347   0.735     0.104      0.152     0.02796  -1	   0.3125483     0.1134733
     D7CEI-a44d      0.076     0.084       0.389     0.668      0.358     0.666      0.251     0.145      0.981     0.340    0.529     0.344   0.898     0.119      0.225     0.04854  -1	   0.2700980     0.1473342
     D7CEI-a45a      0.068     0.089       0.443     0.621      0.165     0.663      0.262     0.244      0.877     0.376    0.535     0.373   0.778     0.105      0.125     0.02116  -1	   0.1725895     0.1029945
     D7CEI-a45b      0.067     0.085       0.420     0.670      0.107     0.679      0.272     0.238      0.663     0.292    0.515     0.309   0.780     0.111      0.099     0.01940  -1	   0.1109400     0.0388252
     D7CEI-a45c      0.051     0.106       0.466     0.660      0.424     0.657      0.207     0.185      0.151     0.363    0.584     0.325   0.895     0.108      0.098     0.03159  -1	   0.4524123     0.0939838
     D7CEI-a45d      0.084     0.060       0.298     0.622      0.064     0.715      0.342     0.211      0.856     0.268    0.500     0.296   0.738     0.135      0.216     0.03129  -1	   0.0776054     0.1524348
     D7CEI-a46a      0.058     0.084       0.427     0.719      0.390     0.695      0.131     0.024      0.705     0.411    0.517     0.419   0.952     0.099      0.136     0.08306  -1	   0.3281629     0.3278660
     D7CEI-a46b      0.077     0.067       0.321     0.622      0.421     0.697      0.432     0.351      0.542     0.256    0.522     0.270   0.879     0.168      0.112     0.05787  -1	   0.2477002     0.0473645
     D7CEI-a46c      0.068     0.095       0.397     0.593      0.127     0.703      0.254     0.091      0.818     0.461    0.551     0.439   0.587     0.122      0.075     0.04947  -1	   0.2130945     0.1766691
     D7CEI-a46d      0.075     0.073       0.351     0.673      0.053     0.730      0.322     0.214      0.616     0.331    0.478     0.374   0.805     0.124      0.154     0.01740  -1	   0.1197648     0.1178525
     D7CEI-a47a      0.081     0.090       0.412     0.663      0.347     0.736      0.280     0.088      0.816     0.307    0.520     0.320   0.920     0.107      0.042     0.04780  -1	   0.3205720     0.1953889
     D7CEI-a47b      0.072     0.096       0.443     0.558      0.341     0.679      0.179     0.048      0.429     0.355    0.525     0.362   0.727     0.098      0.099     0.08682  -1	   0.3487971     0.2962159
     D7CEI-a47c      0.059     0.095       0.450     0.634      0.343     0.673      0.145     0.028      0.316     0.319    0.510     0.339   0.853     0.102      0.129     0.08588  -1	   0.3510416     0.2744731
     D7CEI-a47d      0.063     0.092       0.443     0.634      0.405     0.677      0.134     0.026      0.702     0.320    0.528     0.326   0.879     0.101      0.129     0.09214  -1	   0.3395859     0.2831937
     D7CEI-a48a      0.083     0.089       0.420     0.635      0.166     0.725      0.239     0.092      0.308     0.274    0.494     0.305   0.778     0.105      0.026     0.06254  -1	   0.2352373     0.2049417
     D7CEI-a48b      0.069     0.088       0.397     0.629      0.100     0.712      0.249     0.096      0.275     0.263    0.467     0.314   0.713     0.111      0.023     0.06296  -1	   0.1986059     0.2101154
     D7CEI-a48c      0.065     0.090       0.450     0.654      0.414     0.696      0.136     0.028      0.681     0.329    0.534     0.331   0.945     0.105      0.101     0.09067  -1	   0.3441494     0.2773379
     D7CEI-a48d      0.073     0.074       0.374     0.629     -0.152     0.742      0.343     0.090      0.548     0.367    0.619     0.303   0.664     0.119      0.109     0.05809  -1	   0.0356922     0.1905900
     D7CEI-a49a      0.078     0.089       0.412     0.651      0.140     0.739      0.239     0.084      0.291     0.275    0.475     0.320   0.780     0.108      0.059     0.06272  -1	   0.2423088     0.2312566
     D7CEI-a49b      0.080     0.088       0.397     0.622      0.204     0.709      0.293     0.140      0.261     0.237    0.462     0.290   0.787     0.108      0.048     0.06108  -1	   0.2740966     0.1909625
     D7CEI-a49c      0.088     0.078       0.366     0.644      0.107     0.734      0.310     0.130      0.671     0.296    0.495     0.327   0.713     0.124      0.171     0.04231  -1	   0.1741959     0.1773469
     D7CEI-a49d      0.068     0.091       0.435     0.627      0.041     0.711      0.275     0.110      0.556     0.289    0.493     0.322   0.713     0.104      0.080     0.06464  -1	   0.1410383     0.1420212
      D7CEI-a4a      0.068     0.075       0.366     0.652      0.048     0.689      0.388     0.376      0.619     0.330    0.480     0.371   0.780     0.130      0.097     0.01671  -1	   0.0917316     0.0114132
      D7CEI-a4b      0.081     0.076       0.366     0.630     -0.026     0.697      0.369     0.379      0.535     0.338    0.496     0.367   0.680     0.130      0.097     0.01655  -1	   0.1027884     0.0276017
      D7CEI-a4c      0.077     0.098       0.466     0.589      0.105     0.699      0.380     0.296      0.729     0.319    0.519     0.332   0.587     0.105      0.020     0.01567  -1	   0.2032086     0.0866566
      D7CEI-a4d      0.071     0.076       0.366     0.697     -0.031     0.706      0.364     0.284      0.380     0.296    0.483     0.336   0.747     0.127      0.040     0.01178  -1	   0.0960223     0.0455276
     D7CEI-a50a      0.067     0.092       0.435     0.639      0.073     0.727      0.246     0.102      0.465     0.295    0.479     0.337   0.738     0.106      0.057     0.06330  -1	   0.1696235     0.1647693
     D7CEI-a50b      0.085     0.074       0.313     0.647      0.166     0.724      0.223     0.078      0.516     0.271    0.507     0.294   0.778     0.131      0.152     0.04008  -1	   0.1816594     0.2908233
     D7CEI-a50c      0.075     0.089       0.389     0.599      0.051     0.705      0.269     0.106      0.449     0.248    0.484     0.287   0.612     0.103      0.059     0.06317  -1	   0.1729557     0.1969016
     D7CEI-a50d      0.082     0.085       0.412     0.664      0.348     0.716      0.226     0.078      0.736     0.289    0.500     0.316   0.920     0.097      0.119     0.04957  -1	   0.3113232     0.2401809
     D7CEI-a51a      0.074     0.092       0.412     0.623      0.208     0.716      0.220     0.117      0.991     0.428    0.577     0.387   0.787     0.123      0.153     0.04085  -1	   0.2589876     0.2002674
     D7CEI-a51b      0.071     0.099       0.450     0.633      0.181     0.684      0.174     0.127      0.850     0.438    0.595     0.382   0.778     0.096      0.209     0.03551  -1	   0.2359409     0.1802228
     D7CEI-a51c      0.091     0.065       0.313     0.625      0.058     0.726      0.329     0.145      0.763     0.316    0.448     0.382   0.738     0.149      0.199     0.02569  -1	   0.1307619     0.2116793
     D7CEI-a51d      0.074     0.077       0.382     0.600      0.149     0.706      0.235     0.126      0.891     0.287    0.550     0.281   0.713     0.117      0.170     0.04355  -1	   0.1464553     0.1954784
     D7CEI-a52a      0.069     0.093       0.435     0.636      0.141     0.711      0.232     0.139      0.512     0.379    0.564     0.353   0.713     0.106      0.262     0.04061  -1	   0.2565377     0.1776483
     D7CEI-a52c      0.083     0.073       0.359     0.561      0.294     0.695      0.380     0.180      0.643     0.253    0.488     0.290   0.699     0.104      0.171     0.02853  -1	   0.2576350     0.2176495
     D7CEI-a52d      0.073     0.100       0.435     0.603      0.220     0.686      0.285     0.322      0.853     0.529    0.537     0.513   0.787     0.110      0.124     0.03194  -1	   0.2993107     0.1408835
     D7CEI-a53a      0.071     0.092       0.443     0.645      0.174     0.706      0.247     0.138      0.994     0.431    0.596     0.375   0.778     0.113      0.240     0.04016  -1	   0.2293225     0.1442009
     D7CEI-a53b      0.068     0.093       0.450     0.662      0.093     0.711      0.240     0.150      0.970     0.390    0.605     0.333   0.805     0.105      0.240     0.03998  -1	   0.1497159     0.0917128
     D7CEI-a53c      0.085     0.066       0.351     0.649      0.206     0.724      0.430     0.233      0.676     0.288    0.465     0.342   0.787     0.128      0.139     0.02625  -1	   0.1841569     0.1486746
     D7CEI-a53d      0.075     0.097       0.443     0.656      0.212     0.704      0.197     0.096      0.984     0.381    0.586     0.339   0.854     0.109      0.141     0.03975  -1	   0.2339110     0.1537035
     D7CEI-a54a      0.069     0.082       0.435     0.573      0.126     0.668      0.394     0.360      0.962     0.325    0.514     0.342   0.587     0.093      0.083     0.01496  -1	   0.1892393     0.1224062
     D7CEI-a54b      0.086     0.078       0.412     0.509      0.019     0.686      0.443     0.342      0.946     0.328    0.494     0.359   0.434     0.121      0.073     0.01820  -1	   0.1966505     0.1144523
     D7CEI-a54c      0.074     0.101       0.481     0.616      0.122     0.667      0.299     0.221      0.684     0.314    0.524     0.324   0.691     0.105      0.152     0.01925  -1	   0.1903269     0.0564981
     D7CEI-a54d      0.076     0.105       0.481     0.612      0.020     0.667      0.266     0.181      0.687     0.334    0.518     0.347   0.691     0.104      0.144     0.01944  -1	   0.1531891     0.0603468
     D7CEI-a55a      0.067     0.087       0.397     0.617      0.147     0.686      0.460     0.465      0.790     0.291    0.501     0.317   0.713     0.111      0.116     0.01099  -1	   0.1650179     0.0376911
     D7CEI-a55b      0.074     0.085       0.435     0.623     -0.072     0.667      0.599     0.655      0.997     0.359    0.566     0.334   0.680     0.098      0.122     0.02267  -1	   0.0642240     0.1259151
     D7CEI-a55c      0.057     0.059       0.321     0.659     -0.271     0.691      0.542     0.594      0.852     0.273    0.449     0.337   0.582     0.152      0.191     0.01133  -1	   0.0098511     0.0190885
     D7CEI-a55d      0.064     0.093       0.427     0.725     -0.287     0.684      0.360     0.362      0.841     0.368    0.533     0.368   0.636     0.109      0.054     0.00995  -1	   0.0066400    -0.0380124
     D7CEI-a56a      0.073     0.052       0.275     0.649     -0.285     0.720      0.504     0.474      0.799     0.272    0.451     0.334   0.515     0.191      0.110     0.00929  -1	   0.0453807     0.0188796
     D7CEI-a56b      0.077     0.073       0.336     0.672      0.077     0.665      0.387     0.292      0.362     0.283    0.464     0.336   0.805     0.132      0.053     0.01110  -1	   0.1329367     0.0595743
     D7CEI-a56c      0.068     0.087       0.397     0.660     -0.247     0.702      0.355     0.315      0.903     0.319    0.515     0.335   0.637     0.113      0.044     0.00969  -1	   0.0495745     0.0174787
     D7CEI-a56d      0.079     0.070       0.336     0.647     -0.086     0.665      0.540     0.439      0.637     0.279    0.473     0.326   0.680     0.135      0.034     0.01139  -1	   0.0619244     0.0356733
     D7CEI-a57a      0.071     0.051       0.290     0.527     -0.225     0.698      0.689     0.774      0.979     0.726    0.600     0.653   0.291     0.182     -0.027     0.00972  -1	   0.1016757     0.0904359
     D7CEI-a57b      0.067     0.086       0.412     0.622      0.160     0.685      0.534     0.484      1.000     0.389    0.604     0.332   0.778     0.114      0.066     0.01101  -1	   0.1608148     0.0606283
     D7CEI-a57c      0.080     0.065       0.344     0.651     -0.202     0.714      0.489     0.414      0.709     0.259    0.445     0.325   0.637     0.129      0.053     0.01134  -1	   0.0605834     0.0353380
     D7CEI-a57d      0.078     0.074       0.351     0.682     -0.002     0.665      0.471     0.348      0.693     0.301    0.494     0.333   0.747     0.131      0.083     0.01129  -1	   0.0600712     0.0093011
     D7CEI-a58a      0.072     0.066       0.344     0.554      0.011     0.663      0.533     0.527      0.741     0.339    0.521     0.349   0.587     0.115      0.076     0.01244  -1	   0.0734935     0.0564976
     D7CEI-a58b      0.064     0.058       0.298     0.561     -0.232     0.688      0.605     0.715      0.974     0.303    0.496     0.333   0.444     0.158      0.069     0.00870  -1	   0.0691623     0.1026983
     D7CEI-a58c      0.081     0.063       0.336     0.702     -0.248     0.677      0.567     0.525      0.563     0.292    0.500     0.320   0.691     0.144      0.064     0.01013  -1	   0.0309931     0.0215160
     D7CEI-a58d      0.081     0.072       0.366     0.542     -0.078     0.671      0.504     0.216      0.927     0.296    0.513     0.314   0.401     0.100      0.203     0.01617  -1	   0.0955452     0.0800147
     D7CEI-a59a      0.055     0.103       0.450     0.656     -0.292     0.655      0.358     0.324      0.611     0.464    0.568     0.427   0.663     0.110      0.370     0.02044  -1	   0.1091969    -0.0419051
     D7CEI-a59b      0.082     0.077       0.321     0.646     -0.033     0.694      0.357     0.212      0.424     0.246    0.471     0.294   0.680     0.125      0.079     0.01781  -1	   0.1346877     0.1355946
     D7CEI-a59c      0.085     0.093       0.405     0.630     -0.106     0.684      0.447     0.294      0.605     0.282    0.494     0.314   0.589     0.109      0.023     0.01526  -1	   0.1118182     0.0365035
     D7CEI-a59d      0.084     0.088       0.389     0.618     -0.123     0.697      0.426     0.243      0.412     0.273    0.524     0.284   0.589     0.121      0.034     0.01446  -1	   0.1152802     0.0817923
      D7CEI-a5a      0.072     0.072       0.366     0.627     -0.167     0.717      0.422     0.332      0.727     0.314    0.460     0.371   0.664     0.133      0.047     0.01173  -1	   0.0645825     0.0426469
      D7CEI-a5b      0.065     0.075       0.359     0.653     -0.046     0.707      0.525     0.619      0.720     0.294    0.486     0.331   0.747     0.116      0.097     0.01126  -1	   0.0602769     0.0174393
      D7CEI-a5c      0.073     0.052       0.252     0.698     -0.083     0.744      0.525     0.628      0.430     0.258    0.498     0.288   0.747     0.213      0.176     0.00949  -1	   0.0718315    -0.0619581
      D7CEI-a5d      0.067     0.065       0.328     0.613      0.141     0.716      0.454     0.520      0.535     0.292    0.503     0.317   0.713     0.154      0.065     0.00989  -1	   0.1078015     0.0025864
     D7CEI-a60a      0.083     0.082       0.374     0.584      0.059     0.680      0.355     0.193      0.427     0.246    0.449     0.309   0.612     0.111     -0.007     0.01373  -1	   0.1669875     0.1417814
     D7CEI-a60b      0.088     0.088       0.397     0.638     -0.043     0.696      0.418     0.270      0.252     0.282    0.506     0.307   0.680     0.115      0.064     0.01487  -1	   0.1793280     0.1030572
     D7CEI-a60c      0.081     0.088       0.382     0.673     -0.111     0.689      0.400     0.247      0.189     0.291    0.522     0.303   0.656     0.114      0.070     0.01497  -1	   0.1838425     0.1374776
     D7CEI-a60d      0.072     0.102       0.450     0.643     -0.194     0.616      0.280     0.209      1.000     0.781    0.769     0.565   0.617     0.121      0.100     0.01575  -1	   0.0907519    -0.0090299
     D7CEI-a61a      0.086     0.094       0.405     0.651     -0.192     0.674      0.430     0.314      0.350     0.285    0.443     0.355   0.730     0.118      0.017     0.01486  -1	   0.1502117     0.0356897
     D7CEI-a61b      0.069     0.083       0.397     0.728      0.122     0.679      0.492     0.413      0.970     0.319    0.534     0.321   0.834     0.127      0.083     0.01524  -1	   0.0882156    -0.0066932
     D7CEI-a61c      0.084     0.095       0.397     0.639     -0.108     0.664      0.449     0.291      0.515     0.299    0.472     0.346   0.589     0.103      0.025     0.01508  -1	   0.1294035     0.0513730
     D7CEI-a61d      0.079     0.098       0.473     0.602     -0.113     0.654      0.272     0.262      0.492     0.363    0.528     0.367   0.589     0.108      0.091     0.01384  -1	   0.1057957     0.0425247
     D7CEI-a62a      0.064     0.086       0.427     0.624      0.172     0.673      0.299     0.246      0.581     0.287    0.507     0.309   0.778     0.119      0.076     0.02033  -1	   0.1522295     0.0495594
     D7CEI-a62b      0.099     0.060       0.305     0.653      0.339     0.692      0.343     0.363      0.728     0.289    0.509     0.311   0.920     0.144      0.103     0.05066  -1	   0.1907035     0.0448063
     D7CEI-a62c      0.068     0.056       0.275     0.742      0.048     0.678      0.454     0.568      0.979     0.527    0.601     0.458   0.834     0.165      0.021     0.01982  -1	   0.0331265    -0.0209925
     D7CEI-a62d      0.088     0.053       0.267     0.658      0.019     0.685      0.363     0.285      0.910     0.306    0.489     0.341   0.780     0.165      0.121     0.04147  -1	   0.0412908     0.0887231
     D7CEI-a63a      0.078     0.110       0.519     0.647      0.207     0.651      0.175     0.162      0.412     0.281    0.506     0.305   0.751     0.100      0.111     0.02760  -1	   0.2840495     0.0565719
     D7CEI-a63b      0.082     0.121       0.511     0.594      0.308     0.649      0.183     0.139      0.904     0.403    0.546     0.389   0.425     0.117      0.284     0.02752  -1	   0.4486850     0.1532912
     D7CEI-a63c      0.082     0.068       0.344     0.647      0.291     0.717      0.278     0.137      0.773     0.312    0.536     0.314   0.825     0.129      0.375     0.41165   1	   0.2469545     0.2337905
     D7CEI-a63d      0.083     0.120       0.519     0.584      0.263     0.639      0.137     0.102      0.733     0.342    0.540     0.339   0.499     0.109      0.170     0.02854  -1	   0.3611873     0.1481641
     D7CEI-a64a      0.075     0.071       0.382     0.738      0.056     0.659      0.281     0.287      0.927     0.331    0.526     0.339   0.859     0.105      0.192     0.06403  -1	   0.0341048     0.0243544
     D7CEI-a64b      0.090     0.062       0.336     0.775      0.333     0.708      0.220     0.158      0.456     0.266    0.495     0.298   0.966     0.156      0.344     0.09568  -1	   0.3303265     0.1924591
     D7CEI-a64c      0.070     0.107       0.504     0.550      0.137     0.642      0.280     0.380      0.311     0.353    0.525     0.359   0.456     0.101      0.195     0.02597  -1	   0.3087620     0.0714341
     D7CEI-a64d      0.082     0.117       0.527     0.599      0.274     0.648      0.175     0.141      0.638     0.331    0.514     0.347   0.499     0.109      0.111     0.02790  -1	   0.3684025     0.1346183
     D7CEI-a65a      0.078     0.076       0.382     0.668      0.092     0.682      0.261     0.087      0.682     0.281    0.496     0.311   0.805     0.114      0.098     0.07829  -1	   0.1004468     0.1580741
     D7CEI-a65b      0.073     0.076       0.382     0.554      0.370     0.679      0.215     0.055      0.100     0.299    0.478     0.342   0.705     0.108      0.093     0.08901  -1	   0.3787562     0.4116981
     D7CEI-a65c      0.063     0.090       0.435     0.595      0.329     0.687      0.166     0.044      0.524     0.307    0.505     0.331   0.727     0.101      0.027     0.09760  -1	   0.2861637     0.2596299
     D7CEI-a65d      0.068     0.083       0.405     0.683      0.299     0.694      0.209     0.080      0.344     0.311    0.501     0.338   0.892     0.102      0.117     0.08793  -1	   0.2887541     0.2424035
     D7CEI-a66a      0.076     0.085       0.405     0.678      0.418     0.723      0.228     0.077      0.557     0.299    0.515     0.316   0.945     0.111      0.069     0.04890  -1	   0.3498504     0.2337292
     D7CEI-a66b      0.063     0.093       0.420     0.668      0.343     0.686      0.179     0.037      0.495     0.340    0.541     0.336   0.920     0.101      0.080     0.08719  -1	   0.2809732     0.2183167
     D7CEI-a66c      0.071     0.086       0.412     0.636     -0.078     0.683      0.245     0.076      0.850     0.322    0.538     0.321   0.680     0.103      0.112     0.08336  -1	   0.0608196     0.1418316
     D7CEI-a66d      0.062     0.089       0.405     0.622      0.102     0.697      0.269     0.103      0.519     0.293    0.492     0.327   0.713     0.106      0.059     0.06291  -1	   0.1512675     0.1624778
     D7CEI-a67a      0.076     0.091       0.412     0.610      0.152     0.710      0.293     0.096      0.376     0.266    0.490     0.301   0.778     0.106      0.107     0.06211  -1	   0.2348572     0.2113200
     D7CEI-a67b      0.064     0.091       0.427     0.686      0.026     0.713      0.287     0.114      0.234     0.291    0.476     0.336   0.780     0.113      0.057     0.06267  -1	   0.1804268     0.1648321
     D7CEI-a67c      0.070     0.076       0.374     0.601      0.050     0.716      0.357     0.119      0.249     0.261    0.495     0.294   0.738     0.115      0.050     0.05645  -1	   0.1552948     0.2556341
     D7CEI-a67d      0.071     0.094       0.450     0.625      0.175     0.741      0.219     0.059      0.391     0.283    0.495     0.314   0.778     0.098      0.045     0.06225  -1	   0.2425466     0.2277816
     D7CEI-a68a      0.070     0.090       0.412     0.641      0.241     0.704      0.233     0.121      0.999     0.417    0.627     0.339   0.787     0.114      0.278     0.04037  -1	   0.2585578     0.1698324
     D7CEI-a68b      0.077     0.093       0.420     0.620      0.235     0.707      0.233     0.123      0.984     0.417    0.566     0.386   0.787     0.122      0.167     0.04004  -1	   0.2798602     0.1917182
     D7CEI-a68c      0.072     0.088       0.412     0.633      0.262     0.706      0.240     0.117      0.957     0.389    0.566     0.362   0.825     0.118      0.308     0.03899  -1	   0.2740733     0.2009647
     D7CEI-a68d      0.076     0.081       0.389     0.616     -0.099     0.720      0.341     0.089      0.559     0.260    0.487     0.297   0.680     0.113      0.053     0.05790  -1	   0.0883129     0.1692251
     D7CEI-a69a      0.072     0.093       0.443     0.575      0.253     0.716      0.190     0.086      1.000     0.500    0.634     0.405   0.699     0.113      0.200     0.04160  -1	   0.3490849     0.2993660
     D7CEI-a69b      0.068     0.091       0.412     0.593      0.094     0.731      0.225     0.082      0.375     0.267    0.468     0.317   0.612     0.098      0.027     0.06363  -1	   0.2056268     0.2403103
     D7CEI-a69c      0.070     0.092       0.443     0.640      0.005     0.734      0.258     0.098      0.370     0.317    0.467     0.368   0.713     0.107      0.056     0.06342  -1	   0.1634426     0.1790976
     D7CEI-a69d      0.068     0.092       0.435     0.673      0.129     0.702      0.245     0.148      0.872     0.380    0.577     0.345   0.780     0.110      0.276     0.04021  -1	   0.1740553     0.0962328
      D7CEI-a6a      0.072     0.066       0.344     0.584      0.143     0.677      0.548     0.538      0.612     0.242    0.463     0.295   0.587     0.141      0.133     0.01109  -1	   0.1360544     0.0724348
      D7CEI-a6b      0.071     0.064       0.321     0.600      0.028     0.731      0.464     0.557      0.682     0.278    0.508     0.300   0.713     0.163      0.065     0.00977  -1	   0.0644837    -0.0023089
      D7CEI-a6c      0.075     0.061       0.336     0.606     -0.087     0.702      0.290     0.264      0.446     0.259    0.486     0.297   0.680     0.137      0.167     0.00879  -1	   0.0857414     0.1495208
      D7CEI-a6d      0.072     0.083       0.435     0.640     -0.307     0.691      0.574     0.593      0.722     0.279    0.472     0.326   0.515     0.094      0.120     0.01292  -1	   0.0476432     0.0680805
     D7CEI-a70a      0.061     0.088       0.412     0.643      0.043     0.705      0.296     0.148      0.333     0.382    0.540     0.375   0.713     0.107      0.265     0.03997  -1	   0.2336157     0.2002710
     D7CEI-a70b      0.071     0.091       0.412     0.647      0.233     0.701      0.216     0.117      0.998     0.404    0.596     0.351   0.787     0.110      0.278     0.04057  -1	   0.2549168     0.1844781
     D7CEI-a70c      0.079     0.077       0.382     0.575      0.248     0.712      0.282     0.188      0.908     0.279    0.507     0.303   0.661     0.118      0.189     0.03922  -1	   0.2497915     0.2073955
     D7CEI-a70d      0.072     0.080       0.443     0.587      0.384     0.695      0.209     0.129      0.636     0.314    0.557     0.300   0.705     0.103      0.148     0.04604  -1	   0.3473289     0.2683297
     D7CEI-a71a      0.072     0.087       0.412     0.603      0.278     0.707      0.224     0.120      0.912     0.334    0.553     0.322   0.825     0.117      0.162     0.04093  -1	   0.2584984     0.2068371
     D7CEI-a71b      0.071     0.069       0.328     0.741     -0.048     0.701      0.432     0.502      0.398     0.265    0.474     0.311   0.802     0.153      0.060     0.03792  -1	   0.0801679    -0.0531862
     D7CEI-a71c      0.077     0.077       0.374     0.626      0.131     0.681      0.314     0.181      0.975     0.406    0.545     0.394   0.713     0.117      0.303     0.03948  -1	   0.1602470     0.1333374
     D7CEI-a71d      0.072     0.088       0.420     0.641      0.204     0.706      0.236     0.116      0.848     0.376    0.566     0.350   0.787     0.116      0.308     0.03991  -1	   0.2338632     0.1766849
     D7CEI-a72a      0.081     0.069       0.366     0.601      0.072     0.668      0.450     0.433      0.689     0.242    0.441     0.310   0.738     0.120      0.116     0.01644  -1	   0.1178973     0.0487425
     D7CEI-a72b      0.072     0.087       0.412     0.603      0.261     0.709      0.269     0.153      0.943     0.369    0.556     0.350   0.825     0.115      0.200     0.04175  -1	   0.2652843     0.1864318
     D7CEI-a72c      0.075     0.062       0.366     0.639      0.333     0.692      0.298     0.240      0.490     0.233    0.461     0.286   0.853     0.126      0.276     0.09024  -1	   0.2836353     0.1769202
     D7CEI-a72d      0.066     0.066       0.336     0.545     -0.236     0.695      0.662     0.641      0.977     0.302    0.505     0.326   0.291     0.125      0.080     0.01350  -1	   0.0886470     0.0893048
     D7CEI-a73a      0.066     0.071       0.359     0.543     -0.080     0.692      0.649     0.645      0.986     0.322    0.525     0.331   0.401     0.118      0.072     0.01402  -1	   0.1105445     0.1236236
     D7CEI-a73b      0.062     0.068       0.328     0.552     -0.087     0.688      0.610     0.595      0.965     0.266    0.521     0.280   0.554     0.124      0.105     0.01391  -1	   0.0682760     0.0651679
     D7CEI-a73c      0.081     0.083       0.412     0.496     -0.076     0.677      0.635     0.529      0.831     0.258    0.450     0.321   0.283     0.111      0.259     0.01415  -1	   0.1568863     0.0910473
     D7CEI-a74a      0.071     0.068       0.344     0.563     -0.202     0.683      0.663     0.661      0.989     0.315    0.528     0.321   0.444     0.124      0.101     0.01367  -1	   0.0689048     0.1021017
     D7CEI-a74b      0.069     0.068       0.359     0.521     -0.117     0.673      0.610     0.584      0.968     0.288    0.541     0.288   0.310     0.120      0.138     0.01379  -1	   0.0771420     0.0747367
     D7CEI-a74c      0.078     0.053       0.260     0.608     -0.474     0.717      0.458     0.405      0.700     0.272    0.483     0.312   0.546     0.201      0.205     0.00883  -1	   0.1033542     0.0486404
     D7CEI-a74d      0.080     0.056       0.298     0.649     -0.335     0.686      0.521     0.582      0.382     0.279    0.467     0.331   0.515     0.184      0.117     0.01270  -1	   0.1266533     0.0206405
     D7CEI-a75a      0.076     0.065       0.351     0.667     -0.220     0.667      0.443     0.302      0.998     0.373    0.562     0.350   0.637     0.120      0.082     0.01247  -1	   0.0073286     0.0166241
     D7CEI-a75b      0.074     0.073       0.397     0.566     -0.179     0.644      0.423     0.352      0.946     0.423    0.625     0.346   0.538     0.120      0.185     0.01463  -1	   0.0183441     0.0097995
     D7CEI-a75c      0.078     0.068       0.328     0.636     -0.443     0.682      0.426     0.341      0.754     0.266    0.500     0.294   0.000     0.130      0.341     0.01263  -1	   0.0544356    -0.0126168
     D7CEI-a75d      0.077     0.074       0.359     0.549     -0.209     0.669      0.409     0.426      0.959     0.393    0.576     0.357   0.291     0.130      0.131     0.01442  -1	   0.0717373     0.0388973
     D7CEI-a76a      0.070     0.076       0.374     0.520      0.032     0.708      0.528     0.520      0.899     0.278    0.476     0.323   0.434     0.127      0.072     0.01128  -1	   0.1781534     0.1098740
     D7CEI-a76b      0.074     0.056       0.298     0.686      0.159     0.671      0.408     0.298      0.712     0.269    0.463     0.323   0.845     0.158      0.126     0.01182  -1	   0.0633739     0.0420427
     D7CEI-a76c      0.070     0.067       0.336     0.586     -0.311     0.678      0.421     0.367      0.589     0.265    0.467     0.316   0.389     0.126      0.237     0.01307  -1	   0.0859315     0.0572147
     D7CEI-a76d      0.068     0.084       0.374     0.670     -0.133     0.697      0.456     0.458      0.956     0.409    0.582     0.367   0.656     0.121      0.141     0.03016  -1	   0.0455250    -0.0247255
     D7CEI-a77a      0.074     0.071       0.328     0.610     -0.271     0.686      0.361     0.173      0.863     0.259    0.461     0.314   0.515     0.120      0.213     0.01595  -1	   0.0626995     0.1349082
     D7CEI-a77b      0.080     0.090       0.374     0.675      0.231     0.664      0.343     0.245      0.335     0.283    0.475     0.328   0.854     0.124     -0.023     0.01510  -1	   0.2088196     0.0260526
     D7CEI-a77c      0.081     0.097       0.397     0.657     -0.188     0.680      0.451     0.305      0.182     0.279    0.451     0.342   0.730     0.109      0.013     0.01507  -1	   0.1967103     0.0884870
     D7CEI-a77d      0.080     0.088       0.382     0.589      0.087     0.677      0.378     0.303      0.616     0.286    0.481     0.328   0.612     0.114      0.043     0.01514  -1	   0.1657140     0.0641146
     D7CEI-a78a      0.066     0.101       0.405     0.679      0.131     0.647      0.346     0.213      0.254     0.311    0.498     0.340   0.843     0.117     -0.016     0.01558  -1	   0.1788371     0.0259277
     D7CEI-a78b      0.086     0.093       0.405     0.628     -0.154     0.665      0.456     0.295      0.682     0.281    0.475     0.327   0.664     0.104      0.023     0.01522  -1	   0.1051294     0.0304337
     D7CEI-a78c      0.086     0.093       0.405     0.589     -0.071     0.676      0.457     0.322      0.571     0.300    0.515     0.317   0.554     0.110      0.061     0.01519  -1	   0.1277764     0.0446886
     D7CEI-a78d      0.074     0.091       0.420     0.603     -0.033     0.683      0.401     0.214      0.841     0.309    0.507     0.331   0.680     0.092      0.179     0.01685  -1	   0.1145711     0.0616105
     D7CEI-a79a      0.070     0.084       0.458     0.627      0.036     0.668      0.325     0.322      0.342     0.319    0.521     0.331   0.713     0.098      0.166     0.01965  -1	   0.1662750     0.0432001
     D7CEI-a79b      0.075     0.110       0.481     0.645      0.074     0.649      0.235     0.175      0.724     0.411    0.558     0.388   0.677     0.093      0.206     0.02914  -1	   0.1882819     0.0545569
     D7CEI-a79d      0.064     0.072       0.397     0.457      0.032     0.647      0.610     0.640      0.997     0.297    0.530     0.303   0.316     0.117     -0.021     0.01157  -1	   0.1827812     0.1977559
      D7CEI-a7a      0.053     0.071       0.389     0.654      0.209     0.690      0.437     0.481      0.410     0.266    0.485     0.305   0.854     0.139      0.093     0.00948  -1	   0.1485465    -0.0181042
      D7CEI-a7b      0.078     0.053       0.321     0.646     -0.456     0.732      0.496     0.499      0.340     0.217    0.464     0.267   0.546     0.168      0.136     0.00817  -1	   0.1427965     0.0099230
      D7CEI-a7c      0.076     0.064       0.313     0.657      0.018     0.708      0.628     0.693      0.853     0.259    0.477     0.303   0.780     0.152      0.122     0.01087  -1	   0.0559310     0.0604520
      D7CEI-a7d      0.058     0.073       0.366     0.608      0.254     0.702      0.484     0.565      0.085     0.266    0.491     0.300   0.825     0.151      0.089     0.00966  -1	   0.2816366    -0.0230973
     D7CEI-a80a      0.081     0.108       0.496     0.590      0.223     0.644      0.190     0.157      0.452     0.279    0.477     0.324   0.516     0.106      0.098     0.02718  -1	   0.3180969     0.1282247
     D7CEI-a80b      0.076     0.123       0.534     0.636      0.307     0.653      0.161     0.124      0.555     0.314    0.515     0.331   0.660     0.110      0.150     0.02870  -1	   0.3965181     0.0974887
     D7CEI-a80c      0.076     0.044       0.267     0.654     -0.242     0.719      0.530     0.518      0.858     0.249    0.469     0.298   0.773     0.204      0.096     0.01162  -1	   0.0009858     0.0080528
     D7CEI-a80d      0.067     0.082       0.405     0.663      0.399     0.687      0.153     0.029      0.489     0.305    0.487     0.343   0.898     0.099      0.156     0.09652  -1	   0.3474693     0.3352944
     D7CEI-a81a      0.082     0.113       0.511     0.562      0.264     0.651      0.197     0.174      0.479     0.298    0.496     0.328   0.499     0.100      0.127     0.02729  -1	   0.3761565     0.1490436
     D7CEI-a81b      0.075     0.122       0.550     0.590      0.238     0.627      0.189     0.171      0.657     0.319    0.532     0.322   0.516     0.102      0.177     0.02830  -1	   0.3356734     0.0949824
     D7CEI-a81c      0.078     0.123       0.519     0.536      0.162     0.629      0.220     0.214      0.127     0.318    0.520     0.330   0.000     0.096      0.256     0.02494  -1	   0.5010172     0.1306851
     D7CEI-a81d      0.073     0.077       0.366     0.612      0.312     0.656      0.260     0.101      0.832     0.378    0.554     0.361   0.853     0.129      0.235     0.05173  -1	   0.2157252     0.2052413
     D7CEI-a82a      0.073     0.063       0.336     0.702     -0.232     0.677      0.432     0.417      0.813     0.250    0.487     0.287   0.691     0.127      0.106     0.04655  -1	  -0.0008719     0.0020483
     D7CEI-a82b      0.081     0.090       0.412     0.669      0.392     0.652      0.195     0.113      0.903     0.385    0.526     0.388   0.898     0.119      0.183     0.04575  -1	   0.3252379     0.1903626
     D7CEI-a82c      0.076     0.091       0.405     0.698      0.312     0.639      0.233     0.151      1.000     0.465    0.608     0.396   0.920     0.114      0.220     0.04755  -1	   0.2521173     0.0976775
     D7CEI-a82d      0.078     0.090       0.405     0.648      0.339     0.660      0.260     0.146      0.884     0.435    0.552     0.414   0.853     0.124      0.256     0.04591  -1	   0.3116812     0.1638711
     D7CEI-a83a      0.078     0.068       0.351     0.693      0.591     0.706      0.172     0.068      0.280     0.324    0.499     0.352   0.890     0.135      0.336     0.71357   1	   0.6662503     0.5348390
     D7CEI-a83b      0.057     0.077       0.374     0.684      0.228     0.694      0.157     0.027      0.381     0.292    0.492     0.326   0.854     0.124      0.059     0.08980  -1	   0.1751411     0.2635746
     D7CEI-a83c      0.072     0.102       0.435     0.611      0.398     0.723      0.114     0.017      0.718     0.384    0.597     0.333   0.710     0.115      0.055     0.08375  -1	   0.4130668     0.3026222
     D7CEI-a83d      0.086     0.062       0.344     0.647      0.595     0.701      0.215     0.107      0.866     0.342    0.502     0.367   0.823     0.127      0.334     0.64112   1	   0.5170473     0.4587451
     D7CEI-a84a      0.076     0.068       0.344     0.694      0.629     0.700      0.161     0.062      0.497     0.318    0.529     0.323   0.896     0.135      0.345     0.70132   1	   0.6128289     0.4869357
     D7CEI-a84b      0.081     0.073       0.366     0.690      0.634     0.691      0.173     0.064      0.308     0.305    0.508     0.327   0.896     0.129      0.322     0.68030   1	   0.7015875     0.5030930
     D7CEI-a84c      0.080     0.085       0.405     0.629      0.367     0.720      0.247     0.087      0.655     0.279    0.495     0.310   0.831     0.115      0.076     0.04788  -1	   0.3290412     0.2368507
     D7CEI-a84d      0.076     0.064       0.321     0.697      0.626     0.731      0.164     0.062      0.598     0.279    0.496     0.309   0.896     0.135      0.386     0.71228   1	   0.5948695     0.5250046
     D7CEI-a85a      0.083     0.068       0.336     0.646      0.276     0.718      0.278     0.133      0.715     0.286    0.513     0.305   0.825     0.125      0.404     0.39374   1	   0.2522387     0.2519500
     D7CEI-a85b      0.083     0.070       0.336     0.677      0.265     0.726      0.296     0.148      0.834     0.334    0.562     0.314   0.892     0.121      0.383     0.35930   1	   0.2277636     0.1931112
     D7CEI-a85c      0.070     0.090       0.427     0.645      0.057     0.731      0.278     0.112      0.298     0.266    0.462     0.321   0.738     0.108      0.056     0.06256  -1	   0.1971674     0.1844519
     D7CEI-a85d      0.085     0.069       0.328     0.641      0.299     0.717      0.245     0.107      0.691     0.284    0.500     0.311   0.825     0.122      0.422     0.37969   1	   0.2854568     0.3182421
     D7CEI-a86a      0.086     0.059       0.328     0.658      0.640     0.697      0.204     0.083      0.137     0.308    0.491     0.342   0.896     0.142      0.295     0.67251   1	   0.7076043     0.6059741
     D7CEI-a86b      0.078     0.086       0.374     0.596      0.494     0.692      0.185     0.072      0.318     0.310    0.518     0.324   0.722     0.109      0.315     0.07365  -1	   0.5786222     0.4424006
     D7CEI-a86c      0.072     0.081       0.427     0.609      0.362     0.708      0.213     0.128      0.590     0.355    0.554     0.339   0.831     0.106      0.124     0.04476  -1	   0.3192405     0.2557629
     D7CEI-a87a      0.073     0.087       0.405     0.628      0.245     0.684      0.270     0.149      0.705     0.335    0.505     0.358   0.787     0.119      0.335     0.04000  -1	   0.2683016     0.1697406
     D7CEI-a87b      0.068     0.092       0.435     0.652      0.191     0.716      0.210     0.115      0.980     0.411    0.596     0.357   0.845     0.109      0.240     0.04051  -1	   0.2277058     0.1771213
     D7CEI-a87c      0.068     0.093       0.427     0.647      0.189     0.726      0.225     0.129      0.611     0.343    0.532     0.345   0.778     0.103      0.289     0.04034  -1	   0.2765681     0.1964800
     D7CEI-a87d      0.079     0.076       0.389     0.586      0.410     0.700      0.228     0.122      0.934     0.380    0.582     0.341   0.752     0.107      0.206     0.04331  -1	   0.3755991     0.3252288
     D7CEI-a88a      0.087     0.069       0.351     0.559      0.258     0.690      0.343     0.268      0.897     0.305    0.511     0.324   0.699     0.114      0.190     0.04974  -1	   0.2246077     0.1717867
     D7CEI-a88b      0.079     0.095       0.412     0.561      0.405     0.686      0.239     0.122      0.876     0.375    0.568     0.348   0.752     0.111      0.277     0.08134  -1	   0.4188784     0.2657508
     D7CEI-a88c      0.068     0.083       0.389     0.654      0.471     0.673      0.213     0.123      0.612     0.334    0.497     0.363   0.915     0.118      0.158     0.08450  -1	   0.3734503     0.2334479
     D7CEI-a88d      0.078     0.092       0.397     0.577      0.412     0.694      0.254     0.143      0.750     0.346    0.537     0.344   0.752     0.104      0.283     0.08066  -1	   0.4223520     0.2670229
     D7CEI-a89a      0.075     0.078       0.382     0.582     -0.063     0.687      0.330     0.181      0.696     0.314    0.525     0.323   0.554     0.117      0.109     0.01921  -1	   0.0829062     0.1188077
     D7CEI-a89b      0.070     0.091       0.420     0.607      0.252     0.720      0.207     0.108      0.989     0.432    0.591     0.380   0.825     0.120      0.163     0.04050  -1	   0.2882905     0.2411525
     D7CEI-a89c      0.076     0.082       0.374     0.686      0.180     0.678      0.352     0.286      0.791     0.380    0.479     0.420   0.845     0.122      0.288     0.02454  -1	   0.1935593     0.0517938
     D7CEI-a89d      0.075     0.086       0.458     0.524      0.029     0.678      0.319     0.147      0.386     0.298    0.495     0.329   0.434     0.098      0.151     0.01910  -1	   0.1970166     0.1995263
      D7CEI-a8a      0.078     0.057       0.336     0.625     -0.232     0.710      0.381     0.365      0.314     0.255    0.491     0.288   0.570     0.129      0.199     0.00873  -1	   0.1237836     0.1017495
      D7CEI-a8b      0.058     0.081       0.389     0.620      0.211     0.683      0.394     0.468      0.351     0.306    0.513     0.324   0.787     0.148      0.086     0.00972  -1	   0.1855928    -0.0378208
      D7CEI-a8c      0.078     0.056       0.328     0.631     -0.210     0.704      0.396     0.383      0.358     0.235    0.476     0.278   0.570     0.133      0.191     0.00868  -1	   0.1116706     0.0835624
      D7CEI-a8d      0.068     0.072       0.344     0.614     -0.215     0.700      0.428     0.341      0.652     0.270    0.499     0.298   0.570     0.158      0.132     0.00810  -1	   0.0513104     0.0153221
     D7CEI-a90a      0.070     0.109       0.481     0.672     -0.059     0.679      0.392     0.277      0.826     0.437    0.532     0.432   0.663     0.101      0.155     0.01381  -1	   0.1253617    -0.0026408
     D7CEI-a90b      0.080     0.077       0.359     0.630     -0.112     0.699      0.357     0.269      0.882     0.286    0.445     0.354   0.589     0.101      0.116     0.02316  -1	   0.1090170     0.1070879
     D7CEI-a90c      0.070     0.109       0.481     0.667     -0.072     0.675      0.351     0.271      0.785     0.502    0.533     0.490   0.663     0.096      0.070     0.01426  -1	   0.1211306     0.0183232
     D7CEI-a90d      0.081     0.064       0.313     0.602     -0.444     0.690      0.533     0.451      0.571     0.297    0.473     0.344   0.000     0.137      0.110     0.01494  -1	   0.1153123    -0.0017966
     D7CEI-a91a      0.082     0.110       0.435     0.705     -0.098     0.684      0.209     0.153      0.418     0.340    0.539     0.337   0.719     0.102      0.144     0.02284  -1	   0.1674975     0.0635513
     D7CEI-a91b      0.063     0.088       0.427     0.643     -0.309     0.685      0.308     0.199      0.667     0.286    0.509     0.307   0.515     0.108      0.539     0.01695  -1	   0.0945593     0.0727774
     D7CEI-a91c      0.057     0.098       0.443     0.709     -0.192     0.656      0.343     0.396      0.936     0.362    0.554     0.346   0.785     0.099      0.131     0.01955  -1	  -0.0036838    -0.0569197
     D7CEI-a91d      0.062     0.071       0.328     0.646     -0.306     0.682      0.370     0.344      0.768     0.261    0.481     0.303   0.515     0.148      0.214     0.01263  -1	   0.0380346     0.0308463
     D7CEI-a92a      0.070     0.066       0.328     0.581     -0.226     0.679      0.422     0.371      0.538     0.269    0.467     0.320   0.444     0.131      0.203     0.01305  -1	   0.0897219     0.0679882
     D7CEI-a92b      0.086     0.095       0.405     0.634     -0.122     0.679      0.419     0.282      0.676     0.300    0.466     0.353   0.589     0.104      0.061     0.01514  -1	   0.1267161     0.0371647
     D7CEI-a92c      0.057     0.098       0.427     0.648     -0.419     0.676      0.401     0.340      0.812     0.320    0.535     0.322   0.000     0.115      0.336     0.02017  -1	   0.0431476    -0.0655914
     D7CEI-a92d      0.065     0.090       0.412     0.648     -0.134     0.674      0.265     0.117      0.696     0.488    0.540     0.472   0.589     0.118      0.399     0.01905  -1	   0.1301793     0.1332390
     D7CEI-a93a      0.070     0.068       0.321     0.606     -0.295     0.693      0.420     0.339      0.618     0.274    0.476     0.319   0.515     0.132      0.198     0.01289  -1	   0.0760938     0.0611767
     D7CEI-a93b      0.058     0.091       0.397     0.669     -0.315     0.694      0.345     0.200      0.836     0.342    0.505     0.363   0.582     0.114      0.381     0.01947  -1	   0.0422859     0.0265601
     D7CEI-a93d      0.076     0.101       0.405     0.649     -0.377     0.669      0.186     0.095      0.859     0.296    0.517     0.311   0.394     0.105      0.035     0.02932  -1	   0.0948593     0.1433817
     D7CEI-a94a      0.081     0.078       0.313     0.649     -0.058     0.700      0.336     0.188      0.627     0.269    0.513     0.288   0.680     0.135      0.095     0.01726  -1	   0.0852628     0.1069665
     D7CEI-a94b      0.063     0.093       0.405     0.587     -0.396     0.673      0.402     0.301      0.924     0.308    0.529     0.315   0.345     0.110      0.429     0.01959  -1	   0.0388342    -0.0070078
     D7CEI-a94c      0.073     0.070       0.328     0.552     -0.312     0.686      0.396     0.319      0.359     0.274    0.466     0.326   0.389     0.129      0.161     0.01314  -1	   0.1537512     0.1374058
     D7CEI-a94d      0.075     0.072       0.336     0.579      0.131     0.702      0.352     0.369      0.502     0.276    0.501     0.303   0.587     0.133      0.304     0.01524  -1	   0.2041263     0.0856190
     D7CEI-a95a      0.073     0.103       0.450     0.624      0.044     0.660      0.285     0.214      0.585     0.402    0.609     0.340   0.691     0.111      0.181     0.02335  -1	   0.1556829     0.0253791
     D7CEI-a95b      0.075     0.070       0.336     0.588      0.078     0.708      0.363     0.379      0.545     0.282    0.504     0.307   0.612     0.130      0.293     0.01541  -1	   0.1625388     0.0704988
     D7CEI-a95c      0.072     0.070       0.359     0.637      0.004     0.702      0.349     0.340      0.337     0.259    0.463     0.313   0.713     0.121      0.341     0.01501  -1	   0.2247542     0.0900888
     D7CEI-a95d      0.085     0.103       0.466     0.605      0.271     0.648      0.225     0.152      0.779     0.327    0.583     0.294   0.735     0.115      0.197     0.02576  -1	   0.2698429     0.0797682
     D7CEI-a96a      0.067     0.118       0.527     0.561      0.093     0.622      0.228     0.195      0.789     0.325    0.518     0.339   0.441     0.100      0.169     0.02649  -1	   0.2246918     0.0884726
     D7CEI-a96b      0.076     0.107       0.435     0.673     -0.440     0.670      0.179     0.099      0.904     0.337    0.512     0.353   0.620     0.103      0.025     0.02915  -1	   0.0877107     0.1212017
     D7CEI-a96c      0.077     0.119       0.534     0.597      0.255     0.655      0.176     0.138      0.838     0.307    0.513     0.324   0.499     0.104      0.129     0.02726  -1	   0.3653066     0.1544301
     D7CEI-a96d      0.085     0.105       0.504     0.599      0.049     0.648      0.235     0.219      0.457     0.284    0.520     0.299   0.456     0.097      0.239     0.02609  -1	   0.2483644     0.0856697
     D7CEI-a97a      0.073     0.098       0.412     0.649     -0.385     0.684      0.195     0.090      0.886     0.408    0.591     0.359   0.471     0.103      0.101     0.04191  -1	   0.0491745     0.1324535
     D7CEI-a97b      0.082     0.113       0.481     0.579      0.220     0.655      0.164     0.125      0.824     0.334    0.502     0.359   0.516     0.106      0.119     0.02771  -1	   0.3254558     0.1847533
     D7CEI-a97c      0.077     0.087       0.397     0.721      0.354     0.640      0.217     0.131      1.000     0.427    0.579     0.385   0.952     0.111      0.220     0.04750  -1	   0.2609387     0.1212831
     D7CEI-a97d      0.083     0.101       0.450     0.615      0.218     0.665      0.204     0.126      0.469     0.301    0.532     0.306   0.751     0.107      0.180     0.02375  -1	   0.2847660     0.1358258
     D7CEI-a98a      0.071     0.112       0.481     0.536      0.068     0.643      0.341     0.367      0.836     0.348    0.508     0.368   0.000     0.099      0.187     0.02509  -1	   0.2660890     0.0973962
     D7CEI-a98b      0.082     0.085       0.405     0.691      0.388     0.641      0.246     0.143      0.909     0.357    0.514     0.371   0.898     0.112      0.108     0.04647  -1	   0.2839313     0.1356528
     D7CEI-a98c      0.078     0.067       0.351     0.701      0.618     0.696      0.155     0.058      0.319     0.295    0.507     0.319   0.950     0.135      0.354     0.71965   1	   0.6661623     0.5190456
     D7CEI-a98d      0.071     0.096       0.458     0.690      0.190     0.650      0.264     0.159      0.879     0.418    0.549     0.401   0.845     0.107      0.144     0.03035  -1	   0.1815070     0.0619250
     D7CEI-a99a      0.086     0.060       0.328     0.666      0.658     0.693      0.198     0.102      0.184     0.365    0.531     0.366   0.857     0.139      0.235     0.65492   1	   0.6793687     0.5545155
     D7CEI-a99b      0.087     0.081       0.374     0.669      0.294     0.704      0.257     0.161      0.180     0.292    0.472     0.341   0.892     0.136      0.139     0.04328  -1	   0.3664071     0.2111680
     D7CEI-a99c      0.078     0.068       0.351     0.698      0.623     0.697      0.160     0.061      0.345     0.300    0.514     0.317   0.896     0.135      0.345     0.71322   1	   0.6660467     0.5115070
     D7CEI-a99d      0.078     0.066       0.351     0.695      0.611     0.701      0.180     0.072      0.283     0.271    0.491     0.305   0.896     0.135      0.369     0.70302   1	   0.6903432     0.5280136
      D7CEI-a9a      0.075     0.062       0.305     0.643      0.011     0.703      0.626     0.697      0.774     0.235    0.467     0.284   0.713     0.136      0.098     0.01088  -1	   0.0640811     0.0798133
      D7CEI-a9b      0.065     0.079       0.389     0.555      0.062     0.663      0.460     0.471      0.350     0.257    0.535     0.263   0.612     0.131      0.038     0.01075  -1	   0.1176615     0.0156462
      D7CEI-a9c      0.066     0.084       0.420     0.753      0.140     0.669      0.501     0.433      0.982     0.333    0.561     0.314   0.826     0.125      0.076     0.01502  -1	   0.0761176     0.0079330
      D7CEI-a9d      0.079     0.056       0.328     0.647     -0.202     0.708      0.389     0.392      0.429     0.265    0.509     0.287   0.570     0.137      0.201     0.00872  -1	   0.0789127     0.0572281
