      D1SYX-a9c      0.046     0.058       0.235     0.763     -0.021     0.574      0.413     0.328      0.375     0.680    0.549     0.647   0.793     0.196      0.394     0.02811  -1	   0.2204481     0.0809967
      D1SYX-a0a      0.064     0.057       0.243     0.586     -0.025     0.607      0.387     0.222      0.891     0.666    0.558     0.624   0.554     0.170      0.249     0.01388  -1	   0.0671796     0.1214004
      D1SYX-a0b      0.042     0.077       0.287     0.682     -0.264     0.627      0.411     0.086      0.733     0.831    0.558     0.793   0.582     0.143      0.875     0.06934  -1	   0.3338812     0.1957064
      D1SYX-a0c      0.042     0.076       0.294     0.676     -0.234     0.636      0.419     0.092      0.747     0.822    0.539     0.794   0.637     0.147      1.004     0.06905  -1	   0.3883990     0.1998937
      D1SYX-a0d      0.049     0.060       0.257     0.714      0.372     0.606      0.336     0.045      0.353     0.806    0.558     0.767   0.952     0.142      0.054     0.06128  -1	   0.1775078     0.3868378
    D1SYX-a100a      0.054     0.067       0.294     0.615      0.214     0.611      0.370     0.090      0.382     0.842    0.527     0.821   0.787     0.145      0.411     0.01493  -1	   0.3117652     0.3345423
    D1SYX-a100b      0.051     0.066       0.272     0.772      0.128     0.633      0.303     0.095      0.541     0.754    0.612     0.674   0.826     0.135      0.130     0.01432  -1	   0.1270034     0.2306597
    D1SYX-a100c      0.052     0.069       0.265     0.698      0.392     0.611      0.257     0.062      0.415     0.757    0.577     0.702   0.898     0.169      0.106     0.01389  -1	   0.2348295     0.3195012
    D1SYX-a101a      0.058     0.045       0.184     0.685      0.157     0.618      0.467     0.146      0.646     0.802    0.539     0.775   0.794     0.201      1.282     0.01068  -1	   0.6612044     0.3272338
    D1SYX-a101b      0.065     0.050       0.213     0.694     -0.193     0.600      0.516     0.244      0.875     0.842    0.559     0.805   0.757     0.208      0.718     0.01064  -1	   0.2109818     0.1233856
    D1SYX-a101c      0.063     0.064       0.257     0.628      0.017     0.619      0.338     0.150      0.779     0.768    0.570     0.720   0.713     0.150      0.205     0.01407  -1	   0.1077468     0.2003837
    D1SYX-a101d      0.055     0.050       0.206     0.780      0.030     0.624      0.475     0.087      0.644     0.809    0.549     0.775   0.785     0.196      0.860     0.01102  -1	   0.4148719     0.2978501
    D1SYX-a102a      0.057     0.043       0.199     0.740      0.096     0.623      0.465     0.143      0.549     0.839    0.562     0.800   0.841     0.192      0.669     0.01099  -1	   0.3544050     0.3325651
    D1SYX-a102b      0.064     0.044       0.191     0.668      0.022     0.606      0.472     0.149      0.851     0.826    0.528     0.805   0.781     0.191      0.669     0.01079  -1	   0.2001967     0.2380131
    D1SYX-a102c      0.060     0.045       0.191     0.696      0.111     0.615      0.456     0.133      0.461     0.809    0.519     0.792   0.827     0.201      1.282     0.01079  -1	   0.8164553     0.4014241
    D1SYX-a102d      0.054     0.051       0.199     0.775      0.194     0.618      0.469     0.074      0.483     0.781    0.547     0.748   0.892     0.206      1.108     0.01122  -1	   0.7621163     0.4636382
    D1SYX-a103a      0.056     0.051       0.206     0.754      0.040     0.631      0.482     0.085      0.659     0.797    0.531     0.774   0.826     0.212      1.108     0.01117  -1	   0.5469260     0.3118154
    D1SYX-a103b      0.056     0.052       0.213     0.774      0.154     0.616      0.457     0.065      0.555     0.786    0.530     0.763   0.892     0.200      1.108     0.01114  -1	   0.6850635     0.3967356
    D1SYX-a103c      0.060     0.049       0.228     0.762      0.483     0.634      0.402     0.060      0.129     0.762    0.492     0.763   0.895     0.191      0.222     0.01114  -1	   0.4208760     0.6454901
    D1SYX-a103d      0.056     0.051       0.213     0.810      0.118     0.618      0.460     0.069      0.487     0.794    0.525     0.774   0.663     0.218      0.860     0.01108  -1	   0.5354381     0.3326811
    D1SYX-a104a      0.050     0.050       0.228     0.686      0.359     0.614      0.466     0.155      0.623     0.736    0.530     0.714   0.903     0.193      0.523     0.01630  -1	   0.3272391     0.3636689
    D1SYX-a104b      0.056     0.051       0.213     0.779      0.146     0.616      0.466     0.071      0.518     0.786    0.535     0.761   0.826     0.210      0.860     0.01104  -1	   0.5222333     0.3877570
    D1SYX-a104c      0.059     0.058       0.243     0.677     -0.057     0.617      0.467     0.146      0.816     0.703    0.537     0.678   0.747     0.183      0.789     0.01782  -1	   0.2132643     0.1669469
    D1SYX-a104d      0.047     0.058       0.272     0.616      0.022     0.629      0.453     0.079      0.591     0.712    0.533     0.689   0.713     0.166      0.447     0.01491  -1	   0.1580372     0.2924094
    D1SYX-a105a      0.057     0.058       0.250     0.709     -0.031     0.621      0.498     0.153      0.519     0.767    0.546     0.734   0.802     0.181      0.503     0.01805  -1	   0.2427435     0.2452530
    D1SYX-a105b      0.060     0.044       0.184     0.674      0.029     0.619      0.478     0.160      0.718     0.847    0.533     0.824   0.781     0.200      0.669     0.01064  -1	   0.2476642     0.2616344
    D1SYX-a105c      0.053     0.060       0.287     0.720      0.070     0.606      0.446     0.059      0.559     0.763    0.523     0.745   0.859     0.157      0.686     0.01421  -1	   0.3540846     0.3174108
    D1SYX-a105d      0.049     0.056       0.272     0.642      0.229     0.596      0.438     0.076      0.283     0.911    0.634     0.855   0.787     0.150      0.447     0.01461  -1	   0.3411714     0.4247958
    D1SYX-a106a      0.056     0.058       0.250     0.686      0.156     0.598      0.405     0.077      0.353     0.849    0.517     0.834   0.845     0.158      0.565     0.01323  -1	   0.3981537     0.3976461
    D1SYX-a106b      0.059     0.043       0.169     0.760      0.187     0.613      0.528     0.162      0.732     0.840    0.533     0.816   0.798     0.209      1.101     0.01336  -1	   0.5443553     0.2549118
    D1SYX-a106c      0.058     0.060       0.257     0.736     -0.189     0.590      0.470     0.209      0.619     0.868    0.610     0.809   0.785     0.169      0.246     0.01297  -1	   0.1137791     0.1256834
    D1SYX-a106d      0.048     0.059       0.250     0.747     -0.082     0.569      0.350     0.283      0.880     0.793    0.560     0.752   0.802     0.153      0.339     0.01281  -1	   0.0858733     0.0742130
    D1SYX-a107a      0.058     0.059       0.279     0.743      0.171     0.617      0.430     0.113      0.367     0.857    0.534     0.833   0.900     0.142      1.029     0.01267  -1	   0.8381828     0.3652730
    D1SYX-a107b      0.055     0.060       0.235     0.727      0.184     0.603      0.394     0.068      0.505     0.860    0.553     0.827   0.900     0.183      0.682     0.01338  -1	   0.4559311     0.3801727
    D1SYX-a107c      0.060     0.066       0.287     0.669     -0.386     0.587      0.496     0.252      0.988     0.937    0.692     0.872   0.538     0.160      0.273     0.01274  -1	   0.1325597     0.0602107
    D1SYX-a107d      0.050     0.059       0.250     0.741     -0.003     0.562      0.381     0.319      0.839     0.798    0.558     0.758   0.802     0.153      0.339     0.01277  -1	   0.1009619     0.0456413
    D1SYX-a108a      0.054     0.037       0.184     0.791     -0.245     0.582      0.516     0.209      0.808     0.826    0.565     0.784   0.777     0.226      1.365     0.00967  -1	   0.5213417     0.2358652
    D1SYX-a108b      0.056     0.062       0.250     0.745     -0.685     0.563      0.446     0.394      0.964     0.880    0.576     0.840   0.593     0.181      0.256     0.01406  -1	   0.2759980     0.1429147
    D1SYX-a108c      0.064     0.069       0.265     0.729      0.007     0.597      0.355     0.077      0.178     0.790    0.539     0.763   0.834     0.132      1.006     0.01341  -1	   0.9066393     0.4984493
    D1SYX-a108d      0.063     0.059       0.243     0.689     -0.132     0.593      0.427     0.132      0.353     0.871    0.511     0.858   0.656     0.144      1.044     0.01247  -1	   0.6905886     0.3076003
    D1SYX-a109a      0.056     0.035       0.184     0.732     -0.332     0.585      0.575     0.258      0.852     0.791    0.518     0.775   0.836     0.244      0.784     0.00971  -1	   0.2147897     0.1740119
    D1SYX-a109b      0.053     0.032       0.169     0.612      0.093     0.586      0.526     0.261      0.771     0.796    0.529     0.774   0.761     0.242      1.699     0.00903  -1	   0.6541328     0.2515719
    D1SYX-a109c      0.053     0.037       0.184     0.758     -0.269     0.581      0.572     0.260      0.913     0.840    0.551     0.808   0.730     0.233      1.365     0.00974  -1	   0.4126550     0.1958206
    D1SYX-a109d      0.051     0.036       0.184     0.768     -0.246     0.582      0.554     0.252      0.765     0.819    0.532     0.796   0.777     0.239      1.365     0.00974  -1	   0.5273440     0.2034726
     D1SYX-a10a      0.051     0.066       0.294     0.527      0.126     0.600      0.427     0.120      0.372     0.793    0.591     0.733   0.434     0.139      0.315     0.01513  -1	   0.1694528     0.2274960
     D1SYX-a10b      0.072     0.064       0.301     0.707     -0.040     0.642      0.383     0.060      0.180     0.675    0.561     0.632   0.802     0.149      0.749     0.02312  -1	   0.6322111     0.5557428
     D1SYX-a10c      0.061     0.058       0.265     0.619      0.344     0.627      0.312     0.056      0.419     0.875    0.534     0.853   0.853     0.150      0.171     0.02353  -1	   0.2291849     0.4032043
     D1SYX-a10d      0.053     0.054       0.265     0.763      0.001     0.621      0.363     0.097      0.905     0.698    0.627     0.603   0.826     0.174      0.455     0.03084  -1	   0.0965212     0.1652715
    D1SYX-a110a      0.058     0.036       0.199     0.676     -0.214     0.588      0.557     0.268      0.722     0.779    0.555     0.741   0.773     0.217      0.006     0.00950  -1	   0.0282801     0.1361113
    D1SYX-a110b      0.054     0.037       0.191     0.747     -0.252     0.579      0.535     0.224      0.917     0.821    0.552     0.786   0.750     0.239      1.365     0.00967  -1	   0.3935148     0.2170229
    D1SYX-a110c      0.047     0.051       0.228     0.678      0.266     0.605      0.388     0.094      0.575     0.774    0.531     0.751   0.892     0.193      0.667     0.00984  -1	   0.3712546     0.3973498
    D1SYX-a110d      0.054     0.029       0.176     0.707     -0.016     0.594      0.534     0.288      0.766     0.868    0.545     0.841   0.876     0.235      1.699     0.00899  -1	   0.7704681     0.2128998
    D1SYX-a111a      0.053     0.052       0.221     0.671      0.323     0.577      0.345     0.107      0.510     0.804    0.547     0.772   0.920     0.192      0.318     0.01095  -1	   0.2234425     0.3524779
    D1SYX-a111b      0.048     0.052       0.213     0.675      0.264     0.588      0.393     0.092      0.821     0.779    0.508     0.770   0.892     0.207      0.667     0.00983  -1	   0.2710959     0.3089094
    D1SYX-a111c      0.056     0.052       0.206     0.789      0.110     0.627      0.453     0.064      0.491     0.794    0.540     0.766   0.826     0.214      0.860     0.01112  -1	   0.5416597     0.4076035
    D1SYX-a111d      0.048     0.051       0.235     0.671      0.421     0.599      0.389     0.095      0.716     0.763    0.524     0.744   0.945     0.196      0.467     0.00992  -1	   0.3198959     0.4125299
    D1SYX-a112a      0.030     0.069       0.272     0.631      0.281     0.612      0.554     0.256      0.921     0.692    0.563     0.647   0.825     0.147      0.191     0.21119  -1	   0.1676136     0.1282983
    D1SYX-a112b      0.038     0.081       0.324     0.640      0.198     0.621      0.206     0.026      0.901     0.837    0.608     0.772   0.778     0.126      0.352     0.66852   1	   0.2625521     0.3510225
    D1SYX-a112c      0.045     0.083       0.316     0.602      0.294     0.625      0.158     0.015      0.221     0.807    0.548     0.774   0.825     0.133      0.352     0.65764   1	   0.3909763     0.4556833
    D1SYX-a112d      0.055     0.070       0.301     0.770      0.192     0.597      0.307     0.140      0.152     0.733    0.559     0.690   0.892     0.153      0.200     0.05915  -1	   0.2802468     0.2560681
    D1SYX-a113a      0.055     0.049       0.213     0.782      0.280     0.611      0.439     0.069      0.467     0.832    0.548     0.801   0.875     0.206      0.742     0.01107  -1	   0.5514872     0.4711976
    D1SYX-a113b      0.046     0.041       0.199     0.709     -0.228     0.575      0.482     0.153      0.696     0.799    0.513     0.786   0.798     0.226      0.425     0.00966  -1	   0.1302952     0.2291900
    D1SYX-a113c      0.056     0.051       0.206     0.740      0.116     0.631      0.468     0.072      0.731     0.829    0.558     0.792   0.834     0.210      1.108     0.01122  -1	   0.5483550     0.3225803
    D1SYX-a113d      0.050     0.040       0.199     0.690     -0.228     0.584      0.507     0.158      0.681     0.833    0.537     0.807   0.773     0.231      0.425     0.00966  -1	   0.1388801     0.2345661
     D1SYX-a11a      0.056     0.065       0.272     0.707      0.284     0.594      0.434     0.128      0.915     0.819    0.591     0.762   0.946     0.162      0.290     0.08290  -1	   0.2379290     0.2303823
     D1SYX-a11b      0.067     0.063       0.272     0.641      0.374     0.613      0.324     0.064      0.301     0.801    0.544     0.770   0.831     0.153      0.118     0.02194  -1	   0.2393025     0.3731180
     D1SYX-a11c      0.068     0.067       0.287     0.765     -0.165     0.653      0.391     0.062      0.572     0.657    0.574     0.605   0.777     0.133      0.663     0.02277  -1	   0.3048163     0.3040278
     D1SYX-a11d      0.055     0.075       0.294     0.751      0.072     0.605      0.341     0.178      0.130     0.857    0.532     0.834   0.851     0.158      0.112     0.06023  -1	   0.1808566     0.1444260
     D1SYX-a12a      0.057     0.069       0.309     0.759      0.253     0.592      0.299     0.120      0.210     0.749    0.504     0.743   0.938     0.149      0.198     0.05966  -1	   0.2780125     0.2579794
     D1SYX-a12b      0.055     0.073       0.309     0.739      0.188     0.584      0.338     0.176      0.238     0.857    0.534     0.834   0.900     0.160      0.105     0.06064  -1	   0.1717896     0.1324507
     D1SYX-a12c      0.046     0.059       0.243     0.681      0.427     0.597      0.352     0.058      0.414     0.794    0.571     0.746   0.945     0.151      0.407     0.06040  -1	   0.4046474     0.5396107
     D1SYX-a12d      0.047     0.077       0.279     0.654     -0.251     0.631      0.421     0.089      0.638     0.811    0.564     0.769   0.582     0.154      0.875     0.06943  -1	   0.3794643     0.2446081
     D1SYX-a13a      0.045     0.061       0.279     0.667     -0.267     0.605      0.504     0.294      0.949     0.857    0.604     0.799   0.582     0.147      0.354     0.07882  -1	   0.0895335     0.0310818
     D1SYX-a13b      0.053     0.061       0.243     0.719      0.345     0.597      0.332     0.043      0.484     0.836    0.603     0.775   0.974     0.140      0.014     0.05879  -1	   0.1389096     0.3485802
     D1SYX-a13c      0.052     0.070       0.279     0.712      0.132     0.594      0.406     0.180      0.298     0.817    0.542     0.788   0.834     0.163      0.203     0.16714  -1	   0.1905759     0.1863932
     D1SYX-a13d      0.058     0.080       0.338     0.761      0.038     0.606      0.371     0.127      0.937     0.835    0.581     0.785   0.826     0.128      0.137     0.02350  -1	   0.1424352     0.0771750
     D1SYX-a14a      0.043     0.073       0.272     0.698     -0.158     0.614      0.409     0.074      0.798     0.824    0.531     0.801   0.730     0.145      0.627     0.07056  -1	   0.2177781     0.1876798
     D1SYX-a14b      0.045     0.072       0.287     0.706     -0.236     0.624      0.430     0.103      0.850     0.819    0.568     0.776   0.691     0.161      1.078     0.07260  -1	   0.3733165     0.1769254
     D1SYX-a14c      0.041     0.076       0.279     0.670     -0.257     0.629      0.413     0.085      0.677     0.825    0.558     0.787   0.582     0.152      1.004     0.06968  -1	   0.4245586     0.2441053
     D1SYX-a14d      0.045     0.063       0.265     0.757      0.032     0.629      0.406     0.089      0.482     0.776    0.549     0.742   0.826     0.158      0.339     0.06364  -1	   0.1907417     0.2685788
     D1SYX-a15a      0.048     0.080       0.301     0.583      0.307     0.623      0.195     0.022      0.205     0.803    0.556     0.765   0.727     0.141      0.352     0.64768   1	   0.3834274     0.4393497
     D1SYX-a15b      0.063     0.061       0.294     0.741     -0.235     0.601      0.442     0.143      0.215     0.825    0.555     0.789   0.691     0.167      0.363     0.02239  -1	   0.2903589     0.2790695
     D1SYX-a15c      0.042     0.068       0.279     0.659      0.253     0.590      0.341     0.081      0.781     0.774    0.573     0.724   0.892     0.128      0.912     0.07611  -1	   0.4772746     0.3377534
     D1SYX-a15d      0.046     0.080       0.316     0.624      0.218     0.627      0.210     0.024      0.228     0.790    0.521     0.774   0.787     0.129      0.352     0.66461   1	   0.3450476     0.4065653
     D1SYX-a16a      0.036     0.074       0.287     0.745     -0.024     0.615      0.342     0.065      0.486     0.827    0.553     0.792   0.802     0.115      0.342     0.10592  -1	   0.1914919     0.2453499
     D1SYX-a16b      0.031     0.072       0.324     0.642      0.096     0.583      0.394     0.097      0.468     0.772    0.552     0.736   0.738     0.126      0.225     0.20044  -1	   0.1149272     0.2061961
     D1SYX-a16c      0.034     0.082       0.287     0.712      0.099     0.600      0.411     0.192      0.617     0.733    0.544     0.702   0.859     0.160      0.163     0.08643  -1	   0.1113004     0.0694451
     D1SYX-a16d      0.043     0.079       0.324     0.551      0.147     0.638      0.347     0.068      0.186     0.887    0.532     0.866   0.587     0.142      0.362     0.07505  -1	   0.2872583     0.2598181
     D1SYX-a17a      0.035     0.073       0.331     0.641      0.072     0.604      0.415     0.109      0.725     0.829    0.580     0.779   0.738     0.126      0.225     0.20880  -1	   0.1179555     0.1580559
     D1SYX-a17b      0.055     0.090       0.338     0.698     -0.085     0.626      0.375     0.246      0.884     0.770    0.597     0.704   0.747     0.144      0.111     0.09470  -1	   0.1056455     0.0017184
     D1SYX-a17c      0.035     0.057       0.243     0.675      0.239     0.603      0.378     0.223      0.875     0.816    0.551     0.782   0.854     0.184      0.113     0.06391  -1	   0.1232060     0.1314357
     D1SYX-a17d      0.037     0.079       0.294     0.661      0.149     0.612      0.170     0.018      0.203     0.826    0.556     0.790   0.780     0.130      0.298     0.66341   1	   0.2734770     0.3850467
     D1SYX-a18a      0.043     0.051       0.213     0.658      0.309     0.553      0.474     0.375      0.837     0.810    0.501     0.803   0.920     0.183      0.507     0.03086  -1	   0.2221939     0.0956417
     D1SYX-a18b      0.042     0.055       0.221     0.699      0.088     0.597      0.442     0.186      0.762     0.809    0.580     0.758   0.805     0.163      0.604     0.10058  -1	   0.2230495     0.1863047
     D1SYX-a18c      0.043     0.056       0.221     0.659      0.070     0.598      0.477     0.240      0.913     0.836    0.585     0.785   0.805     0.178      0.604     0.09505  -1	   0.1890243     0.1251703
     D1SYX-a18d      0.036     0.054       0.206     0.687      0.110     0.594      0.410     0.157      0.886     0.856    0.598     0.800   0.780     0.174      0.461     0.10941  -1	   0.1563199     0.1979492
     D1SYX-a19a      0.045     0.045       0.191     0.617     -0.036     0.565      0.528     0.143      0.773     0.857    0.555     0.823   0.796     0.224      1.154     0.03258  -1	   0.3982257     0.2687001
     D1SYX-a19b      0.049     0.061       0.265     0.700      0.084     0.581      0.347     0.136      0.642     0.928    0.533     0.911   0.859     0.158      0.251     0.03810  -1	   0.1442926     0.1902843
     D1SYX-a19c      0.050     0.058       0.250     0.647      0.323     0.590      0.371     0.124      0.707     0.924    0.538     0.905   0.853     0.185      0.359     0.03835  -1	   0.2753775     0.2990088
     D1SYX-a19d      0.050     0.056       0.228     0.597      0.049     0.567      0.460     0.140      0.878     0.814    0.537     0.787   0.587     0.160      0.890     0.04743  -1	   0.2375507     0.1635606
      D1SYX-a1a      0.056     0.074       0.294     0.744      0.040     0.594      0.336     0.161      0.709     0.851    0.563     0.813   0.834     0.156      0.086     0.05948  -1	   0.0972226     0.0864200
      D1SYX-a1b      0.043     0.075       0.287     0.707     -0.191     0.631      0.414     0.088      0.711     0.836    0.567     0.794   0.785     0.152      1.150     0.06929  -1	   0.5393862     0.2354027
      D1SYX-a1c      0.056     0.070       0.316     0.756      0.233     0.590      0.301     0.127      0.087     0.707    0.554     0.669   0.901     0.151      0.196     0.06052  -1	   0.3124528     0.2909785
      D1SYX-a1d      0.044     0.075       0.287     0.688     -0.206     0.628      0.422     0.088      0.739     0.809    0.556     0.771   0.637     0.150      0.875     0.06897  -1	   0.3316104     0.1851765
     D1SYX-a20a      0.051     0.059       0.228     0.619      0.309     0.580      0.411     0.154      0.851     0.817    0.532     0.793   0.853     0.181      0.744     0.03482  -1	   0.3524725     0.2762071
     D1SYX-a20c      0.031     0.054       0.228     0.738      0.215     0.548      0.451     0.422      0.965     0.812    0.520     0.795   0.909     0.190      0.183     0.03637  -1	   0.0937307    -0.0043406
     D1SYX-a20d      0.043     0.051       0.221     0.710      0.330     0.583      0.511     0.238      0.765     0.810    0.538     0.783   0.974     0.147      0.187     0.03359  -1	   0.1679711     0.2356002
     D1SYX-a21a      0.048     0.061       0.228     0.602      0.248     0.576      0.451     0.189      0.986     0.840    0.548     0.809   0.787     0.173      0.671     0.04470  -1	   0.2723162     0.1872492
     D1SYX-a21b      0.046     0.050       0.221     0.721      0.299     0.592      0.521     0.264      0.732     0.801    0.553     0.765   0.896     0.148      0.155     0.03271  -1	   0.1427800     0.2055297
     D1SYX-a21c      0.045     0.050       0.221     0.684      0.305     0.587      0.507     0.260      0.880     0.823    0.562     0.783   0.872     0.146      0.155     0.03269  -1	   0.1594080     0.1834353
     D1SYX-a21d      0.042     0.051       0.213     0.668      0.361     0.535      0.441     0.344      0.450     0.825    0.538     0.798   0.898     0.174      0.452     0.02997  -1	   0.2960672     0.1642517
     D1SYX-a22a      0.047     0.052       0.235     0.718      0.085     0.561      0.392     0.110      0.788     0.823    0.521     0.804   0.859     0.201      0.326     0.02607  -1	   0.1079434     0.1854775
     D1SYX-a22b      0.046     0.050       0.228     0.679      0.357     0.589      0.518     0.276      0.897     0.825    0.556     0.788   0.903     0.148      0.150     0.03241  -1	   0.1965131     0.2067308
     D1SYX-a22c      0.047     0.051       0.213     0.722      0.125     0.563      0.372     0.106      0.822     0.822    0.528     0.800   0.834     0.215      0.297     0.02513  -1	   0.1008403     0.1868857
     D1SYX-a22d      0.039     0.051       0.221     0.670      0.306     0.575      0.467     0.205      0.916     0.842    0.544     0.813   0.920     0.143      0.155     0.03383  -1	   0.1626497     0.2123911
     D1SYX-a23a      0.033     0.049       0.213     0.756      0.376     0.568      0.396     0.264      0.883     0.857    0.554     0.825   0.907     0.197      0.215     0.02653  -1	   0.1821529     0.1522461
     D1SYX-a23d      0.042     0.047       0.228     0.461      0.354     0.591      0.487     0.232      0.832     0.794    0.492     0.793   0.704     0.176      0.142     0.03565  -1	   0.1613587     0.2197296
     D1SYX-a24b      0.051     0.046       0.191     0.695      0.316     0.583      0.451     0.139      0.587     0.728    0.554     0.690   0.872     0.262      0.116     0.02402  -1	   0.0745482     0.2277122
     D1SYX-a24c      0.047     0.064       0.287     0.692      0.252     0.620      0.330     0.061      0.279     0.695    0.600     0.622   0.892     0.141      0.359     0.01565  -1	   0.3427708     0.4743895
     D1SYX-a24d      0.041     0.044       0.191     0.723      0.454     0.580      0.436     0.146      0.809     0.924    0.625     0.877   0.916     0.214      0.339     0.02005  -1	   0.2823810     0.3710153
     D1SYX-a25a      0.063     0.063       0.272     0.619     -0.253     0.619      0.421     0.239      0.887     0.768    0.553     0.731   0.515     0.153      0.224     0.01395  -1	   0.0890529     0.0868029
     D1SYX-a25b      0.056     0.055       0.272     0.718      0.218     0.580      0.406     0.264      0.873     0.884    0.567     0.848   0.909     0.190      0.184     0.02187  -1	   0.1579289     0.1186628
     D1SYX-a25c      0.058     0.049       0.235     0.620     -0.114     0.597      0.419     0.128      0.708     0.765    0.534     0.740   0.732     0.181      0.846     0.01386  -1	   0.2637200     0.2940682
     D1SYX-a26a      0.061     0.063       0.250     0.572     -0.283     0.620      0.381     0.263      0.891     0.786    0.567     0.739   0.389     0.176      0.266     0.01412  -1	   0.1002867     0.1218074
     D1SYX-a26b      0.051     0.075       0.309     0.678      0.368     0.607      0.270     0.065      0.472     0.872    0.613     0.812   0.898     0.142      0.861     0.01574  -1	   0.7913475     0.4603805
     D1SYX-a26d      0.059     0.062       0.265     0.624     -0.403     0.616      0.336     0.181      0.943     0.683    0.611     0.601   0.000     0.150      0.240     0.01409  -1	   0.0466294     0.0813568
     D1SYX-a27a      0.062     0.056       0.265     0.640      0.310     0.640      0.330     0.058      0.432     0.818    0.523     0.799   0.853     0.163      0.192     0.02325  -1	   0.2262840     0.4060237
     D1SYX-a27b      0.064     0.062       0.279     0.795     -0.160     0.600      0.340     0.270      0.822     0.767    0.567     0.721   0.777     0.138      0.398     0.02916  -1	   0.1186787     0.0671573
     D1SYX-a27c      0.066     0.069       0.301     0.703      0.196     0.604      0.434     0.158      0.179     0.701    0.629     0.605   0.900     0.158      0.685     0.01749  -1	   0.6967786     0.4701394
     D1SYX-a27d      0.063     0.064       0.265     0.641      0.383     0.619      0.308     0.059      0.388     0.817    0.563     0.775   0.831     0.148      0.118     0.02193  -1	   0.2395115     0.3777193
     D1SYX-a28a      0.067     0.067       0.272     0.642      0.390     0.609      0.273     0.043      0.731     0.844    0.591     0.791   0.831     0.155      0.569     0.02218  -1	   0.4698934     0.4749985
     D1SYX-a28b      0.068     0.067       0.279     0.601      0.393     0.603      0.297     0.046      0.561     0.848    0.576     0.803   0.831     0.155      0.569     0.02210  -1	   0.4923446     0.4949743
     D1SYX-a28c      0.057     0.068       0.272     0.743      0.255     0.607      0.394     0.091      0.969     0.811    0.566     0.768   0.946     0.156      0.293     0.08108  -1	   0.2451203     0.2250073
     D1SYX-a28d      0.064     0.057       0.250     0.647      0.341     0.619      0.284     0.043      0.439     0.824    0.530     0.801   0.853     0.166      0.192     0.02310  -1	   0.2345579     0.4153619
     D1SYX-a29a      0.059     0.074       0.316     0.666      0.228     0.615      0.370     0.100      0.849     0.791    0.559     0.751   0.854     0.138      0.267     0.06457  -1	   0.2428646     0.2285864
     D1SYX-a29b      0.062     0.057       0.250     0.668      0.390     0.618      0.319     0.058      0.345     0.807    0.533     0.783   0.898     0.168      0.646     0.02303  -1	   0.5987983     0.5799642
     D1SYX-a29c      0.056     0.069       0.279     0.735      0.124     0.604      0.359     0.077      0.942     0.833    0.627     0.757   0.834     0.160      0.290     0.07431  -1	   0.1772456     0.1757354
     D1SYX-a29d      0.060     0.074       0.331     0.576      0.018     0.598      0.512     0.311      0.732     0.784    0.566     0.739   0.587     0.134      0.166     0.03739  -1	   0.1075385     0.0557448
      D1SYX-a2a      0.053     0.056       0.250     0.686      0.353     0.602      0.316     0.053      0.482     0.809    0.537     0.783   0.898     0.153      0.144     0.05764  -1	   0.1954762     0.3784633
      D1SYX-a2b      0.047     0.081       0.294     0.617      0.346     0.627      0.186     0.020      0.168     0.793    0.565     0.749   0.853     0.136      0.352     0.65079   1	   0.4419779     0.4990544
      D1SYX-a2c      0.045     0.068       0.287     0.652     -0.036     0.626      0.442     0.071      0.790     0.849    0.627     0.775   0.747     0.152      0.789     0.06701  -1	   0.3207753     0.2358835
      D1SYX-a2d      0.057     0.069       0.301     0.685     -0.079     0.594      0.368     0.152      0.675     0.808    0.530     0.786   0.747     0.162      0.048     0.06421  -1	   0.0578566     0.1007986
     D1SYX-a30a      0.059     0.074       0.324     0.692     -0.301     0.596      0.376     0.151      0.339     0.723    0.554     0.685   0.582     0.156      0.723     0.02258  -1	   0.4569420     0.2537353
     D1SYX-a30b      0.061     0.073       0.331     0.683      0.043     0.584      0.359     0.141      0.182     0.787    0.548     0.754   0.780     0.147      0.673     0.02226  -1	   0.5749238     0.2861265
     D1SYX-a30c      0.063     0.065       0.265     0.587      0.396     0.633      0.332     0.065      0.490     0.833    0.568     0.790   0.705     0.167      0.114     0.02280  -1	   0.2444572     0.3423181
     D1SYX-a30d      0.051     0.064       0.287     0.740     -0.225     0.583      0.424     0.403      0.302     0.833    0.550     0.800   0.691     0.163      0.176     0.02168  -1	   0.1359047     0.0445669
     D1SYX-a31a      0.062     0.064       0.287     0.652      0.219     0.604      0.399     0.153      0.426     0.719    0.529     0.697   0.854     0.179      0.651     0.02339  -1	   0.4448833     0.3063899
     D1SYX-a31b      0.054     0.065       0.309     0.730     -0.108     0.594      0.429     0.192      0.571     0.707    0.580     0.650   0.711     0.136      0.296     0.01917  -1	   0.1032374     0.1128319
     D1SYX-a31c      0.063     0.065       0.324     0.620     -0.093     0.595      0.506     0.212      0.887     0.817    0.599     0.755   0.680     0.145      0.792     0.02228  -1	   0.2431233     0.0778657
     D1SYX-a31d      0.063     0.066       0.287     0.660      0.042     0.600      0.334     0.111      0.599     0.764    0.575     0.712   0.780     0.164      0.609     0.02258  -1	   0.2945406     0.2564563
     D1SYX-a32a      0.049     0.066       0.287     0.660     -0.111     0.571      0.419     0.278      0.689     0.829    0.555     0.794   0.656     0.155      0.228     0.02766  -1	   0.0781650     0.0499988
     D1SYX-a32b      0.052     0.066       0.279     0.701     -0.096     0.562      0.428     0.355      0.877     0.870    0.582     0.826   0.802     0.158      0.371     0.02771  -1	   0.1260093     0.0223660
     D1SYX-a32c      0.061     0.084       0.324     0.621     -0.038     0.598      0.378     0.266      0.881     0.820    0.619     0.744   0.680     0.165      0.357     0.02125  -1	   0.1673121     0.0431913
     D1SYX-a32d      0.052     0.059       0.287     0.580      0.176     0.599      0.380     0.149      0.687     0.716    0.520     0.702   0.652     0.148      0.377     0.02250  -1	   0.1634824     0.2199583
     D1SYX-a33a      0.033     0.059       0.228     0.677      0.134     0.607      0.400     0.229      0.520     0.723    0.552     0.687   0.780     0.185      0.313     0.07870  -1	   0.1343682     0.1522419
     D1SYX-a33b      0.062     0.067       0.287     0.701     -0.107     0.596      0.357     0.118      0.633     0.812    0.637     0.723   0.711     0.174      0.674     0.02291  -1	   0.3121751     0.2020633
     D1SYX-a33c      0.059     0.072       0.309     0.764     -0.057     0.604      0.397     0.138      0.329     0.575    0.551     0.545   0.793     0.144      0.514     0.02297  -1	   0.3392346     0.2687359
     D1SYX-a33d      0.044     0.067       0.279     0.637      0.239     0.605      0.324     0.083      0.719     0.801    0.580     0.749   0.787     0.146      0.313     0.08958  -1	   0.2092330     0.2871121
     D1SYX-a34b      0.033     0.073       0.309     0.725      0.009     0.589      0.317     0.061      0.752     0.853    0.607     0.792   0.834     0.122      0.304     0.10160  -1	   0.1264928     0.1893960
     D1SYX-a34c      0.045     0.067       0.279     0.626      0.181     0.595      0.403     0.116      0.643     0.802    0.587     0.746   0.778     0.122      0.407     0.07910  -1	   0.2241482     0.2706722
     D1SYX-a34d      0.039     0.072       0.279     0.756      0.006     0.604      0.348     0.062      1.000     0.877    0.680     0.780   0.826     0.122      0.342     0.10814  -1	   0.1607183     0.1887230
     D1SYX-a35a      0.041     0.066       0.279     0.621      0.137     0.581      0.374     0.088      0.893     0.813    0.537     0.787   0.713     0.150      0.352     0.02490  -1	   0.1573128     0.1944162
     D1SYX-a35b      0.046     0.074       0.294     0.719      0.123     0.568      0.286     0.043      0.447     0.842    0.555     0.807   0.834     0.131      0.128     0.02139  -1	   0.1158824     0.2149539
     D1SYX-a35c      0.051     0.074       0.309     0.731      0.353     0.589      0.248     0.022      0.318     0.751    0.570     0.703   0.952     0.119      0.270     0.01687  -1	   0.3570112     0.4181361
     D1SYX-a35d      0.049     0.050       0.228     0.753      0.248     0.594      0.480     0.235      0.535     0.682    0.543     0.653   0.844     0.187      0.303     0.02244  -1	   0.1686348     0.2067301
     D1SYX-a36a      0.050     0.044       0.184     0.647     -0.232     0.562      0.439     0.156      0.620     0.788    0.519     0.772   0.718     0.274      0.205     0.01758  -1	   0.1026846     0.2306317
     D1SYX-a36b      0.058     0.073       0.279     0.631      0.392     0.589      0.355     0.132      0.129     0.779    0.512     0.767   0.831     0.119      0.953     0.01561  -1	   1.0175956     0.5134264
     D1SYX-a36c      0.055     0.077       0.294     0.725     -0.543     0.572      0.496     0.226      0.974     0.876    0.537     0.852   0.636     0.131      0.628     0.01659  -1	   0.2436037     0.1093718
     D1SYX-a36d      0.044     0.062       0.250     0.739     -0.079     0.563      0.370     0.210      0.810     0.849    0.552     0.817   0.802     0.155      0.226     0.03133  -1	   0.0812241     0.0947821
     D1SYX-a37a      0.053     0.050       0.213     0.562     -0.163     0.600      0.527     0.149      0.556     0.708    0.559     0.666   0.684     0.159      0.680     0.01275  -1	   0.2308542     0.3593108
     D1SYX-a37b      0.041     0.056       0.213     0.682      0.071     0.597      0.462     0.209      0.802     0.831    0.541     0.803   0.805     0.176      0.604     0.09836  -1	   0.2083902     0.1514610
     D1SYX-a37c      0.048     0.061       0.228     0.610      0.300     0.582      0.355     0.119      0.820     0.799    0.530     0.777   0.853     0.185      0.671     0.04424  -1	   0.3148555     0.3209097
     D1SYX-a37d      0.045     0.055       0.213     0.685      0.248     0.568      0.398     0.142      0.675     0.824    0.536     0.799   0.854     0.203      0.128     0.03471  -1	   0.0946517     0.1815581
     D1SYX-a38a      0.044     0.052       0.213     0.689      0.321     0.540      0.435     0.340      0.721     0.806    0.501     0.799   0.920     0.178      0.487     0.03112  -1	   0.2384785     0.1128146
     D1SYX-a38b      0.046     0.051       0.221     0.697      0.326     0.588      0.535     0.281      0.751     0.833    0.579     0.784   0.920     0.148      0.155     0.03300  -1	   0.1607424     0.2197223
     D1SYX-a38c      0.048     0.055       0.221     0.696      0.158     0.558      0.408     0.121      0.752     0.818    0.558     0.780   0.845     0.173      0.082     0.03821  -1	   0.0606139     0.1738617
     D1SYX-a38d      0.057     0.068       0.294     0.603     -0.590     0.593      0.363     0.089      0.675     0.806    0.527     0.785   0.397     0.150      0.275     0.01439  -1	   0.2049509     0.2812591
     D1SYX-a39b      0.049     0.063       0.235     0.641      0.378     0.574      0.362     0.121      0.943     0.848    0.513     0.834   0.831     0.164      0.866     0.04462  -1	   0.4570756     0.3179104
     D1SYX-a39c      0.052     0.072       0.301     0.690     -0.509     0.598      0.369     0.077      0.522     0.892    0.536     0.871   0.582     0.157      0.557     0.01460  -1	   0.3341413     0.2928358
     D1SYX-a39d      0.041     0.049       0.221     0.708      0.333     0.589      0.517     0.272      0.871     0.794    0.534     0.769   0.896     0.153      0.187     0.03269  -1	   0.1688700     0.1847181
      D1SYX-a3a      0.052     0.059       0.265     0.643      0.393     0.615      0.360     0.062      0.452     0.888    0.684     0.794   0.831     0.159      0.407     0.05815  -1	   0.4139094     0.5179554
      D1SYX-a3b      0.051     0.073       0.301     0.707     -0.109     0.610      0.441     0.116      0.560     0.785    0.576     0.734   0.711     0.171      0.482     0.08051  -1	   0.2247637     0.1645317
      D1SYX-a3c      0.043     0.081       0.331     0.688      0.146     0.617      0.190     0.020      0.396     0.790    0.552     0.754   0.780     0.125      0.352     0.66426   1	   0.2830092     0.3333069
      D1SYX-a3d      0.040     0.080       0.316     0.613      0.334     0.626      0.187     0.020      0.177     0.801    0.541     0.772   0.853     0.134      0.352     0.64120   1	   0.4201810     0.4657512
     D1SYX-a40a      0.047     0.050       0.221     0.714      0.142     0.563      0.399     0.129      0.708     0.819    0.541     0.791   0.851     0.207      0.297     0.02543  -1	   0.1081047     0.1956537
     D1SYX-a40b      0.048     0.060       0.228     0.597      0.304     0.584      0.431     0.180      0.956     0.817    0.520     0.800   0.727     0.186      0.671     0.03616  -1	   0.2920448     0.1990907
     D1SYX-a41a      0.057     0.083       0.338     0.759     -0.442     0.578      0.380     0.107      0.675     0.779    0.562     0.736   0.000     0.138      0.290     0.01353  -1	   0.0992073    -0.0084926
     D1SYX-a41b      0.046     0.050       0.243     0.715      0.085     0.565      0.390     0.111      0.776     0.828    0.522     0.810   0.841     0.183      0.297     0.02611  -1	   0.0982801     0.1946228
     D1SYX-a41d      0.053     0.060       0.235     0.585      0.285     0.574      0.445     0.163      0.853     0.806    0.500     0.800   0.699     0.173      1.257     0.03591  -1	   0.5321501     0.1983090
     D1SYX-a42a      0.052     0.044       0.221     0.596     -0.090     0.576      0.448     0.458      0.999     0.856    0.641     0.776   0.738     0.203      0.102     0.01474  -1	   0.0535358     0.0401022
     D1SYX-a42b      0.063     0.056       0.235     0.610     -0.104     0.605      0.419     0.255      0.753     0.662    0.540     0.636   0.589     0.161      0.330     0.01377  -1	   0.0742371     0.1228483
     D1SYX-a42c      0.054     0.052       0.243     0.627      0.054     0.610      0.429     0.116      0.500     0.846    0.521     0.829   0.738     0.200      0.590     0.01380  -1	   0.2819034     0.2947275
     D1SYX-a42d      0.053     0.038       0.154     0.792      0.207     0.602      0.509     0.174      0.634     0.820    0.541     0.792   0.844     0.246      3.319     0.01333  -1	   2.4221600     0.9549443
     D1SYX-a43a      0.064     0.058       0.243     0.646      0.457     0.613      0.360     0.177      0.320     0.887    0.543     0.862   0.848     0.179      0.223     0.01372  -1	   0.3341043     0.3430513
     D1SYX-a43b      0.060     0.046       0.228     0.700      0.043     0.595      0.401     0.104      0.719     0.777    0.514     0.764   0.805     0.180      0.150     0.01323  -1	   0.0612099     0.2244129
     D1SYX-a44a      0.062     0.071       0.301     0.668     -0.145     0.622      0.340     0.133      0.802     0.702    0.583     0.642   0.656     0.157      0.186     0.01440  -1	   0.0696635     0.1206539
     D1SYX-a44c      0.059     0.062       0.250     0.585     -0.074     0.615      0.367     0.179      0.823     0.684    0.545     0.653   0.554     0.173      0.223     0.01411  -1	   0.0712154     0.1493718
     D1SYX-a45a      0.061     0.071       0.294     0.681     -0.259     0.625      0.329     0.120      0.628     0.719    0.632     0.621   0.582     0.149      0.282     0.01460  -1	   0.1123498     0.1882603
     D1SYX-a45b      0.065     0.067       0.279     0.611     -0.017     0.621      0.378     0.134      0.817     0.693    0.600     0.620   0.680     0.161      0.342     0.01402  -1	   0.1147668     0.1743215
     D1SYX-a45c      0.063     0.059       0.257     0.670     -0.178     0.610      0.373     0.174      0.729     0.811    0.547     0.779   0.730     0.161      0.223     0.01382  -1	   0.0955870     0.1726789
     D1SYX-a45d      0.057     0.064       0.272     0.659     -0.021     0.630      0.313     0.134      0.726     0.831    0.607     0.766   0.747     0.150      0.188     0.01456  -1	   0.0969113     0.2055061
     D1SYX-a46a      0.063     0.073       0.301     0.656      0.174     0.615      0.394     0.154      0.358     0.813    0.535     0.788   0.845     0.152      0.223     0.01535  -1	   0.2223639     0.2242485
     D1SYX-a46b      0.064     0.070       0.294     0.741      0.311     0.627      0.336     0.097      0.718     0.912    0.548     0.889   0.974     0.139      0.500     0.02156  -1	   0.4547155     0.3523029
     D1SYX-a46c      0.065     0.081       0.353     0.740      0.369     0.613      0.269     0.071      0.318     0.778    0.541     0.749   0.952     0.126      0.140     0.02432  -1	   0.3383498     0.2983853
     D1SYX-a46d      0.073     0.068       0.287     0.757     -0.094     0.646      0.379     0.063      0.592     0.679    0.590     0.613   0.793     0.149      0.763     0.02267  -1	   0.3805366     0.2985162
     D1SYX-a47a      0.066     0.070       0.294     0.547      0.448     0.631      0.298     0.050      0.225     0.865    0.561     0.830   0.599     0.146      0.582     0.02143  -1	   0.6411833     0.5014528
     D1SYX-a47b      0.056     0.055       0.250     0.732     -0.178     0.576      0.437     0.408      0.749     0.761    0.556     0.721   0.785     0.211      0.292     0.02112  -1	   0.0800167    -0.0000069
     D1SYX-a47c      0.074     0.067       0.287     0.730     -0.047     0.647      0.366     0.060      0.326     0.642    0.569     0.593   0.802     0.143      0.683     0.02303  -1	   0.4867085     0.4648817
     D1SYX-a47d      0.073     0.067       0.279     0.739     -0.134     0.637      0.392     0.059      0.615     0.689    0.571     0.638   0.711     0.157      0.763     0.02269  -1	   0.3431008     0.2836864
     D1SYX-a48a      0.066     0.064       0.279     0.618      0.368     0.623      0.305     0.058      0.561     0.834    0.549     0.803   0.831     0.155      0.177     0.02274  -1	   0.2678259     0.3825181
     D1SYX-a48b      0.061     0.063       0.279     0.770     -0.050     0.592      0.316     0.070      0.218     0.781    0.545     0.750   0.793     0.175      0.266     0.01967  -1	   0.2377692     0.3143058
     D1SYX-a48c      0.058     0.056       0.257     0.704     -0.296     0.572      0.413     0.394      0.760     0.789    0.540     0.760   0.636     0.185      0.292     0.02070  -1	   0.1010457     0.0476243
     D1SYX-a48d      0.064     0.067       0.265     0.592      0.392     0.620      0.295     0.050      0.337     0.860    0.591     0.809   0.705     0.155      0.614     0.02237  -1	   0.5860869     0.5184672
     D1SYX-a49a      0.055     0.070       0.309     0.631     -0.168     0.622      0.368     0.120      0.483     0.659    0.551     0.625   0.664     0.136      0.649     0.02279  -1	   0.2885607     0.2845471
     D1SYX-a49b      0.061     0.058       0.250     0.708     -0.025     0.621      0.488     0.142      0.825     0.636    0.582     0.577   0.802     0.173      0.789     0.01815  -1	   0.2050078     0.1605780
     D1SYX-a49c      0.062     0.065       0.287     0.675      0.082     0.595      0.344     0.114      0.617     0.725    0.555     0.686   0.805     0.176      0.585     0.02286  -1	   0.2709361     0.2307851
     D1SYX-a49d      0.057     0.067       0.279     0.691     -0.045     0.604      0.312     0.088      0.461     0.796    0.558     0.757   0.747     0.176      0.623     0.02237  -1	   0.3486869     0.2925772
      D1SYX-a4a      0.034     0.067       0.316     0.628      0.094     0.599      0.446     0.146      0.830     0.859    0.580     0.813   0.738     0.130      0.178     0.21407  -1	   0.1109399     0.1413451
      D1SYX-a4b      0.051     0.059       0.243     0.738      0.388     0.608      0.340     0.047      0.438     0.810    0.560     0.770   0.952     0.136      0.014     0.05831  -1	   0.1702303     0.3723421
      D1SYX-a4c      0.045     0.055       0.235     0.691      0.134     0.579      0.386     0.103      0.624     0.797    0.555     0.760   0.780     0.170      0.124     0.03862  -1	   0.0604412     0.2051370
      D1SYX-a4d      0.036     0.061       0.279     0.638      0.249     0.595      0.407     0.161      0.366     0.795    0.557     0.757   0.787     0.150      0.158     0.12576  -1	   0.1311364     0.2372928
     D1SYX-a50a      0.054     0.064       0.309     0.754     -0.030     0.594      0.481     0.196      0.217     0.652    0.489     0.664   0.793     0.154      0.146     0.01823  -1	   0.1413929     0.2378107
     D1SYX-a50b      0.058     0.077       0.338     0.696     -0.079     0.587      0.357     0.150      0.292     0.733    0.502     0.729   0.747     0.147      0.591     0.02275  -1	   0.4108354     0.2107465
     D1SYX-a50c      0.058     0.067       0.294     0.680     -0.109     0.595      0.407     0.151      0.435     0.770    0.535     0.744   0.656     0.174      0.739     0.02297  -1	   0.4046250     0.2048440
     D1SYX-a50d      0.062     0.075       0.301     0.671     -0.155     0.600      0.484     0.234      0.196     0.711    0.546     0.679   0.730     0.128      0.384     0.02203  -1	   0.3162358     0.2426278
     D1SYX-a51a      0.064     0.070       0.331     0.692     -0.061     0.590      0.436     0.192      0.418     0.802    0.582     0.748   0.747     0.149      0.649     0.02228  -1	   0.3962082     0.1563561
     D1SYX-a51b      0.061     0.066       0.309     0.646     -0.018     0.595      0.464     0.241      0.395     0.775    0.519     0.759   0.680     0.146      0.291     0.02013  -1	   0.1638386     0.1345205
     D1SYX-a51c      0.054     0.057       0.250     0.587      0.122     0.604      0.462     0.135      0.552     0.676    0.543     0.646   0.587     0.182      0.275     0.02203  -1	   0.1072619     0.2225725
     D1SYX-a51d      0.061     0.070       0.324     0.686     -0.007     0.613      0.361     0.116      0.287     0.825    0.651     0.729   0.747     0.130      0.649     0.02283  -1	   0.5092554     0.3228235
     D1SYX-a52a      0.057     0.063       0.309     0.749      0.007     0.593      0.471     0.165      0.110     0.649    0.550     0.616   0.834     0.154      0.200     0.01825  -1	   0.2250903     0.3593831
     D1SYX-a52b      0.061     0.072       0.331     0.588     -0.046     0.591      0.386     0.164      0.380     0.839    0.568     0.797   0.554     0.145      0.772     0.02238  -1	   0.4569561     0.1828921
     D1SYX-a52c      0.058     0.067       0.316     0.741      0.058     0.600      0.409     0.131      0.168     0.719    0.528     0.699   0.859     0.144      0.185     0.01875  -1	   0.2042861     0.2918646
     D1SYX-a52d      0.062     0.068       0.301     0.640     -0.108     0.613      0.494     0.261      0.508     0.743    0.521     0.727   0.589     0.147      0.300     0.02196  -1	   0.1361108     0.0952586
     D1SYX-a53a      0.032     0.072       0.331     0.612      0.079     0.593      0.365     0.092      0.985     0.842    0.678     0.733   0.738     0.128      0.225     0.21904  -1	   0.1316695     0.1703130
     D1SYX-a53b      0.054     0.058       0.221     0.661      0.035     0.597      0.421     0.115      0.354     0.780    0.479     0.786   0.780     0.150      0.155     0.01475  -1	   0.1083122     0.2898271
     D1SYX-a53c      0.058     0.069       0.287     0.582      0.018     0.589      0.387     0.163      0.963     0.793    0.611     0.719   0.587     0.158      0.524     0.02037  -1	   0.1654532     0.1307491
     D1SYX-a53d      0.029     0.069       0.338     0.613      0.131     0.578      0.430     0.116      0.818     0.844    0.613     0.778   0.713     0.123      0.256     0.20584  -1	   0.1274380     0.1615868
     D1SYX-a54a      0.055     0.059       0.243     0.715      0.118     0.608      0.422     0.088      0.463     0.844    0.512     0.831   0.834     0.168      0.504     0.01333  -1	   0.3157150     0.3262981
     D1SYX-a54b      0.058     0.063       0.272     0.739      0.108     0.610      0.412     0.114      0.481     0.875    0.530     0.855   0.834     0.148      0.831     0.01275  -1	   0.5634403     0.2682584
     D1SYX-a54d      0.045     0.071       0.265     0.690      0.444     0.584      0.428     0.148      0.731     0.849    0.555     0.815   0.945     0.121      0.230     0.03703  -1	   0.3330427     0.3336940
     D1SYX-a55a      0.061     0.057       0.243     0.806      0.192     0.597      0.348     0.079      0.280     0.781    0.555     0.743   0.729     0.166      0.486     0.01646  -1	   0.4348501     0.3894275
     D1SYX-a55b      0.048     0.073       0.279     0.722      0.138     0.561      0.278     0.048      0.293     0.865    0.548     0.835   0.834     0.136      0.142     0.02165  -1	   0.1477154     0.2346801
     D1SYX-a55c      0.054     0.077       0.287     0.626      0.406     0.568      0.367     0.112      0.170     0.827    0.539     0.800   0.879     0.115      0.853     0.01603  -1	   0.9106505     0.5000485
     D1SYX-a55d      0.055     0.055       0.243     0.627     -0.093     0.604      0.455     0.109      0.859     0.792    0.569     0.746   0.680     0.174      0.300     0.01415  -1	   0.0818778     0.1826922
     D1SYX-a56a      0.044     0.075       0.294     0.686      0.101     0.561      0.292     0.046      0.810     0.858    0.543     0.831   0.780     0.140      0.112     0.02163  -1	   0.1117849     0.1738383
     D1SYX-a56b      0.048     0.077       0.324     0.670      0.059     0.580      0.303     0.051      0.793     0.831    0.579     0.783   0.805     0.136      0.228     0.01713  -1	   0.1310903     0.1870960
     D1SYX-a56c      0.048     0.044       0.191     0.714     -0.037     0.568      0.414     0.164      0.541     0.777    0.543     0.747   0.876     0.217      0.237     0.01842  -1	   0.0784549     0.2296689
     D1SYX-a56d      0.037     0.049       0.221     0.681      0.344     0.557      0.352     0.246      0.720     0.803    0.512     0.790   0.872     0.206      0.098     0.01898  -1	   0.0987494     0.1280748
     D1SYX-a57a      0.058     0.079       0.324     0.676     -0.401     0.584      0.359     0.222      0.732     0.923    0.568     0.894   0.000     0.159      0.158     0.01417  -1	   0.0853466     0.0028030
     D1SYX-a57b      0.062     0.077       0.338     0.715     -0.556     0.571      0.340     0.033      0.214     0.846    0.563     0.808   0.518     0.134      0.315     0.01358  -1	   0.3525963     0.3873534
     D1SYX-a57c      0.065     0.064       0.257     0.680     -0.111     0.604      0.391     0.109      0.638     0.810    0.552     0.776   0.656     0.141      0.892     0.01323  -1	   0.3979500     0.2546219
     D1SYX-a57d      0.059     0.065       0.272     0.682     -0.349     0.611      0.464     0.238      0.988     0.916    0.633     0.861   0.582     0.150      0.224     0.01275  -1	   0.1250190     0.0740722
     D1SYX-a58a      0.050     0.077       0.324     0.696     -0.029     0.561      0.307     0.043      0.712     0.888    0.521     0.872   0.747     0.132      0.434     0.01336  -1	   0.1996554     0.1759415
     D1SYX-a58b      0.058     0.075       0.324     0.666     -0.488     0.578      0.323     0.042      0.491     0.810    0.543     0.781   0.613     0.140      0.395     0.01353  -1	   0.2563683     0.3313330
     D1SYX-a58c      0.053     0.073       0.294     0.620     -0.525     0.579      0.343     0.069      0.662     0.790    0.516     0.775   0.515     0.139      0.582     0.01477  -1	   0.2723200     0.3554874
     D1SYX-a58d      0.051     0.075       0.324     0.669     -0.142     0.574      0.341     0.069      0.568     0.870    0.542     0.844   0.656     0.147      0.123     0.01329  -1	   0.0686355     0.1365288
     D1SYX-a59a      0.048     0.076       0.324     0.607     -0.383     0.593      0.437     0.110      0.427     0.872    0.530     0.851   0.471     0.142      0.341     0.01324  -1	   0.1887364     0.1916812
     D1SYX-a59b      0.050     0.077       0.324     0.721     -0.155     0.592      0.317     0.044      0.851     0.899    0.541     0.876   0.785     0.143      0.395     0.01322  -1	   0.1639659     0.1669602
     D1SYX-a59c      0.060     0.081       0.309     0.714     -0.529     0.580      0.267     0.014      0.221     0.856    0.599     0.800   0.636     0.150      0.456     0.01345  -1	   0.4772399     0.5192917
      D1SYX-a5a      0.050     0.064       0.272     0.655      0.074     0.590      0.331     0.117      0.917     0.840    0.567     0.799   0.805     0.154      0.257     0.03695  -1	   0.1339943     0.2027117
      D1SYX-a5b      0.045     0.054       0.228     0.680      0.126     0.579      0.401     0.121      0.502     0.793    0.545     0.761   0.780     0.161      0.124     0.03772  -1	   0.0604329     0.2286716
      D1SYX-a5c      0.049     0.060       0.257     0.671      0.079     0.591      0.402     0.192      0.859     0.917    0.539     0.897   0.805     0.156      0.321     0.03797  -1	   0.1649581     0.1536551
      D1SYX-a5d      0.042     0.052       0.235     0.757      0.247     0.579      0.471     0.184      0.736     0.835    0.545     0.805   0.901     0.176      0.132     0.04175  -1	   0.1107202     0.1824996
     D1SYX-a60a      0.056     0.069       0.294     0.665     -0.569     0.607      0.330     0.076      0.999     0.937    0.726     0.855   0.464     0.153      0.492     0.01489  -1	   0.2142362     0.3031472
     D1SYX-a60b      0.056     0.079       0.331     0.713     -0.447     0.567      0.355     0.212      0.983     0.909    0.603     0.865   0.000     0.150      0.183     0.01424  -1	   0.0847236    -0.0224028
     D1SYX-a60c      0.045     0.073       0.309     0.676     -0.287     0.584      0.355     0.075      0.801     0.915    0.565     0.886   0.582     0.153      0.120     0.01322  -1	   0.0791977     0.1219424
     D1SYX-a60d      0.060     0.078       0.331     0.672     -0.506     0.585      0.319     0.034      0.225     0.867    0.596     0.815   0.582     0.145      0.449     0.01358  -1	   0.4124695     0.4284759
     D1SYX-a61a      0.060     0.071       0.294     0.647     -0.453     0.604      0.351     0.068      0.672     0.871    0.525     0.851   0.546     0.148      0.582     0.01450  -1	   0.2654594     0.2958995
     D1SYX-a61b      0.053     0.076       0.324     0.690     -0.142     0.577      0.360     0.065      0.334     0.905    0.568     0.873   0.656     0.155      0.353     0.01337  -1	   0.2218762     0.1850667
     D1SYX-a61c      0.053     0.062       0.250     0.693      0.424     0.566      0.299     0.079      0.149     0.761    0.489     0.764   0.945     0.172      0.169     0.01533  -1	   0.2929205     0.3716012
     D1SYX-a62b      0.055     0.063       0.257     0.716      0.469     0.561      0.289     0.076      0.123     0.773    0.501     0.768   0.970     0.175      0.160     0.01534  -1	   0.3347722     0.3810395
     D1SYX-a62c      0.051     0.051       0.228     0.681      0.232     0.591      0.405     0.085      0.357     0.822    0.525     0.801   0.854     0.186      0.208     0.01386  -1	   0.1592054     0.3559631
     D1SYX-a62d      0.054     0.068       0.250     0.747      0.162     0.617      0.335     0.085      0.468     0.894    0.586     0.852   0.900     0.153      0.468     0.01545  -1	   0.3581728     0.3204384
     D1SYX-a63a      0.062     0.072       0.301     0.636      0.280     0.639      0.446     0.141      0.610     0.818    0.555     0.783   0.825     0.153      0.162     0.01526  -1	   0.2366391     0.2607745
     D1SYX-a63b      0.056     0.043       0.213     0.646     -0.023     0.608      0.410     0.103      0.789     0.796    0.538     0.768   0.796     0.193      0.263     0.01332  -1	   0.0695535     0.2656423
     D1SYX-a63c      0.051     0.051       0.221     0.575      0.179     0.616      0.440     0.144      0.748     0.776    0.531     0.752   0.652     0.224      0.334     0.01324  -1	   0.1282642     0.2082183
     D1SYX-a63d      0.055     0.070       0.301     0.630     -0.096     0.632      0.367     0.126      0.686     0.660    0.574     0.607   0.680     0.146      0.245     0.01443  -1	   0.0795719     0.1711101
     D1SYX-a64a      0.061     0.067       0.294     0.692     -0.318     0.631      0.318     0.137      0.822     0.699    0.583     0.639   0.582     0.141      0.169     0.01438  -1	   0.0604428     0.1495302
     D1SYX-a64b      0.061     0.064       0.279     0.655     -0.020     0.616      0.362     0.171      0.648     0.888    0.559     0.857   0.747     0.134      0.204     0.01407  -1	   0.1141130     0.1688002
     D1SYX-a64c      0.062     0.072       0.294     0.643      0.271     0.637      0.451     0.134      0.820     0.824    0.551     0.791   0.825     0.148      0.140     0.01548  -1	   0.2499217     0.2319588
     D1SYX-a64d      0.057     0.064       0.265     0.652     -0.291     0.616      0.398     0.274      0.913     0.767    0.564     0.722   0.582     0.158      0.226     0.01426  -1	   0.0891320     0.0839070
     D1SYX-a65a      0.065     0.055       0.250     0.614     -0.002     0.611      0.406     0.238      0.908     0.681    0.572     0.629   0.680     0.155      0.300     0.01391  -1	   0.0779948     0.1252566
     D1SYX-a65b      0.062     0.073       0.301     0.653      0.258     0.613      0.400     0.146      0.447     0.815    0.520     0.798   0.892     0.160      0.277     0.01525  -1	   0.2804598     0.2607001
     D1SYX-a65c      0.060     0.072       0.301     0.674      0.182     0.621      0.395     0.162      0.805     0.844    0.572     0.801   0.845     0.138      0.211     0.01540  -1	   0.2093389     0.1806759
     D1SYX-a66a      0.064     0.060       0.257     0.655      0.353     0.622      0.322     0.062      0.529     0.828    0.563     0.788   0.898     0.173      0.192     0.02323  -1	   0.2476564     0.3899808
     D1SYX-a66b      0.063     0.068       0.279     0.644      0.504     0.618      0.302     0.063      0.354     0.848    0.605     0.787   0.842     0.158      0.177     0.02214  -1	   0.3845272     0.4532535
     D1SYX-a66c      0.064     0.082       0.338     0.760      0.165     0.590      0.317     0.089      0.867     0.822    0.582     0.771   0.892     0.130      0.105     0.02365  -1	   0.1787224     0.1272897
     D1SYX-a66d      0.056     0.053       0.221     0.759      0.135     0.612      0.445     0.069      0.425     0.814    0.538     0.787   0.826     0.191      0.912     0.01126  -1	   0.6284074     0.4290768
     D1SYX-a67a      0.050     0.054       0.250     0.712      0.046     0.626      0.463     0.078      0.277     0.707    0.543     0.677   0.834     0.171      0.893     0.01443  -1	   0.6476082     0.5422169
     D1SYX-a67b      0.060     0.061       0.257     0.795     -0.390     0.557      0.353     0.307      0.726     0.794    0.569     0.749   0.585     0.182      0.251     0.02078  -1	   0.1271925     0.0685813
     D1SYX-a67c      0.055     0.055       0.250     0.687      0.015     0.612      0.452     0.075      0.415     0.684    0.521     0.670   0.780     0.188      0.377     0.01418  -1	   0.1860621     0.3590469
     D1SYX-a67d      0.048     0.062       0.279     0.688      0.065     0.620      0.422     0.048      0.468     0.713    0.522     0.697   0.805     0.165      0.447     0.01482  -1	   0.2314752     0.3513841
     D1SYX-a68a      0.058     0.059       0.265     0.729     -0.049     0.625      0.490     0.163      0.457     0.775    0.593     0.712   0.802     0.154      0.503     0.01827  -1	   0.2798174     0.2648964
     D1SYX-a68b      0.055     0.053       0.221     0.802      0.096     0.615      0.457     0.061      0.631     0.830    0.525     0.810   0.688     0.206      0.860     0.01128  -1	   0.4537585     0.2554256
     D1SYX-a68c      0.056     0.057       0.272     0.699     -0.369     0.592      0.466     0.305      0.326     0.603    0.519     0.596   0.538     0.160      0.425     0.01639  -1	   0.2647352     0.1782269
     D1SYX-a69a      0.053     0.053       0.257     0.735      0.073     0.606      0.438     0.090      0.668     0.921    0.572     0.891   0.859     0.185      0.147     0.01712  -1	   0.0892202     0.2085690
     D1SYX-a69b      0.049     0.066       0.309     0.629      0.093     0.610      0.381     0.148      0.472     0.756    0.559     0.714   0.738     0.152      0.651     0.02297  -1	   0.3640926     0.2502110
     D1SYX-a69c      0.057     0.061       0.301     0.732      0.092     0.591      0.448     0.144      0.161     0.618    0.496     0.628   0.859     0.165      0.134     0.01797  -1	   0.1637894     0.3172309
     D1SYX-a69d      0.058     0.064       0.316     0.722      0.072     0.593      0.454     0.174      0.157     0.706    0.464     0.729   0.859     0.141      0.165     0.01865  -1	   0.1884168     0.2734907
      D1SYX-a6c      0.040     0.049       0.228     0.707      0.321     0.579      0.539     0.285      0.872     0.807    0.524     0.787   0.896     0.153      0.187     0.03287  -1	   0.1624758     0.1762986
      D1SYX-a6d      0.042     0.054       0.235     0.616      0.326     0.574      0.469     0.194      0.592     0.806    0.555     0.770   0.853     0.165      0.427     0.03401  -1	   0.2478661     0.2932708
     D1SYX-a70a      0.048     0.058       0.265     0.696      0.153     0.620      0.459     0.086      0.418     0.825    0.612     0.755   0.845     0.159      0.598     0.01466  -1	   0.4112945     0.4244433
     D1SYX-a70b      0.057     0.065       0.324     0.755      0.091     0.598      0.440     0.156      0.186     0.675    0.490     0.684   0.851     0.147      0.185     0.01859  -1	   0.2019328     0.2818532
     D1SYX-a70c      0.060     0.058       0.243     0.714     -0.033     0.626      0.516     0.168      0.697     0.593    0.570     0.545   0.802     0.193      0.503     0.01802  -1	   0.1315381     0.1650709
     D1SYX-a70d      0.060     0.069       0.338     0.635     -0.084     0.586      0.400     0.152      0.316     0.787    0.552     0.751   0.680     0.145      0.878     0.02242  -1	   0.5803821     0.2412558
     D1SYX-a71a      0.059     0.073       0.338     0.616     -0.042     0.574      0.378     0.181      0.388     0.810    0.551     0.776   0.680     0.158      0.607     0.02235  -1	   0.3518718     0.1586903
     D1SYX-a71b      0.055     0.074       0.309     0.672      0.009     0.607      0.372     0.151      0.686     0.747    0.564     0.702   0.780     0.153      0.489     0.02320  -1	   0.2096799     0.1447806
     D1SYX-a71c      0.058     0.073       0.346     0.672     -0.067     0.584      0.383     0.155      0.524     0.792    0.555     0.755   0.747     0.142      0.682     0.02269  -1	   0.3473484     0.1418036
     D1SYX-a71d      0.058     0.066       0.309     0.563     -0.280     0.591      0.543     0.301      0.794     0.606    0.568     0.560   0.389     0.142      0.591     0.01922  -1	   0.0904542     0.0320230
     D1SYX-a72a      0.063     0.069       0.309     0.664     -0.051     0.596      0.432     0.189      0.181     0.855    0.577     0.810   0.747     0.136      0.292     0.02198  -1	   0.2356252     0.2129910
     D1SYX-a72b      0.059     0.066       0.294     0.653     -0.199     0.610      0.508     0.191      0.399     0.669    0.551     0.635   0.730     0.141      0.320     0.01851  -1	   0.1676901     0.2314802
     D1SYX-a72c      0.058     0.067       0.338     0.567     -0.035     0.595      0.425     0.169      0.236     0.830    0.579     0.781   0.554     0.154      0.928     0.02198  -1	   0.6550697     0.2482025
     D1SYX-a72d      0.055     0.066       0.294     0.631      0.065     0.611      0.393     0.122      0.562     0.833    0.603     0.770   0.738     0.162      0.712     0.02317  -1	   0.3851871     0.2546767
     D1SYX-a73a      0.055     0.041       0.162     0.772      0.306     0.606      0.550     0.170      0.935     0.808    0.535     0.783   0.875     0.236      1.101     0.01347  -1	   0.4561028     0.2216475
     D1SYX-a73b      0.059     0.057       0.221     0.759     -0.242     0.591      0.405     0.079      0.670     0.753    0.521     0.736   0.683     0.184      0.174     0.01204  -1	   0.0947300     0.2167568
     D1SYX-a73d      0.055     0.058       0.250     0.717      0.136     0.610      0.401     0.079      0.318     0.839    0.517     0.823   0.834     0.168      0.565     0.01342  -1	   0.4205735     0.3980532
     D1SYX-a74a      0.058     0.075       0.294     0.642      0.392     0.582      0.387     0.123      0.167     0.811    0.567     0.767   0.831     0.121      0.872     0.01584  -1	   0.9491779     0.5088770
     D1SYX-a74b      0.054     0.057       0.243     0.723      0.120     0.612      0.411     0.084      0.500     0.843    0.513     0.829   0.834     0.168      0.431     0.01334  -1	   0.2604536     0.3147471
     D1SYX-a74c      0.052     0.075       0.279     0.699      0.346     0.578      0.402     0.101      0.676     0.783    0.534     0.758   0.920     0.126      0.673     0.01646  -1	   0.4816669     0.3205308
     D1SYX-a74d      0.054     0.059       0.243     0.700      0.083     0.610      0.415     0.073      0.625     0.863    0.537     0.839   0.859     0.168      0.616     0.01330  -1	   0.3173390     0.3107444
     D1SYX-a75a      0.061     0.064       0.287     0.766     -0.001     0.611      0.371     0.074      0.449     0.883    0.587     0.839   0.793     0.128      0.929     0.01300  -1	   0.6487407     0.2880749
     D1SYX-a75b      0.062     0.061       0.265     0.729     -0.112     0.589      0.407     0.116      0.297     0.854    0.543     0.827   0.711     0.147      0.956     0.01289  -1	   0.7018559     0.3212656
     D1SYX-a75c      0.059     0.074       0.287     0.587      0.414     0.580      0.343     0.094      0.152     0.751    0.529     0.729   0.752     0.128      0.872     0.01619  -1	   0.9001745     0.5527168
     D1SYX-a75d      0.062     0.066       0.279     0.594     -0.155     0.603      0.484     0.257      0.633     0.905    0.555     0.878   0.538     0.152      0.245     0.01294  -1	   0.1071917     0.0754716
     D1SYX-a76a      0.051     0.082       0.301     0.711     -0.308     0.559      0.428     0.135      0.958     0.894    0.582     0.854   0.636     0.128      0.553     0.01719  -1	   0.1860283     0.0721598
     D1SYX-a76b      0.052     0.056       0.235     0.604     -0.162     0.592      0.458     0.115      0.799     0.784    0.544     0.754   0.664     0.164      0.300     0.01427  -1	   0.0836906     0.2080665
     D1SYX-a76c      0.053     0.049       0.213     0.566     -0.122     0.600      0.511     0.142      0.626     0.739    0.541     0.710   0.714     0.169      0.459     0.01269  -1	   0.1250821     0.2999594
     D1SYX-a76d      0.051     0.077       0.294     0.710     -0.471     0.578      0.483     0.217      0.956     0.872    0.576     0.831   0.667     0.128      0.748     0.01671  -1	   0.2518197     0.1151677
     D1SYX-a77a      0.054     0.082       0.324     0.759     -0.475     0.585      0.376     0.101      0.899     0.798    0.557     0.760   0.659     0.146      0.292     0.01347  -1	   0.1367618     0.0984207
     D1SYX-a77b      0.052     0.063       0.250     0.776     -0.591     0.574      0.459     0.394      0.784     0.883    0.581     0.842   0.510     0.188      0.252     0.01393  -1	   0.2177911     0.0864985
     D1SYX-a77c      0.043     0.088       0.331     0.681     -0.235     0.579      0.446     0.173      0.841     0.846    0.589     0.794   0.637     0.130      0.506     0.01785  -1	   0.1729607     0.0296336
     D1SYX-a77d      0.061     0.076       0.346     0.636     -0.446     0.585      0.389     0.064      0.360     0.819    0.516     0.804   0.000     0.140      0.451     0.01357  -1	   0.2321996     0.1451714
     D1SYX-a78a      0.061     0.082       0.353     0.754     -0.565     0.568      0.286     0.026      0.625     0.872    0.613     0.812   0.510     0.129      0.398     0.01378  -1	   0.2337269     0.2263115
     D1SYX-a78c      0.055     0.071       0.294     0.650     -0.481     0.596      0.333     0.063      0.728     0.816    0.511     0.804   0.613     0.145      0.582     0.01447  -1	   0.2483973     0.3328497
     D1SYX-a78d      0.060     0.069       0.316     0.616     -0.415     0.610      0.355     0.079      0.456     0.895    0.490     0.889   0.000     0.138      0.339     0.01482  -1	   0.1363556     0.1196829
     D1SYX-a79a      0.058     0.073       0.324     0.668     -0.490     0.589      0.399     0.059      0.451     0.849    0.537     0.824   0.613     0.144      0.500     0.01341  -1	   0.3185271     0.3086632
     D1SYX-a79b      0.050     0.078       0.316     0.552     -0.140     0.565      0.380     0.098      0.646     0.847    0.543     0.819   0.463     0.120      0.372     0.01407  -1	   0.1307164     0.1497147
     D1SYX-a79c      0.053     0.082       0.324     0.774     -0.482     0.584      0.372     0.104      0.684     0.801    0.560     0.761   0.659     0.142      0.315     0.01341  -1	   0.1767480     0.1360102
     D1SYX-a79d      0.048     0.085       0.331     0.670     -0.429     0.580      0.366     0.084      0.918     0.886    0.594     0.839   0.000     0.149      0.310     0.01348  -1	   0.0956085    -0.0031626
      D1SYX-a7a      0.033     0.054       0.213     0.634      0.280     0.566      0.408     0.273      0.969     0.831    0.557     0.794   0.825     0.184      0.202     0.03650  -1	   0.1364983     0.1166588
      D1SYX-a7b      0.042     0.052       0.243     0.743      0.245     0.573      0.479     0.183      0.646     0.826    0.533     0.802   0.909     0.161      0.132     0.04223  -1	   0.1057609     0.2111418
      D1SYX-a7c      0.043     0.051       0.243     0.736      0.156     0.578      0.479     0.196      0.833     0.839    0.549     0.807   0.900     0.180      0.132     0.04123  -1	   0.0811138     0.1359787
      D1SYX-a7d      0.046     0.054       0.228     0.694      0.065     0.586      0.422     0.131      0.893     0.797    0.594     0.734   0.805     0.163      0.229     0.03848  -1	   0.0780943     0.1728141
     D1SYX-a80a      0.050     0.063       0.250     0.735     -0.691     0.571      0.443     0.397      0.910     0.829    0.558     0.792   0.593     0.175      0.256     0.01413  -1	   0.2685233     0.1324687
     D1SYX-a80b      0.040     0.058       0.250     0.611     -0.292     0.541      0.479     0.283      0.386     0.928    0.523     0.914   0.515     0.171      0.587     0.01348  -1	   0.3035305     0.1374007
     D1SYX-a80c      0.049     0.079       0.324     0.723     -0.025     0.585      0.305     0.042      0.956     0.903    0.550     0.878   0.802     0.134      0.373     0.01334  -1	   0.1841800     0.1644467
     D1SYX-a80d      0.039     0.059       0.250     0.720     -0.446     0.567      0.472     0.317      0.645     0.684    0.520     0.671   0.000     0.153      0.585     0.01314  -1	   0.1389967     0.0114598
     D1SYX-a81a      0.062     0.074       0.309     0.645      0.165     0.615      0.373     0.147      0.703     0.832    0.566     0.790   0.778     0.147      0.248     0.01525  -1	   0.2069276     0.1806191
     D1SYX-a81b      0.053     0.069       0.279     0.695      0.037     0.568      0.261     0.076      0.621     0.865    0.542     0.839   0.780     0.146      0.649     0.01422  -1	   0.3244099     0.2746330
     D1SYX-a81c      0.057     0.067       0.265     0.716      0.157     0.613      0.348     0.089      0.208     0.893    0.564     0.860   0.900     0.158      0.493     0.01555  -1	   0.4574040     0.3794701
     D1SYX-a82a      0.063     0.068       0.294     0.623     -0.004     0.611      0.389     0.155      0.937     0.709    0.592     0.642   0.680     0.143      0.339     0.01410  -1	   0.1159847     0.1305135
     D1SYX-a82b      0.058     0.070       0.287     0.622     -0.060     0.618      0.331     0.111      0.821     0.706    0.623     0.615   0.680     0.150      0.317     0.01422  -1	   0.1010546     0.1953817
     D1SYX-a82c      0.059     0.063       0.265     0.593      0.057     0.612      0.399     0.228      0.752     0.694    0.573     0.642   0.612     0.154      0.188     0.01467  -1	   0.0853000     0.1147812
     D1SYX-a82d      0.063     0.061       0.250     0.607     -0.045     0.611      0.399     0.213      0.782     0.746    0.587     0.684   0.680     0.161      0.223     0.01392  -1	   0.0849891     0.1410507
     D1SYX-a83b      0.054     0.071       0.287     0.646      0.184     0.622      0.330     0.106      0.525     0.813    0.545     0.781   0.778     0.146      0.119     0.01469  -1	   0.1442457     0.2180173
     D1SYX-a83c      0.063     0.061       0.265     0.668     -0.176     0.617      0.391     0.199      0.686     0.801    0.589     0.743   0.730     0.155      0.277     0.01390  -1	   0.1073068     0.1545334
     D1SYX-a83d      0.060     0.078       0.331     0.603      0.235     0.605      0.408     0.208      0.907     0.847    0.588     0.796   0.787     0.124      0.190     0.01540  -1	   0.2579979     0.1700842
     D1SYX-a84b      0.065     0.064       0.287     0.599     -0.041     0.622      0.373     0.206      0.861     0.792    0.555     0.754   0.554     0.145      0.171     0.01461  -1	   0.1052764     0.1203090
     D1SYX-a84c      0.069     0.070       0.301     0.625      0.072     0.621      0.473     0.203      0.490     0.784    0.567     0.739   0.738     0.148      0.244     0.01525  -1	   0.1698347     0.1763900
     D1SYX-a84d      0.056     0.062       0.257     0.631     -0.193     0.619      0.399     0.276      0.800     0.753    0.560     0.710   0.664     0.161      0.209     0.01424  -1	   0.0769980     0.0998827
     D1SYX-a85a      0.056     0.052       0.221     0.779      0.120     0.611      0.442     0.069      0.413     0.816    0.537     0.790   0.826     0.184      1.150     0.01132  -1	   0.8392648     0.4294095
     D1SYX-a85b      0.061     0.045       0.199     0.683      0.096     0.627      0.448     0.136      0.489     0.825    0.514     0.811   0.817     0.188      1.282     0.01070  -1	   0.7894702     0.3861316
     D1SYX-a85c      0.056     0.052       0.213     0.800      0.191     0.625      0.452     0.065      0.493     0.809    0.532     0.786   0.729     0.212      1.108     0.01120  -1	   0.7686691     0.3795548
     D1SYX-a85d      0.055     0.049       0.213     0.754      0.152     0.608      0.483     0.095      0.495     0.828    0.575     0.781   0.798     0.212      0.860     0.01098  -1	   0.5431432     0.3823730
     D1SYX-a86a      0.063     0.044       0.191     0.681      0.058     0.615      0.467     0.152      0.675     0.813    0.519     0.797   0.817     0.205      1.282     0.01071  -1	   0.5994173     0.3011325
     D1SYX-a86b      0.053     0.066       0.294     0.641      0.092     0.607      0.372     0.113      0.598     0.803    0.591     0.743   0.738     0.160      0.651     0.02347  -1	   0.3348169     0.2526059
     D1SYX-a86c      0.056     0.051       0.213     0.796      0.089     0.630      0.470     0.073      0.392     0.788    0.523     0.770   0.851     0.223      0.742     0.01112  -1	   0.5107206     0.4422383
     D1SYX-a86d      0.056     0.050       0.199     0.800      0.197     0.621      0.468     0.078      0.478     0.803    0.536     0.778   0.669     0.210      0.860     0.01107  -1	   0.5753634     0.3764203
     D1SYX-a87a      0.060     0.071       0.309     0.643     -0.047     0.571      0.427     0.478      0.510     0.844    0.557     0.808   0.680     0.175      0.225     0.01546  -1	   0.1186721     0.0028718
     D1SYX-a87b      0.054     0.048       0.199     0.765      0.140     0.622      0.492     0.104      0.800     0.835    0.539     0.808   0.831     0.210      0.742     0.01107  -1	   0.3176270     0.2580037
     D1SYX-a87c      0.057     0.076       0.301     0.680      0.388     0.590      0.262     0.300      0.928     0.837    0.713     0.697   0.898     0.152      0.396     0.02682  -1	   0.4035112     0.2445188
     D1SYX-a87d      0.056     0.052       0.221     0.780      0.167     0.618      0.468     0.076      0.467     0.818    0.568     0.774   0.892     0.212      0.742     0.01123  -1	   0.5082606     0.4292780
     D1SYX-a88a      0.054     0.051       0.243     0.741      0.265     0.621      0.506     0.189      0.494     0.671    0.539     0.644   0.946     0.185      0.587     0.01632  -1	   0.3716039     0.3453198
     D1SYX-a88b      0.057     0.065       0.309     0.761      0.122     0.589      0.418     0.125      0.877     0.753    0.589     0.691   0.826     0.149      0.178     0.01838  -1	   0.1063098     0.1115545
     D1SYX-a88c      0.056     0.053       0.213     0.758      0.197     0.618      0.455     0.063      0.510     0.796    0.535     0.771   0.892     0.204      1.108     0.01114  -1	   0.7438606     0.4394975
     D1SYX-a88d      0.065     0.069       0.301     0.717      0.060     0.606      0.439     0.180      0.398     0.581    0.509     0.584   0.859     0.152      0.396     0.02291  -1	   0.2445977     0.2110197
     D1SYX-a89a      0.060     0.058       0.265     0.726     -0.009     0.628      0.470     0.136      0.552     0.814    0.536     0.788   0.802     0.205      0.503     0.01807  -1	   0.2544826     0.2158503
     D1SYX-a89b      0.049     0.063       0.287     0.722      0.045     0.620      0.442     0.053      0.351     0.794    0.554     0.758   0.834     0.160      0.395     0.01505  -1	   0.2630549     0.3735131
     D1SYX-a89c      0.055     0.058       0.235     0.735     -0.029     0.629      0.479     0.131      0.894     0.671    0.597     0.599   0.802     0.181      0.789     0.01797  -1	   0.1944176     0.1534747
     D1SYX-a89d      0.057     0.065       0.316     0.733     -0.019     0.597      0.461     0.214      0.207     0.735    0.476     0.748   0.802     0.147      0.097     0.01829  -1	   0.1186269     0.1880276
      D1SYX-a8a      0.043     0.049       0.228     0.688      0.302     0.577      0.479     0.185      0.746     0.783    0.540     0.755   0.872     0.173      0.176     0.03939  -1	   0.1227409     0.2192997
      D1SYX-a8b      0.050     0.062       0.272     0.654      0.171     0.595      0.389     0.161      0.732     0.945    0.538     0.929   0.845     0.153      0.368     0.03794  -1	   0.2285429     0.2135736
      D1SYX-a8c      0.047     0.055       0.243     0.660      0.135     0.574      0.406     0.108      0.696     0.789    0.533     0.765   0.780     0.171      0.124     0.03965  -1	   0.0634042     0.1933847
      D1SYX-a8d      0.027     0.055       0.221     0.654      0.299     0.585      0.424     0.298      0.804     0.820    0.565     0.778   0.892     0.194      0.225     0.03694  -1	   0.1334155     0.1174096
     D1SYX-a90a      0.057     0.060       0.272     0.640      0.021     0.613      0.495     0.164      0.490     0.605    0.567     0.559   0.713     0.172      0.598     0.01806  -1	   0.2600098     0.2655252
     D1SYX-a90b      0.052     0.046       0.191     0.683      0.354     0.598      0.455     0.133      0.542     0.706    0.585     0.644   0.903     0.173      0.808     0.01510  -1	   0.5037104     0.4892947
     D1SYX-a90d      0.061     0.070       0.287     0.589      0.096     0.579      0.418     0.192      0.998     0.883    0.741     0.746   0.612     0.162      0.511     0.01989  -1	   0.2456956     0.1434077
     D1SYX-a91a      0.057     0.060       0.250     0.676     -0.485     0.594      0.499     0.248      0.792     0.808    0.527     0.787   0.613     0.163      0.232     0.01270  -1	   0.1681943     0.1350307
     D1SYX-a91c      0.048     0.054       0.213     0.679      0.132     0.576      0.433     0.099      1.000     0.928    0.673     0.864   0.780     0.206      0.232     0.01308  -1	   0.1258408     0.1757820
     D1SYX-a91d      0.052     0.060       0.213     0.686      0.264     0.589      0.404     0.084      0.394     0.760    0.494     0.760   0.892     0.188      0.155     0.01444  -1	   0.1543650     0.3232847
     D1SYX-a92a      0.065     0.068       0.279     0.601      0.010     0.585      0.425     0.138      0.262     0.921    0.525     0.906   0.713     0.150      0.832     0.01275  -1	   0.6003527     0.2675125
     D1SYX-a92b      0.045     0.056       0.213     0.697      0.016     0.582      0.409     0.073      0.674     0.916    0.555     0.891   0.780     0.191      0.232     0.01326  -1	   0.0989214     0.2224479
     D1SYX-a92c      0.054     0.058       0.243     0.726      0.117     0.605      0.415     0.088      0.453     0.837    0.520     0.820   0.834     0.168      0.431     0.01340  -1	   0.2715236     0.3190026
     D1SYX-a92d      0.060     0.063       0.265     0.707     -0.217     0.590      0.503     0.258      0.682     0.879    0.542     0.853   0.691     0.155      0.248     0.01283  -1	   0.1195948     0.0822282
     D1SYX-a93a      0.055     0.073       0.294     0.668      0.414     0.578      0.348     0.087      0.226     0.817    0.549     0.784   0.945     0.116      0.853     0.01609  -1	   0.9170136     0.5516745
     D1SYX-a93b      0.063     0.056       0.257     0.679     -0.035     0.594      0.462     0.155      0.897     0.840    0.555     0.805   0.747     0.173      0.275     0.01287  -1	   0.1096458     0.1270869
     D1SYX-a93c      0.060     0.068       0.301     0.740     -0.424     0.593      0.464     0.269      0.673     0.899    0.554     0.871   0.000     0.154      0.243     0.01273  -1	   0.0938830    -0.0246009
     D1SYX-a93d      0.063     0.057       0.235     0.732     -0.103     0.603      0.421     0.122      0.411     0.879    0.567     0.843   0.711     0.141      1.034     0.01282  -1	   0.6861911     0.3149995
     D1SYX-a94b      0.056     0.053       0.221     0.647      0.067     0.595      0.414     0.107      0.554     0.866    0.516     0.851   0.738     0.188      0.232     0.01319  -1	   0.1124459     0.2438358
     D1SYX-a94c      0.055     0.070       0.301     0.686     -0.360     0.582      0.424     0.248      0.998     0.934    0.633     0.888   0.538     0.147      0.239     0.01281  -1	   0.1194145     0.0510060
     D1SYX-a94d      0.056     0.070       0.294     0.689     -0.360     0.589      0.398     0.207      0.985     0.925    0.596     0.889   0.538     0.145      0.239     0.01277  -1	   0.1260760     0.0797498
     D1SYX-a95a      0.043     0.076       0.331     0.692     -0.176     0.582      0.337     0.057      0.794     0.864    0.524     0.845   0.730     0.164      0.395     0.01334  -1	   0.1426483     0.1399012
     D1SYX-a95b      0.055     0.058       0.243     0.709     -0.210     0.579      0.317     0.041      0.078     0.706    0.510     0.700   0.691     0.175      0.495     0.01030  -1	   0.4607556     0.6158946
     D1SYX-a95c      0.049     0.072       0.287     0.569     -0.419     0.561      0.391     0.117      0.501     0.865    0.613     0.804   0.000     0.162      0.358     0.01186  -1	   0.1547369     0.1501280
     D1SYX-a96a      0.059     0.065       0.294     0.602     -0.498     0.585      0.381     0.094      0.503     0.845    0.481     0.846   0.546     0.131      0.560     0.01440  -1	   0.3144581     0.3597702
     D1SYX-a96b      0.060     0.059       0.243     0.733     -0.344     0.575      0.324     0.041      0.087     0.719    0.501     0.717   0.636     0.169      0.431     0.01058  -1	   0.4608139     0.6154966
     D1SYX-a96c      0.058     0.080       0.316     0.713     -0.517     0.586      0.289     0.018      0.139     0.829    0.556     0.792   0.636     0.140      0.456     0.01349  -1	   0.5025830     0.5394859
     D1SYX-a96d      0.053     0.062       0.257     0.760     -0.681     0.568      0.474     0.409      0.937     0.903    0.563     0.873   0.585     0.188      0.255     0.01389  -1	   0.2703900     0.1264222
     D1SYX-a97a      0.053     0.080       0.331     0.736     -0.141     0.572      0.330     0.054      0.734     0.884    0.525     0.866   0.711     0.143      0.335     0.01348  -1	   0.1529203     0.1147966
     D1SYX-a97b      0.045     0.076       0.324     0.662     -0.132     0.581      0.350     0.066      0.538     0.875    0.515     0.860   0.656     0.162      0.395     0.01325  -1	   0.1855121     0.1647785
     D1SYX-a97c      0.058     0.069       0.279     0.678     -0.611     0.596      0.417     0.117      0.608     0.913    0.522     0.897   0.464     0.174      0.334     0.01495  -1	   0.2821699     0.2546062
     D1SYX-a97d      0.056     0.069       0.287     0.664     -0.487     0.604      0.346     0.080      1.000     0.927    0.679     0.860   0.613     0.147      0.564     0.01493  -1	   0.2129370     0.3019642
     D1SYX-a98a      0.049     0.045       0.199     0.632     -0.268     0.595      0.555     0.282      0.708     0.767    0.545     0.736   0.671     0.231      0.160     0.01004  -1	   0.0712352     0.1187993
     D1SYX-a98b      0.063     0.062       0.257     0.598     -0.092     0.621      0.355     0.163      0.848     0.651    0.560     0.609   0.554     0.167      0.332     0.01391  -1	   0.0762477     0.1700994
     D1SYX-a98c      0.054     0.045       0.221     0.682     -0.024     0.574      0.475     0.386      0.701     0.683    0.519     0.672   0.852     0.196      0.391     0.00912  -1	   0.0764473     0.0327363
     D1SYX-a98d      0.051     0.071       0.272     0.701      0.431     0.615      0.243     0.051      0.434     0.848    0.552     0.816   1.000     0.180      0.106     0.01390  -1	   0.2729744     0.3431074
     D1SYX-a99a      0.061     0.065       0.265     0.640     -0.075     0.625      0.362     0.170      0.717     0.836    0.564     0.796   0.680     0.150      0.205     0.01447  -1	   0.1038295     0.1650806
     D1SYX-a99b      0.057     0.063       0.272     0.619      0.057     0.587      0.306     0.099      0.494     0.853    0.525     0.834   0.738     0.160      0.727     0.01368  -1	   0.3917700     0.3217357
     D1SYX-a99c      0.060     0.069       0.279     0.636      0.004     0.616      0.342     0.121      0.627     0.715    0.603     0.639   0.713     0.150      0.319     0.01446  -1	   0.1418126     0.2239364
     D1SYX-a99d      0.053     0.067       0.287     0.511      0.320     0.608      0.400     0.145      0.579     0.876    0.656     0.794   0.574     0.134      0.367     0.01533  -1	   0.2939177     0.2978652
      D1SYX-a9a      0.063     0.046       0.191     0.592      0.259     0.589      0.431     0.157      0.872     0.739    0.651     0.627   0.798     0.268      0.082     0.02408  -1	   0.0609991     0.1510090
      D1SYX-a9b      0.061     0.044       0.228     0.660      0.051     0.596      0.458     0.142      0.660     0.807    0.512     0.794   0.817     0.202      0.150     0.01319  -1	   0.0638890     0.2148789
      D1SYX-a9c      0.046     0.058       0.235     0.763     -0.021     0.574      0.413     0.328      0.375     0.680    0.549     0.647   0.793     0.196      0.394     0.02811  -1	   0.2204481     0.0809967
