      D1K74-a9d      0.019     0.035       0.183     0.690     -0.446     0.723      0.565     0.623      0.833     0.275    0.509     0.297   0.639     0.124      0.211     0.00872  -1	  -0.0203705     0.0304436
      D1K74-a0a      0.016     0.039       0.183     0.670      0.043     0.698      0.566     0.671      0.885     0.277    0.502     0.304   0.781     0.120      0.121     0.00504  -1	  -0.0596487    -0.0016984
      D1K74-a0b      0.022     0.037       0.197     0.494     -0.148     0.720      0.574     0.675      0.465     0.261    0.512     0.281   0.588     0.118      0.144     0.00815  -1	  -0.0183416    -0.0047084
      D1K74-a0c      0.013     0.039       0.211     0.637     -0.090     0.717      0.594     0.662      0.342     0.279    0.508     0.301   0.756     0.100      0.183     0.00772  -1	   0.0107576    -0.0277817
      D1K74-a0d      0.017     0.043       0.194     0.592      0.409     0.708      0.533     0.627      0.246     0.292    0.516     0.308   0.804     0.106      0.148     0.00781  -1	   0.1733734    -0.0046995
    D1K74-a100a      0.012     0.063       0.275     0.626      0.594     0.763      0.426     0.239      0.579     0.303    0.535     0.305   0.823     0.078      0.141     0.62270   1	   0.4176185     0.3831863
    D1K74-a100b      0.014     0.066       0.268     0.561      0.621     0.755      0.405     0.236      0.078     0.297    0.541     0.296   0.703     0.084      0.109     0.65916   1	   0.5076602     0.4892740
    D1K74-a100c      0.009     0.050       0.232     0.534      0.149     0.702      0.579     0.575      0.458     0.370    0.514     0.384   0.692     0.086      0.161     0.01640  -1	   0.0302157     0.0098746
    D1K74-a100d      0.014     0.065       0.275     0.584      0.617     0.745      0.425     0.248      0.057     0.340    0.570     0.314   0.703     0.083      0.119     0.62852   1	   0.5261775     0.5292613
    D1K74-a101a      0.014     0.045       0.229     0.574     -0.092     0.734      0.543     0.579      0.802     0.307    0.533     0.311   0.738     0.095      0.057     0.03444  -1	  -0.0433340     0.0152673
    D1K74-a101b      0.008     0.049       0.215     0.501     -0.162     0.712      0.522     0.527      0.289     0.276    0.478     0.319   0.622     0.096      0.113     0.01828  -1	   0.0317518     0.0508255
    D1K74-a101c      0.013     0.051       0.218     0.593     -0.011     0.729      0.511     0.529      0.736     0.416    0.541     0.405   0.554     0.088      0.023     0.04096  -1	  -0.0138895     0.0288324
    D1K74-a101d      0.012     0.051       0.215     0.591      0.001     0.729      0.502     0.522      0.773     0.390    0.529     0.391   0.587     0.095     -0.006     0.04121  -1	  -0.0077466     0.0316064
    D1K74-a102a      0.008     0.058       0.250     0.703     -0.454     0.694      0.628     0.763      0.929     0.346    0.542     0.341   0.667     0.076      0.044     0.01319  -1	   0.0057121     0.0745552
    D1K74-a102b      0.010     0.031       0.155     0.613      0.194     0.678      0.572     0.604      0.515     0.298    0.519     0.312   0.739     0.120      0.042     0.00838  -1	  -0.0567291     0.0061222
    D1K74-a102c      0.016     0.040       0.204     0.570      0.338     0.747      0.536     0.454      0.580     0.283    0.495     0.314   0.798     0.096      0.093     0.14345  -1	   0.0804945     0.1090732
    D1K74-a102d      0.008     0.055       0.236     0.594     -0.417     0.705      0.612     0.716      0.910     0.327    0.515     0.344   0.000     0.095      0.050     0.01259  -1	   0.0285029     0.0015633
    D1K74-a103a      0.009     0.044       0.201     0.609     -0.233     0.719      0.555     0.598      0.848     0.310    0.529     0.316   0.718     0.108      0.137     0.00919  -1	  -0.0489961     0.0104284
    D1K74-a103b      0.013     0.043       0.204     0.595      0.044     0.698      0.572     0.620      0.966     0.339    0.527     0.345   0.708     0.087      0.055     0.01322  -1	  -0.0051572     0.0331527
    D1K74-a103c      0.010     0.028       0.130     0.721      0.028     0.698      0.612     0.685      0.612     0.278    0.522     0.292   0.805     0.152      0.043     0.01164  -1	  -0.1014323    -0.0122300
    D1K74-a103d      0.023     0.037       0.169     0.683      0.299     0.711      0.580     0.637      0.692     0.318    0.554     0.306   0.872     0.128      0.088     0.02425  -1	   0.0051176    -0.0235882
    D1K74-a104a      0.010     0.036       0.165     0.544     -0.571     0.693      0.617     0.744      0.832     0.297    0.511     0.316   0.528     0.115      0.007     0.00661  -1	   0.1431405     0.0863045
    D1K74-a104b      0.009     0.040       0.197     0.696     -0.294     0.691      0.618     0.757      0.861     0.321    0.530     0.326   0.726     0.121      0.006     0.00869  -1	  -0.0468434     0.0593197
    D1K74-a104c      0.004     0.050       0.215     0.580     -0.027     0.689      0.553     0.657      0.314     0.312    0.527     0.320   0.778     0.090      0.044     0.00786  -1	  -0.0162089    -0.0605393
    D1K74-a104d      0.008     0.043       0.187     0.731     -0.167     0.707      0.551     0.633      0.287     0.266    0.489     0.302   0.781     0.106     -0.035     0.00916  -1	  -0.0060110     0.0130933
    D1K74-a105a      0.018     0.028       0.144     0.703     -0.280     0.693      0.568     0.625      0.329     0.276    0.491     0.310   0.750     0.155      0.304     0.00731  -1	   0.1050490     0.0395360
    D1K74-a105b      0.022     0.037       0.197     0.694     -0.103     0.701      0.553     0.671      0.830     0.263    0.493     0.296   0.788     0.114      0.120     0.00712  -1	  -0.0715778     0.0140598
    D1K74-a105c      0.016     0.039       0.187     0.695     -0.366     0.687      0.547     0.640      0.791     0.332    0.524     0.342   0.699     0.151      0.172     0.00777  -1	  -0.0289055     0.0043133
    D1K74-a105d      0.022     0.037       0.176     0.627     -0.415     0.721      0.567     0.645      0.413     0.308    0.544     0.303   0.584     0.126      0.081     0.00832  -1	   0.0493088     0.0324314
    D1K74-a106a      0.015     0.041       0.176     0.595      0.191     0.696      0.520     0.572      0.822     0.335    0.525     0.342   0.721     0.114      0.037     0.01312  -1	  -0.0061952     0.0141053
    D1K74-a106b      0.017     0.041       0.176     0.583      0.117     0.706      0.542     0.604      0.838     0.314    0.519     0.328   0.753     0.120      0.040     0.01344  -1	  -0.0221580    -0.0002853
    D1K74-a106c      0.014     0.050       0.232     0.658      0.021     0.733      0.518     0.555      0.709     0.327    0.531     0.331   0.781     0.090      0.047     0.04715  -1	  -0.0348269    -0.0057165
    D1K74-a106d      0.016     0.037       0.158     0.508      0.131     0.698      0.552     0.565      0.867     0.302    0.504     0.326   0.692     0.118      0.052     0.01295  -1	  -0.0093025     0.0315060
     D1K74-a10a      0.014     0.035       0.162     0.649      0.126     0.679      0.514     0.634      0.173     0.266    0.489     0.302   0.771     0.125      0.055     0.00610  -1	   0.0347228    -0.0162896
     D1K74-a10b      0.015     0.044       0.218     0.613      0.073     0.684      0.495     0.613      0.256     0.265    0.500     0.294   0.761     0.101      0.142     0.00553  -1	   0.0513708    -0.0327447
     D1K74-a10c      0.016     0.035       0.176     0.752     -0.357     0.697      0.575     0.699      0.811     0.264    0.502     0.291   0.703     0.097      0.114     0.00614  -1	  -0.0391378     0.0584028
     D1K74-a10d      0.020     0.035       0.173     0.609     -0.262     0.690      0.588     0.676      0.759     0.267    0.509     0.290   0.671     0.121      0.095     0.00593  -1	  -0.0303988     0.0389499
     D1K74-a11a      0.018     0.032       0.144     0.681      0.245     0.697      0.564     0.675      0.426     0.261    0.486     0.299   0.840     0.149      0.181     0.00620  -1	   0.0213155    -0.0594657
     D1K74-a11b      0.020     0.041       0.201     0.670      0.053     0.692      0.514     0.502      0.064     0.291    0.515     0.308   0.817     0.101      0.313     0.00644  -1	   0.2431987     0.1439149
     D1K74-a11c      0.017     0.041       0.204     0.679      0.151     0.693      0.524     0.535      0.137     0.293    0.523     0.305   0.794     0.104      0.309     0.00649  -1	   0.2163646     0.0902215
     D1K74-a11d      0.021     0.042       0.211     0.681      0.097     0.696      0.512     0.500      0.048     0.277    0.520     0.291   0.817     0.105      0.297     0.00644  -1	   0.2593777     0.1484044
     D1K74-a12a      0.020     0.041       0.211     0.711     -0.015     0.690      0.525     0.514      0.302     0.321    0.575     0.294   0.876     0.106      0.348     0.00643  -1	   0.1243070     0.0337245
     D1K74-a12b      0.018     0.041       0.211     0.694     -0.018     0.695      0.526     0.519      0.422     0.296    0.559     0.282   0.852     0.102      0.293     0.00644  -1	   0.0342251     0.0039640
     D1K74-a12c      0.018     0.042       0.197     0.716      0.173     0.701      0.506     0.501      0.472     0.289    0.538     0.290   0.819     0.113      0.302     0.00650  -1	   0.0718284     0.0199601
     D1K74-a12d      0.021     0.041       0.204     0.661      0.011     0.697      0.531     0.520      0.243     0.293    0.539     0.294   0.781     0.099      0.342     0.00643  -1	   0.1460341     0.0707529
     D1K74-a13a      0.020     0.042       0.215     0.693      0.059     0.689      0.527     0.518      0.129     0.286    0.527     0.295   0.817     0.104      0.328     0.00646  -1	   0.2221725     0.1020940
     D1K74-a13b      0.020     0.041       0.208     0.665      0.049     0.699      0.521     0.509      0.102     0.285    0.530     0.292   0.781     0.102      0.331     0.00641  -1	   0.2285630     0.1287920
     D1K74-a13c      0.018     0.038       0.187     0.507      0.331     0.708      0.602     0.710      0.747     0.283    0.512     0.303   0.737     0.102      0.141     0.00877  -1	   0.0540601     0.0033335
     D1K74-a13d      0.013     0.035       0.173     0.728      0.205     0.694      0.532     0.671      0.163     0.271    0.504     0.296   0.864     0.129      0.016     0.00812  -1	   0.0449932    -0.0392401
     D1K74-a14a      0.011     0.041       0.208     0.668      0.074     0.697      0.569     0.700      0.053     0.279    0.527     0.289   0.817     0.105      0.235     0.00752  -1	   0.1907793    -0.0414828
     D1K74-a14b      0.011     0.048       0.225     0.660      0.107     0.692      0.588     0.683      0.203     0.259    0.468     0.309   0.827     0.083      0.027     0.00822  -1	   0.0481842    -0.0214265
     D1K74-a14c      0.013     0.035       0.176     0.702      0.165     0.703      0.535     0.681      0.115     0.271    0.485     0.309   0.819     0.133      0.012     0.00807  -1	   0.0508603    -0.0343846
     D1K74-a14d      0.013     0.049       0.229     0.623      0.137     0.696      0.573     0.671      0.210     0.257    0.472     0.304   0.771     0.085      0.117     0.00820  -1	   0.0913717    -0.0260579
     D1K74-a15a      0.015     0.057       0.257     0.522      0.453     0.768      0.422     0.242      0.151     0.276    0.549     0.271   0.569     0.082      0.239     0.58871   1	   0.3878148     0.4703354
     D1K74-a15b      0.019     0.035       0.173     0.682      0.240     0.704      0.558     0.570      0.377     0.299    0.550     0.291   0.840     0.107     -0.004     0.01228  -1	  -0.0103101     0.0292694
     D1K74-a15c      0.015     0.040       0.190     0.602      0.449     0.714      0.516     0.532      0.525     0.306    0.515     0.323   0.822     0.106      0.155     0.02249  -1	   0.1378023     0.0653970
     D1K74-a15d      0.010     0.062       0.261     0.577      0.636     0.756      0.386     0.200      0.089     0.298    0.525     0.308   0.703     0.086      0.119     0.65719   1	   0.5122355     0.5470863
     D1K74-a16a      0.020     0.033       0.155     0.676     -0.228     0.709      0.599     0.569      0.881     0.310    0.545     0.305   0.773     0.135      0.106     0.01510  -1	  -0.0680398     0.0292511
     D1K74-a16b      0.021     0.033       0.162     0.680     -0.182     0.723      0.562     0.574      0.361     0.268    0.510     0.290   0.757     0.130      0.124     0.00996  -1	   0.0043776     0.0401042
     D1K74-a16c      0.023     0.033       0.162     0.529      0.075     0.698      0.560     0.558      0.337     0.276    0.523     0.288   0.682     0.124      0.181     0.01235  -1	   0.0050283     0.0451274
     D1K74-a16d      0.020     0.034       0.155     0.596     -0.002     0.732      0.558     0.561      0.766     0.284    0.517     0.300   0.778     0.134      0.065     0.01187  -1	  -0.0640118     0.0082021
     D1K74-a17a      0.019     0.031       0.165     0.653      0.103     0.700      0.566     0.540      0.663     0.303    0.564     0.286   0.827     0.124      0.383     0.01721  -1	  -0.0310603    -0.0149209
     D1K74-a17b      0.013     0.041       0.187     0.689      0.011     0.731      0.536     0.551      0.568     0.321    0.534     0.323   0.781     0.100      0.108     0.02996  -1	  -0.0457870    -0.0003033
     D1K74-a17c      0.022     0.034       0.158     0.563     -0.028     0.709      0.537     0.534      0.242     0.291    0.530     0.298   0.778     0.121      0.176     0.01202  -1	   0.0330514     0.0673632
     D1K74-a17d      0.021     0.048       0.232     0.647     -0.005     0.693      0.489     0.561      0.418     0.375    0.559     0.353   0.796     0.102      0.179     0.00905  -1	   0.0156214    -0.0289159
     D1K74-a18a      0.014     0.039       0.173     0.772     -0.234     0.748      0.531     0.483      0.162     0.284    0.517     0.300   0.777     0.086      0.086     0.01983  -1	   0.0806004     0.1676763
     D1K74-a18b      0.015     0.038       0.162     0.661     -0.285     0.732      0.602     0.590      0.835     0.294    0.528     0.303   0.726     0.112      0.067     0.01773  -1	  -0.0393072     0.0362589
     D1K74-a18c      0.017     0.043       0.176     0.705     -0.151     0.748      0.542     0.494      0.786     0.299    0.551     0.291   0.781     0.103      0.107     0.01815  -1	  -0.0687004     0.0223463
     D1K74-a18d      0.024     0.038       0.183     0.712      0.284     0.711      0.518     0.386      0.287     0.267    0.537     0.271   0.896     0.113      0.274     0.01339  -1	   0.1739417     0.2221016
     D1K74-a19a      0.015     0.055       0.239     0.615      0.366     0.743      0.519     0.440      0.968     0.332    0.549     0.323   0.831     0.076      0.091     0.03290  -1	   0.1813280     0.1090095
     D1K74-a19b      0.016     0.036       0.155     0.605     -0.218     0.738      0.599     0.593      0.617     0.261    0.511     0.282   0.718     0.122      0.132     0.01557  -1	  -0.0404280     0.0170059
     D1K74-a19c      0.020     0.038       0.165     0.664     -0.166     0.738      0.599     0.571      0.813     0.307    0.521     0.319   0.757     0.107      0.126     0.01707  -1	  -0.0581473     0.0171001
     D1K74-a19d      0.016     0.040       0.180     0.649     -0.127     0.745      0.543     0.498      0.167     0.303    0.524     0.314   0.732     0.103      0.067     0.01771  -1	   0.0331259     0.1123086
      D1K74-a1a      0.016     0.033       0.183     0.487      0.029     0.699      0.580     0.659      0.567     0.262    0.508     0.285   0.582     0.125      0.108     0.00501  -1	  -0.0494398     0.0062423
      D1K74-a1b      0.015     0.038       0.169     0.619      0.160     0.693      0.544     0.624      0.326     0.263    0.503     0.290   0.739     0.125      0.157     0.00558  -1	   0.0320027    -0.0201119
      D1K74-a1c      0.013     0.043       0.197     0.634      0.173     0.692      0.564     0.668      0.107     0.296    0.554     0.287   0.739     0.097      0.292     0.00657  -1	   0.2177514    -0.0071573
      D1K74-a1d      0.016     0.036       0.176     0.584      0.191     0.704      0.544     0.613      0.143     0.269    0.519     0.284   0.721     0.114      0.158     0.00555  -1	   0.0966233     0.0194271
     D1K74-a20a      0.014     0.038       0.176     0.682     -0.205     0.737      0.564     0.514      0.805     0.288    0.529     0.296   0.773     0.117      0.071     0.01596  -1	  -0.0704266     0.0280090
     D1K74-a20b      0.018     0.039       0.183     0.667     -0.153     0.733      0.533     0.481      0.557     0.305    0.528     0.312   0.757     0.104      0.056     0.01756  -1	  -0.0552853     0.0495837
     D1K74-a20c      0.018     0.041       0.173     0.606     -0.222     0.734      0.543     0.485      0.360     0.271    0.508     0.294   0.718     0.085      0.072     0.01946  -1	   0.0072167     0.1032666
     D1K74-a20d      0.015     0.033       0.151     0.671      0.122     0.741      0.573     0.514      0.863     0.279    0.524     0.291   0.827     0.134      0.164     0.01793  -1	  -0.0648277     0.0048440
     D1K74-a21a      0.021     0.046       0.218     0.708     -0.172     0.715      0.541     0.630      0.068     0.296    0.540     0.296   0.781     0.113      0.119     0.01064  -1	   0.1366706     0.0208628
     D1K74-a21b      0.019     0.042       0.211     0.746      0.354     0.685      0.429     0.403      0.328     0.295    0.515     0.312   0.928     0.088      0.036     0.00662  -1	   0.0956907     0.0993045
     D1K74-a21c      0.019     0.040       0.194     0.602      0.093     0.723      0.578     0.590      0.879     0.267    0.522     0.280   0.761     0.097      0.099     0.00886  -1	  -0.0232308     0.0225792
     D1K74-a21d      0.014     0.064       0.285     0.659     -0.607     0.674      0.521     0.649      0.468     0.288    0.544     0.286   0.464     0.068      0.164     0.00819  -1	   0.1276033    -0.0055252
     D1K74-a22a      0.018     0.052       0.254     0.621     -0.210     0.683      0.585     0.667      0.195     0.251    0.490     0.286   0.570     0.081      0.133     0.00749  -1	   0.0979218     0.0293160
     D1K74-a22b      0.025     0.055       0.261     0.673     -0.213     0.676      0.536     0.639      0.098     0.261    0.494     0.294   0.637     0.083      0.133     0.00758  -1	   0.1607955     0.0373077
     D1K74-a22c      0.018     0.050       0.257     0.598     -0.060     0.696      0.595     0.658      0.189     0.247    0.498     0.277   0.738     0.081      0.217     0.00887  -1	   0.1142542    -0.0158476
     D1K74-a22d      0.006     0.059       0.257     0.718     -0.068     0.694      0.514     0.579      0.878     0.320    0.519     0.333   0.802     0.072      0.155     0.00645  -1	  -0.0461552    -0.0201951
     D1K74-a23a      0.008     0.049       0.222     0.699      0.143     0.697      0.485     0.493      0.530     0.297    0.503     0.322   0.827     0.075      0.186     0.00725  -1	   0.0262277     0.0150314
     D1K74-a23b      0.008     0.068       0.342     0.518     -0.205     0.680      0.532     0.618      0.037     0.289    0.548     0.284   0.291     0.062      0.057     0.00699  -1	   0.1023699     0.0505615
     D1K74-a23c      0.019     0.053       0.257     0.697     -0.013     0.694      0.481     0.465      0.972     0.276    0.507     0.300   0.747     0.084      0.113     0.00797  -1	  -0.0275447     0.0325720
     D1K74-a23d      0.018     0.046       0.229     0.616     -0.237     0.720      0.554     0.540      0.246     0.279    0.486     0.317   0.718     0.087      0.162     0.00742  -1	   0.0704600     0.0500230
     D1K74-a24a      0.011     0.061       0.268     0.602     -0.381     0.721      0.535     0.525      0.824     0.313    0.521     0.325   0.471     0.078      0.044     0.00766  -1	   0.0125377     0.0202799
     D1K74-a24b      0.012     0.062       0.250     0.571     -0.172     0.717      0.572     0.677      0.139     0.296    0.523     0.307   0.538     0.091      0.137     0.00632  -1	   0.1104611    -0.0158222
     D1K74-a24c      0.015     0.070       0.327     0.649     -0.388     0.668      0.616     0.750      0.497     0.292    0.508     0.314   0.471     0.064      0.116     0.00748  -1	   0.0324043     0.0386577
     D1K74-a24d      0.012     0.062       0.264     0.637     -0.420     0.717      0.534     0.519      0.962     0.372    0.607     0.316   0.000     0.072     -0.035     0.00769  -1	   0.0227968    -0.0101307
     D1K74-a25a      0.014     0.051       0.239     0.572      0.084     0.689      0.519     0.468      0.490     0.317    0.537     0.317   0.612     0.070      0.118     0.00685  -1	   0.0093176     0.0719770
     D1K74-a25b      0.008     0.051       0.218     0.595     -0.238     0.696      0.552     0.653      0.397     0.308    0.536     0.309   0.444     0.086      0.156     0.00556  -1	   0.0208466     0.0059353
     D1K74-a25c      0.013     0.065       0.268     0.615     -0.436     0.721      0.547     0.592      0.998     0.324    0.526     0.331   0.000     0.070      0.010     0.00749  -1	   0.0585563    -0.0030157
     D1K74-a25d      0.017     0.045       0.211     0.742     -0.124     0.692      0.447     0.431      0.330     0.276    0.499     0.305   0.812     0.096      0.141     0.00534  -1	   0.0360963     0.0870644
     D1K74-a26a      0.020     0.041       0.208     0.695     -0.008     0.697      0.511     0.500      0.151     0.284    0.537     0.286   0.852     0.105      0.297     0.00647  -1	   0.1788160     0.0983746
     D1K74-a26b      0.018     0.041       0.215     0.685      0.062     0.691      0.512     0.501      0.028     0.305    0.546     0.300   0.817     0.105      0.264     0.00646  -1	   0.2366969     0.1533063
     D1K74-a26c      0.016     0.039       0.187     0.525      0.041     0.727      0.577     0.616      0.342     0.270    0.492     0.303   0.646     0.108      0.209     0.00657  -1	   0.0243007    -0.0034309
     D1K74-a26d      0.020     0.042       0.215     0.691      0.092     0.688      0.513     0.519      0.115     0.299    0.527     0.307   0.817     0.102      0.279     0.00650  -1	   0.2057646     0.0979306
     D1K74-a27a      0.017     0.042       0.208     0.681      0.180     0.690      0.524     0.538      0.205     0.302    0.527     0.310   0.794     0.104      0.298     0.00651  -1	   0.1850567     0.0671744
     D1K74-a27b      0.020     0.041       0.215     0.689      0.058     0.689      0.518     0.512      0.169     0.296    0.540     0.296   0.817     0.102      0.299     0.00644  -1	   0.1761442     0.0892851
     D1K74-a27c      0.020     0.042       0.208     0.716      0.062     0.699      0.506     0.501      0.108     0.274    0.512     0.294   0.841     0.106      0.280     0.00648  -1	   0.2134670     0.1144628
     D1K74-a27d      0.019     0.042       0.211     0.696      0.055     0.698      0.538     0.537      0.182     0.289    0.548     0.284   0.817     0.105      0.325     0.00646  -1	   0.1874367     0.0683274
     D1K74-a28a      0.019     0.041       0.201     0.663      0.024     0.692      0.535     0.529      0.099     0.286    0.533     0.292   0.781     0.097      0.334     0.00643  -1	   0.2276451     0.1187012
     D1K74-a28b      0.011     0.053       0.229     0.585      0.106     0.690      0.549     0.513      0.519     0.293    0.518     0.307   0.587     0.081      0.221     0.00880  -1	   0.0376726     0.0415908
     D1K74-a28c      0.019     0.041       0.204     0.680     -0.002     0.697      0.528     0.509      0.227     0.318    0.547     0.310   0.852     0.101      0.348     0.00644  -1	   0.1604251     0.0717424
     D1K74-a28d      0.019     0.041       0.204     0.707     -0.041     0.698      0.518     0.506      0.196     0.286    0.530     0.293   0.876     0.107      0.356     0.00641  -1	   0.1849491     0.0745148
     D1K74-a29a      0.011     0.037       0.190     0.572      0.040     0.686      0.555     0.686      0.204     0.268    0.492     0.303   0.708     0.108      0.037     0.00761  -1	   0.0006555    -0.0324588
     D1K74-a29b      0.016     0.042       0.201     0.674      0.103     0.700      0.558     0.689      0.155     0.278    0.496     0.309   0.827     0.103      0.226     0.00764  -1	   0.1465757    -0.0549123
     D1K74-a29c      0.009     0.057       0.250     0.606      0.105     0.702      0.571     0.607      0.345     0.311    0.522     0.322   0.713     0.074      0.153     0.00743  -1	   0.0636297    -0.0057289
     D1K74-a29d      0.009     0.048       0.204     0.650      0.290     0.706      0.535     0.590      0.105     0.340    0.503     0.364   0.872     0.091      0.206     0.00843  -1	   0.2170135     0.0162014
      D1K74-a2a      0.016     0.039       0.180     0.618      0.221     0.693      0.528     0.612      0.260     0.255    0.510     0.276   0.784     0.117      0.137     0.00550  -1	   0.0661360    -0.0198538
      D1K74-a2b      0.014     0.040       0.201     0.593      0.477     0.711      0.563     0.647      0.284     0.280    0.499     0.309   0.818     0.107      0.181     0.00783  -1	   0.2163805     0.0286720
      D1K74-a2c      0.011     0.044       0.201     0.668      0.012     0.710      0.500     0.580      0.268     0.273    0.497     0.303   0.781     0.105      0.117     0.00682  -1	   0.0342915    -0.0120975
      D1K74-a2d      0.014     0.040       0.201     0.573      0.483     0.706      0.559     0.647      0.442     0.284    0.496     0.314   0.818     0.109      0.180     0.00783  -1	   0.1763982     0.0193389
     D1K74-a30a      0.019     0.042       0.190     0.595      0.496     0.707      0.572     0.591      0.905     0.372    0.516     0.385   0.818     0.113      0.215     0.02002  -1	   0.1961899     0.0758043
     D1K74-a30b      0.020     0.046       0.197     0.569      0.276     0.704      0.583     0.653      0.772     0.291    0.531     0.297   0.798     0.096      0.055     0.01399  -1	   0.0388705    -0.0049420
     D1K74-a30c      0.020     0.049       0.222     0.626      0.090     0.728      0.520     0.534      0.665     0.296    0.542     0.294   0.761     0.089      0.025     0.04627  -1	  -0.0178956     0.0110145
     D1K74-a30d      0.019     0.037       0.173     0.609      0.337     0.708      0.573     0.584      0.784     0.279    0.525     0.290   0.816     0.115      0.194     0.01904  -1	   0.0361024     0.0045630
     D1K74-a31a      0.019     0.045       0.190     0.537      0.255     0.710      0.602     0.660      0.706     0.295    0.493     0.328   0.737     0.100      0.048     0.01362  -1	   0.0396537     0.0011586
     D1K74-a31b      0.009     0.049       0.208     0.559      0.194     0.681      0.555     0.665      0.839     0.505    0.532     0.495   0.721     0.096     -0.015     0.01316  -1	   0.0397704     0.0026393
     D1K74-a31c      0.021     0.052       0.232     0.624      0.059     0.734      0.519     0.537      0.610     0.324    0.509     0.344   0.738     0.089      0.059     0.04094  -1	  -0.0008437     0.0081318
     D1K74-a31d      0.020     0.048       0.194     0.556      0.208     0.701      0.619     0.695      0.779     0.311    0.505     0.335   0.767     0.096      0.122     0.01352  -1	   0.0297231    -0.0176336
     D1K74-a32a      0.016     0.045       0.201     0.609      0.137     0.737      0.535     0.528      0.676     0.316    0.537     0.316   0.771     0.114      0.169     0.08634  -1	  -0.0052437    -0.0007849
     D1K74-a32b      0.015     0.061       0.268     0.573      0.599     0.760      0.425     0.238      0.402     0.292    0.531     0.298   0.697     0.085      0.181     0.66018   1	   0.4493449     0.4378296
     D1K74-a32c      0.022     0.041       0.183     0.592      0.172     0.737      0.513     0.453      0.189     0.285    0.496     0.316   0.721     0.103      0.268     0.02675  -1	   0.1545833     0.1657281
     D1K74-a32d      0.016     0.032       0.148     0.544     -0.006     0.715      0.609     0.597      0.954     0.285    0.533     0.290   0.717     0.145      0.159     0.02568  -1	  -0.0666212     0.0072471
     D1K74-a33a      0.018     0.058       0.261     0.567      0.572     0.761      0.430     0.253      0.227     0.313    0.530     0.319   0.697     0.078      0.152     0.78723   1	   0.4328881     0.4647371
     D1K74-a33b      0.019     0.033       0.151     0.588      0.056     0.720      0.588     0.562      0.544     0.283    0.525     0.294   0.744     0.139      0.114     0.03009  -1	  -0.0569517     0.0082868
     D1K74-a33c      0.016     0.065       0.275     0.594      0.592     0.755      0.411     0.231      0.057     0.334    0.563     0.315   0.697     0.079      0.121     0.63254   1	   0.5154681     0.5341125
     D1K74-a33d      0.014     0.064       0.275     0.608      0.617     0.750      0.417     0.239      0.098     0.297    0.524     0.307   0.829     0.079      0.144     0.63626   1	   0.5258432     0.5122939
     D1K74-a34a      0.022     0.038       0.176     0.689      0.256     0.717      0.527     0.377      0.159     0.259    0.496     0.289   0.872     0.110      0.288     0.01311  -1	   0.2293028     0.3054028
     D1K74-a34b      0.014     0.052       0.218     0.632      0.489     0.749      0.501     0.412      0.876     0.326    0.524     0.335   0.848     0.076      0.186     0.03380  -1	   0.2595564     0.1760493
     D1K74-a34c      0.021     0.036       0.180     0.709      0.293     0.716      0.516     0.390      0.138     0.258    0.506     0.282   0.896     0.121      0.320     0.01332  -1	   0.2759573     0.3000317
     D1K74-a34d      0.016     0.043       0.194     0.628      0.134     0.708      0.531     0.499      0.330     0.289    0.538     0.291   0.771     0.120      0.080     0.01220  -1	   0.0100263     0.0428224
     D1K74-a35a      0.018     0.040       0.180     0.676     -0.066     0.737      0.550     0.517      0.823     0.321    0.562     0.303   0.812     0.104      0.086     0.01740  -1	  -0.0719922     0.0132160
     D1K74-a35b      0.014     0.041       0.173     0.663     -0.257     0.737      0.554     0.505      0.752     0.305    0.522     0.317   0.726     0.107      0.113     0.01836  -1	  -0.0466016     0.0371186
     D1K74-a35c      0.018     0.040       0.176     0.718     -0.210     0.740      0.571     0.531      0.134     0.283    0.528     0.292   0.798     0.093      0.107     0.01852  -1	   0.0964498     0.1348898
     D1K74-a35d      0.016     0.054       0.232     0.668      0.355     0.742      0.494     0.418      0.030     0.301    0.488     0.337   0.898     0.076      0.172     0.03222  -1	   0.3198105     0.2363285
     D1K74-a36a      0.015     0.040       0.180     0.704     -0.028     0.739      0.523     0.474      0.187     0.270    0.530     0.278   0.876     0.098      0.086     0.01858  -1	   0.0420257     0.1076649
     D1K74-a36b      0.017     0.042       0.169     0.676     -0.133     0.737      0.529     0.471      0.641     0.300    0.517     0.316   0.788     0.103      0.082     0.01773  -1	  -0.0512286     0.0436862
     D1K74-a36c      0.019     0.043       0.183     0.677     -0.136     0.751      0.530     0.483      0.898     0.308    0.536     0.309   0.788     0.104      0.107     0.01822  -1	  -0.0557969     0.0321157
     D1K74-a36d      0.021     0.040       0.180     0.694     -0.191     0.745      0.538     0.492      0.737     0.286    0.529     0.294   0.757     0.097      0.089     0.01866  -1	  -0.0603534     0.0422012
     D1K74-a37a      0.018     0.036       0.151     0.581     -0.179     0.739      0.597     0.577      0.607     0.265    0.504     0.291   0.684     0.126      0.037     0.01556  -1	  -0.0391718     0.0312772
     D1K74-a37b      0.012     0.059       0.254     0.658      0.294     0.735      0.504     0.514      0.322     0.318    0.519     0.331   0.892     0.080      0.081     0.01878  -1	   0.1346110     0.0148784
     D1K74-a37c      0.017     0.040       0.180     0.649     -0.238     0.745      0.578     0.547      0.831     0.311    0.557     0.297   0.718     0.105      0.082     0.01827  -1	  -0.0574629     0.0289577
     D1K74-a37d      0.018     0.038       0.162     0.654     -0.145     0.735      0.570     0.540      0.672     0.292    0.513     0.311   0.788     0.106      0.084     0.01784  -1	  -0.0560876     0.0234628
     D1K74-a38a      0.016     0.042       0.183     0.604     -0.199     0.734      0.558     0.525      0.777     0.298    0.527     0.306   0.701     0.098      0.067     0.02003  -1	  -0.0406672     0.0405080
     D1K74-a38b      0.016     0.054       0.229     0.625      0.177     0.700      0.495     0.520      0.595     0.313    0.523     0.323   0.778     0.088      0.166     0.00775  -1	   0.0387985    -0.0001017
     D1K74-a38c      0.023     0.051       0.229     0.679     -0.118     0.700      0.544     0.643      0.186     0.270    0.545     0.269   0.656     0.110      0.112     0.00996  -1	   0.0869973     0.0101641
     D1K74-a38d      0.021     0.050       0.222     0.690     -0.151     0.710      0.545     0.643      0.251     0.277    0.539     0.280   0.757     0.115      0.113     0.01062  -1	   0.0551762    -0.0273579
     D1K74-a39a      0.015     0.047       0.211     0.673     -0.044     0.692      0.512     0.628      0.034     0.283    0.505     0.307   0.852     0.104      0.158     0.00766  -1	   0.1684017    -0.0203314
     D1K74-a39b      0.019     0.040       0.183     0.614      0.091     0.716      0.581     0.600      0.784     0.270    0.521     0.284   0.761     0.107      0.233     0.00880  -1	  -0.0375779    -0.0166047
     D1K74-a39c      0.011     0.048       0.222     0.638     -0.464     0.724      0.609     0.668      0.440     0.279    0.502     0.305   0.627     0.095      0.553     0.00796  -1	   0.1620597    -0.0380044
     D1K74-a39d      0.018     0.052       0.225     0.637      0.100     0.725      0.581     0.593      0.694     0.331    0.528     0.337   0.713     0.076      0.163     0.00819  -1	   0.0170290     0.0069745
      D1K74-a3a      0.019     0.039       0.190     0.659     -0.160     0.729      0.627     0.719      0.328     0.286    0.501     0.314   0.757     0.131      0.054     0.00859  -1	  -0.0076115    -0.0186360
      D1K74-a3b      0.023     0.041       0.201     0.664      0.092     0.698      0.537     0.479      0.300     0.266    0.526     0.277   0.817     0.102      0.420     0.00744  -1	   0.1711484     0.0933982
      D1K74-a3c      0.012     0.047       0.239     0.453      0.463     0.691      0.517     0.684      0.214     0.298    0.491     0.332   0.692     0.098      0.115     0.00916  -1	   0.1913793    -0.0272153
      D1K74-a3d      0.016     0.044       0.239     0.583      0.319     0.689      0.534     0.697      0.312     0.313    0.555     0.301   0.798     0.089      0.073     0.00935  -1	   0.0807527    -0.0441558
     D1K74-a40a      0.017     0.046       0.190     0.713      0.176     0.706      0.565     0.625      0.334     0.281    0.502     0.307   0.819     0.120      0.188     0.00938  -1	   0.0881351    -0.0209226
     D1K74-a40b      0.011     0.069       0.313     0.515     -0.391     0.681      0.562     0.629      0.099     0.298    0.505     0.322   0.192     0.063      0.060     0.00706  -1	   0.1315417     0.0428785
     D1K74-a40c      0.009     0.055       0.243     0.599     -0.357     0.683      0.514     0.519      0.089     0.280    0.493     0.313   0.345     0.074      0.117     0.00717  -1	   0.1599005     0.1301848
     D1K74-a40d      0.007     0.039       0.183     0.480     -0.373     0.703      0.583     0.555      0.642     0.274    0.518     0.290   0.500     0.109      0.123     0.00620  -1	   0.0177577     0.0643793
     D1K74-a41a      0.007     0.064       0.275     0.566     -0.108     0.690      0.492     0.561      0.527     0.338    0.523     0.347   0.463     0.073      0.115     0.00698  -1	   0.0026817     0.0123627
     D1K74-a41b      0.014     0.054       0.239     0.602     -0.261     0.684      0.550     0.573      0.082     0.261    0.502     0.288   0.515     0.073      0.109     0.00719  -1	   0.1460259     0.1022702
     D1K74-a41c      0.011     0.075       0.327     0.585     -0.425     0.676      0.508     0.581      0.177     0.320    0.544     0.315   0.000     0.060      0.096     0.00736  -1	   0.1220475     0.0352333
     D1K74-a41d      0.019     0.058       0.250     0.629      0.139     0.680      0.517     0.583      0.807     0.289    0.529     0.296   0.713     0.079      0.081     0.00767  -1	   0.0214928     0.0157058
     D1K74-a42a      0.015     0.054       0.239     0.496      0.002     0.716      0.543     0.557      0.669     0.318    0.547     0.312   0.316     0.079      0.132     0.00732  -1	   0.0106201     0.0393488
     D1K74-a42b      0.021     0.041       0.187     0.757     -0.598     0.697      0.546     0.386      0.449     0.277    0.512     0.297   0.667     0.109      0.350     0.00575  -1	   0.2015210     0.2053741
     D1K74-a42c      0.013     0.042       0.215     0.603     -0.362     0.685      0.527     0.562      0.348     0.274    0.473     0.321   0.644     0.098      0.209     0.00540  -1	   0.0894798     0.0539801
     D1K74-a42d      0.017     0.045       0.211     0.741     -0.100     0.691      0.465     0.471      0.088     0.278    0.507     0.301   0.836     0.088      0.158     0.00531  -1	   0.1560886     0.1376156
     D1K74-a43a      0.014     0.054       0.257     0.527     -0.378     0.720      0.557     0.610      0.868     0.315    0.507     0.336   0.192     0.074      0.119     0.00803  -1	   0.0184526     0.0126732
     D1K74-a43b      0.015     0.041       0.201     0.563     -0.272     0.703      0.638     0.670      0.771     0.281    0.499     0.309   0.653     0.101      0.036     0.00742  -1	  -0.0067051     0.0433578
     D1K74-a43c      0.014     0.057       0.257     0.669     -0.053     0.733      0.574     0.666      0.264     0.311    0.535     0.314   0.747     0.073      0.165     0.00866  -1	   0.0704032    -0.0435063
     D1K74-a43d      0.014     0.055       0.257     0.561      0.240     0.689      0.481     0.441      0.026     0.264    0.480     0.306   0.661     0.069      0.223     0.00569  -1	   0.2647314     0.1879542
     D1K74-a44a      0.012     0.051       0.236     0.623      0.176     0.701      0.487     0.545      0.134     0.284    0.533     0.290   0.778     0.095      0.171     0.00671  -1	   0.1511351     0.0172230
     D1K74-a44b      0.022     0.053       0.229     0.557      0.035     0.722      0.577     0.634      0.955     0.302    0.534     0.305   0.587     0.078     -0.021     0.00877  -1	   0.0591920     0.0686466
     D1K74-a44c      0.017     0.046       0.211     0.675      0.231     0.718      0.589     0.613      0.767     0.307    0.501     0.334   0.840     0.085      0.179     0.01003  -1	   0.0390838     0.0053549
     D1K74-a44d      0.017     0.054       0.239     0.658      0.222     0.720      0.554     0.571      0.334     0.291    0.485     0.329   0.854     0.090      0.298     0.01019  -1	   0.1818563    -0.0045928
     D1K74-a45a      0.020     0.047       0.229     0.562      0.220     0.694      0.520     0.569      0.173     0.295    0.555     0.285   0.767     0.077      0.182     0.00822  -1	   0.1408521     0.0256790
     D1K74-a45b      0.017     0.034       0.144     0.647      0.175     0.718      0.587     0.588      0.644     0.317    0.502     0.342   0.739     0.138      0.112     0.00637  -1	  -0.0335337     0.0010417
     D1K74-a45c      0.017     0.051       0.243     0.507      0.146     0.731      0.554     0.574      0.590     0.293    0.516     0.309   0.434     0.082      0.178     0.00899  -1	   0.0591631     0.0515929
     D1K74-a45d      0.021     0.052       0.229     0.601      0.067     0.713      0.577     0.595      0.770     0.276    0.491     0.310   0.738     0.076      0.209     0.00887  -1	   0.0117469    -0.0001076
     D1K74-a46a      0.011     0.054       0.229     0.639      0.082     0.697      0.566     0.580      0.708     0.305    0.526     0.314   0.738     0.095      0.144     0.00972  -1	  -0.0124312    -0.0159747
     D1K74-a46b      0.007     0.057       0.229     0.623      0.135     0.697      0.589     0.617      0.178     0.314    0.530     0.320   0.713     0.081      0.174     0.00745  -1	   0.1325794     0.0183055
     D1K74-a46c      0.011     0.054       0.225     0.635      0.122     0.697      0.585     0.572      0.306     0.314    0.496     0.344   0.713     0.089      0.208     0.00744  -1	   0.0982854     0.0285846
     D1K74-a46d      0.007     0.058       0.236     0.631      0.132     0.695      0.559     0.582      0.281     0.305    0.534     0.309   0.713     0.083      0.181     0.00747  -1	   0.1016522     0.0075844
     D1K74-a47a      0.008     0.060       0.257     0.684      0.125     0.697      0.520     0.602      0.334     0.330    0.539     0.328   0.780     0.079      0.177     0.00773  -1	   0.0942683    -0.0348277
     D1K74-a47b      0.015     0.041       0.197     0.582      0.236     0.722      0.614     0.662      0.810     0.282    0.514     0.300   0.767     0.096      0.096     0.00999  -1	   0.0236061     0.0173680
     D1K74-a47c      0.008     0.056       0.243     0.595      0.140     0.697      0.572     0.606      0.167     0.297    0.502     0.322   0.587     0.080      0.205     0.00751  -1	   0.1547112     0.0432320
     D1K74-a47d      0.019     0.058       0.257     0.542      0.071     0.731      0.553     0.569      0.507     0.279    0.507     0.303   0.459     0.073      0.271     0.00897  -1	   0.0807827     0.0272137
     D1K74-a48a      0.016     0.038       0.165     0.638     -0.011     0.696      0.677     0.797      0.996     0.337    0.511     0.354   0.796     0.123     -0.058     0.01355  -1	  -0.0085254     0.0616043
     D1K74-a48b      0.015     0.041       0.197     0.581      0.461     0.716      0.483     0.488      0.527     0.297    0.506     0.321   0.818     0.116      0.124     0.02296  -1	   0.1375784     0.0778784
     D1K74-a48c      0.017     0.044       0.187     0.587      0.444     0.709      0.556     0.559      0.186     0.299    0.502     0.325   0.804     0.098     -0.007     0.01038  -1	   0.1355388     0.0633407
     D1K74-a48d      0.015     0.041       0.208     0.483      0.270     0.680      0.586     0.652      0.621     0.443    0.513     0.453   0.672     0.102      0.016     0.02725  -1	   0.0195293     0.0138240
     D1K74-a49a      0.013     0.053       0.236     0.609      0.268     0.746      0.536     0.492      0.996     0.333    0.550     0.322   0.825     0.081      0.095     0.04361  -1	   0.1159556     0.0650205
     D1K74-a49b      0.018     0.041       0.190     0.602      0.527     0.701      0.577     0.590      0.973     0.380    0.533     0.378   0.841     0.112      0.223     0.02025  -1	   0.2192901     0.0898954
     D1K74-a49c      0.010     0.038       0.180     0.569      0.174     0.700      0.605     0.629      0.791     0.334    0.522     0.344   0.721     0.110      0.129     0.03407  -1	  -0.0229082    -0.0027650
     D1K74-a49d      0.018     0.046       0.201     0.481      0.182     0.701      0.590     0.619      0.897     0.326    0.510     0.345   0.595     0.094      0.216     0.02901  -1	   0.0434407     0.0213698
      D1K74-a4a      0.022     0.034       0.158     0.540      0.009     0.711      0.552     0.554      0.353     0.288    0.527     0.297   0.646     0.129      0.180     0.01211  -1	  -0.0020705     0.0474041
      D1K74-a4b      0.021     0.032       0.151     0.550      0.166     0.720      0.598     0.586      0.452     0.272    0.503     0.298   0.721     0.144      0.131     0.03092  -1	  -0.0211020     0.0074683
      D1K74-a4c      0.018     0.034       0.151     0.562      0.170     0.698      0.545     0.530      0.781     0.296    0.512     0.315   0.721     0.136      0.334     0.01217  -1	  -0.0389483     0.0056037
      D1K74-a4d      0.011     0.048       0.218     0.595      0.136     0.703      0.495     0.570      0.215     0.338    0.551     0.327   0.753     0.102      0.059     0.00684  -1	   0.0326991    -0.0192288
     D1K74-a50a      0.013     0.036       0.180     0.567      0.442     0.693      0.575     0.585      0.702     0.473    0.496     0.494   0.804     0.108      0.053     0.03223  -1	   0.1089334     0.0749590
     D1K74-a50b      0.021     0.047       0.197     0.619      0.263     0.694      0.568     0.641      0.965     0.289    0.523     0.300   0.816     0.085      0.106     0.01401  -1	   0.0539446     0.0150646
     D1K74-a50c      0.014     0.035       0.165     0.485      0.310     0.690      0.615     0.649      0.909     0.294    0.525     0.305   0.672     0.123      0.045     0.03467  -1	   0.0390512     0.0199507
     D1K74-a50d      0.014     0.057       0.275     0.550      0.571     0.763      0.448     0.255      0.222     0.299    0.548     0.293   0.697     0.080      0.200     0.70147   1	   0.4603055     0.4972613
     D1K74-a51a      0.015     0.063       0.271     0.598      0.590     0.754      0.432     0.249      0.041     0.297    0.510     0.318   0.697     0.077      0.140     0.62536   1	   0.5205061     0.5244683
     D1K74-a51b      0.014     0.064       0.271     0.603      0.612     0.752      0.418     0.236      0.347     0.321    0.550     0.312   0.829     0.079      0.127     0.63200   1	   0.4432565     0.4346131
     D1K74-a51c      0.011     0.039       0.176     0.603      0.040     0.709      0.644     0.638      0.950     0.302    0.510     0.322   0.725     0.097      0.096     0.07055  -1	  -0.0282677     0.0206192
     D1K74-a51d      0.015     0.063       0.275     0.582      0.623     0.754      0.423     0.242      0.051     0.304    0.525     0.314   0.703     0.081      0.132     0.62631   1	   0.5408401     0.5378513
     D1K74-a52a      0.014     0.063       0.271     0.612      0.591     0.759      0.426     0.243      0.735     0.311    0.547     0.305   0.823     0.078      0.141     0.62507   1	   0.4073850     0.3520167
     D1K74-a52b      0.015     0.063       0.264     0.590      0.600     0.749      0.437     0.257      0.301     0.284    0.521     0.297   0.703     0.081      0.144     0.64006   1	   0.4481835     0.4222038
     D1K74-a52c      0.015     0.063       0.275     0.599      0.595     0.745      0.403     0.221      0.440     0.321    0.540     0.319   0.697     0.079      0.144     0.63263   1	   0.4322281     0.4233701
     D1K74-a52d      0.018     0.059       0.261     0.538      0.647     0.751      0.453     0.277      0.038     0.305    0.525     0.314   0.550     0.084      0.161     0.76192   1	   0.5656412     0.5436113
     D1K74-a53a      0.019     0.060       0.250     0.552      0.649     0.756      0.448     0.274      0.504     0.298    0.537     0.300   0.703     0.085      0.190     0.74721   1	   0.4733448     0.4185979
     D1K74-a53b      0.014     0.064       0.271     0.601      0.628     0.755      0.415     0.232      0.429     0.320    0.543     0.316   0.829     0.083      0.132     0.62208   1	   0.4517607     0.4283466
     D1K74-a53c      0.015     0.035       0.155     0.690      0.009     0.733      0.550     0.533      0.208     0.284    0.531     0.290   0.781     0.131      0.145     0.01851  -1	   0.0526458     0.0847315
     D1K74-a53d      0.013     0.063       0.275     0.621      0.585     0.751      0.435     0.253      0.406     0.308    0.531     0.313   0.823     0.077      0.141     0.62621   1	   0.4158251     0.3968716
     D1K74-a54a      0.018     0.039       0.180     0.714     -0.004     0.743      0.532     0.486      0.773     0.303    0.523     0.314   0.876     0.106      0.071     0.01786  -1	  -0.0689059     0.0131923
     D1K74-a54b      0.017     0.037       0.165     0.660     -0.173     0.744      0.595     0.556      0.783     0.286    0.518     0.301   0.757     0.111      0.128     0.01702  -1	  -0.0646875     0.0195549
     D1K74-a54c      0.012     0.064       0.268     0.594      0.602     0.752      0.414     0.237      0.053     0.305    0.541     0.303   0.703     0.082      0.119     0.64429   1	   0.5082704     0.5162910
     D1K74-a54d      0.014     0.064       0.275     0.598      0.602     0.755      0.415     0.228      0.134     0.316    0.525     0.324   0.703     0.079      0.140     0.63080   1	   0.5081959     0.5168500
     D1K74-a55a      0.022     0.033       0.155     0.695      0.041     0.742      0.576     0.531      0.804     0.284    0.509     0.305   0.781     0.133      0.163     0.01801  -1	  -0.0656736     0.0122795
     D1K74-a55b      0.011     0.044       0.204     0.696     -0.021     0.704      0.533     0.597      0.046     0.292    0.473     0.338   0.852     0.091      0.300     0.01261  -1	   0.2441023     0.0306981
     D1K74-a55c      0.017     0.038       0.162     0.716     -0.227     0.739      0.544     0.487      0.616     0.277    0.510     0.298   0.798     0.100      0.104     0.01806  -1	  -0.0448245     0.0561910
     D1K74-a55d      0.012     0.038       0.169     0.678     -0.111     0.732      0.560     0.565      0.904     0.377    0.517     0.388   0.788     0.114      0.146     0.01762  -1	  -0.0611483     0.0009108
     D1K74-a56a      0.017     0.050       0.215     0.698      0.203     0.744      0.553     0.547      0.461     0.279    0.493     0.312   0.840     0.086      0.040     0.01905  -1	   0.0432055     0.0206366
     D1K74-a56b      0.022     0.049       0.222     0.702     -0.099     0.706      0.533     0.623      0.064     0.255    0.506     0.280   0.836     0.109      0.112     0.00979  -1	   0.1457345     0.0007823
     D1K74-a56c      0.015     0.056       0.232     0.645      0.235     0.737      0.545     0.573      0.790     0.336    0.514     0.353   0.787     0.089      0.147     0.01835  -1	   0.0807541     0.0122141
     D1K74-a56d      0.018     0.039       0.173     0.662     -0.234     0.731      0.539     0.504      0.642     0.358    0.572     0.330   0.773     0.092      0.075     0.01951  -1	  -0.0551347     0.0459047
     D1K74-a57a      0.019     0.035       0.183     0.725     -0.343     0.722      0.554     0.585      0.492     0.291    0.520     0.305   0.836     0.111      0.227     0.00907  -1	   0.0166792     0.0049820
     D1K74-a57b      0.011     0.038       0.169     0.529     -0.513     0.720      0.629     0.703      0.860     0.287    0.521     0.300   0.528     0.126      0.534     0.00889  -1	   0.0033867     0.0404504
     D1K74-a57c      0.023     0.053       0.232     0.668     -0.132     0.708      0.543     0.642      0.070     0.263    0.534     0.269   0.656     0.116      0.116     0.00986  -1	   0.1476873     0.0245341
     D1K74-a57d      0.018     0.036       0.158     0.593     -0.175     0.743      0.610     0.598      0.544     0.269    0.515     0.287   0.684     0.129      0.118     0.01466  -1	  -0.0396471     0.0124678
     D1K74-a58a      0.010     0.037       0.194     0.656     -0.368     0.689      0.615     0.655      0.733     0.296    0.507     0.319   0.699     0.092      0.442     0.00638  -1	  -0.0194309    -0.0138905
     D1K74-a58b      0.013     0.035       0.176     0.601      0.111     0.705      0.623     0.617      0.443     0.278    0.498     0.307   0.771     0.108      0.038     0.00688  -1	  -0.0414881     0.0152635
     D1K74-a58c      0.010     0.031       0.144     0.617     -0.329     0.694      0.626     0.742      0.136     0.291    0.495     0.322   0.756     0.159      0.291     0.00861  -1	   0.2128797     0.0039893
     D1K74-a58d      0.010     0.041       0.190     0.629      0.016     0.708      0.579     0.673      0.386     0.286    0.514     0.304   0.725     0.119      0.083     0.01250  -1	  -0.0243240    -0.0331512
     D1K74-a59a      0.011     0.031       0.144     0.605     -0.113     0.692      0.593     0.662      0.515     0.303    0.515     0.319   0.732     0.136      0.197     0.00639  -1	  -0.0435111    -0.0218676
     D1K74-a59b      0.011     0.041       0.183     0.682     -0.161     0.715      0.590     0.602      0.939     0.327    0.529     0.332   0.757     0.105      0.223     0.00765  -1	  -0.0740188    -0.0048696
     D1K74-a59c      0.008     0.043       0.211     0.644     -0.615     0.712      0.485     0.445      0.345     0.300    0.521     0.312   0.553     0.086      0.199     0.00591  -1	   0.1742096     0.1553963
     D1K74-a59d      0.011     0.031       0.148     0.635      0.151     0.717      0.548     0.573      0.516     0.305    0.542     0.303   0.739     0.155     -0.049     0.00680  -1	  -0.0832053    -0.0085939
      D1K74-a5a      0.024     0.041       0.190     0.683     -0.284     0.722      0.554     0.582      0.104     0.338    0.573     0.311   0.726     0.118      0.269     0.00912  -1	   0.2129730     0.0980646
      D1K74-a5b      0.013     0.045       0.204     0.583      0.175     0.705      0.531     0.472      0.680     0.281    0.527     0.291   0.721     0.106      0.072     0.01281  -1	  -0.0105661     0.0410180
      D1K74-a5c      0.019     0.034       0.158     0.578     -0.008     0.702      0.529     0.518      0.648     0.287    0.532     0.293   0.778     0.138      0.288     0.01220  -1	  -0.0577649     0.0127678
      D1K74-a5d      0.026     0.036       0.176     0.697     -0.083     0.706      0.520     0.463      0.136     0.272    0.500     0.300   0.812     0.116      0.290     0.00817  -1	   0.1830048     0.1916830
     D1K74-a60a      0.011     0.052       0.229     0.696     -0.622     0.723      0.607     0.662      0.534     0.279    0.483     0.319   0.464     0.074      0.097     0.00681  -1	   0.1077916    -0.0004080
     D1K74-a60b      0.020     0.043       0.190     0.606     -0.584     0.686      0.550     0.388      0.846     0.288    0.513     0.307   0.607     0.105      0.419     0.00569  -1	   0.0682775     0.1529071
     D1K74-a60c      0.018     0.056       0.236     0.604     -0.519     0.702      0.467     0.378      0.144     0.280    0.524     0.292   0.515     0.085      0.174     0.00778  -1	   0.2375913     0.2729304
     D1K74-a60d      0.021     0.039       0.180     0.759     -0.651     0.696      0.547     0.396      0.223     0.274    0.506     0.298   0.643     0.108      0.381     0.00569  -1	   0.3898911     0.3383567
     D1K74-a61a      0.008     0.055       0.225     0.704     -0.482     0.694      0.554     0.663      0.770     0.317    0.524     0.327   0.667     0.087      0.218     0.00550  -1	   0.0183362     0.0001989
     D1K74-a61b      0.020     0.051       0.222     0.676     -0.242     0.691      0.502     0.460      0.332     0.303    0.492     0.336   0.637     0.082      0.288     0.00608  -1	   0.1076553     0.1021637
     D1K74-a61c      0.017     0.051       0.236     0.562     -0.430     0.717      0.570     0.529      0.439     0.289    0.521     0.302   0.000     0.079      0.118     0.00751  -1	   0.0417594     0.0145691
     D1K74-a61d      0.005     0.058       0.250     0.669     -0.167     0.684      0.578     0.678      0.786     0.319    0.526     0.327   0.730     0.074      0.091     0.00767  -1	  -0.0446756     0.0009633
     D1K74-a62a      0.020     0.045       0.211     0.551     -0.067     0.726      0.601     0.590      0.873     0.318    0.514     0.335   0.738     0.101      0.113     0.00876  -1	  -0.0188604     0.0125224
     D1K74-a62b      0.019     0.052       0.243     0.515     -0.465     0.715      0.547     0.501      0.748     0.305    0.531     0.311   0.267     0.073      0.070     0.00753  -1	   0.0439811     0.0360804
     D1K74-a62c      0.012     0.041       0.197     0.578     -0.148     0.686      0.565     0.673      0.955     0.294    0.523     0.305   0.714     0.106      0.294     0.00659  -1	  -0.0692880     0.0115576
     D1K74-a62d      0.001     0.051       0.229     0.501      0.126     0.682      0.534     0.556      0.905     0.568    0.531     0.554   0.434     0.087      0.178     0.00896  -1	   0.0527995     0.0268667
     D1K74-a63a      0.021     0.051       0.229     0.691      0.091     0.689      0.551     0.541      0.775     0.301    0.506     0.325   0.805     0.082      0.230     0.00672  -1	  -0.0049250    -0.0104992
     D1K74-a63b      0.020     0.055       0.232     0.687      0.083     0.684      0.505     0.495      0.998     0.358    0.553     0.343   0.805     0.094      0.153     0.00674  -1	  -0.0055727    -0.0052659
     D1K74-a63c      0.011     0.042       0.169     0.648      0.273     0.695      0.561     0.542      0.759     0.345    0.533     0.345   0.816     0.134      0.270     0.00623  -1	   0.0167218    -0.0202046
     D1K74-a63d      0.014     0.056       0.239     0.631      0.170     0.714      0.564     0.604      0.175     0.331    0.498     0.359   0.778     0.090      0.187     0.01012  -1	   0.1588863     0.0011628
     D1K74-a64a      0.017     0.052       0.225     0.616      0.070     0.702      0.559     0.561      0.606     0.316    0.511     0.335   0.738     0.095      0.126     0.00966  -1	  -0.0024061    -0.0059336
     D1K74-a64b      0.008     0.059       0.264     0.607      0.074     0.698      0.580     0.636      0.147     0.338    0.568     0.314   0.738     0.078      0.171     0.00755  -1	   0.1282197    -0.0100682
     D1K74-a64c      0.024     0.056       0.243     0.455      0.084     0.741      0.505     0.473      0.889     0.297    0.515     0.313   0.341     0.079      0.238     0.00863  -1	   0.0826504     0.0921054
     D1K74-a64d      0.018     0.053       0.229     0.621      0.058     0.724      0.572     0.649      0.464     0.268    0.502     0.295   0.738     0.082      0.150     0.01016  -1	   0.0296227    -0.0316600
     D1K74-a65a      0.019     0.045       0.201     0.639      0.170     0.702      0.618     0.613      0.372     0.321    0.489     0.356   0.739     0.092      0.107     0.00915  -1	   0.0424320     0.0375269
     D1K74-a65b      0.015     0.045       0.194     0.616      0.174     0.701      0.628     0.633      0.840     0.338    0.503     0.362   0.739     0.094      0.119     0.00912  -1	   0.0124558     0.0114324
     D1K74-a65c      0.008     0.059       0.232     0.623      0.044     0.691      0.603     0.662      0.773     0.318    0.487     0.353   0.713     0.082      0.062     0.00914  -1	   0.0051666     0.0052341
     D1K74-a65d      0.018     0.055       0.243     0.684      0.066     0.696      0.566     0.588      0.367     0.286    0.510     0.307   0.805     0.086      0.091     0.00947  -1	   0.0341168    -0.0047734
     D1K74-a66a      0.025     0.052       0.232     0.576      0.187     0.700      0.554     0.530      0.427     0.293    0.505     0.318   0.652     0.083      0.310     0.00832  -1	   0.1266710     0.0479640
     D1K74-a66b      0.013     0.050       0.225     0.603      0.163     0.694      0.572     0.525      0.797     0.379    0.622     0.310   0.739     0.085      0.224     0.00879  -1	   0.0163854     0.0210027
     D1K74-a66c      0.010     0.052       0.232     0.599      0.123     0.685      0.553     0.517      0.346     0.305    0.520     0.319   0.587     0.084      0.221     0.00882  -1	   0.0801797     0.0664635
     D1K74-a66d      0.013     0.047       0.215     0.524      0.033     0.674      0.619     0.678      0.806     0.321    0.508     0.343   0.646     0.090      0.145     0.01014  -1	  -0.0166237     0.0047882
     D1K74-a67a      0.018     0.031       0.134     0.556      0.526     0.703      0.559     0.625      0.605     0.314    0.527     0.321   0.823     0.125      0.043     0.00988  -1	   0.0898759     0.0097843
     D1K74-a67b      0.013     0.063       0.271     0.599      0.608     0.754      0.424     0.244      0.492     0.297    0.530     0.305   0.703     0.077      0.127     0.63552   1	   0.4338801     0.3975642
     D1K74-a67c      0.022     0.042       0.183     0.596      0.479     0.701      0.588     0.569      0.889     0.280    0.510     0.300   0.818     0.106      0.142     0.01278  -1	   0.1516533     0.0587460
     D1K74-a67d      0.024     0.054       0.229     0.568      0.147     0.697      0.551     0.535      0.410     0.294    0.524     0.305   0.587     0.080      0.337     0.00839  -1	   0.1296317     0.0454280
     D1K74-a68a      0.015     0.034       0.169     0.561      0.466     0.685      0.599     0.606      0.650     0.386    0.506     0.405   0.818     0.116      0.110     0.03230  -1	   0.0938852     0.0534153
     D1K74-a68b      0.014     0.053       0.229     0.632      0.271     0.746      0.528     0.463      0.339     0.312    0.538     0.312   0.825     0.095      0.121     0.04364  -1	   0.1159100     0.0840685
     D1K74-a68c      0.017     0.044       0.208     0.496      0.162     0.679      0.555     0.649      0.813     0.466    0.536     0.455   0.595     0.106      0.026     0.03262  -1	   0.0241980     0.0212022
     D1K74-a68d      0.013     0.063       0.264     0.597      0.597     0.756      0.419     0.240      0.595     0.306    0.548     0.300   0.697     0.080      0.144     0.63831   1	   0.4194766     0.3780357
     D1K74-a69a      0.013     0.063       0.268     0.588      0.568     0.754      0.411     0.228      0.177     0.300    0.533     0.305   0.697     0.081      0.135     0.63335   1	   0.4435095     0.4663618
     D1K74-a69b      0.011     0.051       0.222     0.666      0.408     0.745      0.526     0.441      0.547     0.288    0.537     0.290   0.945     0.111      0.265     0.03872  -1	   0.1879841     0.0824950
     D1K74-a69c      0.014     0.062       0.261     0.523      0.633     0.759      0.409     0.236      0.263     0.321    0.544     0.316   0.550     0.082      0.213     0.74271   1	   0.5278934     0.5079327
     D1K74-a69d      0.012     0.047       0.225     0.614      0.047     0.733      0.575     0.514      0.923     0.334    0.561     0.316   0.725     0.090      0.105     0.04253  -1	  -0.0158392     0.0287216
      D1K74-a6a      0.024     0.038       0.183     0.729      0.035     0.712      0.492     0.460      0.141     0.311    0.527     0.320   0.805     0.112      0.219     0.00805  -1	   0.1515134     0.1650672
      D1K74-a6b      0.024     0.038       0.187     0.713      0.138     0.704      0.487     0.443      0.536     0.333    0.586     0.297   0.851     0.119      0.218     0.00804  -1	   0.0075037     0.0513231
      D1K74-a6c      0.018     0.033       0.151     0.642     -0.265     0.723      0.585     0.567      0.509     0.292    0.522     0.304   0.671     0.140      0.537     0.00999  -1	   0.0647748     0.0267069
      D1K74-a6d      0.017     0.044       0.190     0.689     -0.110     0.739      0.526     0.470      0.973     0.394    0.553     0.376   0.788     0.098      0.249     0.01632  -1	  -0.0509289     0.0228966
     D1K74-a70a      0.015     0.064       0.275     0.581      0.623     0.754      0.411     0.228      0.272     0.317    0.543     0.313   0.703     0.081      0.132     0.63201   1	   0.4861322     0.4771389
     D1K74-a70b      0.017     0.061       0.268     0.530      0.572     0.753      0.429     0.284      0.115     0.308    0.544     0.304   0.544     0.089      0.182     0.50063   1	   0.4861920     0.4455924
     D1K74-a70c      0.015     0.065       0.268     0.612      0.598     0.757      0.391     0.213      0.167     0.306    0.557     0.293   0.823     0.081      0.148     0.66653   1	   0.4929780     0.5016063
     D1K74-a70d      0.014     0.063       0.275     0.609      0.596     0.751      0.404     0.222      0.026     0.305    0.537     0.306   0.823     0.079      0.160     0.61504   1	   0.5426318     0.5646075
     D1K74-a71a      0.014     0.061       0.257     0.550      0.582     0.755      0.425     0.256      0.843     0.333    0.606     0.283   0.697     0.079      0.175     0.66953   1	   0.4098001     0.3505910
     D1K74-a71b      0.014     0.065       0.275     0.602      0.598     0.757      0.401     0.217      0.247     0.315    0.544     0.311   0.823     0.080      0.121     0.64071   1	   0.4534046     0.4620083
     D1K74-a71c      0.016     0.059       0.261     0.573      0.559     0.762      0.431     0.254      0.660     0.289    0.538     0.290   0.697     0.083      0.230     0.69646   1	   0.3922265     0.3617327
     D1K74-a71d      0.014     0.064       0.275     0.600      0.623     0.756      0.418     0.237      0.068     0.309    0.532     0.314   0.829     0.082      0.140     0.62353   1	   0.5387928     0.5353208
     D1K74-a72a      0.019     0.061       0.257     0.520      0.661     0.758      0.443     0.266      0.185     0.296    0.549     0.289   0.511     0.084      0.184     0.76411   1	   0.5632717     0.5154645
     D1K74-a72b      0.014     0.064       0.271     0.607      0.600     0.755      0.418     0.238      0.283     0.318    0.542     0.315   0.829     0.078      0.127     0.63204   1	   0.4464635     0.4430453
     D1K74-a72c      0.014     0.064       0.275     0.640      0.608     0.756      0.418     0.233      0.053     0.318    0.536     0.320   0.829     0.080      0.136     0.62338   1	   0.5437630     0.5530983
     D1K74-a72d      0.014     0.063       0.275     0.589      0.588     0.749      0.428     0.243      0.040     0.297    0.532     0.303   0.697     0.081      0.140     0.63278   1	   0.5134061     0.5256268
     D1K74-a73a      0.016     0.042       0.183     0.629     -0.191     0.733      0.538     0.477      0.884     0.318    0.522     0.329   0.701     0.108      0.108     0.01737  -1	  -0.0418402     0.0480797
     D1K74-a73b      0.017     0.058       0.243     0.621      0.323     0.724      0.493     0.417      0.807     0.334    0.517     0.349   0.853     0.076      0.167     0.03330  -1	   0.1368676     0.0853216
     D1K74-a73c      0.020     0.034       0.151     0.713      0.097     0.715      0.573     0.532      0.233     0.271    0.503     0.296   0.841     0.136      0.468     0.01705  -1	   0.2284856     0.0956760
     D1K74-a73d      0.011     0.049       0.208     0.701      0.052     0.734      0.557     0.609      0.563     0.268    0.506     0.292   0.841     0.108      0.226     0.02121  -1	   0.0006438    -0.0639263
     D1K74-a74a      0.010     0.038       0.180     0.596      0.352     0.697      0.547     0.562      0.174     0.380    0.555     0.363   0.830     0.108      0.175     0.01132  -1	   0.1475092     0.0701366
     D1K74-a74b      0.012     0.041       0.183     0.749     -0.197     0.713      0.609     0.727      0.874     0.327    0.545     0.321   0.781     0.126      0.150     0.02099  -1	  -0.0867075    -0.0017216
     D1K74-a74c      0.012     0.041       0.180     0.734     -0.169     0.706      0.594     0.707      0.713     0.325    0.534     0.327   0.781     0.125      0.150     0.02017  -1	  -0.0699782    -0.0272334
     D1K74-a74d      0.014     0.039       0.187     0.699      0.073     0.713      0.552     0.576      0.613     0.314    0.547     0.308   0.817     0.111      0.134     0.01613  -1	  -0.0497290    -0.0182678
     D1K74-a75a      0.012     0.031       0.148     0.606     -0.428     0.693      0.622     0.734      0.317     0.289    0.507     0.312   0.584     0.156      0.258     0.00848  -1	   0.1434484     0.0216976
     D1K74-a75b      0.012     0.046       0.201     0.548     -0.128     0.698      0.623     0.692      0.401     0.265    0.493     0.298   0.653     0.096      0.188     0.00962  -1	   0.0187553    -0.0242932
     D1K74-a75c      0.008     0.041       0.165     0.557      0.449     0.714      0.485     0.491      0.550     0.269    0.496     0.300   0.804     0.128      0.072     0.01173  -1	   0.0832631     0.0356135
     D1K74-a75d      0.013     0.039       0.162     0.630      0.238     0.730      0.542     0.539      0.860     0.292    0.513     0.311   0.784     0.137      0.120     0.01237  -1	  -0.0038840    -0.0001056
     D1K74-a76a      0.010     0.045       0.197     0.616     -0.222     0.685      0.645     0.714      0.892     0.300    0.551     0.292   0.718     0.102      0.241     0.00933  -1	  -0.0626534     0.0013633
     D1K74-a76b      0.010     0.031       0.148     0.622     -0.412     0.693      0.619     0.730      0.337     0.303    0.499     0.331   0.584     0.144      0.275     0.00849  -1	   0.1269647     0.0149220
     D1K74-a76c      0.008     0.041       0.183     0.625     -0.268     0.693      0.643     0.702      0.776     0.303    0.502     0.330   0.671     0.098      0.232     0.00900  -1	  -0.0398283    -0.0000711
     D1K74-a76d      0.010     0.030       0.148     0.708      0.055     0.711      0.553     0.557      0.488     0.281    0.519     0.296   0.841     0.138      0.212     0.00810  -1	  -0.0379620    -0.0033151
     D1K74-a77a      0.010     0.032       0.158     0.550     -0.074     0.722      0.642     0.691      0.572     0.292    0.508     0.314   0.738     0.124      0.255     0.00962  -1	  -0.0534717    -0.0497926
     D1K74-a77b      0.013     0.034       0.169     0.596     -0.277     0.727      0.638     0.695      0.790     0.305    0.520     0.319   0.653     0.124      0.234     0.00939  -1	  -0.0555213    -0.0031948
     D1K74-a77c      0.009     0.042       0.208     0.555     -0.434     0.714      0.634     0.714      0.977     0.311    0.528     0.318   0.566     0.101      0.056     0.01106  -1	   0.0447784     0.0691239
     D1K74-a77d      0.012     0.042       0.190     0.531     -0.655     0.733      0.592     0.663      0.646     0.355    0.574     0.325   0.504     0.121      0.443     0.00893  -1	   0.1277138     0.0368428
     D1K74-a78a      0.011     0.043       0.201     0.579     -0.332     0.726      0.563     0.595      0.935     0.327    0.525     0.336   0.738     0.109      0.122     0.00895  -1	  -0.0110745     0.0386753
     D1K74-a78b      0.011     0.038       0.187     0.557     -0.450     0.689      0.618     0.673      0.549     0.299    0.504     0.324   0.566     0.105      0.364     0.00641  -1	   0.0709783     0.0082409
     D1K74-a78c      0.023     0.046       0.215     0.620     -0.616     0.695      0.525     0.359      0.339     0.291    0.529     0.298   0.553     0.095      0.375     0.00568  -1	   0.2580046     0.2830777
     D1K74-a78d      0.011     0.037       0.187     0.565     -0.411     0.682      0.600     0.662      0.429     0.305    0.511     0.325   0.566     0.112      0.337     0.00647  -1	   0.0935533     0.0153803
     D1K74-a79a      0.009     0.043       0.180     0.651     -0.087     0.684      0.524     0.584      0.828     0.304    0.506     0.327   0.812     0.095      0.114     0.00740  -1	  -0.0572776     0.0049855
     D1K74-a79b      0.015     0.043       0.204     0.563     -0.077     0.706      0.586     0.567      0.395     0.270    0.523     0.283   0.738     0.110      0.115     0.00784  -1	  -0.0153387     0.0118427
     D1K74-a79c      0.006     0.046       0.176     0.671     -0.208     0.684      0.512     0.610      0.677     0.327    0.516     0.342   0.773     0.096      0.108     0.00750  -1	  -0.0370772    -0.0013917
     D1K74-a79d      0.015     0.037       0.165     0.626     -0.696     0.712      0.560     0.572      0.555     0.324    0.535     0.325   0.584     0.125      0.048     0.00817  -1	   0.1966839     0.0786188
      D1K74-a7a      0.026     0.038       0.183     0.664     -0.318     0.723      0.554     0.576      0.154     0.275    0.503     0.301   0.812     0.121      0.197     0.00904  -1	   0.1623160     0.0772543
      D1K74-a7b      0.019     0.039       0.201     0.584      0.043     0.714      0.583     0.599      0.755     0.303    0.542     0.300   0.708     0.099      0.126     0.00885  -1	  -0.0445337     0.0113271
      D1K74-a7c      0.022     0.037       0.183     0.656     -0.347     0.724      0.588     0.665      0.501     0.284    0.491     0.317   0.812     0.119      0.286     0.00868  -1	   0.0419596    -0.0296328
      D1K74-a7d      0.023     0.042       0.187     0.754     -0.234     0.717      0.519     0.514      0.030     0.279    0.532     0.286   0.777     0.107      0.236     0.00913  -1	   0.2597023     0.1981195
     D1K74-a80a      0.010     0.037       0.176     0.561      0.012     0.703      0.644     0.724      0.744     0.300    0.502     0.326   0.708     0.110      0.089     0.00833  -1	  -0.0533864    -0.0047167
     D1K74-a80b      0.013     0.038       0.165     0.644     -0.114     0.703      0.607     0.666      0.651     0.289    0.495     0.321   0.732     0.118      0.092     0.00880  -1	  -0.0539510    -0.0043502
     D1K74-a80c      0.010     0.040       0.190     0.578     -0.032     0.684      0.575     0.590      0.320     0.274    0.491     0.309   0.778     0.097      0.084     0.00634  -1	  -0.0073893     0.0086950
     D1K74-a80d      0.013     0.039       0.173     0.557     -0.191     0.700      0.583     0.577      0.988     0.328    0.523     0.338   0.684     0.118      0.050     0.00865  -1	  -0.0034368     0.0481013
     D1K74-a81a      0.015     0.062       0.268     0.596      0.249     0.717      0.527     0.548      0.112     0.314    0.550     0.305   0.661     0.084      0.219     0.00910  -1	   0.2613454     0.0786707
     D1K74-a81b      0.018     0.040       0.176     0.512     -0.001     0.708      0.612     0.651      0.961     0.325    0.567     0.303   0.717     0.117      0.214     0.00859  -1	  -0.0439395    -0.0065550
     D1K74-a81c      0.011     0.041       0.190     0.531      0.051     0.710      0.600     0.653      0.938     0.441    0.491     0.468   0.682     0.122      0.201     0.00824  -1	   0.0001818    -0.0124944
     D1K74-a81d      0.017     0.052       0.236     0.576      0.186     0.722      0.591     0.635      0.643     0.317    0.505     0.340   0.652     0.087      0.217     0.01016  -1	   0.0652878     0.0115352
     D1K74-a82a      0.011     0.059       0.239     0.695      0.059     0.703      0.552     0.601      0.649     0.303    0.520     0.316   0.805     0.082      0.029     0.00934  -1	  -0.0186752    -0.0224989
     D1K74-a82b      0.020     0.045       0.201     0.659      0.141     0.709      0.614     0.612      0.523     0.353    0.505     0.376   0.827     0.092      0.113     0.00917  -1	   0.0084439     0.0017230
     D1K74-a82c      0.013     0.053       0.229     0.602      0.032     0.733      0.556     0.638      0.944     0.292    0.520     0.306   0.713     0.096      0.087     0.00912  -1	   0.0093598     0.0231900
     D1K74-a82d      0.012     0.059       0.236     0.634      0.102     0.703      0.533     0.576      0.910     0.311    0.510     0.331   0.713     0.083      0.068     0.00927  -1	   0.0316862     0.0180742
     D1K74-a83a      0.015     0.060       0.271     0.593      0.218     0.719      0.553     0.583      0.300     0.303    0.545     0.299   0.661     0.074      0.200     0.00907  -1	   0.1624388     0.0376651
     D1K74-a83b      0.025     0.030       0.141     0.654     -0.248     0.723      0.586     0.608      0.732     0.336    0.500     0.363   0.773     0.171      0.140     0.01548  -1	  -0.0435638     0.0039005
     D1K74-a83c      0.014     0.037       0.173     0.623      0.128     0.706      0.562     0.697      0.886     0.291    0.529     0.298   0.771     0.112      0.127     0.00782  -1	  -0.0436203    -0.0037913
     D1K74-a83d      0.018     0.053       0.229     0.593      0.066     0.719      0.538     0.605      0.592     0.288    0.507     0.311   0.612     0.080      0.152     0.01011  -1	   0.0196957     0.0080367
     D1K74-a84a      0.020     0.038       0.155     0.683     -0.278     0.720      0.593     0.676      0.908     0.297    0.536     0.299   0.726     0.140      0.121     0.01688  -1	  -0.0469365     0.0275121
     D1K74-a84b      0.013     0.038       0.180     0.608      0.581     0.719      0.557     0.550      0.476     0.320    0.522     0.331   0.833     0.113      0.246     0.03395  -1	   0.2724804     0.1475471
     D1K74-a84c      0.019     0.027       0.123     0.671     -0.134     0.701      0.617     0.652      0.913     0.332    0.532     0.336   0.788     0.188      0.158     0.00910  -1	  -0.0977194    -0.0140727
     D1K74-a84d      0.012     0.038       0.158     0.643     -0.443     0.705      0.604     0.671      0.548     0.279    0.518     0.295   0.584     0.116      0.153     0.00849  -1	   0.0541798     0.0342573
     D1K74-a85a      0.009     0.058       0.268     0.592      0.609     0.753      0.414     0.244      0.421     0.306    0.559     0.291   0.703     0.074      0.151     0.76297   1	   0.4343491     0.4397552
     D1K74-a85b      0.009     0.053       0.232     0.619      0.352     0.751      0.529     0.470      0.808     0.305    0.531     0.309   0.831     0.098      0.166     0.03897  -1	   0.1331619     0.0670155
     D1K74-a85c      0.014     0.053       0.229     0.647      0.235     0.743      0.530     0.471      0.992     0.312    0.536     0.314   0.787     0.091      0.123     0.04356  -1	   0.0842614     0.0506255
     D1K74-a85d      0.014     0.053       0.229     0.619      0.253     0.741      0.546     0.504      0.998     0.326    0.547     0.319   0.825     0.082      0.095     0.04357  -1	   0.0998428     0.0500639
     D1K74-a86a      0.004     0.056       0.239     0.677     -0.066     0.726      0.509     0.491      0.399     0.286    0.527     0.296   0.747     0.090      0.184     0.09534  -1	   0.0220201     0.0083927
     D1K74-a86b      0.019     0.045       0.201     0.723      0.060     0.733      0.533     0.494      0.142     0.298    0.536     0.300   0.841     0.106      0.244     0.03701  -1	   0.1792780     0.1202388
     D1K74-a86c      0.010     0.054       0.222     0.652      0.388     0.738      0.515     0.439      0.246     0.313    0.534     0.315   0.898     0.106      0.170     0.03892  -1	   0.2260171     0.1416241
     D1K74-a86d      0.011     0.052       0.225     0.672      0.419     0.747      0.525     0.448      0.252     0.314    0.535     0.316   0.945     0.104      0.260     0.03902  -1	   0.3042627     0.1713318
     D1K74-a87a      0.014     0.065       0.275     0.581      0.610     0.754      0.416     0.241      0.059     0.315    0.557     0.301   0.703     0.081      0.119     0.63562   1	   0.5224483     0.5204888
     D1K74-a87b      0.016     0.061       0.261     0.528      0.581     0.753      0.435     0.260      0.662     0.291    0.542     0.289   0.544     0.082      0.207     0.75806   1	   0.4214334     0.3611543
     D1K74-a87c      0.015     0.063       0.261     0.587      0.601     0.756      0.414     0.230      0.405     0.291    0.534     0.295   0.703     0.079      0.144     0.64334   1	   0.4353545     0.4226478
     D1K74-a87d      0.008     0.056       0.243     0.657     -0.103     0.728      0.521     0.510      0.333     0.303    0.513     0.321   0.656     0.089      0.285     0.09844  -1	   0.0850054     0.0251178
     D1K74-a88a      0.015     0.063       0.271     0.583      0.587     0.757      0.430     0.252      0.050     0.292    0.513     0.310   0.697     0.078      0.144     0.63035   1	   0.5143434     0.5126947
     D1K74-a88b      0.014     0.064       0.275     0.612      0.597     0.759      0.412     0.227      0.373     0.321    0.545     0.315   0.823     0.078      0.127     0.63511   1	   0.4360700     0.4342769
     D1K74-a88c      0.015     0.064       0.275     0.605      0.590     0.753      0.424     0.240      0.057     0.320    0.546     0.314   0.823     0.080      0.126     0.63336   1	   0.5014257     0.5208169
     D1K74-a88d      0.015     0.034       0.165     0.684      0.120     0.727      0.600     0.600      0.260     0.265    0.499     0.294   0.827     0.128      0.153     0.05224  -1	   0.0473159     0.0323534
     D1K74-a89a      0.013     0.064       0.275     0.589      0.575     0.751      0.409     0.225      0.269     0.303    0.542     0.300   0.697     0.079      0.126     0.63630   1	   0.4311682     0.4411312
     D1K74-a89b      0.013     0.063       0.275     0.568      0.612     0.761      0.390     0.210      0.195     0.303    0.553     0.294   0.703     0.083      0.115     0.63663   1	   0.4754323     0.4940001
     D1K74-a89c      0.016     0.065       0.268     0.572      0.634     0.764      0.412     0.240      0.401     0.328    0.552     0.317   0.703     0.081      0.170     0.71728   1	   0.5029890     0.4618150
     D1K74-a89d      0.009     0.031       0.165     0.506      0.129     0.716      0.643     0.647      0.768     0.289    0.535     0.293   0.692     0.119      0.352     0.04538  -1	  -0.0544541    -0.0349534
      D1K74-a8a      0.020     0.035       0.183     0.697     -0.433     0.724      0.559     0.621      0.502     0.269    0.497     0.299   0.639     0.127      0.204     0.00877  -1	   0.0461095     0.0190846
      D1K74-a8b      0.022     0.039       0.197     0.644     -0.375     0.722      0.575     0.660      0.544     0.299    0.499     0.328   0.644     0.114      0.194     0.00850  -1	   0.0181793    -0.0030598
      D1K74-a8c      0.018     0.035       0.180     0.695     -0.406     0.721      0.559     0.624      0.595     0.264    0.498     0.294   0.639     0.123      0.204     0.00877  -1	   0.0099654     0.0174067
      D1K74-a8d      0.016     0.041       0.197     0.684      0.007     0.713      0.554     0.650      0.492     0.289    0.503     0.314   0.781     0.119      0.154     0.00779  -1	  -0.0211292    -0.0414981
     D1K74-a90a      0.014     0.028       0.137     0.733      0.082     0.703      0.565     0.617      0.379     0.295    0.545     0.292   0.841     0.158      0.153     0.01400  -1	  -0.0201967    -0.0143031
     D1K74-a90b      0.010     0.044       0.190     0.635      0.015     0.700      0.499     0.568      0.609     0.277    0.524     0.289   0.725     0.116      0.226     0.01199  -1	  -0.0347947    -0.0214436
     D1K74-a90c      0.013     0.036       0.169     0.693      0.015     0.705      0.564     0.615      0.754     0.360    0.530     0.362   0.781     0.143      0.060     0.01340  -1	  -0.0788576    -0.0235041
     D1K74-a90d      0.015     0.033       0.162     0.722     -0.050     0.702      0.580     0.619      0.716     0.323    0.526     0.330   0.876     0.128      0.109     0.01285  -1	  -0.0906836    -0.0272699
     D1K74-a91a      0.012     0.040       0.197     0.611     -0.007     0.710      0.575     0.613      0.990     0.334    0.564     0.314   0.796     0.108      0.180     0.01241  -1	  -0.0611191    -0.0053891
     D1K74-a91b      0.010     0.034       0.169     0.637     -0.091     0.687      0.664     0.746      0.800     0.292    0.537     0.294   0.756     0.108     -0.030     0.01148  -1	  -0.0736171     0.0502698
     D1K74-a91c      0.012     0.044       0.183     0.673     -0.717     0.725      0.586     0.675      0.966     0.357    0.585     0.319   0.639     0.114      0.407     0.00872  -1	   0.0810354     0.0714112
     D1K74-a91d      0.014     0.034       0.165     0.777      0.147     0.702      0.540     0.573      0.800     0.338    0.512     0.356   0.831     0.134      0.096     0.01369  -1	  -0.0607700    -0.0077251
     D1K74-a92a      0.015     0.042       0.194     0.590      0.203     0.691      0.551     0.586      0.765     0.320    0.524     0.328   0.767     0.100      0.073     0.00735  -1	  -0.0052224     0.0072208
     D1K74-a92b      0.012     0.043       0.201     0.573     -0.720     0.718      0.564     0.645      0.986     0.361    0.545     0.352   0.566     0.111      0.378     0.00870  -1	   0.1039681     0.0850459
     D1K74-a92c      0.011     0.033       0.165     0.609     -0.453     0.735      0.634     0.679      0.870     0.300    0.523     0.312   0.627     0.114      0.284     0.00910  -1	  -0.0212518     0.0268087
     D1K74-a92d      0.009     0.037       0.183     0.553      0.028     0.688      0.629     0.706      0.747     0.303    0.511     0.323   0.708     0.105      0.040     0.01178  -1	  -0.0537727     0.0062177
     D1K74-a93a      0.003     0.041       0.201     0.640      0.281     0.676      0.532     0.560      0.825     0.301    0.508     0.324   0.816     0.099      0.070     0.00909  -1	   0.0016992     0.0127544
     D1K74-a93b      0.010     0.036       0.173     0.599     -0.416     0.717      0.590     0.635      0.404     0.274    0.494     0.306   0.566     0.122      0.057     0.00829  -1	   0.0544969     0.0396011
     D1K74-a93c      0.020     0.037       0.173     0.660     -0.468     0.694      0.559     0.624      0.190     0.288    0.512     0.307   0.683     0.124      0.148     0.00736  -1	   0.2029060     0.0945446
     D1K74-a93d      0.007     0.052       0.218     0.673     -0.157     0.716      0.563     0.629      0.782     0.398    0.576     0.362   0.730     0.106      0.080     0.00908  -1	  -0.0592628    -0.0294654
     D1K74-a94a      0.015     0.040       0.173     0.692     -0.628     0.711      0.558     0.586      0.885     0.314    0.524     0.324   0.608     0.111      0.039     0.00826  -1	   0.1147161     0.0703954
     D1K74-a94b      0.009     0.043       0.201     0.604     -0.433     0.709      0.666     0.748      0.804     0.346    0.560     0.327   0.584     0.110      0.044     0.01110  -1	   0.0057094     0.0418600
     D1K74-a94c      0.009     0.040       0.180     0.600     -0.243     0.702      0.554     0.604      0.837     0.290    0.525     0.300   0.718     0.117      0.013     0.00801  -1	  -0.0288801     0.0402649
     D1K74-a94d      0.015     0.034       0.148     0.581     -0.135     0.703      0.591     0.680      0.940     0.295    0.548     0.289   0.714     0.143      0.032     0.00871  -1	  -0.0463329     0.0337935
     D1K74-a95a      0.014     0.041       0.180     0.507      0.045     0.686      0.599     0.625      0.619     0.281    0.491     0.315   0.646     0.105      0.170     0.00766  -1	  -0.0275204    -0.0044875
     D1K74-a95b      0.011     0.041       0.183     0.571     -0.023     0.683      0.579     0.623      0.610     0.302    0.508     0.323   0.778     0.105      0.083     0.00764  -1	  -0.0510477    -0.0186705
     D1K74-a95c      0.022     0.044       0.204     0.604      0.126     0.725      0.554     0.611      0.691     0.323    0.550     0.314   0.771     0.118      0.262     0.02195  -1	   0.0010401    -0.0400495
     D1K74-a95d      0.013     0.052       0.218     0.591     -0.145     0.691      0.561     0.672      0.992     0.313    0.518     0.328   0.463     0.107      0.087     0.00937  -1	   0.0022251     0.0473549
     D1K74-a96a      0.011     0.042       0.187     0.485      0.176     0.690      0.603     0.627      0.388     0.316    0.505     0.339   0.595     0.094      0.133     0.00767  -1	   0.0103851     0.0053537
     D1K74-a96b      0.014     0.051       0.232     0.587      0.002     0.737      0.581     0.651      0.725     0.302    0.495     0.334   0.587     0.088      0.122     0.00898  -1	  -0.0025661     0.0140737
     D1K74-a96c      0.003     0.031       0.144     0.760      0.040     0.696      0.600     0.659      0.797     0.275    0.492     0.309   0.785     0.122     -0.034     0.00756  -1	  -0.0916377     0.0343825
     D1K74-a96d      0.017     0.054       0.204     0.675     -0.191     0.690      0.548     0.667      0.752     0.334    0.530     0.339   0.730     0.103      0.078     0.00928  -1	  -0.0298591    -0.0109581
     D1K74-a97a      0.019     0.043       0.197     0.539      0.384     0.723      0.545     0.487      0.642     0.305    0.538     0.306   0.769     0.096      0.036     0.11199  -1	   0.0881254     0.0837932
     D1K74-a97b      0.015     0.046       0.211     0.683     -0.049     0.708      0.570     0.637      0.810     0.321    0.529     0.327   0.852     0.084      0.198     0.01682  -1	  -0.0559195    -0.0351640
     D1K74-a97c      0.018     0.061       0.254     0.502      0.662     0.758      0.438     0.268      0.126     0.287    0.542     0.287   0.511     0.085      0.189     0.77471   1	   0.5683828     0.5189481
     D1K74-a97d      0.016     0.041       0.173     0.605     -0.032     0.719      0.572     0.621      0.505     0.289    0.518     0.305   0.796     0.125      0.375     0.01143  -1	   0.0179341    -0.0660321
     D1K74-a98a      0.019     0.032       0.155     0.655     -0.072     0.702      0.616     0.651      0.267     0.271    0.505     0.296   0.812     0.154      0.162     0.01439  -1	   0.0324223     0.0012645
     D1K74-a98b      0.014     0.044       0.194     0.663      0.010     0.725      0.562     0.551      0.531     0.293    0.513     0.312   0.781     0.092      0.105     0.03948  -1	  -0.0307322     0.0058139
     D1K74-a98c      0.014     0.066       0.271     0.612      0.593     0.757      0.406     0.232      0.102     0.318    0.540     0.316   0.823     0.078      0.168     0.66844   1	   0.5271456     0.5189208
     D1K74-a98d      0.009     0.056       0.239     0.656     -0.189     0.728      0.551     0.547      0.503     0.284    0.516     0.300   0.730     0.086      0.206     0.10263  -1	   0.0030035    -0.0186632
     D1K74-a99a      0.014     0.063       0.264     0.589      0.579     0.755      0.408     0.231      0.096     0.291    0.542     0.290   0.697     0.079      0.144     0.64144   1	   0.4868523     0.5053759
     D1K74-a99b      0.004     0.038       0.194     0.664      0.008     0.723      0.576     0.529      0.664     0.299    0.532     0.304   0.781     0.120      0.194     0.04733  -1	  -0.0703677    -0.0051228
     D1K74-a99c      0.019     0.046       0.190     0.744     -0.070     0.722      0.543     0.542      0.546     0.338    0.548     0.328   0.836     0.099      0.229     0.03952  -1	  -0.0042026    -0.0154760
     D1K74-a99d      0.013     0.060       0.250     0.571      0.570     0.761      0.408     0.236      0.230     0.279    0.541     0.280   0.697     0.080      0.192     0.72377   1	   0.4444010     0.4685484
      D1K74-a9a      0.024     0.041       0.190     0.749     -0.222     0.728      0.519     0.523      0.035     0.281    0.528     0.290   0.798     0.110      0.250     0.00899  -1	   0.2535523     0.1707129
      D1K74-a9b      0.019     0.037       0.173     0.520     -0.044     0.696      0.591     0.654      0.622     0.265    0.517     0.282   0.717     0.111      0.184     0.00662  -1	  -0.0450955    -0.0156448
      D1K74-a9c      0.024     0.038       0.165     0.571     -0.272     0.685      0.573     0.671      0.873     0.293    0.524     0.303   0.653     0.129      0.223     0.00653  -1	  -0.0277849     0.0378190
      D1K74-a9d      0.019     0.035       0.183     0.690     -0.446     0.723      0.565     0.623      0.833     0.275    0.509     0.297   0.639     0.124      0.211     0.00872  -1	  -0.0203705     0.0304436
