      D1OC0-a9d      0.049     0.034       0.110     0.576     -0.565     0.885      0.601     0.681      0.752     0.654    0.592     0.586   0.590     0.159      0.186     0.02757  -1	   0.0618281     0.0343453
      D1OC0-a0a      0.051     0.038       0.099     0.639     -0.170     0.892      0.556     0.554      0.712     0.606    0.528     0.592   0.701     0.179      0.048     0.03341  -1	   0.0000005     0.0094138
      D1OC0-a0b      0.049     0.040       0.105     0.675      0.030     0.896      0.551     0.522      0.701     0.639    0.582     0.581   0.781     0.143      0.159     0.03505  -1	   0.0632739     0.0647897
      D1OC0-a0c      0.049     0.039       0.102     0.608     -0.408     0.894      0.572     0.568      0.879     0.615    0.526     0.602   0.584     0.164      0.040     0.03363  -1	   0.0550643     0.0343309
      D1OC0-a0d      0.052     0.040       0.107     0.676     -0.483     0.893      0.543     0.595      0.415     0.619    0.551     0.586   0.683     0.134      0.115     0.03339  -1	   0.0506546     0.0318918
    D1OC0-a100a      0.052     0.040       0.113     0.769     -0.254     0.880      0.528     0.613      0.335     0.638    0.583     0.579   0.730     0.167      0.161     0.00626  -1	   0.0800783     0.0115382
    D1OC0-a100b      0.051     0.041       0.097     0.667      0.219     0.875      0.544     0.589      0.925     0.653    0.562     0.609   0.840     0.154      0.204     0.00631  -1	   0.1884314     0.0832120
    D1OC0-a100c      0.045     0.042       0.099     0.702      0.397     0.891      0.453     0.428      0.543     0.590    0.540     0.568   0.928     0.165      0.173     0.00610  -1	   0.2579527     0.2414866
    D1OC0-a100d      0.056     0.042       0.115     0.734      0.099     0.884      0.489     0.492      0.541     0.631    0.558     0.592   0.841     0.139      0.334     0.00669  -1	   0.1849938     0.1281518
    D1OC0-a101a      0.053     0.038       0.118     0.698     -0.180     0.897      0.507     0.559      0.661     0.635    0.591     0.569   0.757     0.132      0.029     0.00699  -1	  -0.0130040     0.0322327
    D1OC0-a101b      0.054     0.036       0.110     0.686      0.018     0.897      0.527     0.602      0.560     0.622    0.596     0.553   0.781     0.149      0.159     0.00719  -1	   0.0552053     0.0274086
    D1OC0-a101c      0.050     0.042       0.123     0.636     -0.058     0.893      0.500     0.556      0.695     0.805    0.807     0.552   0.756     0.132     -0.018     0.00689  -1	   0.0686427     0.1000007
    D1OC0-a101d      0.053     0.035       0.099     0.774     -0.061     0.884      0.540     0.636      0.834     0.699    0.666     0.570   0.815     0.188      0.069     0.00692  -1	   0.0543383     0.0165960
    D1OC0-a102a      0.053     0.037       0.110     0.752     -0.189     0.893      0.500     0.552      0.767     0.665    0.584     0.604   0.761     0.143      0.007     0.00697  -1	   0.0061934     0.0449505
    D1OC0-a102b      0.053     0.039       0.105     0.601      0.033     0.892      0.529     0.507      0.527     0.638    0.595     0.568   0.725     0.159      0.058     0.00629  -1	   0.0161458     0.0645516
    D1OC0-a102c      0.058     0.044       0.123     0.761     -0.372     0.880      0.492     0.497      0.365     0.609    0.572     0.559   0.703     0.148      0.076     0.00640  -1	   0.0568672     0.0824232
    D1OC0-a102d      0.053     0.040       0.121     0.694     -0.014     0.890      0.516     0.571      0.566     0.759    0.743     0.565   0.852     0.143      0.023     0.00693  -1	   0.0567078     0.0584505
    D1OC0-a103a      0.048     0.038       0.110     0.567      0.450     0.872      0.509     0.486      0.713     0.621    0.565     0.577   0.818     0.174      0.199     0.00941  -1	   0.2878600     0.2409373
    D1OC0-a103b      0.052     0.038       0.099     0.565      0.079     0.911      0.531     0.535      0.290     0.625    0.559     0.584   0.744     0.187      0.229     0.00644  -1	   0.0882109     0.0728776
    D1OC0-a103c      0.052     0.040       0.107     0.539      0.084     0.891      0.512     0.480      0.659     0.775    0.765     0.562   0.682     0.156      0.094     0.00629  -1	   0.1105233     0.1903490
    D1OC0-a103d      0.050     0.040       0.121     0.727     -0.638     0.894      0.515     0.522      0.494     0.603    0.554     0.568   0.633     0.152      0.133     0.01150  -1	   0.1065278     0.0756743
    D1OC0-a104a      0.048     0.031       0.088     0.618     -0.359     0.880      0.581     0.630      0.498     0.747    0.712     0.581   0.644     0.171      0.057     0.02136  -1	   0.0042071     0.0243244
    D1OC0-a104b      0.047     0.034       0.086     0.579      0.152     0.882      0.604     0.635      0.937     0.609    0.539     0.586   0.721     0.201      0.064     0.02553  -1	   0.1066722    -0.0004381
    D1OC0-a104c      0.053     0.046       0.123     0.590     -0.478     0.866      0.476     0.358      0.449     0.648    0.594     0.579   0.609     0.141      0.026     0.07104  -1	   0.0398431     0.2095949
    D1OC0-a104d      0.051     0.044       0.121     0.590     -0.405     0.875      0.523     0.417      0.374     0.643    0.583     0.583   0.566     0.162      0.035     0.07494  -1	   0.0164708     0.1311544
    D1OC0-a105a      0.053     0.035       0.110     0.718      0.025     0.889      0.540     0.629      0.483     0.651    0.597     0.580   0.805     0.157      0.090     0.00687  -1	   0.0420208     0.0065289
    D1OC0-a105b      0.050     0.031       0.094     0.630      0.096     0.890      0.534     0.516      0.734     0.615    0.551     0.582   0.761     0.170      0.166     0.00676  -1	   0.0553746     0.0895534
    D1OC0-a105c      0.052     0.034       0.094     0.666      0.378     0.887      0.517     0.552      0.679     0.745    0.708     0.584   0.903     0.211      0.219     0.00785  -1	   0.3193413     0.2413123
    D1OC0-a105d      0.049     0.043       0.107     0.717      0.473     0.887      0.476     0.471      0.658     0.724    0.705     0.561   0.916     0.143      0.317     0.00612  -1	   0.5272872     0.4437199
     D1OC0-a10a      0.050     0.033       0.110     0.595     -0.645     0.887      0.603     0.687      0.568     0.641    0.557     0.601   0.535     0.166      0.170     0.02743  -1	   0.0981418     0.0171524
     D1OC0-a10b      0.047     0.037       0.097     0.686      0.025     0.886      0.538     0.575      0.749     0.817    0.793     0.588   0.781     0.186      0.167     0.02399  -1	   0.1549068     0.1213560
     D1OC0-a10c      0.047     0.038       0.099     0.654     -0.181     0.887      0.563     0.569      0.686     0.634    0.554     0.599   0.757     0.174      0.048     0.03479  -1	  -0.0108495    -0.0040100
     D1OC0-a10d      0.053     0.032       0.097     0.686     -0.487     0.884      0.548     0.585      0.501     0.600    0.554     0.566   0.683     0.157      0.266     0.03544  -1	   0.0795658     0.0578363
     D1OC0-a11a      0.049     0.035       0.115     0.598     -0.539     0.881      0.590     0.674      0.621     0.654    0.558     0.613   0.590     0.161      0.163     0.02770  -1	   0.0531348     0.0121116
     D1OC0-a11b      0.058     0.038       0.121     0.702     -0.685     0.883      0.547     0.631      0.859     0.642    0.547     0.611   0.664     0.126      0.128     0.01243  -1	   0.1243987     0.0785992
     D1OC0-a11c      0.054     0.037       0.118     0.582     -0.350     0.893      0.542     0.496      0.528     0.629    0.576     0.574   0.738     0.113      0.080     0.01295  -1	  -0.0220643     0.0798599
     D1OC0-a11d      0.043     0.033       0.099     0.737      0.145     0.880      0.544     0.611      0.578     0.731    0.695     0.580   0.851     0.184      0.199     0.01791  -1	   0.1609496     0.0873649
     D1OC0-a12a      0.046     0.034       0.110     0.664     -0.159     0.877      0.601     0.711      0.753     0.634    0.584     0.573   0.757     0.152      0.202     0.02823  -1	   0.0072680    -0.0257803
     D1OC0-a12b      0.050     0.024       0.064     0.710     -0.561     0.890      0.586     0.612      0.906     0.645    0.549     0.612   0.688     0.217      0.124     0.01461  -1	   0.0879586     0.0731721
     D1OC0-a12c      0.053     0.034       0.107     0.629     -0.538     0.877      0.583     0.621      0.661     0.619    0.571     0.569   0.607     0.136      0.365     0.01180  -1	   0.0798464     0.0581438
     D1OC0-a12d      0.050     0.026       0.078     0.721      0.010     0.897      0.567     0.616      0.782     0.790    0.748     0.600   0.805     0.231      0.138     0.01356  -1	   0.0978010     0.0685222
     D1OC0-a13a      0.048     0.035       0.078     0.619      0.007     0.888      0.594     0.583      0.744     0.627    0.578     0.572   0.725     0.173      0.148     0.02036  -1	   0.0282119     0.0158636
     D1OC0-a13b      0.053     0.038       0.102     0.724     -0.328     0.878      0.540     0.527      0.930     0.621    0.556     0.584   0.836     0.146      0.254     0.02185  -1	   0.0359692     0.0725133
     D1OC0-a13c      0.049     0.034       0.080     0.615      0.117     0.884      0.581     0.569      0.746     0.660    0.585     0.599   0.771     0.173      0.003     0.02030  -1	   0.0462277     0.0248495
     D1OC0-a13d      0.051     0.043       0.115     0.726     -0.677     0.893      0.548     0.603      0.482     0.619    0.578     0.564   0.664     0.119      0.186     0.02048  -1	   0.1436925     0.0542709
     D1OC0-a14a      0.045     0.042       0.126     0.763      0.121     0.895      0.497     0.553      0.395     0.747    0.738     0.556   0.831     0.130      0.070     0.01964  -1	   0.1677891     0.1430739
     D1OC0-a14b      0.056     0.038       0.097     0.751     -0.647     0.901      0.576     0.574      0.808     0.650    0.600     0.575   0.612     0.148     -0.031     0.01964  -1	   0.1041724     0.0529420
     D1OC0-a14c      0.054     0.033       0.094     0.735     -0.396     0.895      0.572     0.622      0.643     0.620    0.558     0.582   0.724     0.156      0.122     0.02059  -1	   0.0151830     0.0124388
     D1OC0-a14d      0.053     0.036       0.097     0.751     -0.645     0.895      0.600     0.629      0.618     0.676    0.620     0.586   0.612     0.169     -0.020     0.01941  -1	   0.0931913     0.0303690
     D1OC0-a15a      0.051     0.033       0.088     0.759      0.189     0.886      0.515     0.469      0.524     0.749    0.731     0.565   0.798     0.167      0.253     0.01773  -1	   0.2769304     0.2919678
     D1OC0-a15b      0.053     0.036       0.099     0.702     -0.446     0.897      0.559     0.601      0.763     0.624    0.532     0.606   0.664     0.170      0.080     0.02092  -1	   0.0354010     0.0274808
     D1OC0-a15c      0.051     0.037       0.110     0.732     -0.157     0.893      0.528     0.619      0.421     0.760    0.732     0.576   0.781     0.163     -0.006     0.01945  -1	   0.0139095     0.0134590
     D1OC0-a15d      0.049     0.028       0.078     0.705     -0.024     0.877      0.573     0.559      0.807     0.757    0.723     0.582   0.876     0.228      0.220     0.02243  -1	   0.0842787     0.0718835
     D1OC0-a16a      0.047     0.025       0.067     0.701      0.009     0.881      0.571     0.619      0.920     0.755    0.723     0.581   0.805     0.253     -0.017     0.03461  -1	   0.0529850     0.0070205
     D1OC0-a16b      0.052     0.029       0.091     0.710     -0.322     0.902      0.603     0.615      0.696     0.775    0.760     0.567   0.836     0.190      0.134     0.01847  -1	   0.0449055     0.0348929
     D1OC0-a16c      0.051     0.038       0.107     0.604      0.240     0.871      0.560     0.475      0.815     0.728    0.699     0.572   0.784     0.163      0.103     0.08338  -1	   0.1900514     0.1939663
     D1OC0-a16d      0.049     0.031       0.083     0.718     -0.569     0.881      0.632     0.657      0.760     0.622    0.540     0.597   0.688     0.190      0.047     0.02948  -1	   0.0827162     0.0230030
     D1OC0-a17a      0.053     0.046       0.126     0.673     -0.368     0.871      0.482     0.356      0.420     0.658    0.560     0.616   0.699     0.147      0.022     0.07061  -1	   0.0149985     0.1666191
     D1OC0-a17b      0.055     0.031       0.088     0.706     -0.467     0.873      0.508     0.520      0.801     0.613    0.557     0.575   0.707     0.185      0.081     0.11264  -1	   0.0492477     0.0943654
     D1OC0-a17c      0.054     0.030       0.097     0.715      0.007     0.876      0.534     0.604      0.449     0.639    0.572     0.588   0.805     0.184      0.158     0.14375  -1	   0.0494258     0.0204945
     D1OC0-a17d      0.051     0.031       0.080     0.625     -0.675     0.881      0.637     0.700      0.806     0.636    0.584     0.576   0.584     0.176      0.049     0.03090  -1	   0.1390138     0.0414303
     D1OC0-a18a      0.052     0.039       0.110     0.647     -0.150     0.874      0.543     0.459      0.647     0.632    0.566     0.587   0.732     0.156      0.057     0.07707  -1	  -0.0048453     0.0670147
     D1OC0-a18b      0.051     0.040       0.099     0.622     -0.045     0.874      0.471     0.417      0.746     0.616    0.581     0.559   0.796     0.159      0.316     0.23037  -1	   0.0586192     0.1805062
     D1OC0-a18c      0.050     0.039       0.110     0.615      0.390     0.878      0.543     0.452      0.836     0.726    0.681     0.587   0.848     0.154      0.117     0.09310  -1	   0.3135933     0.3022834
     D1OC0-a18d      0.053     0.036       0.099     0.550      0.195     0.890      0.510     0.476      0.725     0.618    0.541     0.592   0.721     0.172      0.010     0.24516  -1	   0.0862539     0.1100522
     D1OC0-a19a      0.055     0.040       0.113     0.641     -0.115     0.865      0.448     0.378      0.763     0.658    0.578     0.603   0.732     0.153      0.110     0.17654  -1	   0.0289331     0.1773881
     D1OC0-a19b      0.049     0.038       0.107     0.658     -0.165     0.872      0.542     0.433      0.758     0.634    0.603     0.558   0.757     0.146      0.044     0.07740  -1	  -0.0006430     0.0907154
     D1OC0-a19c      0.053     0.036       0.097     0.622     -0.071     0.874      0.505     0.461      0.665     0.647    0.561     0.604   0.756     0.171      0.073     0.19972  -1	   0.0030785     0.0912572
     D1OC0-a19d      0.053     0.039       0.110     0.649      0.302     0.870      0.552     0.455      0.809     0.719    0.703     0.558   0.816     0.174      0.097     0.08880  -1	   0.2410166     0.2312741
      D1OC0-a1a      0.050     0.035       0.110     0.691     -0.520     0.886      0.575     0.656      0.804     0.652    0.565     0.606   0.663     0.161      0.164     0.02753  -1	   0.0524699     0.0309483
      D1OC0-a1b      0.047     0.036       0.099     0.690      0.019     0.885      0.548     0.585      0.759     0.617    0.556     0.580   0.781     0.184      0.167     0.02400  -1	   0.0454020     0.0162294
      D1OC0-a1c      0.049     0.034       0.113     0.596     -0.620     0.887      0.591     0.664      0.455     0.632    0.526     0.618   0.535     0.166      0.176     0.02676  -1	   0.0985332     0.0146218
      D1OC0-a1d      0.051     0.036       0.105     0.608     -0.248     0.892      0.580     0.652      0.733     0.802    0.765     0.599   0.718     0.160      0.113     0.02878  -1	   0.0417411     0.0375646
     D1OC0-a20a      0.052     0.032       0.086     0.627     -0.064     0.884      0.528     0.483      0.709     0.618    0.564     0.574   0.756     0.171      0.394     0.18296  -1	   0.0556528     0.1257940
     D1OC0-a20b      0.048     0.035       0.113     0.699     -0.189     0.873      0.541     0.525      0.985     0.666    0.617     0.577   0.757     0.168      0.356     0.10973  -1	   0.0514945     0.0852165
     D1OC0-a20c      0.051     0.033       0.094     0.622      0.148     0.882      0.504     0.431      0.765     0.615    0.574     0.563   0.771     0.153      0.247     0.16903  -1	   0.1037971     0.1959604
     D1OC0-a20d      0.050     0.030       0.105     0.554     -0.089     0.902      0.552     0.612      0.999     0.817    0.610     0.747   0.738     0.171      0.054     0.15827  -1	   0.0900561     0.0824566
     D1OC0-a21a      0.052     0.025       0.067     0.671      0.254     0.882      0.568     0.588      0.694     0.741    0.695     0.592   0.872     0.236      0.333     0.09252  -1	   0.2302944     0.1617141
     D1OC0-a21b      0.053     0.024       0.062     0.667     -0.223     0.895      0.536     0.506      0.776     0.660    0.620     0.569   0.773     0.204      0.535     0.04849  -1	   0.0743662     0.1599564
     D1OC0-a21c      0.054     0.028       0.064     0.701      0.177     0.876      0.559     0.480      0.674     0.623    0.550     0.591   0.819     0.208      0.051     0.05157  -1	   0.0561070     0.0985817
     D1OC0-a21d      0.051     0.033       0.105     0.581     -0.129     0.888      0.585     0.649      0.896     0.799    0.783     0.573   0.714     0.152      0.138     0.02653  -1	   0.0868839     0.0868802
     D1OC0-a22a      0.050     0.037       0.110     0.667     -0.468     0.889      0.482     0.385      0.553     0.608    0.567     0.562   0.683     0.171      0.090     0.01886  -1	   0.0294938     0.1653025
     D1OC0-a22b      0.058     0.036       0.105     0.625     -0.632     0.877      0.572     0.649      0.872     0.640    0.583     0.581   0.553     0.147      0.184     0.01279  -1	   0.1102021     0.0807183
     D1OC0-a22c      0.055     0.034       0.102     0.703     -0.546     0.889      0.538     0.561      0.448     0.592    0.527     0.579   0.688     0.192      0.156     0.01801  -1	   0.1008312     0.0610518
     D1OC0-a22d      0.048     0.036       0.094     0.691      0.012     0.885      0.560     0.602      0.769     0.812    0.808     0.561   0.781     0.186      0.167     0.02409  -1	   0.1602373     0.1122953
     D1OC0-a23a      0.052     0.037       0.110     0.718     -0.126     0.891      0.537     0.495      0.837     0.637    0.569     0.588   0.812     0.146      0.071     0.01374  -1	   0.0229988     0.0587491
     D1OC0-a23b      0.056     0.039       0.131     0.508     -0.110     0.886      0.547     0.491      0.559     0.642    0.609     0.561   0.653     0.146      0.148     0.01323  -1	   0.0000192     0.0839196
     D1OC0-a23c      0.057     0.040       0.115     0.714     -0.216     0.868      0.535     0.594      0.603     0.639    0.576     0.585   0.798     0.150      0.160     0.01219  -1	   0.0298296     0.0058147
     D1OC0-a23d      0.054     0.034       0.105     0.526     -0.153     0.898      0.592     0.615      0.786     0.642    0.570     0.593   0.622     0.175     -0.023     0.01410  -1	   0.0077724    -0.0044323
     D1OC0-a24a      0.061     0.040       0.115     0.669      0.116     0.890      0.543     0.446      0.894     0.692    0.580     0.635   0.827     0.145     -0.047     0.01294  -1	   0.1357127     0.1124716
     D1OC0-a24b      0.053     0.040       0.126     0.574     -0.451     0.874      0.544     0.606      0.737     0.681    0.587     0.618   0.609     0.139      0.047     0.01345  -1	   0.0334061     0.0443796
     D1OC0-a24c      0.057     0.037       0.113     0.723     -0.428     0.882      0.537     0.598      0.767     0.651    0.566     0.604   0.664     0.157      0.165     0.01318  -1	   0.0410690     0.0421242
     D1OC0-a24d      0.060     0.037       0.123     0.551     -0.101     0.855      0.572     0.653      0.613     0.878    0.531     0.857   0.714     0.133      0.198     0.01292  -1	   0.0380818     0.0314837
     D1OC0-a25a      0.057     0.037       0.113     0.610     -0.129     0.886      0.588     0.637      0.454     0.757    0.723     0.583   0.732     0.137      0.169     0.01164  -1	   0.0620864     0.0310273
     D1OC0-a25b      0.057     0.037       0.113     0.722     -0.590     0.882      0.542     0.602      0.933     0.660    0.564     0.615   0.688     0.159      0.175     0.01326  -1	   0.0978414     0.0839036
     D1OC0-a25c      0.050     0.026       0.078     0.720      0.023     0.885      0.565     0.613      0.826     0.659    0.574     0.606   0.805     0.231      0.138     0.01358  -1	   0.0377570     0.0153651
     D1OC0-a25d      0.052     0.042       0.126     0.585     -0.150     0.890      0.527     0.431      0.688     0.647    0.607     0.567   0.714     0.137      0.064     0.01377  -1	   0.0004580     0.1029065
     D1OC0-a26a      0.054     0.035       0.099     0.686     -0.217     0.875      0.572     0.633      0.472     0.772    0.750     0.573   0.773     0.169      0.166     0.01225  -1	   0.0864747     0.0363305
     D1OC0-a26b      0.051     0.033       0.099     0.601      0.343     0.879      0.611     0.639      0.691     0.600    0.542     0.575   0.816     0.156      0.102     0.01301  -1	   0.1697268     0.0690041
     D1OC0-a26c      0.059     0.038       0.113     0.612     -0.455     0.884      0.508     0.524      0.865     0.615    0.549     0.584   0.627     0.146      0.155     0.01224  -1	   0.0546888     0.1156101
     D1OC0-a26d      0.055     0.030       0.088     0.593     -0.360     0.878      0.554     0.617      0.901     0.629    0.533     0.610   0.626     0.172      0.157     0.01304  -1	   0.0363824     0.0702553
     D1OC0-a27a      0.051     0.033       0.088     0.731      0.148     0.889      0.531     0.490      0.761     0.635    0.564     0.591   0.851     0.179      0.253     0.01742  -1	   0.1261028     0.1227729
     D1OC0-a27b      0.051     0.048       0.134     0.700     -0.643     0.891      0.497     0.608      0.908     0.666    0.583     0.606   0.633     0.120      0.250     0.01990  -1	   0.1049443     0.1136116
     D1OC0-a27c      0.053     0.033       0.091     0.768      0.185     0.894      0.519     0.475      0.386     0.625    0.567     0.579   0.798     0.179      0.238     0.01780  -1	   0.1993058     0.2027896
     D1OC0-a27d      0.054     0.048       0.137     0.716     -0.623     0.894      0.496     0.591      0.937     0.669    0.601     0.594   0.633     0.122      0.274     0.01981  -1	   0.0989085     0.1170433
     D1OC0-a28a      0.050     0.040       0.123     0.667      0.163     0.901      0.524     0.602      0.576     0.622    0.549     0.591   0.794     0.147      0.065     0.01968  -1	   0.0873088     0.0337674
     D1OC0-a28b      0.046     0.045       0.129     0.735      0.229     0.887      0.461     0.536      0.460     0.726    0.681     0.586   0.864     0.134     -0.012     0.01935  -1	   0.1475046     0.1176670
     D1OC0-a28c      0.045     0.043       0.126     0.729      0.167     0.886      0.500     0.560      0.677     0.734    0.693     0.584   0.819     0.132      0.018     0.01921  -1	   0.1424363     0.1102111
     D1OC0-a28d      0.054     0.033       0.105     0.758     -0.520     0.880      0.572     0.602      0.747     0.685    0.588     0.621   0.667     0.168      0.130     0.02117  -1	   0.0594867     0.0397046
     D1OC0-a29a      0.050     0.040       0.118     0.624      0.189     0.896      0.500     0.567      0.732     0.722    0.708     0.556   0.739     0.140      0.018     0.01951  -1	   0.1519084     0.1319922
     D1OC0-a29b      0.050     0.044       0.123     0.753     -0.634     0.900      0.518     0.581      0.708     0.611    0.522     0.602   0.612     0.126      0.212     0.02081  -1	   0.0889814     0.0537543
     D1OC0-a29c      0.045     0.043       0.121     0.733      0.195     0.899      0.476     0.522      0.304     0.628    0.573     0.577   0.819     0.132      0.033     0.01978  -1	   0.1115072     0.0961679
     D1OC0-a29d      0.045     0.043       0.131     0.671      0.291     0.888      0.477     0.522      0.644     0.725    0.706     0.561   0.872     0.136      0.004     0.01958  -1	   0.2011818     0.1752358
      D1OC0-a2a      0.049     0.035       0.113     0.639     -0.543     0.878      0.574     0.651      0.714     0.661    0.561     0.618   0.607     0.168      0.177     0.02792  -1	   0.0621536     0.0308761
      D1OC0-a2b      0.048     0.033       0.110     0.624     -0.162     0.874      0.597     0.705      0.749     0.663    0.610     0.581   0.701     0.159      0.202     0.02798  -1	   0.0105978    -0.0119884
      D1OC0-a2c      0.046     0.030       0.080     0.599      0.127     0.893      0.599     0.715      0.687     0.617    0.591     0.551   0.753     0.174      0.097     0.02398  -1	   0.0355767    -0.0237616
      D1OC0-a2d      0.049     0.034       0.113     0.620     -0.639     0.880      0.575     0.653      0.743     0.627    0.576     0.573   0.553     0.161      0.175     0.02754  -1	   0.0904004     0.0448570
     D1OC0-a30a      0.050     0.034       0.086     0.709     -0.154     0.870      0.532     0.507      0.683     0.677    0.627     0.581   0.781     0.182      0.309     0.04190  -1	   0.0662209     0.0893436
     D1OC0-a30b      0.049     0.041       0.115     0.650     -0.638     0.890      0.559     0.636      0.730     0.621    0.537     0.599   0.608     0.130      0.202     0.02097  -1	   0.0947497     0.0501831
     D1OC0-a30c      0.049     0.050       0.142     0.636     -0.363     0.880      0.572     0.681      0.742     0.650    0.573     0.598   0.644     0.117      0.183     0.01749  -1	   0.0336932    -0.0064808
     D1OC0-a30d      0.048     0.025       0.072     0.720     -0.098     0.889      0.580     0.655      0.802     0.627    0.565     0.582   0.836     0.210      0.032     0.02147  -1	  -0.0154514    -0.0180487
     D1OC0-a31a      0.050     0.038       0.115     0.600      0.339     0.865      0.548     0.455      0.581     0.750    0.708     0.588   0.816     0.143      0.097     0.08622  -1	   0.2308911     0.2997997
     D1OC0-a31b      0.047     0.027       0.067     0.684     -0.228     0.878      0.569     0.579      0.650     0.629    0.578     0.573   0.773     0.185      0.331     0.02889  -1	   0.0293555     0.0445129
     D1OC0-a31c      0.048     0.046       0.118     0.638     -0.495     0.866      0.573     0.673      0.844     0.643    0.561     0.601   0.627     0.120      0.130     0.01343  -1	   0.0687560     0.0341296
     D1OC0-a31d      0.055     0.038       0.110     0.583     -0.159     0.873      0.484     0.448      0.889     0.625    0.568     0.579   0.684     0.147      0.170     0.17404  -1	   0.0359226     0.1530306
     D1OC0-a32a      0.053     0.043       0.110     0.600      0.196     0.872      0.560     0.448      0.524     0.767    0.743     0.576   0.739     0.167      0.125     0.09897  -1	   0.1785398     0.2400442
     D1OC0-a32b      0.055     0.039       0.105     0.613     -0.208     0.884      0.466     0.407      0.695     0.601    0.547     0.573   0.718     0.150      0.115     0.17591  -1	   0.0025161     0.1600013
     D1OC0-a32c      0.049     0.037       0.105     0.633      0.277     0.871      0.554     0.463      0.799     0.743    0.698     0.589   0.816     0.167      0.103     0.08706  -1	   0.2133572     0.2254956
     D1OC0-a32d      0.054     0.047       0.129     0.642     -0.195     0.859      0.493     0.421      0.205     0.593    0.549     0.563   0.701     0.138      0.182     0.12279  -1	   0.0927296     0.1781003
     D1OC0-a33a      0.050     0.039       0.113     0.653     -0.043     0.868      0.551     0.461      0.495     0.766    0.753     0.563   0.852     0.159      0.095     0.08206  -1	   0.0642274     0.1537436
     D1OC0-a33b      0.050     0.037       0.113     0.591      0.302     0.867      0.556     0.451      0.562     0.742    0.708     0.578   0.798     0.151      0.103     0.08185  -1	   0.1975626     0.2805030
     D1OC0-a33c      0.052     0.044       0.123     0.644     -0.427     0.871      0.505     0.390      0.244     0.602    0.540     0.580   0.584     0.161      0.035     0.07117  -1	   0.0526651     0.1814395
     D1OC0-a33d      0.053     0.046       0.129     0.640     -0.356     0.877      0.476     0.363      0.650     0.626    0.581     0.569   0.644     0.127      0.014     0.07638  -1	   0.0068419     0.1504346
     D1OC0-a34a      0.051     0.045       0.123     0.595     -0.406     0.877      0.491     0.388      0.666     0.646    0.557     0.606   0.566     0.144      0.072     0.07374  -1	   0.0260214     0.1431682
     D1OC0-a34b      0.051     0.041       0.110     0.739     -0.057     0.870      0.510     0.457      0.722     0.752    0.722     0.577   0.836     0.148      0.026     0.08649  -1	   0.0592714     0.1124377
     D1OC0-a34c      0.052     0.046       0.126     0.644     -0.477     0.870      0.462     0.347      0.585     0.681    0.614     0.596   0.627     0.144      0.022     0.07016  -1	   0.0380815     0.1888101
     D1OC0-a34d      0.054     0.041       0.113     0.661     -0.397     0.870      0.521     0.426      0.888     0.635    0.561     0.593   0.699     0.149      0.039     0.07694  -1	   0.0561324     0.1087503
     D1OC0-a35a      0.054     0.041       0.110     0.702     -0.405     0.870      0.515     0.416      0.710     0.638    0.597     0.567   0.664     0.157      0.108     0.07907  -1	   0.0371174     0.1172063
     D1OC0-a35b      0.056     0.044       0.121     0.653      0.094     0.889      0.522     0.457      0.591     0.644    0.587     0.582   0.817     0.135      0.214     0.25861   1	   0.1194225     0.1376961
     D1OC0-a35c      0.052     0.027       0.080     0.642      0.205     0.878      0.556     0.552      0.546     0.644    0.584     0.584   0.784     0.198      0.212     0.11479  -1	   0.1076932     0.1049652
     D1OC0-a35d      0.054     0.044       0.110     0.725     -0.610     0.876      0.491     0.462      0.728     0.669    0.652     0.551   0.633     0.138      0.165     0.13121  -1	   0.1119686     0.1495274
     D1OC0-a36a      0.056     0.035       0.091     0.683     -0.289     0.876      0.510     0.563      0.634     0.786    0.768     0.572   0.726     0.178      0.173     0.01986  -1	   0.0882351     0.1040774
     D1OC0-a36b      0.053     0.035       0.099     0.748     -0.397     0.883      0.481     0.539      0.566     0.658    0.560     0.616   0.724     0.160      0.124     0.01825  -1	   0.0325734     0.0762015
     D1OC0-a36c      0.054     0.035       0.099     0.717     -0.630     0.881      0.518     0.534      0.551     0.627    0.599     0.554   0.633     0.194      0.169     0.01794  -1	   0.1349287     0.0986552
     D1OC0-a36d      0.053     0.035       0.102     0.755     -0.449     0.892      0.477     0.535      0.574     0.651    0.559     0.610   0.643     0.151      0.121     0.01822  -1	   0.0352750     0.0860983
     D1OC0-a37a      0.050     0.031       0.105     0.701     -0.529     0.886      0.439     0.465      0.523     0.599    0.593     0.532   0.688     0.179      0.126     0.01426  -1	   0.0548800     0.1549539
     D1OC0-a37b      0.054     0.041       0.102     0.743     -0.574     0.892      0.481     0.477      0.975     0.719    0.667     0.592   0.688     0.179      0.151     0.01710  -1	   0.1116953     0.1499956
     D1OC0-a37c      0.054     0.040       0.113     0.777     -0.535     0.895      0.447     0.453      0.241     0.627    0.549     0.596   0.667     0.164      0.135     0.01737  -1	   0.1470159     0.1867973
     D1OC0-a37d      0.053     0.038       0.105     0.780     -0.538     0.894      0.434     0.431      0.336     0.611    0.577     0.557   0.667     0.168      0.142     0.01753  -1	   0.1281380     0.2024634
     D1OC0-a38a      0.054     0.034       0.097     0.771     -0.470     0.889      0.518     0.473      0.634     0.637    0.571     0.587   0.686     0.189      0.306     0.01430  -1	   0.0900274     0.1123537
     D1OC0-a38b      0.058     0.039       0.118     0.732     -0.607     0.872      0.549     0.643      0.581     0.648    0.581     0.590   0.633     0.161      0.140     0.01320  -1	   0.1118284     0.0339059
     D1OC0-a38c      0.051     0.029       0.097     0.553     -0.011     0.895      0.587     0.537      0.794     0.614    0.544     0.588   0.778     0.191     -0.012     0.01326  -1	   0.0068844     0.0186161
     D1OC0-a38d      0.053     0.034       0.094     0.754     -0.420     0.883      0.556     0.524      0.316     0.626    0.564     0.582   0.643     0.180      0.302     0.01441  -1	   0.1643485     0.1199355
     D1OC0-a39a      0.057     0.038       0.123     0.685     -0.635     0.876      0.563     0.650      0.883     0.638    0.533     0.619   0.608     0.140      0.110     0.01246  -1	   0.1128105     0.0597525
     D1OC0-a39b      0.056     0.038       0.115     0.764     -0.462     0.869      0.507     0.573      0.790     0.651    0.574     0.599   0.686     0.160      0.123     0.01321  -1	   0.0509198     0.0567994
     D1OC0-a39c      0.058     0.041       0.121     0.699     -0.576     0.878      0.562     0.642      0.683     0.659    0.545     0.629   0.663     0.129      0.180     0.01253  -1	   0.0881261     0.0368866
     D1OC0-a39d      0.058     0.041       0.115     0.721     -0.303     0.876      0.533     0.571      0.471     0.664    0.582     0.606   0.836     0.146      0.130     0.01213  -1	   0.0384460     0.0159060
      D1OC0-a3a      0.049     0.033       0.086     0.729     -0.383     0.869      0.597     0.668      0.917     0.621    0.571     0.573   0.724     0.175      0.092     0.03194  -1	   0.0347431     0.0200847
      D1OC0-a3b      0.052     0.025       0.078     0.689     -0.138     0.900      0.591     0.642      0.551     0.766    0.763     0.551   0.788     0.206      0.104     0.02302  -1	   0.0423224     0.0337892
      D1OC0-a3c      0.051     0.023       0.075     0.646     -0.245     0.890      0.598     0.666      0.771     0.741    0.726     0.561   0.718     0.196      0.146     0.02264  -1	   0.0189207     0.0317751
      D1OC0-a3d      0.047     0.032       0.097     0.753      0.201     0.891      0.573     0.627      0.579     0.737    0.691     0.590   0.844     0.175      0.438     0.02409  -1	   0.3426930     0.1586467
     D1OC0-a40a      0.056     0.036       0.121     0.750     -0.560     0.874      0.554     0.613      0.720     0.629    0.551     0.596   0.667     0.154      0.140     0.01330  -1	   0.0684821     0.0334447
     D1OC0-a40b      0.058     0.042       0.123     0.680     -0.503     0.883      0.544     0.601      0.703     0.665    0.559     0.623   0.663     0.147      0.215     0.01278  -1	   0.0714323     0.0450988
     D1OC0-a40c      0.051     0.040       0.121     0.498     -0.557     0.890      0.520     0.481      0.890     0.618    0.565     0.573   0.464     0.125      0.042     0.01325  -1	   0.0943740     0.1372288
     D1OC0-a40d      0.060     0.045       0.126     0.668     -0.241     0.876      0.510     0.583      0.505     0.635    0.559     0.596   0.773     0.136      0.134     0.01195  -1	   0.0284590     0.0095851
     D1OC0-a41a      0.058     0.039       0.118     0.715     -0.631     0.878      0.588     0.673      0.894     0.674    0.598     0.602   0.633     0.131      0.110     0.01249  -1	   0.1071516     0.0558886
     D1OC0-a41b      0.060     0.037       0.115     0.750     -0.561     0.889      0.570     0.630      0.743     0.678    0.583     0.618   0.667     0.153      0.159     0.01326  -1	   0.0773784     0.0376208
     D1OC0-a41c      0.057     0.038       0.115     0.742     -0.382     0.886      0.511     0.564      0.876     0.661    0.578     0.605   0.724     0.158      0.173     0.01316  -1	   0.0418436     0.0652654
     D1OC0-a41d      0.064     0.037       0.115     0.520     -0.013     0.871      0.596     0.678      0.840     0.879    0.695     0.773   0.717     0.131      0.212     0.01297  -1	   0.1155230     0.0924166
     D1OC0-a42a      0.057     0.042       0.113     0.642     -0.124     0.887      0.548     0.597      0.305     0.641    0.550     0.608   0.732     0.149      0.241     0.01171  -1	   0.0862101     0.0072220
     D1OC0-a42b      0.056     0.040       0.115     0.701     -0.594     0.872      0.549     0.624      0.683     0.683    0.583     0.623   0.688     0.150      0.140     0.01302  -1	   0.1005480     0.0513095
     D1OC0-a42c      0.057     0.042       0.115     0.650     -0.126     0.891      0.526     0.539      0.361     0.610    0.528     0.596   0.788     0.146      0.312     0.01149  -1	   0.1034944     0.0477714
     D1OC0-a42d      0.055     0.040       0.115     0.681     -0.227     0.892      0.575     0.636      0.458     0.629    0.590     0.564   0.773     0.147      0.191     0.01207  -1	   0.0387228    -0.0248467
     D1OC0-a43a      0.053     0.048       0.126     0.635     -0.351     0.902      0.480     0.554      0.944     0.647    0.566     0.601   0.644     0.132      0.247     0.01706  -1	   0.0573018     0.1228773
     D1OC0-a43b      0.050     0.050       0.145     0.638     -0.628     0.900      0.505     0.619      0.946     0.646    0.570     0.596   0.553     0.125      0.164     0.01944  -1	   0.1023658     0.0981357
     D1OC0-a43c      0.046     0.043       0.129     0.720      0.068     0.893      0.490     0.552      0.451     0.765    0.745     0.570   0.841     0.129      0.047     0.01950  -1	   0.1107232     0.1041043
     D1OC0-a43d      0.051     0.038       0.110     0.704     -0.710     0.883      0.617     0.715      0.954     0.655    0.592     0.588   0.664     0.123      0.203     0.01846  -1	   0.1333365     0.0787912
     D1OC0-a44a      0.044     0.044       0.118     0.635      0.031     0.886      0.536     0.588      0.532     0.623    0.568     0.576   0.725     0.145      0.073     0.02150  -1	   0.0246756    -0.0005191
     D1OC0-a44b      0.049     0.040       0.110     0.716     -0.608     0.895      0.562     0.619      0.725     0.579    0.522     0.572   0.633     0.141      0.093     0.02024  -1	   0.0768278     0.0274462
     D1OC0-a44c      0.049     0.045       0.118     0.733     -0.649     0.899      0.533     0.602      0.781     0.630    0.542     0.603   0.633     0.127      0.212     0.02066  -1	   0.0991626     0.0607863
     D1OC0-a44d      0.053     0.049       0.131     0.677     -0.632     0.888      0.470     0.572      0.981     0.663    0.601     0.588   0.608     0.126      0.264     0.01972  -1	   0.1134176     0.1647548
     D1OC0-a45a      0.052     0.038       0.118     0.688     -0.738     0.890      0.572     0.639      0.811     0.638    0.552     0.603   0.639     0.139      0.072     0.02033  -1	   0.1444938     0.0544438
     D1OC0-a45b      0.050     0.033       0.107     0.653      0.147     0.894      0.555     0.557      0.711     0.605    0.534     0.586   0.827     0.138      0.172     0.01934  -1	   0.0886775     0.0746690
     D1OC0-a45c      0.052     0.050       0.139     0.644     -0.603     0.894      0.536     0.664      0.982     0.651    0.584     0.591   0.553     0.134      0.212     0.01952  -1	   0.1035968     0.0896696
     D1OC0-a45d      0.048     0.030       0.091     0.671     -0.052     0.869      0.545     0.589      0.728     0.760    0.728     0.581   0.812     0.197      0.086     0.02310  -1	   0.0377461     0.0446590
     D1OC0-a46a      0.049     0.030       0.091     0.660      0.041     0.881      0.537     0.586      0.760     0.614    0.557     0.576   0.781     0.203      0.092     0.02312  -1	   0.0224360     0.0192188
     D1OC0-a46b      0.050     0.037       0.113     0.714     -0.079     0.892      0.520     0.602      0.546     0.631    0.561     0.589   0.836     0.174      0.057     0.01946  -1	  -0.0040963    -0.0185860
     D1OC0-a46c      0.049     0.032       0.091     0.688      0.048     0.884      0.519     0.570      0.547     0.787    0.774     0.567   0.781     0.179      0.103     0.02340  -1	   0.1122752     0.1201389
     D1OC0-a46d      0.049     0.030       0.080     0.701     -0.281     0.875      0.583     0.627      0.859     0.626    0.566     0.581   0.750     0.156      0.246     0.02546  -1	   0.0123983     0.0303250
     D1OC0-a47a      0.049     0.031       0.083     0.682     -0.017     0.873      0.597     0.610      0.786     0.622    0.548     0.592   0.852     0.203      0.257     0.02132  -1	   0.0331096    -0.0096033
     D1OC0-a47b      0.052     0.027       0.059     0.524      0.051     0.881      0.603     0.606      0.631     0.617    0.561     0.576   0.682     0.171      0.042     0.04052  -1	  -0.0255830    -0.0000260
     D1OC0-a47c      0.051     0.030       0.091     0.674     -0.003     0.879      0.520     0.559      0.788     0.775    0.762     0.565   0.852     0.206      0.086     0.02242  -1	   0.0740752     0.0824332
     D1OC0-a47d      0.047     0.038       0.107     0.620      0.181     0.877      0.578     0.475      0.711     0.788    0.770     0.573   0.739     0.172      0.113     0.07419  -1	   0.1833355     0.2196086
     D1OC0-a48a      0.053     0.042       0.113     0.672     -0.420     0.871      0.503     0.400      0.745     0.620    0.554     0.584   0.639     0.153      0.039     0.07727  -1	   0.0385919     0.1196414
     D1OC0-a48b      0.051     0.041       0.118     0.567     -0.534     0.870      0.523     0.444      0.448     0.628    0.552     0.593   0.590     0.153      0.058     0.07851  -1	   0.0595485     0.1371534
     D1OC0-a48c      0.052     0.046       0.123     0.665     -0.342     0.873      0.512     0.382      0.471     0.647    0.567     0.600   0.812     0.154      0.022     0.07293  -1	   0.0071083     0.1276697
     D1OC0-a48d      0.055     0.042       0.115     0.692     -0.419     0.881      0.508     0.407      0.828     0.629    0.579     0.572   0.639     0.156      0.115     0.07864  -1	   0.0446331     0.1186313
     D1OC0-a49a      0.051     0.041       0.113     0.613     -0.021     0.879      0.473     0.404      0.585     0.605    0.549     0.574   0.796     0.147      0.067     0.18281  -1	   0.0043741     0.1356205
     D1OC0-a49b      0.057     0.040       0.110     0.646     -0.369     0.871      0.545     0.465      0.902     0.636    0.606     0.557   0.644     0.163      0.040     0.07796  -1	   0.0526423     0.0802283
     D1OC0-a49c      0.049     0.040       0.110     0.680     -0.220     0.865      0.572     0.497      0.773     0.706    0.678     0.567   0.773     0.157      0.038     0.07622  -1	   0.0166143     0.0515563
     D1OC0-a49d      0.053     0.041       0.113     0.727     -0.161     0.875      0.508     0.450      0.875     0.654    0.578     0.598   0.781     0.132      0.093     0.08625  -1	   0.0405056     0.0949612
      D1OC0-a4a      0.048     0.034       0.086     0.618     -0.270     0.885      0.582     0.581      0.853     0.569    0.537     0.551   0.671     0.180      0.051     0.02713  -1	   0.0125933     0.0172781
      D1OC0-a4b      0.054     0.028       0.078     0.602     -0.418     0.886      0.636     0.675      0.889     0.611    0.537     0.590   0.584     0.188      0.041     0.02772  -1	   0.0533086     0.0130503
      D1OC0-a4c      0.050     0.035       0.094     0.763     -0.561     0.881      0.627     0.615      0.951     0.641    0.551     0.607   0.667     0.188      0.193     0.02323  -1	   0.0867088     0.0420272
      D1OC0-a4d      0.051     0.032       0.086     0.718     -0.439     0.867      0.627     0.690      0.999     0.650    0.571     0.599   0.664     0.167      0.055     0.03054  -1	   0.0720435     0.0340294
     D1OC0-a50a      0.050     0.038       0.115     0.574      0.344     0.865      0.553     0.464      0.955     0.631    0.582     0.573   0.798     0.164      0.097     0.08675  -1	   0.2482421     0.1795514
     D1OC0-a50b      0.054     0.041       0.115     0.558     -0.385     0.885      0.548     0.572      0.716     0.609    0.538     0.588   0.626     0.138      0.116     0.09201  -1	   0.0220557     0.0477406
     D1OC0-a50c      0.050     0.040       0.105     0.626      0.108     0.881      0.530     0.456      0.220     0.617    0.565     0.572   0.771     0.147      0.251     0.06127  -1	   0.1544224     0.1961108
     D1OC0-a50d      0.054     0.044       0.126     0.682     -0.086     0.880      0.490     0.355      0.398     0.647    0.577     0.593   0.812     0.169      0.103     0.07926  -1	   0.0337781     0.1757569
     D1OC0-a51a      0.053     0.032       0.088     0.669     -0.655     0.891      0.550     0.589      0.529     0.645    0.550     0.611   0.639     0.166      0.082     0.01646  -1	   0.1152366     0.0754605
     D1OC0-a51b      0.050     0.039       0.110     0.658     -0.146     0.869      0.550     0.459      0.755     0.630    0.555     0.593   0.788     0.170      0.103     0.08071  -1	   0.0116296     0.0590517
     D1OC0-a51c      0.049     0.032       0.083     0.748     -0.332     0.888      0.542     0.594      0.572     0.630    0.562     0.588   0.836     0.174      0.050     0.01720  -1	  -0.0056090     0.0097747
     D1OC0-a51d      0.050     0.042       0.115     0.739     -0.134     0.874      0.521     0.481      0.667     0.737    0.722     0.560   0.812     0.137      0.114     0.08344  -1	   0.0659748     0.1063115
     D1OC0-a52a      0.053     0.030       0.088     0.627     -0.545     0.895      0.504     0.516      0.476     0.646    0.599     0.573   0.607     0.187      0.019     0.01526  -1	   0.0456713     0.1087866
     D1OC0-a52b      0.054     0.040       0.105     0.743     -0.564     0.891      0.502     0.501      0.954     0.679    0.601     0.604   0.688     0.176      0.155     0.01714  -1	   0.0966866     0.1166166
     D1OC0-a52c      0.051     0.035       0.102     0.564     -0.618     0.909      0.568     0.529      0.988     0.825    0.765     0.631   0.535     0.182     -0.011     0.01645  -1	   0.1447253     0.1260145
     D1OC0-a52d      0.049     0.034       0.099     0.640     -0.480     0.911      0.511     0.519      0.419     0.631    0.563     0.588   0.627     0.176      0.085     0.01524  -1	   0.0231527     0.0819075
     D1OC0-a53a      0.053     0.038       0.105     0.745     -0.517     0.891      0.447     0.450      0.603     0.642    0.587     0.580   0.688     0.164      0.147     0.01711  -1	   0.0662355     0.1491817
     D1OC0-a53b      0.057     0.032       0.102     0.588     -0.721     0.898      0.546     0.569      0.755     0.649    0.570     0.600   0.566     0.179      0.113     0.01528  -1	   0.1466144     0.1064133
     D1OC0-a53c      0.055     0.039       0.094     0.699     -0.470     0.893      0.430     0.437      0.914     0.658    0.584     0.597   0.683     0.174      0.161     0.01711  -1	   0.0693580     0.2032950
     D1OC0-a53d      0.055     0.039       0.099     0.711     -0.605     0.893      0.504     0.522      0.971     0.649    0.574     0.596   0.633     0.162      0.237     0.01710  -1	   0.1046177     0.1468479
     D1OC0-a54a      0.061     0.037       0.113     0.632     -0.460     0.881      0.478     0.438      0.703     0.720    0.634     0.620   0.627     0.141      0.191     0.01524  -1	   0.0566984     0.1882066
     D1OC0-a54b      0.051     0.032       0.099     0.708     -0.311     0.879      0.589     0.647      0.581     0.663    0.575     0.610   0.836     0.176      0.024     0.00632  -1	  -0.0168798    -0.0248028
     D1OC0-a54c      0.054     0.036       0.099     0.596     -0.134     0.889      0.579     0.579      0.671     0.637    0.564     0.592   0.714     0.149      0.128     0.01285  -1	  -0.0002583     0.0164937
     D1OC0-a54d      0.046     0.034       0.094     0.731     -0.237     0.891      0.572     0.627      0.894     0.647    0.554     0.610   0.798     0.172      0.142     0.00676  -1	   0.0168129     0.0096604
     D1OC0-a55a      0.059     0.037       0.113     0.749     -0.573     0.881      0.557     0.616      0.729     0.663    0.570     0.613   0.688     0.155      0.159     0.01325  -1	   0.0859878     0.0451334
     D1OC0-a55b      0.055     0.037       0.113     0.744     -0.384     0.876      0.521     0.588      0.846     0.687    0.647     0.573   0.724     0.149      0.119     0.01331  -1	   0.0386694     0.0559740
     D1OC0-a55c      0.053     0.029       0.072     0.685     -0.158     0.893      0.571     0.548      0.505     0.644    0.571     0.594   0.757     0.218      0.301     0.00836  -1	   0.0607898     0.0548885
     D1OC0-a55d      0.055     0.038       0.105     0.753     -0.147     0.886      0.520     0.567      0.885     0.708    0.560     0.664   0.792     0.137      0.134     0.00966  -1	   0.0590222     0.0631417
     D1OC0-a56a      0.057     0.038       0.115     0.776     -0.481     0.884      0.537     0.595      0.958     0.667    0.576     0.613   0.686     0.156      0.167     0.01329  -1	   0.0650087     0.0648208
     D1OC0-a56b      0.057     0.035       0.115     0.667     -0.520     0.876      0.558     0.623      0.952     0.649    0.584     0.588   0.663     0.148      0.160     0.01317  -1	   0.0728111     0.0756848
     D1OC0-a56c      0.054     0.034       0.086     0.702      0.214     0.902      0.540     0.580      0.741     0.737    0.705     0.575   0.864     0.185      0.234     0.00786  -1	   0.2308109     0.1592949
     D1OC0-a56d      0.057     0.036       0.118     0.652     -0.529     0.875      0.550     0.618      0.848     0.650    0.570     0.600   0.663     0.141      0.112     0.01319  -1	   0.0678452     0.0636498
     D1OC0-a57a      0.057     0.040       0.115     0.610     -0.386     0.890      0.570     0.621      0.648     0.753    0.703     0.598   0.644     0.139      0.222     0.01209  -1	   0.0625993     0.0561566
     D1OC0-a57b      0.058     0.041       0.110     0.616     -0.523     0.884      0.567     0.611      0.936     0.677    0.638     0.572   0.607     0.127      0.254     0.01211  -1	   0.0842761     0.1068621
     D1OC0-a57c      0.054     0.029       0.080     0.670     -0.632     0.877      0.571     0.659      0.937     0.643    0.563     0.600   0.608     0.182      0.188     0.00962  -1	   0.1198890     0.0986578
     D1OC0-a57d      0.057     0.036       0.115     0.703     -0.482     0.874      0.543     0.597      0.793     0.641    0.572     0.590   0.707     0.145      0.122     0.01325  -1	   0.0476004     0.0503094
     D1OC0-a58a      0.058     0.040       0.121     0.749     -0.652     0.865      0.537     0.637      0.476     0.654    0.550     0.621   0.664     0.150      0.140     0.01316  -1	   0.1541846     0.0485729
     D1OC0-a58b      0.052     0.033       0.083     0.752     -0.073     0.879      0.561     0.620      0.626     0.623    0.547     0.593   0.815     0.188      0.158     0.00732  -1	   0.0268152    -0.0063713
     D1OC0-a58c      0.052     0.032       0.080     0.752      0.059     0.872      0.574     0.641      0.671     0.648    0.589     0.584   0.821     0.190      0.151     0.00736  -1	   0.0637686     0.0086841
     D1OC0-a58d      0.057     0.042       0.110     0.611     -0.141     0.892      0.532     0.521      0.693     0.742    0.717     0.570   0.732     0.152     -0.091     0.01215  -1	   0.0050204     0.0446009
     D1OC0-a59a      0.053     0.032       0.091     0.650     -0.157     0.876      0.600     0.643      0.719     0.597    0.528     0.584   0.757     0.206      0.107     0.00976  -1	  -0.0035051    -0.0275342
     D1OC0-a59b      0.042     0.031       0.075     0.723      0.539     0.877      0.511     0.524      0.939     0.613    0.562     0.572   0.921     0.204      0.111     0.00974  -1	   0.3588043     0.2247124
     D1OC0-a59c      0.041     0.032       0.083     0.730      0.590     0.882      0.530     0.542      0.998     0.634    0.580     0.576   0.913     0.191      0.109     0.00969  -1	   0.4591870     0.2855680
     D1OC0-a59d      0.047     0.042       0.123     0.734      0.168     0.890      0.478     0.541      0.637     0.663    0.605     0.584   0.819     0.123      0.052     0.01919  -1	   0.1209478     0.1024915
      D1OC0-a5a      0.051     0.033       0.086     0.742      0.105     0.880      0.572     0.668      0.978     0.759    0.742     0.565   0.851     0.198      0.013     0.03048  -1	   0.1486374     0.0491674
      D1OC0-a5b      0.050     0.034       0.083     0.637     -0.406     0.894      0.574     0.574      0.797     0.580    0.530     0.566   0.584     0.180     -0.007     0.02731  -1	   0.0349755     0.0289075
      D1OC0-a5c      0.049     0.026       0.078     0.721     -0.025     0.879      0.649     0.695      0.829     0.714    0.689     0.565   0.876     0.204      0.126     0.02795  -1	   0.0423054     0.0014174
      D1OC0-a5d      0.047     0.027       0.080     0.548      0.177     0.882      0.594     0.689      0.721     0.592    0.543     0.567   0.659     0.183      0.044     0.02364  -1	   0.0396279    -0.0073075
     D1OC0-a60a      0.052     0.036       0.107     0.721     -0.739     0.887      0.623     0.726      0.861     0.714    0.703     0.552   0.664     0.147      0.095     0.01337  -1	   0.1500457     0.0624795
     D1OC0-a60b      0.051     0.035       0.110     0.706     -0.664     0.889      0.622     0.725      0.841     0.595    0.555     0.560   0.664     0.138      0.097     0.01336  -1	   0.0992304     0.0316923
     D1OC0-a60c      0.051     0.039       0.121     0.715      0.083     0.903      0.473     0.537      0.724     0.733    0.689     0.586   0.841     0.141     -0.049     0.01984  -1	   0.0787011     0.0900116
     D1OC0-a60d      0.049     0.037       0.110     0.692     -0.723     0.881      0.621     0.721      0.918     0.648    0.563     0.604   0.639     0.132      0.188     0.01849  -1	   0.1399263     0.0656677
     D1OC0-a61a      0.049     0.033       0.110     0.632     -0.632     0.883      0.627     0.729      0.878     0.600    0.530     0.584   0.553     0.139      0.110     0.01343  -1	   0.0951023     0.0294286
     D1OC0-a61b      0.048     0.030       0.091     0.692     -0.083     0.873      0.537     0.583      0.773     0.629    0.569     0.581   0.812     0.206      0.086     0.02337  -1	  -0.0031133     0.0068325
     D1OC0-a61c      0.043     0.041       0.123     0.761     -0.185     0.887      0.542     0.501      0.137     0.749    0.754     0.541   0.761     0.149      0.088     0.01506  -1	   0.1420107     0.1927619
     D1OC0-a61d      0.043     0.047       0.139     0.738      0.161     0.872      0.486     0.419      0.374     0.631    0.624     0.537   0.819     0.123      0.173     0.01610  -1	   0.1869124     0.2176920
     D1OC0-a62a      0.045     0.041       0.115     0.585     -0.066     0.897      0.565     0.613      0.853     0.790    0.742     0.606   0.738     0.147      0.050     0.01264  -1	   0.0724714     0.0542485
     D1OC0-a62b      0.048     0.029       0.091     0.707     -0.192     0.884      0.546     0.596      0.671     0.774    0.750     0.576   0.781     0.206      0.086     0.02338  -1	   0.0295832     0.0361581
     D1OC0-a62c      0.049     0.040       0.123     0.693     -0.534     0.864      0.489     0.589      0.563     0.632    0.567     0.585   0.663     0.129      0.138     0.01670  -1	   0.0640530     0.0645613
     D1OC0-a62d      0.053     0.030       0.080     0.718      0.089     0.882      0.586     0.599      0.906     0.778    0.739     0.594   0.841     0.176      0.307     0.02126  -1	   0.2010325     0.1470101
     D1OC0-a63a      0.049     0.047       0.123     0.634     -0.528     0.867      0.528     0.625      0.559     0.642    0.567     0.595   0.607     0.115      0.145     0.01356  -1	   0.0686283     0.0399632
     D1OC0-a63b      0.047     0.049       0.150     0.580     -0.339     0.873      0.564     0.659      0.878     0.733    0.693     0.582   0.738     0.143      0.207     0.01851  -1	   0.0618655     0.0383456
     D1OC0-a63c      0.050     0.034       0.097     0.735     -0.268     0.871      0.590     0.567      0.901     0.674    0.634     0.572   0.750     0.164      0.333     0.04285  -1	   0.0508235     0.0535287
     D1OC0-a63d      0.049     0.048       0.118     0.669     -0.463     0.884      0.553     0.655      0.493     0.611    0.567     0.565   0.683     0.117      0.004     0.01344  -1	   0.0228104    -0.0113538
     D1OC0-a64a      0.036     0.045       0.139     0.670      0.275     0.894      0.507     0.417      0.500     0.598    0.524     0.588   0.872     0.117      0.098     0.01750  -1	   0.1514499     0.1937747
     D1OC0-a64b      0.045     0.036       0.121     0.751      0.072     0.881      0.521     0.547      0.663     0.642    0.582     0.583   0.821     0.124      0.156     0.01864  -1	   0.0808302     0.0792493
     D1OC0-a64c      0.044     0.038       0.099     0.713     -0.260     0.893      0.604     0.574      0.893     0.622    0.574     0.570   0.750     0.186      0.257     0.02340  -1	   0.0220608     0.0068716
     D1OC0-a64d      0.046     0.038       0.097     0.700     -0.336     0.894      0.582     0.553      0.885     0.636    0.571     0.586   0.836     0.179      0.296     0.02322  -1	   0.0312130     0.0344500
     D1OC0-a65a      0.052     0.038       0.105     0.602      0.311     0.874      0.546     0.453      0.896     0.733    0.686     0.590   0.816     0.169      0.103     0.08679  -1	   0.2537498     0.2384606
     D1OC0-a65b      0.047     0.038       0.099     0.757     -0.267     0.899      0.585     0.529      0.794     0.616    0.559     0.577   0.730     0.179      0.251     0.02330  -1	   0.0257548     0.0241578
     D1OC0-a65c      0.051     0.037       0.110     0.619      0.328     0.874      0.556     0.466      0.840     0.634    0.559     0.592   0.816     0.149      0.103     0.08799  -1	   0.2179001     0.1869343
     D1OC0-a65d      0.053     0.044       0.121     0.718     -0.288     0.867      0.488     0.350      0.648     0.673    0.620     0.582   0.750     0.171      0.089     0.08237  -1	   0.0266971     0.1456195
     D1OC0-a66a      0.045     0.035       0.097     0.700      0.111     0.893      0.548     0.597      0.439     0.658    0.573     0.606   0.851     0.162      0.061     0.01687  -1	   0.0388663     0.0156473
     D1OC0-a66b      0.049     0.040       0.123     0.733     -0.649     0.898      0.520     0.530      0.608     0.619    0.548     0.588   0.633     0.153      0.151     0.01138  -1	   0.0961823     0.0633850
     D1OC0-a66c      0.048     0.034       0.097     0.707      0.127     0.889      0.561     0.610      0.614     0.777    0.728     0.603   0.851     0.167      0.061     0.01678  -1	   0.1119203     0.0852597
     D1OC0-a66d      0.047     0.034       0.097     0.679      0.032     0.889      0.536     0.571      0.549     0.637    0.546     0.607   0.781     0.185      0.061     0.01680  -1	   0.0085028     0.0123282
     D1OC0-a67a      0.047     0.036       0.094     0.717     -0.062     0.888      0.525     0.567      0.365     0.619    0.577     0.565   0.836     0.187      0.078     0.01709  -1	   0.0132301     0.0069385
     D1OC0-a67b      0.047     0.033       0.088     0.706      0.086     0.897      0.546     0.595      0.767     0.662    0.551     0.628   0.841     0.171      0.061     0.01698  -1	   0.0559855     0.0274740
     D1OC0-a67c      0.048     0.035       0.091     0.667     -0.062     0.897      0.529     0.575      0.294     0.765    0.700     0.615   0.812     0.187      0.061     0.01707  -1	   0.0257329     0.0380769
     D1OC0-a67d      0.044     0.036       0.099     0.708      0.075     0.882      0.545     0.587      0.624     0.654    0.564     0.610   0.841     0.156      0.067     0.01704  -1	   0.0351958     0.0164119
     D1OC0-a68a      0.049     0.036       0.102     0.708     -0.136     0.875      0.516     0.528      0.874     0.618    0.551     0.584   0.812     0.160      0.234     0.01359  -1	   0.0293160     0.0628336
     D1OC0-a68b      0.051     0.029       0.083     0.801     -0.244     0.882      0.572     0.559      0.657     0.705    0.681     0.563   0.648     0.201      0.077     0.00643  -1	   0.0314550     0.0552356
     D1OC0-a68c      0.048     0.039       0.110     0.674     -0.208     0.886      0.544     0.599      0.855     0.629    0.583     0.570   0.773     0.141      0.108     0.01150  -1	   0.0153253     0.0235716
     D1OC0-a68d      0.054     0.034       0.091     0.690     -0.551     0.884      0.500     0.552      0.474     0.598    0.514     0.596   0.663     0.166      0.119     0.01865  -1	   0.0879890     0.0960305
     D1OC0-a69a      0.055     0.028       0.088     0.631     -0.518     0.885      0.581     0.621      0.803     0.759    0.721     0.587   0.607     0.203      0.192     0.00735  -1	   0.0860886     0.0867011
     D1OC0-a69b      0.046     0.038       0.115     0.733     -0.297     0.894      0.511     0.579      0.779     0.616    0.532     0.599   0.750     0.184      0.072     0.01220  -1	   0.0040266     0.0160822
     D1OC0-a69c      0.055     0.030       0.088     0.658     -0.529     0.899      0.532     0.540      0.707     0.673    0.586     0.612   0.663     0.182      0.031     0.01545  -1	   0.0484371     0.0804588
     D1OC0-a69d      0.053     0.030       0.097     0.702     -0.606     0.895      0.580     0.620      0.890     0.609    0.554     0.574   0.633     0.173      0.243     0.01566  -1	   0.0749499     0.0667914
      D1OC0-a6a      0.053     0.030       0.097     0.701      0.014     0.882      0.515     0.585      0.774     0.644    0.595     0.574   0.805     0.199      0.138     0.15216  -1	   0.0401166     0.0389090
      D1OC0-a6b      0.050     0.033       0.086     0.668     -0.073     0.889      0.557     0.554      0.669     0.619    0.564     0.575   0.812     0.181      0.234     0.10784  -1	   0.0241508     0.0309390
      D1OC0-a6c      0.050     0.038       0.107     0.622      0.228     0.868      0.554     0.468      0.819     0.723    0.674     0.588   0.784     0.173      0.103     0.08351  -1	   0.1747158     0.1736479
      D1OC0-a6d      0.054     0.030       0.083     0.690     -0.435     0.869      0.504     0.519      0.379     0.635    0.568     0.588   0.639     0.188      0.266     0.10863  -1	   0.1187369     0.1421193
     D1OC0-a70a      0.049     0.028       0.086     0.557     -0.429     0.874      0.591     0.658      0.869     0.629    0.545     0.601   0.566     0.173      0.139     0.00641  -1	   0.0368436     0.0455531
     D1OC0-a70b      0.053     0.030       0.088     0.774     -0.136     0.891      0.565     0.545      0.504     0.606    0.540     0.583   0.792     0.173      0.179     0.00650  -1	   0.0296640     0.0486157
     D1OC0-a70c      0.051     0.033       0.102     0.694     -0.033     0.884      0.537     0.582      0.583     0.769    0.738     0.582   0.852     0.178      0.104     0.00705  -1	   0.0636140     0.0592690
     D1OC0-a70d      0.050     0.028       0.086     0.761     -0.291     0.886      0.572     0.636      0.767     0.617    0.563     0.574   0.730     0.211      0.180     0.00753  -1	   0.0068402     0.0053388
     D1OC0-a71a      0.051     0.028       0.086     0.615     -0.429     0.889      0.581     0.633      0.643     0.764    0.717     0.598   0.584     0.189      0.037     0.00759  -1	   0.0176449     0.0335897
     D1OC0-a71b      0.050     0.032       0.086     0.682     -0.240     0.876      0.584     0.622      0.852     0.618    0.570     0.569   0.773     0.214      0.156     0.00680  -1	   0.0097993    -0.0019997
     D1OC0-a71c      0.054     0.034       0.086     0.716      0.372     0.889      0.515     0.553      0.602     0.635    0.577     0.581   0.928     0.190      0.246     0.00787  -1	   0.2718186     0.1649577
     D1OC0-a71d      0.051     0.032       0.094     0.633     -0.398     0.892      0.552     0.593      0.873     0.758    0.742     0.564   0.644     0.199      0.201     0.00776  -1	   0.0669704     0.0926960
     D1OC0-a72a      0.054     0.035       0.094     0.715      0.230     0.886      0.519     0.542      0.560     0.767    0.739     0.579   0.864     0.201      0.246     0.00781  -1	   0.2795213     0.2093032
     D1OC0-a72b      0.056     0.024       0.072     0.774     -0.093     0.879      0.597     0.623      0.758     0.785    0.757     0.584   0.815     0.291      0.129     0.00680  -1	   0.0778449     0.0269665
     D1OC0-a72c      0.055     0.024       0.072     0.736     -0.091     0.875      0.597     0.632      0.747     0.749    0.706     0.589   0.836     0.275      0.129     0.00685  -1	   0.0420877     0.0054153
     D1OC0-a72d      0.052     0.034       0.086     0.692      0.106     0.886      0.539     0.574      0.663     0.754    0.729     0.573   0.827     0.185      0.291     0.00790  -1	   0.1980755     0.1378939
     D1OC0-a73a      0.055     0.025       0.070     0.678     -0.365     0.885      0.546     0.536      0.439     0.783    0.760     0.578   0.699     0.243      0.432     0.00594  -1	   0.2443512     0.1888919
     D1OC0-a73b      0.054     0.022       0.072     0.741      0.075     0.889      0.599     0.672      0.833     0.634    0.589     0.569   0.841     0.226      0.067     0.00646  -1	   0.0365786     0.0040563
     D1OC0-a73c      0.052     0.031       0.080     0.756      0.103     0.876      0.571     0.638      0.551     0.620    0.554     0.585   0.831     0.197      0.152     0.00732  -1	   0.0730927     0.0097359
     D1OC0-a73d      0.052     0.032       0.080     0.757     -0.001     0.878      0.599     0.665      0.786     0.605    0.545     0.578   0.855     0.190      0.160     0.00733  -1	   0.0359132    -0.0209186
     D1OC0-a74a      0.052     0.040       0.110     0.633     -0.137     0.888      0.534     0.473      0.841     0.667    0.637     0.562   0.732     0.169      0.026     0.01357  -1	   0.0290814     0.0663024
     D1OC0-a74b      0.053     0.025       0.070     0.756      0.082     0.878      0.556     0.589      0.583     0.720    0.708     0.554   0.821     0.223      0.174     0.00675  -1	   0.1207182     0.0943734
     D1OC0-a74c      0.052     0.026       0.086     0.690      0.396     0.875      0.580     0.690      0.797     0.760    0.745     0.564   0.903     0.175     -0.007     0.00704  -1	   0.2735297     0.1802361
     D1OC0-a74d      0.051     0.031       0.080     0.747      0.003     0.881      0.582     0.660      0.620     0.639    0.570     0.590   0.805     0.193      0.133     0.00728  -1	   0.0350271    -0.0104344
     D1OC0-a75a      0.055     0.026       0.083     0.694     -0.157     0.874      0.610     0.651      0.891     0.619    0.564     0.575   0.757     0.160      0.134     0.00629  -1	   0.0094929     0.0153027
     D1OC0-a75b      0.053     0.021       0.070     0.635      0.317     0.877      0.620     0.647      0.551     0.625    0.554     0.590   0.816     0.226      0.093     0.00736  -1	   0.0959738     0.0569405
     D1OC0-a75c      0.053     0.022       0.070     0.692      0.203     0.881      0.593     0.629      0.712     0.784    0.729     0.611   0.840     0.210      0.072     0.00740  -1	   0.1313893     0.1155941
     D1OC0-a75d      0.044     0.043       0.123     0.594     -0.623     0.884      0.588     0.539      0.915     0.743    0.695     0.592   0.535     0.127      0.028     0.01637  -1	   0.1072283     0.0813871
     D1OC0-a76a      0.042     0.047       0.126     0.617      0.108     0.881      0.451     0.384      0.156     0.613    0.584     0.553   0.771     0.139      0.122     0.01600  -1	   0.1014431     0.2333714
     D1OC0-a76b      0.048     0.035       0.110     0.628     -0.583     0.874      0.543     0.648      0.576     0.737    0.724     0.558   0.607     0.139      0.155     0.01326  -1	   0.0924814     0.0718476
     D1OC0-a76c      0.047     0.046       0.126     0.552      0.222     0.883      0.485     0.426      0.821     0.779    0.787     0.541   0.767     0.152      0.147     0.01601  -1	   0.2570486     0.3083732
     D1OC0-a76d      0.048     0.048       0.123     0.598      0.171     0.883      0.507     0.492      0.931     0.633    0.575     0.580   0.721     0.139      0.138     0.01544  -1	   0.1787689     0.1275356
     D1OC0-a77a      0.049     0.047       0.126     0.648     -0.513     0.873      0.552     0.664      0.866     0.638    0.605     0.561   0.607     0.117      0.087     0.01359  -1	   0.0669614     0.0435082
     D1OC0-a77b      0.050     0.047       0.123     0.666     -0.591     0.873      0.555     0.653      0.625     0.629    0.587     0.566   0.663     0.118      0.050     0.01342  -1	   0.0793889     0.0217882
     D1OC0-a77c      0.043     0.046       0.129     0.666      0.034     0.879      0.495     0.458      0.429     0.789    0.765     0.580   0.781     0.139      0.192     0.01604  -1	   0.1741458     0.2085367
     D1OC0-a77d      0.047     0.045       0.123     0.547      0.289     0.882      0.420     0.359      0.352     0.622    0.544     0.595   0.737     0.158      0.127     0.01585  -1	   0.1405577     0.2725087
     D1OC0-a78a      0.048     0.038       0.115     0.616     -0.474     0.884      0.544     0.597      0.989     0.657    0.575     0.603   0.627     0.142      0.059     0.01092  -1	   0.0797998     0.0772746
     D1OC0-a78b      0.042     0.042       0.126     0.517      0.108     0.883      0.495     0.478      0.456     0.615    0.546     0.586   0.692     0.153      0.115     0.01616  -1	   0.0259261     0.0918964
     D1OC0-a78c      0.048     0.046       0.126     0.630     -0.465     0.865      0.541     0.651      0.772     0.653    0.602     0.577   0.627     0.119      0.090     0.01374  -1	   0.0459691     0.0355009
     D1OC0-a78d      0.050     0.048       0.126     0.669     -0.420     0.873      0.561     0.665      0.849     0.619    0.576     0.565   0.639     0.131      0.127     0.01335  -1	   0.0489001     0.0192310
     D1OC0-a79a      0.048     0.047       0.121     0.647     -0.526     0.867      0.531     0.625      0.763     0.646    0.628     0.548   0.607     0.114      0.121     0.01336  -1	   0.0650112     0.0566509
     D1OC0-a79b      0.046     0.036       0.097     0.773      0.309     0.902      0.545     0.458      0.721     0.715    0.697     0.559   0.875     0.159      0.018     0.01618  -1	   0.2344648     0.2585550
     D1OC0-a79c      0.043     0.047       0.126     0.586     -0.466     0.861      0.554     0.636      0.481     0.786    0.740     0.603   0.609     0.128      0.074     0.01264  -1	   0.0473952     0.0333557
     D1OC0-a79d      0.046     0.043       0.121     0.658     -0.466     0.866      0.598     0.679      0.837     0.640    0.577     0.585   0.683     0.136      0.159     0.01772  -1	   0.0504902     0.0123516
      D1OC0-a7a      0.052     0.030       0.091     0.711     -0.171     0.874      0.541     0.607      0.741     0.637    0.586     0.576   0.781     0.186      0.148     0.14623  -1	   0.0031996     0.0150314
      D1OC0-a7b      0.050     0.044       0.126     0.679     -0.393     0.870      0.466     0.344      0.138     0.658    0.570     0.609   0.699     0.151      0.109     0.06784  -1	   0.0986252     0.2907679
      D1OC0-a7c      0.051     0.029       0.086     0.682     -0.028     0.873      0.545     0.604      0.808     0.639    0.572     0.588   0.852     0.201      0.156     0.14925  -1	   0.0197586     0.0122620
      D1OC0-a7d      0.050     0.029       0.086     0.760     -0.105     0.879      0.564     0.629      0.952     0.702    0.649     0.588   0.792     0.200      0.195     0.14560  -1	   0.0561178     0.0372954
     D1OC0-a80a      0.051     0.040       0.121     0.751     -0.661     0.897      0.493     0.494      0.600     0.615    0.554     0.580   0.643     0.156      0.077     0.01148  -1	   0.0977998     0.0847722
     D1OC0-a80b      0.048     0.035       0.110     0.729      0.396     0.888      0.537     0.450      0.074     0.589    0.568     0.544   0.928     0.176      0.195     0.01122  -1	   0.3721447     0.4017310
     D1OC0-a80c      0.050     0.039       0.121     0.715     -0.627     0.900      0.537     0.540      0.309     0.604    0.571     0.555   0.633     0.148      0.001     0.01137  -1	   0.0871740     0.0704021
     D1OC0-a80d      0.050     0.037       0.118     0.612      0.372     0.889      0.505     0.421      0.056     0.733    0.705     0.571   0.848     0.181      0.214     0.01091  -1	   0.3923527     0.4786919
     D1OC0-a81a      0.049     0.039       0.123     0.750     -0.608     0.893      0.512     0.501      0.816     0.630    0.563     0.587   0.612     0.148      0.119     0.01164  -1	   0.0688825     0.0756314
     D1OC0-a81b      0.049     0.029       0.083     0.638      0.004     0.895      0.588     0.491      0.693     0.635    0.580     0.578   0.725     0.201      0.443     0.01277  -1	   0.0913696     0.1116218
     D1OC0-a81c      0.048     0.041       0.129     0.677      0.207     0.882      0.510     0.398      0.637     0.794    0.775     0.575   0.840     0.152      0.240     0.00973  -1	   0.2924083     0.3586200
     D1OC0-a81d      0.050     0.041       0.123     0.747     -0.631     0.898      0.518     0.519      0.373     0.629    0.576     0.575   0.633     0.158      0.165     0.01161  -1	   0.1425653     0.0932353
     D1OC0-a82a      0.049     0.034       0.088     0.712     -0.018     0.886      0.562     0.620      0.822     0.629    0.580     0.572   0.876     0.182      0.050     0.01730  -1	   0.0219168    -0.0122044
     D1OC0-a82b      0.049     0.034       0.091     0.697     -0.045     0.898      0.556     0.608      0.225     0.635    0.563     0.592   0.852     0.198      0.061     0.01708  -1	   0.0162986    -0.0147111
     D1OC0-a82c      0.049     0.040       0.118     0.723     -0.588     0.895      0.500     0.496      0.575     0.634    0.587     0.572   0.688     0.153      0.148     0.01151  -1	   0.0786817     0.0929714
     D1OC0-a82d      0.048     0.031       0.080     0.739     -0.147     0.895      0.511     0.530      0.429     0.613    0.566     0.569   0.812     0.205      0.425     0.01370  -1	   0.1453633     0.0847756
     D1OC0-a83a      0.051     0.030       0.088     0.712     -0.146     0.878      0.555     0.581      0.825     0.655    0.586     0.593   0.812     0.206      0.062     0.00704  -1	   0.0043453     0.0095448
     D1OC0-a83b      0.051     0.039       0.123     0.729     -0.643     0.903      0.523     0.537      0.387     0.609    0.542     0.584   0.633     0.153      0.135     0.01151  -1	   0.1204139     0.0721047
     D1OC0-a83c      0.046     0.035       0.099     0.616      0.057     0.884      0.534     0.485      0.726     0.634    0.603     0.557   0.761     0.174      0.110     0.00653  -1	   0.0369750     0.0874079
     D1OC0-a83d      0.050     0.029       0.094     0.676     -0.383     0.877      0.586     0.637      0.856     0.665    0.555     0.626   0.699     0.165      0.141     0.00638  -1	   0.0237080     0.0317693
     D1OC0-a84a      0.051     0.033       0.102     0.707      0.029     0.884      0.536     0.581      0.533     0.775    0.736     0.593   0.805     0.185      0.096     0.00702  -1	   0.0885315     0.0785760
     D1OC0-a84b      0.052     0.030       0.086     0.670     -0.108     0.877      0.514     0.529      0.749     0.634    0.578     0.579   0.788     0.180      0.025     0.00714  -1	  -0.0105517     0.0489316
     D1OC0-a84c      0.051     0.028       0.094     0.683     -0.476     0.875      0.610     0.681      0.809     0.617    0.537     0.596   0.683     0.169      0.153     0.00634  -1	   0.0367333     0.0200859
     D1OC0-a84d      0.050     0.028       0.088     0.599     -0.395     0.873      0.581     0.654      0.851     0.623    0.559     0.583   0.626     0.171      0.129     0.00643  -1	   0.0224914     0.0396012
     D1OC0-a85a      0.047     0.034       0.094     0.713     -0.151     0.886      0.590     0.644      0.883     0.790    0.724     0.623   0.781     0.172      0.142     0.00678  -1	   0.0716163     0.0420324
     D1OC0-a85b      0.049     0.034       0.094     0.750     -0.219     0.879      0.554     0.594      0.812     0.790    0.739     0.608   0.777     0.188      0.142     0.00680  -1	   0.0683114     0.0516569
     D1OC0-a85c      0.051     0.034       0.091     0.736     -0.217     0.891      0.525     0.539      0.879     0.654    0.595     0.584   0.798     0.189      0.139     0.00706  -1	   0.0219975     0.0485466
     D1OC0-a85d      0.048     0.032       0.094     0.528      0.060     0.876      0.519     0.503      0.581     0.642    0.554     0.607   0.682     0.197      0.225     0.00672  -1	   0.0263646     0.0982082
     D1OC0-a86a      0.053     0.031       0.088     0.553     -0.576     0.871      0.631     0.639      0.976     0.621    0.566     0.576   0.590     0.164      0.064     0.00655  -1	   0.1322237     0.0658889
     D1OC0-a86b      0.050     0.032       0.099     0.688      0.066     0.888      0.552     0.596      0.582     0.673    0.622     0.580   0.817     0.188      0.104     0.00698  -1	   0.0473012     0.0284578
     D1OC0-a86c      0.050     0.034       0.091     0.736     -0.266     0.882      0.569     0.617      0.805     0.796    0.736     0.620   0.750     0.174      0.142     0.00681  -1	   0.0651720     0.0510669
     D1OC0-a86d      0.052     0.033       0.099     0.645     -0.358     0.870      0.595     0.619      0.520     0.666    0.594     0.597   0.644     0.192      0.040     0.00638  -1	   0.0022389    -0.0003259
     D1OC0-a87a      0.045     0.038       0.110     0.672      0.132     0.872      0.525     0.540      0.830     0.667    0.594     0.599   0.827     0.156      0.097     0.00610  -1	   0.1000907     0.0737704
     D1OC0-a87b      0.052     0.031       0.099     0.694     -0.473     0.869      0.594     0.621      0.545     0.644    0.555     0.607   0.683     0.188      0.044     0.00635  -1	   0.0376047     0.0146787
     D1OC0-a87c      0.057     0.026       0.072     0.718     -0.304     0.886      0.530     0.511      0.934     0.793    0.767     0.583   0.836     0.252      0.389     0.00600  -1	   0.1244338     0.1661108
     D1OC0-a87d      0.054     0.035       0.094     0.713      0.114     0.884      0.501     0.526      0.595     0.760    0.728     0.582   0.851     0.197      0.237     0.00785  -1	   0.1927537     0.1573930
     D1OC0-a88a      0.043     0.033       0.091     0.628     -0.004     0.876      0.586     0.566      0.631     0.647    0.564     0.602   0.796     0.155      0.257     0.00589  -1	   0.0348896     0.0330108
     D1OC0-a88b      0.040     0.036       0.094     0.725      0.318     0.867      0.591     0.576      0.542     0.615    0.557     0.577   0.896     0.208      0.262     0.00589  -1	   0.2144949     0.1031789
     D1OC0-a88c      0.053     0.040       0.107     0.744     -0.305     0.870      0.610     0.715      0.735     0.625    0.551     0.592   0.836     0.156      0.283     0.00611  -1	   0.0479874    -0.0374508
     D1OC0-a88d      0.049     0.039       0.099     0.628      0.077     0.870      0.551     0.596      0.890     0.625    0.547     0.596   0.761     0.152      0.338     0.00623  -1	   0.1052178     0.0546685
     D1OC0-a89a      0.057     0.026       0.080     0.774     -0.187     0.870      0.599     0.633      1.000     0.669    0.613     0.584   0.761     0.160      0.216     0.00637  -1	   0.0433663     0.0526162
     D1OC0-a89b      0.056     0.024       0.062     0.723     -0.180     0.880      0.588     0.610      0.569     0.685    0.588     0.622   0.781     0.180      0.254     0.00675  -1	   0.0423627     0.0374736
     D1OC0-a89c      0.055     0.024       0.062     0.727     -0.320     0.880      0.588     0.608      0.442     0.635    0.581     0.578   0.836     0.180      0.254     0.00673  -1	   0.0693967     0.0417441
     D1OC0-a89d      0.053     0.040       0.102     0.687      0.043     0.873      0.523     0.562      0.705     0.639    0.583     0.580   0.781     0.156      0.206     0.00633  -1	   0.0829067     0.0515853
      D1OC0-a8a      0.052     0.035       0.105     0.664     -0.596     0.886      0.586     0.647      0.569     0.617    0.555     0.581   0.663     0.164      0.250     0.02692  -1	   0.1064241     0.0271275
      D1OC0-a8b      0.052     0.033       0.099     0.712     -0.627     0.881      0.573     0.619      0.373     0.568    0.516     0.567   0.633     0.163      0.220     0.03517  -1	   0.1643721     0.0523731
      D1OC0-a8c      0.052     0.031       0.091     0.743     -0.669     0.881      0.551     0.590      0.505     0.631    0.538     0.608   0.664     0.164      0.216     0.02620  -1	   0.1601120     0.0833397
      D1OC0-a8d      0.052     0.032       0.097     0.649     -0.599     0.896      0.568     0.613      0.704     0.594    0.538     0.573   0.607     0.146      0.250     0.03452  -1	   0.0714784     0.0597385
     D1OC0-a90a      0.053     0.036       0.110     0.766     -0.019     0.883      0.529     0.615      0.840     0.793    0.773     0.576   0.855     0.159      0.061     0.00687  -1	   0.1187676     0.0787063
     D1OC0-a90b      0.053     0.036       0.107     0.689     -0.038     0.896      0.539     0.628      0.612     0.617    0.583     0.557   0.852     0.172      0.139     0.00699  -1	   0.0237067    -0.0194068
     D1OC0-a90c      0.056     0.025       0.062     0.784     -0.226     0.870      0.563     0.576      0.645     0.660    0.565     0.614   0.777     0.167      0.260     0.00682  -1	   0.0460085     0.0630468
     D1OC0-a90d      0.054     0.020       0.067     0.594      0.151     0.880      0.596     0.623      0.800     0.747    0.723     0.571   0.721     0.208      0.089     0.00744  -1	   0.0936912     0.0944627
     D1OC0-a91a      0.048     0.048       0.121     0.666     -0.545     0.875      0.559     0.667      0.798     0.620    0.562     0.577   0.663     0.115      0.112     0.01342  -1	   0.0749199     0.0329584
     D1OC0-a91b      0.051     0.041       0.123     0.680      0.018     0.903      0.518     0.568      0.900     0.625    0.596     0.554   0.781     0.131      0.031     0.00669  -1	   0.0835137     0.0619749
     D1OC0-a91c      0.054     0.039       0.118     0.740     -0.091     0.897      0.522     0.575      0.690     0.654    0.562     0.611   0.836     0.138      0.019     0.00692  -1	   0.0103287     0.0158305
     D1OC0-a91d      0.054     0.038       0.121     0.730     -0.209     0.895      0.516     0.572      0.773     0.641    0.591     0.576   0.798     0.138      0.005     0.00693  -1	  -0.0019036     0.0243511
     D1OC0-a92a      0.049     0.040       0.121     0.747     -0.657     0.898      0.523     0.534      0.497     0.624    0.558     0.584   0.664     0.155      0.138     0.01164  -1	   0.1165736     0.0675113
     D1OC0-a92b      0.052     0.034       0.107     0.540     -0.013     0.911      0.590     0.589      0.260     0.618    0.554     0.583   0.717     0.161      0.125     0.01005  -1	  -0.0089822    -0.0026073
     D1OC0-a92c      0.051     0.041       0.126     0.517     -0.225     0.899      0.591     0.565      0.477     0.608    0.584     0.549   0.639     0.135      0.057     0.01068  -1	  -0.0413776    -0.0021519
     D1OC0-a92d      0.055     0.034       0.102     0.772     -0.264     0.894      0.521     0.596      0.268     0.599    0.546     0.571   0.730     0.171      0.035     0.00896  -1	   0.0230417     0.0298854
     D1OC0-a93a      0.051     0.036       0.097     0.714      0.341     0.911      0.534     0.532      0.325     0.620    0.556     0.583   0.896     0.173      0.111     0.00800  -1	   0.2146851     0.1694609
     D1OC0-a93b      0.053     0.041       0.121     0.682      0.224     0.898      0.504     0.494      0.434     0.605    0.586     0.544   0.840     0.150      0.203     0.01016  -1	   0.1904020     0.1544867
     D1OC0-a93c      0.052     0.038       0.118     0.539      0.301     0.915      0.511     0.514      0.455     0.730    0.710     0.564   0.737     0.147      0.128     0.00841  -1	   0.2142311     0.2427529
     D1OC0-a93d      0.050     0.037       0.118     0.611      0.180     0.890      0.489     0.383      0.507     0.614    0.575     0.561   0.739     0.163      0.264     0.00956  -1	   0.1447446     0.2555662
     D1OC0-a94a      0.050     0.039       0.115     0.648     -0.341     0.875      0.515     0.640      0.940     0.652    0.584     0.592   0.756     0.150      0.012     0.00945  -1	   0.0483323     0.0552110
     D1OC0-a94b      0.051     0.039       0.118     0.629     -0.344     0.877      0.515     0.653      0.823     0.781    0.754     0.582   0.756     0.154      0.059     0.00944  -1	   0.0444095     0.0546561
     D1OC0-a94c      0.048     0.036       0.121     0.557      0.140     0.885      0.529     0.438      0.294     0.803    0.772     0.592   0.753     0.167      0.264     0.00947  -1	   0.2262729     0.3277860
     D1OC0-a94d      0.050     0.048       0.147     0.686     -0.483     0.890      0.478     0.514      0.995     0.689    0.634     0.587   0.683     0.148      0.181     0.00975  -1	   0.0734051     0.1107142
     D1OC0-a95a      0.050     0.039       0.118     0.689      0.180     0.898      0.464     0.319      0.935     0.810    0.803     0.565   0.794     0.193      0.427     0.00944  -1	   0.3802103     0.4527477
     D1OC0-a95b      0.050     0.040       0.123     0.718     -0.556     0.901      0.524     0.520      0.440     0.617    0.558     0.578   0.688     0.155      0.134     0.01136  -1	   0.0756000     0.0645219
     D1OC0-a95c      0.050     0.040       0.121     0.739     -0.631     0.899      0.518     0.524      0.644     0.612    0.574     0.561   0.633     0.155      0.149     0.01156  -1	   0.0851697     0.0649780
     D1OC0-a95d      0.052     0.040       0.121     0.730     -0.624     0.901      0.519     0.516      0.553     0.603    0.572     0.553   0.633     0.150      0.124     0.01142  -1	   0.0864189     0.0704424
     D1OC0-a96a      0.049     0.024       0.067     0.714      0.171     0.888      0.528     0.540      0.666     0.614    0.526     0.601   0.819     0.245      0.357     0.00608  -1	   0.1205208     0.0943957
     D1OC0-a96b      0.053     0.025       0.075     0.689     -0.377     0.880      0.572     0.634      0.905     0.651    0.566     0.604   0.699     0.237      0.085     0.00636  -1	   0.0379596     0.0353273
     D1OC0-a96c      0.053     0.025       0.075     0.647     -0.455     0.876      0.571     0.634      0.833     0.692    0.656     0.571   0.627     0.260      0.064     0.00639  -1	   0.0558789     0.0364697
     D1OC0-a96d      0.053     0.026       0.075     0.707     -0.350     0.873      0.570     0.633      0.872     0.634    0.544     0.606   0.836     0.241      0.064     0.00639  -1	   0.0298197     0.0191926
     D1OC0-a97a      0.052     0.028       0.091     0.636     -0.431     0.875      0.589     0.649      0.893     0.645    0.573     0.593   0.584     0.173      0.137     0.00635  -1	   0.0367695     0.0422324
     D1OC0-a97b      0.053     0.030       0.086     0.581     -0.482     0.873      0.605     0.599      0.665     0.654    0.569     0.606   0.609     0.206      0.064     0.00653  -1	   0.0492310     0.0324255
     D1OC0-a97c      0.050     0.034       0.094     0.728     -0.280     0.878      0.569     0.620      0.932     0.663    0.569     0.614   0.750     0.172      0.142     0.00680  -1	   0.0322746     0.0275394
     D1OC0-a97d      0.052     0.032       0.097     0.678      0.084     0.887      0.569     0.627      0.602     0.621    0.567     0.575   0.817     0.172      0.147     0.00692  -1	   0.0517027     0.0081702
     D1OC0-a98a      0.050     0.034       0.091     0.733     -0.349     0.877      0.554     0.614      0.886     0.657    0.567     0.610   0.836     0.167      0.142     0.00679  -1	   0.0305546     0.0342431
     D1OC0-a98b      0.051     0.033       0.088     0.734     -0.171     0.889      0.583     0.632      0.790     0.643    0.566     0.597   0.781     0.185      0.142     0.00669  -1	   0.0144839    -0.0039765
     D1OC0-a98c      0.049     0.034       0.094     0.716     -0.176     0.889      0.563     0.613      0.831     0.809    0.758     0.616   0.781     0.169      0.161     0.00678  -1	   0.0835196     0.0691347
     D1OC0-a98d      0.051     0.032       0.091     0.721     -0.235     0.878      0.581     0.645      0.851     0.796    0.738     0.618   0.798     0.175      0.149     0.00677  -1	   0.0648391     0.0452887
     D1OC0-a99a      0.048     0.038       0.105     0.635     -0.272     0.867      0.535     0.575      0.826     0.634    0.582     0.576   0.671     0.162      0.251     0.00612  -1	   0.0237558     0.0543400
     D1OC0-a99b      0.045     0.038       0.102     0.685      0.025     0.876      0.558     0.578      0.864     0.697    0.650     0.581   0.781     0.144      0.143     0.00612  -1	   0.0872573     0.0628731
     D1OC0-a99c      0.048     0.039       0.105     0.688      0.015     0.870      0.532     0.564      0.832     0.665    0.573     0.612   0.781     0.136      0.236     0.00612  -1	   0.0848134     0.0661192
     D1OC0-a99d      0.044     0.036       0.094     0.750      0.025     0.875      0.535     0.540      0.928     0.763    0.725     0.588   0.785     0.170      0.136     0.00605  -1	   0.1310325     0.1076204
      D1OC0-a9a      0.048     0.037       0.099     0.698     -0.017     0.888      0.536     0.569      0.787     0.812    0.787     0.588   0.852     0.188      0.167     0.02401  -1	   0.1341206     0.1020977
      D1OC0-a9b      0.049     0.035       0.113     0.541     -0.461     0.884      0.601     0.683      0.609     0.634    0.553     0.599   0.548     0.163      0.204     0.02774  -1	   0.0261187    -0.0008136
      D1OC0-a9c      0.048     0.036       0.094     0.695      0.025     0.886      0.538     0.574      0.794     0.635    0.567     0.588   0.781     0.184      0.167     0.02410  -1	   0.0568302     0.0324763
      D1OC0-a9d      0.049     0.034       0.110     0.576     -0.565     0.885      0.601     0.681      0.752     0.654    0.592     0.586   0.590     0.159      0.186     0.02757  -1	   0.0618281     0.0343453
