      D1E6J-a9d      0.044     0.037       0.107     0.515     -0.285     0.875      0.588     0.508      0.695     0.471    0.462     0.520   0.591     0.147      0.098     0.02894  -1	   0.0000249     0.0421900
      D1E6J-a0a      0.044     0.029       0.096     0.636     -0.021     0.860      0.607     0.603      0.408     0.525    0.456     0.575   0.796     0.132      0.463     0.04202  -1	   0.1031022    -0.0044472
      D1E6J-a0b      0.039     0.036       0.105     0.666      0.504     0.863      0.556     0.453      0.541     0.533    0.495     0.550   0.896     0.132      0.399     0.06826  -1	   0.3948155     0.3409692
      D1E6J-a0c      0.049     0.034       0.103     0.731     -0.075     0.865      0.559     0.429      0.176     0.435    0.462     0.486   0.836     0.116      0.473     0.06795  -1	   0.2605023     0.2763853
      D1E6J-a0d      0.038     0.038       0.110     0.498      0.140     0.889      0.544     0.444      0.745     0.469    0.477     0.506   0.627     0.145      0.241     0.08534  -1	   0.0574316     0.1264403
    D1E6J-a100a      0.039     0.025       0.082     0.576      0.184     0.877      0.599     0.678      0.713     0.465    0.454     0.521   0.721     0.167      0.122     0.00332  -1	   0.0223400    -0.0179600
    D1E6J-a100b      0.034     0.032       0.093     0.567      0.288     0.881      0.628     0.662      0.933     0.479    0.476     0.516   0.798     0.154      0.199     0.00376  -1	   0.1335139     0.0070031
    D1E6J-a100c      0.033     0.029       0.086     0.548      0.275     0.886      0.623     0.631      0.726     0.512    0.511     0.519   0.737     0.179      0.095     0.00415  -1	   0.0679343     0.0028479
    D1E6J-a100d      0.039     0.023       0.063     0.688      0.403     0.884      0.614     0.679      0.484     0.455    0.480     0.491   0.878     0.207      0.179     0.00331  -1	   0.1437774     0.0219062
    D1E6J-a101b      0.038     0.039       0.124     0.581     -0.224     0.851      0.614     0.591      0.246     0.560    0.523     0.554   0.700     0.116      0.229     0.00388  -1	   0.0403285     0.0051357
    D1E6J-a101c      0.036     0.050       0.128     0.655     -0.200     0.873      0.565     0.552      0.068     0.519    0.513     0.524   0.757     0.103      0.287     0.00412  -1	   0.1782347     0.0710645
    D1E6J-a101d      0.041     0.040       0.126     0.669     -0.141     0.872      0.572     0.561      0.779     0.479    0.470     0.521   0.788     0.105      0.200     0.00376  -1	  -0.0021798     0.0074996
    D1E6J-a102a      0.042     0.041       0.124     0.656     -0.189     0.867      0.566     0.568      0.498     0.495    0.508     0.505   0.757     0.105      0.185     0.00376  -1	  -0.0003767     0.0004130
    D1E6J-a102b      0.043     0.040       0.124     0.601     -0.062     0.875      0.569     0.567      0.732     0.495    0.467     0.538   0.756     0.114      0.186     0.00376  -1	   0.0098510     0.0087688
    D1E6J-a102c      0.042     0.040       0.121     0.637     -0.117     0.866      0.607     0.617      0.843     0.536    0.502     0.548   0.732     0.108      0.193     0.00375  -1	   0.0136764    -0.0083820
    D1E6J-a102d      0.042     0.038       0.121     0.593      0.053     0.871      0.583     0.592      0.737     0.489    0.475     0.527   0.744     0.117      0.170     0.00375  -1	   0.0306558     0.0053770
    D1E6J-a103a      0.040     0.039       0.107     0.644      0.114     0.874      0.545     0.593      0.213     0.518    0.506     0.528   0.771     0.127      0.273     0.00375  -1	   0.1449663     0.0297640
    D1E6J-a103b      0.038     0.040       0.110     0.558     -0.621     0.874      0.598     0.665      0.320     0.488    0.495     0.508   0.535     0.112      0.226     0.00374  -1	   0.1343410     0.0104917
    D1E6J-a103c      0.039     0.041       0.110     0.613      0.105     0.874      0.529     0.561      0.544     0.519    0.491     0.541   0.771     0.121      0.321     0.00376  -1	   0.0856824     0.0354797
    D1E6J-a103d      0.037     0.038       0.114     0.648      0.017     0.878      0.562     0.572      0.378     0.453    0.455     0.509   0.725     0.115      0.176     0.00364  -1	   0.0238234     0.0102741
    D1E6J-a104a      0.045     0.033       0.110     0.597     -0.294     0.856      0.590     0.466      0.933     0.491    0.504     0.505   0.653     0.137      0.425     0.06434  -1	  -0.0146843     0.0949767
    D1E6J-a104b      0.046     0.040       0.121     0.605     -0.372     0.861      0.569     0.470      0.808     0.521    0.471     0.559   0.644     0.136      0.381     0.06450  -1	   0.0229617     0.0834793
    D1E6J-a104c      0.046     0.032       0.098     0.538     -0.423     0.872      0.609     0.525      0.628     0.485    0.482     0.517   0.504     0.140      0.509     0.06970  -1	   0.0317622     0.0872183
    D1E6J-a104d      0.048     0.033       0.098     0.641     -0.113     0.866      0.588     0.481      0.441     0.460    0.456     0.515   0.732     0.141      0.551     0.07011  -1	   0.1197683     0.1104141
    D1E6J-a105a      0.041     0.039       0.124     0.574     -0.103     0.870      0.618     0.635      0.720     0.466    0.466     0.512   0.714     0.102      0.155     0.00373  -1	  -0.0069518    -0.0292347
    D1E6J-a105b      0.042     0.038       0.121     0.612     -0.157     0.874      0.588     0.585      0.430     0.477    0.491     0.502   0.701     0.114      0.277     0.00377  -1	   0.0199418    -0.0062264
    D1E6J-a105c      0.044     0.040       0.124     0.579     -0.175     0.870      0.608     0.615      0.531     0.476    0.476     0.515   0.684     0.108      0.210     0.00375  -1	  -0.0083371    -0.0332880
    D1E6J-a105d      0.042     0.034       0.105     0.745     -0.381     0.884      0.514     0.535      0.913     0.495    0.494     0.516   0.724     0.139      0.187     0.00402  -1	  -0.0028112     0.0739934
     D1E6J-a10a      0.046     0.024       0.079     0.747     -0.151     0.877      0.585     0.637      0.361     0.497    0.520     0.498   0.781     0.150      0.367     0.03881  -1	   0.0955907     0.0091391
     D1E6J-a10b      0.043     0.024       0.077     0.754     -0.052     0.867      0.582     0.638      0.581     0.500    0.493     0.522   0.815     0.156      0.367     0.04087  -1	   0.0349611    -0.0129244
     D1E6J-a10c      0.044     0.038       0.119     0.660     -0.331     0.866      0.556     0.471      0.825     0.482    0.471     0.523   0.812     0.138      0.420     0.06137  -1	   0.0075229     0.0772820
     D1E6J-a10d      0.038     0.039       0.107     0.635     -0.168     0.879      0.604     0.638      0.667     0.471    0.464     0.518   0.701     0.100      0.502     0.02839  -1	   0.0285754    -0.0390236
     D1E6J-a11a      0.046     0.024       0.079     0.755     -0.068     0.871      0.584     0.639      0.378     0.504    0.514     0.508   0.815     0.150      0.367     0.03874  -1	   0.1029732     0.0058173
     D1E6J-a11b      0.045     0.024       0.079     0.754     -0.094     0.874      0.582     0.637      0.551     0.462    0.484     0.494   0.815     0.162      0.367     0.03882  -1	   0.0298114    -0.0187489
     D1E6J-a11c      0.045     0.024       0.082     0.743     -0.081     0.871      0.574     0.624      0.621     0.457    0.492     0.484   0.836     0.164      0.382     0.03959  -1	   0.0135160    -0.0188275
     D1E6J-a11d      0.045     0.025       0.089     0.753     -0.243     0.871      0.581     0.640      0.330     0.478    0.491     0.503   0.777     0.142      0.369     0.03886  -1	   0.1060631     0.0058525
     D1E6J-a12a      0.045     0.024       0.079     0.767     -0.207     0.873      0.571     0.619      0.573     0.449    0.479     0.486   0.777     0.160      0.407     0.03968  -1	   0.0283955     0.0007032
     D1E6J-a12b      0.046     0.024       0.084     0.756     -0.100     0.873      0.576     0.628      0.366     0.478    0.505     0.493   0.815     0.138      0.367     0.03956  -1	   0.0959072     0.0105021
     D1E6J-a12c      0.044     0.029       0.096     0.743     -0.436     0.865      0.558     0.588      0.281     0.425    0.444     0.493   0.664     0.150      0.221     0.04483  -1	   0.1116465     0.0672814
     D1E6J-a12d      0.041     0.023       0.077     0.766     -0.121     0.871      0.569     0.621      0.709     0.454    0.470     0.498   0.792     0.167      0.382     0.04064  -1	  -0.0126936    -0.0045317
     D1E6J-a13a      0.039     0.038       0.098     0.677     -0.227     0.875      0.584     0.540      0.349     0.469    0.490     0.496   0.773     0.143      0.272     0.05784  -1	   0.0566953     0.0422705
     D1E6J-a13b      0.037     0.044       0.112     0.549     -0.239     0.876      0.548     0.468      0.941     0.492    0.523     0.491   0.639     0.110      0.085     0.04877  -1	   0.0335335     0.0938131
     D1E6J-a13c      0.044     0.030       0.103     0.772     -0.430     0.870      0.566     0.586      0.202     0.447    0.459     0.500   0.643     0.150      0.272     0.04554  -1	   0.1656499     0.0875328
     D1E6J-a13d      0.044     0.035       0.110     0.630     -0.006     0.883      0.583     0.482      0.529     0.480    0.500     0.498   0.796     0.138      0.195     0.04586  -1	   0.0042332     0.0674899
     D1E6J-a14a      0.048     0.028       0.103     0.725     -0.367     0.886      0.557     0.389      0.615     0.477    0.475     0.515   0.724     0.109      0.597     0.04095  -1	   0.0678105     0.2014605
     D1E6J-a14b      0.046     0.033       0.107     0.625     -0.397     0.866      0.597     0.498      0.477     0.485    0.490     0.511   0.644     0.154      0.344     0.06718  -1	   0.0579708     0.0848285
     D1E6J-a14c      0.042     0.037       0.121     0.669      0.082     0.861      0.538     0.363      0.838     0.496    0.509     0.506   0.817     0.132      0.226     0.09186  -1	   0.0496000     0.1585158
     D1E6J-a14d      0.037     0.038       0.105     0.571     -0.443     0.881      0.599     0.540      0.781     0.465    0.477     0.502   0.566     0.125      0.091     0.04523  -1	   0.0272921     0.0331692
     D1E6J-a15a      0.046     0.034       0.105     0.635     -0.268     0.862      0.584     0.466      0.572     0.485    0.475     0.523   0.671     0.151      0.460     0.06532  -1	   0.0456599     0.0959376
     D1E6J-a15b      0.042     0.034       0.103     0.715     -0.026     0.873      0.566     0.472      0.685     0.506    0.523     0.503   0.876     0.148      0.283     0.10193  -1	   0.0183599     0.0643918
     D1E6J-a15c      0.048     0.030       0.098     0.673     -0.400     0.886      0.546     0.365      0.967     0.540    0.553     0.511   0.699     0.124      0.533     0.04059  -1	  -0.0026565     0.2325403
     D1E6J-a15d      0.044     0.041       0.124     0.646     -0.302     0.862      0.536     0.454      0.999     0.532    0.524     0.526   0.756     0.138      0.497     0.07313  -1	   0.0101578     0.1218049
     D1E6J-a16a      0.047     0.029       0.103     0.684     -0.261     0.881      0.549     0.381      0.629     0.462    0.487     0.491   0.726     0.143      0.412     0.04003  -1	   0.0095319     0.1751835
     D1E6J-a16b      0.048     0.029       0.100     0.651     -0.204     0.890      0.561     0.393      0.699     0.481    0.483     0.513   0.773     0.116      0.468     0.04056  -1	   0.0031063     0.1747540
     D1E6J-a16c      0.046     0.028       0.096     0.654     -0.397     0.887      0.557     0.395      0.516     0.494    0.510     0.502   0.699     0.119      0.623     0.03993  -1	   0.1121866     0.2579584
     D1E6J-a16d      0.045     0.032       0.100     0.599     -0.203     0.881      0.570     0.419      0.847     0.471    0.469     0.515   0.700     0.136      0.410     0.03933  -1	  -0.0190727     0.1283801
     D1E6J-a17a      0.046     0.020       0.077     0.707     -0.152     0.877      0.601     0.609      0.427     0.494    0.494     0.515   0.781     0.183      0.047     0.03645  -1	  -0.0523428     0.0069615
     D1E6J-a17b      0.046     0.031       0.100     0.610     -0.336     0.876      0.578     0.429      0.767     0.533    0.547     0.509   0.756     0.149      0.505     0.03929  -1	   0.0158807     0.1569749
     D1E6J-a17c      0.047     0.021       0.079     0.711     -0.263     0.880      0.598     0.597      0.444     0.438    0.482     0.473   0.750     0.191      0.031     0.03652  -1	  -0.0379357     0.0186011
     D1E6J-a17d      0.047     0.029       0.098     0.701     -0.317     0.879      0.564     0.401      0.690     0.492    0.486     0.521   0.836     0.121      0.534     0.03974  -1	   0.0328488     0.1702687
     D1E6J-a18a      0.048     0.037       0.107     0.641     -0.312     0.869      0.592     0.586      0.981     0.479    0.516     0.484   0.756     0.120      0.262     0.02503  -1	   0.0066963     0.0464482
     D1E6J-a18b      0.047     0.021       0.077     0.692     -0.163     0.890      0.592     0.593      0.252     0.481    0.495     0.502   0.757     0.183      0.059     0.03558  -1	  -0.0259349     0.0352247
     D1E6J-a18c      0.047     0.021       0.079     0.693     -0.211     0.877      0.591     0.591      0.626     0.432    0.464     0.482   0.773     0.198      0.031     0.03605  -1	  -0.0478079     0.0079772
     D1E6J-a18d      0.047     0.029       0.100     0.660      0.362     0.880      0.565     0.562      0.902     0.505    0.495     0.526   0.903     0.132      0.273     0.02231  -1	   0.2116257     0.1329247
     D1E6J-a19a      0.047     0.028       0.093     0.603      0.412     0.877      0.588     0.565      0.745     0.511    0.489     0.535   0.822     0.127      0.280     0.02172  -1	   0.2281752     0.1584452
     D1E6J-a19b      0.048     0.034       0.105     0.651     -0.227     0.870      0.588     0.556      0.958     0.482    0.510     0.493   0.773     0.129      0.294     0.02448  -1	  -0.0079797     0.0424600
     D1E6J-a19c      0.042     0.041       0.119     0.610      0.172     0.885      0.534     0.450      0.147     0.485    0.480     0.519   0.739     0.121      0.219     0.01974  -1	   0.1488738     0.1971841
     D1E6J-a19d      0.048     0.033       0.100     0.679     -0.224     0.867      0.577     0.562      0.909     0.503    0.504     0.515   0.773     0.129      0.335     0.02346  -1	  -0.0068609     0.0407219
      D1E6J-a1a      0.046     0.029       0.098     0.680      0.114     0.873      0.539     0.445      0.756     0.427    0.445     0.493   0.827     0.159      0.141     0.38626   1	   0.0232505     0.1011908
      D1E6J-a1b      0.045     0.034       0.107     0.661     -0.295     0.862      0.566     0.426      0.808     0.503    0.494     0.524   0.726     0.147      0.428     0.06547  -1	   0.0020152     0.1118012
      D1E6J-a1c      0.051     0.037       0.110     0.720     -0.153     0.866      0.546     0.395      0.266     0.418    0.437     0.493   0.781     0.130      0.625     0.06880  -1	   0.2826769     0.2784385
      D1E6J-a1d      0.038     0.037       0.100     0.549      0.032     0.888      0.583     0.527      0.332     0.441    0.490     0.469   0.646     0.135      0.208     0.08120  -1	   0.0182872     0.0559089
     D1E6J-a20a      0.041     0.032       0.098     0.620     -0.176     0.872      0.627     0.637      0.513     0.483    0.465     0.529   0.701     0.122      0.555     0.03282  -1	   0.0702859    -0.0396769
     D1E6J-a20b      0.041     0.037       0.100     0.612     -0.371     0.863      0.639     0.618      0.678     0.450    0.485     0.482   0.644     0.134      0.176     0.02880  -1	   0.0048763    -0.0098543
     D1E6J-a20c      0.045     0.037       0.112     0.590     -0.189     0.876      0.573     0.476      0.157     0.483    0.498     0.502   0.684     0.138      0.093     0.02899  -1	   0.0093886     0.1230318
     D1E6J-a20d      0.039     0.046       0.135     0.584     -0.528     0.866      0.637     0.595      0.893     0.615    0.497     0.623   0.590     0.112      0.162     0.02607  -1	   0.0790999     0.0124182
     D1E6J-a21a      0.041     0.039       0.119     0.641     -0.140     0.881      0.610     0.547      0.339     0.615    0.561     0.574   0.732     0.119      0.153     0.02902  -1	   0.0059129     0.0348432
     D1E6J-a21b      0.042     0.045       0.145     0.621      0.118     0.869      0.528     0.582      0.692     0.480    0.483     0.511   0.771     0.099      0.170     0.01436  -1	   0.0774141     0.0290335
     D1E6J-a21c      0.043     0.034       0.100     0.630     -0.218     0.872      0.600     0.504      0.292     0.450    0.457     0.505   0.718     0.139      0.085     0.02771  -1	  -0.0087424     0.0740453
     D1E6J-a21d      0.042     0.041       0.119     0.686      0.333     0.884      0.486     0.369      0.073     0.503    0.497     0.521   0.872     0.133      0.236     0.02011  -1	   0.3181118     0.4102463
     D1E6J-a22a      0.037     0.035       0.124     0.673      0.123     0.871      0.574     0.574      0.891     0.461    0.491     0.488   0.827     0.103      0.207     0.01546  -1	   0.0642683     0.0440444
     D1E6J-a22b      0.039     0.031       0.082     0.642     -0.053     0.870      0.612     0.706      0.626     0.464    0.497     0.485   0.756     0.176      0.128     0.01683  -1	  -0.0344604    -0.0650343
     D1E6J-a22c      0.038     0.029       0.086     0.654      0.311     0.870      0.635     0.717      0.815     0.490    0.476     0.527   0.872     0.152      0.066     0.01906  -1	   0.1107544    -0.0104208
     D1E6J-a22d      0.038     0.033       0.103     0.595     -0.003     0.862      0.602     0.576      0.598     0.474    0.470     0.516   0.778     0.143      0.189     0.01501  -1	  -0.0151747    -0.0109097
     D1E6J-a23a      0.037     0.045       0.124     0.625      0.287     0.870      0.538     0.610      0.158     0.486    0.486     0.515   0.816     0.098      0.215     0.01468  -1	   0.2157148     0.0263393
     D1E6J-a23b      0.037     0.031       0.096     0.469      0.265     0.866      0.601     0.593      0.904     0.461    0.455     0.516   0.672     0.150      0.326     0.02450  -1	   0.1072054     0.0496991
     D1E6J-a23c      0.033     0.044       0.138     0.694      0.186     0.868      0.508     0.625      0.348     0.549    0.515     0.549   0.794     0.110      0.099     0.01335  -1	   0.0943843    -0.0015873
     D1E6J-a23d      0.040     0.041       0.126     0.565      0.116     0.865      0.554     0.535      0.378     0.506    0.510     0.514   0.753     0.103      0.202     0.01537  -1	   0.0583892     0.0512400
     D1E6J-a24a      0.037     0.035       0.119     0.615      0.211     0.866      0.610     0.648      0.812     0.482    0.493     0.506   0.784     0.112      0.206     0.01342  -1	   0.0971750     0.0173297
     D1E6J-a24c      0.031     0.037       0.126     0.617      0.162     0.868      0.555     0.639      0.122     0.470    0.475     0.509   0.739     0.120      0.070     0.01389  -1	   0.0476824    -0.0303501
     D1E6J-a24d      0.037     0.031       0.103     0.759     -0.127     0.870      0.603     0.680      0.785     0.461    0.477     0.498   0.792     0.131      0.131     0.02950  -1	  -0.0303444    -0.0158381
     D1E6J-a25a      0.045     0.023       0.079     0.725     -0.251     0.874      0.586     0.639      0.637     0.456    0.471     0.499   0.750     0.167      0.389     0.03986  -1	  -0.0016825    -0.0084487
     D1E6J-a25b      0.036     0.032       0.105     0.772      0.013     0.868      0.592     0.664      0.751     0.454    0.471     0.497   0.785     0.132      0.185     0.03078  -1	   0.0034469    -0.0094974
     D1E6J-a25c      0.046     0.024       0.079     0.758      0.009     0.875      0.571     0.623      0.342     0.488    0.505     0.500   0.785     0.162      0.367     0.03896  -1	   0.1322735     0.0340892
     D1E6J-a25d      0.039     0.039       0.124     0.527      0.438     0.870      0.510     0.525      0.224     0.568    0.502     0.577   0.743     0.111      0.135     0.01206  -1	   0.2107892     0.1646775
     D1E6J-a26a      0.046     0.024       0.084     0.769      0.054     0.862      0.577     0.637      0.415     0.448    0.493     0.475   0.821     0.141      0.367     0.03792  -1	   0.1123641     0.0134360
     D1E6J-a26b      0.036     0.028       0.084     0.709      0.103     0.880      0.593     0.625      0.538     0.429    0.463     0.480   0.851     0.172      0.130     0.01393  -1	  -0.0040661    -0.0269681
     D1E6J-a26c      0.036     0.042       0.121     0.552     -0.079     0.871      0.528     0.421      0.826     0.474    0.490     0.500   0.738     0.119      0.142     0.04906  -1	   0.0091883     0.1129809
     D1E6J-a26d      0.044     0.023       0.077     0.705     -0.089     0.872      0.588     0.640      0.825     0.466    0.496     0.488   0.836     0.163      0.389     0.03867  -1	  -0.0281916    -0.0129690
     D1E6J-a27a      0.034     0.030       0.091     0.644      0.040     0.880      0.620     0.617      0.848     0.439    0.446     0.503   0.725     0.150      0.105     0.02573  -1	   0.0083161    -0.0059163
     D1E6J-a27b      0.030     0.030       0.098     0.720      0.111     0.878      0.609     0.625      0.857     0.535    0.492     0.554   0.851     0.134      0.187     0.02679  -1	   0.0433263     0.0093397
     D1E6J-a27c      0.034     0.034       0.103     0.693     -0.002     0.875      0.558     0.599      0.606     0.481    0.497     0.500   0.852     0.152      0.334     0.01462  -1	   0.0291474    -0.0268289
     D1E6J-a27d      0.034     0.033       0.093     0.648     -0.367     0.875      0.627     0.686      0.671     0.489    0.508     0.500   0.644     0.142      0.247     0.02193  -1	  -0.0123825    -0.0326922
     D1E6J-a28a      0.042     0.032       0.098     0.558     -0.616     0.874      0.550     0.567      0.856     0.462    0.466     0.509   0.535     0.148      0.188     0.03818  -1	   0.0977289     0.1005091
     D1E6J-a28b      0.037     0.039       0.110     0.584     -0.487     0.873      0.626     0.572      0.879     0.512    0.513     0.517   0.609     0.125      0.086     0.04402  -1	   0.0532477     0.0264481
     D1E6J-a28c      0.034     0.032       0.093     0.713     -0.462     0.878      0.627     0.688      0.863     0.487    0.506     0.499   0.707     0.128      0.203     0.02199  -1	   0.0012316     0.0070453
     D1E6J-a28d      0.036     0.031       0.091     0.671      0.022     0.890      0.598     0.664      0.777     0.470    0.485     0.502   0.781     0.122      0.216     0.02066  -1	  -0.0007163    -0.0207313
     D1E6J-a29a      0.042     0.037       0.119     0.700     -0.331     0.882      0.542     0.354      0.533     0.532    0.533     0.519   0.836     0.110      0.411     0.06845  -1	   0.0640280     0.2190848
     D1E6J-a29b      0.045     0.036       0.119     0.624     -0.282     0.863      0.575     0.483      0.818     0.465    0.461     0.515   0.671     0.126      0.450     0.06504  -1	  -0.0047994     0.0701228
     D1E6J-a29c      0.044     0.034       0.110     0.659     -0.274     0.860      0.580     0.443      0.878     0.505    0.505     0.516   0.726     0.147      0.423     0.06511  -1	  -0.0069940     0.0904407
     D1E6J-a29d      0.040     0.034       0.093     0.639     -0.491     0.875      0.629     0.627      0.823     0.441    0.477     0.481   0.627     0.137      0.263     0.02871  -1	   0.0232223     0.0162836
      D1E6J-a2a      0.038     0.042       0.117     0.600     -0.278     0.883      0.564     0.485      0.690     0.460    0.445     0.524   0.671     0.114      0.414     0.04267  -1	   0.0070947     0.0643824
      D1E6J-a2b      0.038     0.038       0.112     0.732      0.191     0.878      0.548     0.444      0.517     0.540    0.528     0.531   0.819     0.132      0.222     0.20371  -1	   0.1304405     0.1704825
      D1E6J-a2c      0.038     0.038       0.114     0.715      0.186     0.873      0.541     0.428      0.272     0.482    0.454     0.536   0.819     0.121      0.183     0.20301  -1	   0.1297467     0.2087810
      D1E6J-a2d      0.037     0.038       0.114     0.691      0.282     0.881      0.556     0.448      0.243     0.452    0.469     0.497   0.872     0.129      0.189     0.18219  -1	   0.1802697     0.2213889
     D1E6J-a30a      0.040     0.029       0.093     0.624      0.015     0.874      0.606     0.635      0.377     0.472    0.478     0.509   0.725     0.157      0.259     0.02245  -1	   0.0265224    -0.0250883
     D1E6J-a30b      0.041     0.026       0.089     0.563     -0.240     0.875      0.635     0.671      0.846     0.477    0.497     0.498   0.700     0.159      0.252     0.02653  -1	  -0.0353963    -0.0128965
     D1E6J-a30c      0.036     0.059       0.170     0.618     -0.031     0.868      0.543     0.581      0.231     0.508    0.481     0.539   0.680     0.083      0.098     0.01035  -1	   0.0478035    -0.0320091
     D1E6J-a30d      0.041     0.026       0.091     0.555     -0.187     0.881      0.622     0.659      0.755     0.457    0.478     0.495   0.684     0.158      0.260     0.02626  -1	  -0.0442131    -0.0235040
     D1E6J-a31a      0.048     0.031       0.105     0.693      0.144     0.878      0.550     0.550      0.367     0.456    0.482     0.490   0.827     0.153      0.348     0.01105  -1	   0.1508363     0.0728167
     D1E6J-a31b      0.047     0.021       0.079     0.681     -0.234     0.873      0.609     0.613      0.472     0.446    0.476     0.485   0.773     0.183      0.047     0.03675  -1	  -0.0442730     0.0025643
     D1E6J-a31c      0.046     0.032       0.114     0.738     -0.057     0.862      0.620     0.644      0.872     0.457    0.468     0.502   0.836     0.125      0.184     0.01640  -1	  -0.0002965    -0.0074039
     D1E6J-a31d      0.042     0.032       0.105     0.606      0.576     0.872      0.561     0.436      0.467     0.479    0.458     0.531   0.833     0.147      0.581     0.08507  -1	   0.5220373     0.4355863
     D1E6J-a32a      0.043     0.034       0.112     0.695     -0.144     0.878      0.611     0.613      0.833     0.505    0.506     0.517   0.788     0.118      0.183     0.01821  -1	  -0.0123249    -0.0057778
     D1E6J-a32b      0.046     0.029       0.098     0.632      0.160     0.870      0.593     0.666      0.758     0.480    0.471     0.521   0.739     0.137      0.022     0.01709  -1	   0.0464202     0.0081658
     D1E6J-a32c      0.047     0.032       0.114     0.719      0.007     0.870      0.619     0.643      0.862     0.473    0.476     0.511   0.805     0.126      0.129     0.01619  -1	   0.0203622     0.0038587
     D1E6J-a32d      0.047     0.030       0.103     0.725     -0.171     0.869      0.624     0.652      0.885     0.436    0.481     0.472   0.781     0.118      0.157     0.01591  -1	  -0.0207170     0.0061516
     D1E6J-a33a      0.045     0.023       0.079     0.622     -0.323     0.882      0.617     0.630      0.792     0.452    0.476     0.491   0.756     0.158      0.214     0.01217  -1	  -0.0302363     0.0112418
     D1E6J-a33b      0.043     0.028       0.086     0.679      0.072     0.881      0.586     0.621      0.389     0.458    0.480     0.493   0.817     0.157      0.097     0.01350  -1	  -0.0037527    -0.0137383
     D1E6J-a33c      0.048     0.029       0.105     0.669      0.215     0.875      0.587     0.545      0.523     0.435    0.472     0.478   0.840     0.118      0.280     0.02094  -1	   0.1093727     0.0883880
     D1E6J-a33d      0.046     0.024       0.079     0.658     -0.277     0.874      0.596     0.610      0.696     0.443    0.458     0.498   0.726     0.177      0.236     0.01236  -1	  -0.0270122     0.0070092
     D1E6J-a34a      0.042     0.033       0.103     0.578     -0.177     0.889      0.637     0.634      0.671     0.467    0.469     0.511   0.684     0.148      0.231     0.01821  -1	  -0.0271143    -0.0405963
     D1E6J-a34b      0.047     0.029       0.086     0.642     -0.269     0.878      0.540     0.547      0.093     0.502    0.500     0.518   0.671     0.179      0.271     0.01339  -1	   0.1422744     0.1360373
     D1E6J-a34c      0.047     0.026       0.093     0.631      0.119     0.875      0.583     0.525      0.795     0.493    0.486     0.521   0.771     0.161      0.093     0.02612  -1	   0.0268907     0.0569829
     D1E6J-a34d      0.045     0.027       0.096     0.696     -0.631     0.875      0.570     0.519      0.551     0.511    0.491     0.534   0.608     0.144      0.268     0.01618  -1	   0.1024404     0.0944929
     D1E6J-a35a      0.042     0.054       0.161     0.619     -0.293     0.864      0.594     0.598      0.616     0.454    0.468     0.498   0.515     0.078      0.211     0.01271  -1	   0.0189371    -0.0258598
     D1E6J-a35b      0.038     0.043       0.138     0.681      0.347     0.884      0.453     0.382      0.390     0.491    0.492     0.515   0.872     0.113      0.185     0.02043  -1	   0.2269220     0.2771017
     D1E6J-a35c      0.044     0.035       0.107     0.651      0.039     0.882      0.621     0.625      0.360     0.482    0.482     0.513   0.781     0.136      0.169     0.01825  -1	   0.0322093    -0.0173695
     D1E6J-a35d      0.042     0.037       0.105     0.655     -0.390     0.859      0.637     0.631      0.954     0.473    0.497     0.493   0.699     0.139      0.219     0.02877  -1	   0.0187337     0.0141148
     D1E6J-a36a      0.042     0.075       0.210     0.491      0.025     0.859      0.521     0.631      0.709     0.588    0.545     0.561   0.316     0.075      0.312     0.01424  -1	   0.1657255     0.0425798
     D1E6J-a36b      0.044     0.043       0.138     0.664     -0.266     0.870      0.541     0.579      0.569     0.478    0.463     0.525   0.726     0.091      0.155     0.01429  -1	  -0.0037602     0.0017795
     D1E6J-a36c      0.044     0.047       0.161     0.652      0.003     0.867      0.535     0.604      0.137     0.458    0.468     0.503   0.781     0.081      0.193     0.01555  -1	   0.1185835    -0.0145512
     D1E6J-a36d      0.039     0.065       0.184     0.554     -0.112     0.844      0.571     0.634      0.389     0.527    0.469     0.566   0.463     0.080      0.132     0.01210  -1	   0.0397002    -0.0509122
     D1E6J-a37a      0.040     0.068       0.191     0.528     -0.464     0.851      0.549     0.612      0.504     0.538    0.484     0.564   0.267     0.069      0.297     0.01214  -1	   0.0689827    -0.0134873
     D1E6J-a37b      0.039     0.033       0.091     0.702     -0.065     0.865      0.593     0.586      0.745     0.476    0.464     0.524   0.836     0.179      0.217     0.01683  -1	  -0.0134524    -0.0253941
     D1E6J-a37c      0.043     0.069       0.193     0.572     -0.165     0.858      0.561     0.627      0.342     0.455    0.493     0.480   0.538     0.072      0.145     0.01377  -1	   0.0625931    -0.0503239
     D1E6J-a37d      0.039     0.072       0.196     0.628     -0.139     0.851      0.554     0.639      0.835     0.488    0.528     0.483   0.589     0.062      0.136     0.01251  -1	   0.0756910    -0.0070863
     D1E6J-a38a      0.039     0.045       0.126     0.577      0.308     0.864      0.535     0.605      0.476     0.472    0.502     0.489   0.798     0.111      0.192     0.01451  -1	   0.1563120     0.0225599
     D1E6J-a38b      0.039     0.046       0.131     0.620      0.291     0.865      0.517     0.581      0.227     0.468    0.486     0.498   0.816     0.099      0.217     0.01454  -1	   0.2088859     0.0450896
     D1E6J-a38c      0.038     0.044       0.124     0.664      0.279     0.854      0.508     0.573      0.632     0.484    0.494     0.507   0.872     0.108      0.199     0.01473  -1	   0.1479634     0.0455847
     D1E6J-a38d      0.037     0.046       0.135     0.647      0.183     0.871      0.509     0.592      0.691     0.495    0.512     0.502   0.739     0.110      0.200     0.01469  -1	   0.1149080     0.0447485
     D1E6J-a39a      0.035     0.046       0.131     0.639      0.230     0.866      0.512     0.576      0.446     0.497    0.481     0.529   0.784     0.098      0.223     0.01471  -1	   0.1433116     0.0395008
     D1E6J-a39b      0.038     0.042       0.128     0.634      0.248     0.856      0.528     0.603      0.532     0.506    0.507     0.516   0.784     0.103      0.223     0.01522  -1	   0.1396957     0.0402834
     D1E6J-a39c      0.037     0.044       0.124     0.638      0.254     0.869      0.508     0.573      0.496     0.501    0.497     0.519   0.816     0.103      0.216     0.01491  -1	   0.1470680     0.0519743
     D1E6J-a39d      0.031     0.041       0.133     0.702      0.167     0.864      0.527     0.614      0.168     0.461    0.471     0.503   0.819     0.108      0.089     0.01355  -1	   0.0942341    -0.0044403
      D1E6J-a3a      0.039     0.037       0.114     0.722      0.287     0.884      0.544     0.441      0.921     0.528    0.482     0.557   0.896     0.136      0.162     0.20741  -1	   0.1832125     0.1574199
      D1E6J-a3b      0.040     0.038       0.117     0.734      0.257     0.876      0.527     0.414      0.239     0.464    0.454     0.519   0.896     0.126      0.166     0.20720  -1	   0.1751337     0.2491952
      D1E6J-a3c      0.045     0.029       0.096     0.710      0.088     0.862      0.564     0.499      0.541     0.461    0.477     0.498   0.841     0.150      0.383     0.13947  -1	   0.0854905     0.0882434
      D1E6J-a3d      0.037     0.041       0.117     0.734      0.158     0.881      0.524     0.403      0.553     0.541    0.515     0.542   0.819     0.124      0.167     0.18683  -1	   0.0976408     0.1737905
     D1E6J-a40a      0.038     0.037       0.112     0.648      0.198     0.860      0.595     0.640      0.779     0.503    0.517     0.505   0.739     0.117      0.268     0.01315  -1	   0.1071890     0.0247263
     D1E6J-a40b      0.037     0.037       0.117     0.659      0.248     0.862      0.586     0.621      0.627     0.468    0.501     0.486   0.840     0.116      0.254     0.01335  -1	   0.1220881     0.0188080
     D1E6J-a40c      0.039     0.045       0.126     0.666      0.283     0.855      0.517     0.575      0.618     0.496    0.499     0.513   0.872     0.111      0.178     0.01471  -1	   0.1527093     0.0431864
     D1E6J-a40d      0.039     0.035       0.117     0.634      0.335     0.869      0.595     0.654      0.527     0.561    0.543     0.537   0.816     0.118      0.216     0.01273  -1	   0.1912921     0.0716172
     D1E6J-a41a      0.044     0.024       0.084     0.728      0.195     0.876      0.557     0.666      0.522     0.447    0.473     0.489   0.819     0.156      0.300     0.01181  -1	   0.0964860     0.0030431
     D1E6J-a41b      0.036     0.038       0.128     0.625      0.250     0.853      0.598     0.634      0.893     0.472    0.518     0.476   0.816     0.112      0.216     0.01346  -1	   0.1312110     0.0339168
     D1E6J-a41c      0.038     0.025       0.068     0.709      0.253     0.890      0.615     0.625      0.658     0.445    0.476     0.484   0.896     0.159      0.224     0.01096  -1	   0.0709992     0.0131179
     D1E6J-a41d      0.043     0.022       0.075     0.756     -0.530     0.870      0.586     0.657      0.546     0.456    0.473     0.498   0.667     0.179      0.110     0.01296  -1	   0.0554049     0.0281305
     D1E6J-a42a      0.031     0.037       0.103     0.727     -0.058     0.881      0.574     0.622      0.333     0.457    0.482     0.491   0.836     0.139      0.175     0.01519  -1	   0.0263802    -0.0366530
     D1E6J-a42b      0.034     0.029       0.086     0.686      0.196     0.883      0.586     0.582      0.425     0.463    0.441     0.532   0.794     0.126      0.162     0.01109  -1	   0.0522698     0.0442462
     D1E6J-a42c      0.039     0.032       0.091     0.523      0.097     0.881      0.610     0.645      0.795     0.505    0.479     0.538   0.682     0.181      0.124     0.01121  -1	   0.0247730    -0.0260485
     D1E6J-a42d      0.038     0.077       0.210     0.557      0.023     0.888      0.473     0.460      0.112     0.513    0.530     0.503   0.587     0.077      0.282     0.01068  -1	   0.2360094     0.1042691
     D1E6J-a43a      0.043     0.064       0.177     0.679     -0.416     0.874      0.516     0.465      0.144     0.505    0.484     0.534   0.000     0.078      0.210     0.01187  -1	   0.1336774     0.0852202
     D1E6J-a43b      0.037     0.057       0.166     0.605      0.207     0.864      0.563     0.621      0.288     0.525    0.485     0.553   0.787     0.074      0.176     0.01003  -1	   0.1596878    -0.0221158
     D1E6J-a43c      0.038     0.037       0.107     0.657      0.469     0.879      0.586     0.596      0.185     0.474    0.473     0.514   0.891     0.124      0.257     0.01250  -1	   0.3540105     0.1693517
     D1E6J-a43d      0.043     0.064       0.179     0.680     -0.456     0.875      0.539     0.504      0.011     0.485    0.505     0.498   0.613     0.080      0.212     0.01184  -1	   0.2282703     0.1356819
     D1E6J-a44a      0.045     0.047       0.152     0.669     -0.246     0.870      0.562     0.565      0.043     0.451    0.454     0.508   0.773     0.076      0.370     0.01043  -1	   0.2438763     0.0671345
     D1E6J-a44b      0.036     0.054       0.149     0.572      0.029     0.878      0.572     0.546      0.364     0.476    0.469     0.520   0.587     0.111      0.258     0.01119  -1	   0.0871630     0.0091786
     D1E6J-a44c      0.044     0.047       0.149     0.723     -0.295     0.868      0.537     0.554      0.051     0.413    0.446     0.479   0.750     0.079      0.376     0.01022  -1	   0.2730545     0.1011999
     D1E6J-a44d      0.042     0.071       0.193     0.600     -0.274     0.851      0.511     0.498      0.026     0.499    0.489     0.524   0.515     0.076      0.414     0.01067  -1	   0.3074001     0.1268266
     D1E6J-a45a      0.043     0.063       0.177     0.670     -0.299     0.875      0.507     0.472      0.100     0.492    0.488     0.519   0.582     0.082      0.237     0.01202  -1	   0.1655694     0.1167679
     D1E6J-a45b      0.034     0.035       0.110     0.647     -0.086     0.862      0.574     0.599      0.323     0.565    0.517     0.562   0.756     0.117      0.233     0.01087  -1	   0.0305739    -0.0029522
     D1E6J-a45c      0.043     0.051       0.156     0.564     -0.074     0.877      0.530     0.557      0.219     0.463    0.513     0.472   0.554     0.088      0.225     0.01272  -1	   0.0789075     0.0337144
     D1E6J-a45d      0.034     0.046       0.135     0.575      0.033     0.866      0.560     0.608      0.411     0.514    0.486     0.541   0.708     0.115      0.235     0.01001  -1	   0.0474291    -0.0334875
     D1E6J-a46a      0.044     0.030       0.103     0.600     -0.149     0.873      0.583     0.597      0.777     0.494    0.483     0.525   0.732     0.114      0.306     0.01146  -1	  -0.0210327     0.0187395
     D1E6J-a46b      0.035     0.047       0.138     0.630      0.031     0.873      0.549     0.605      0.278     0.487    0.494     0.509   0.725     0.108      0.147     0.01009  -1	   0.0510717    -0.0270122
     D1E6J-a46c      0.043     0.036       0.110     0.619     -0.141     0.864      0.586     0.635      0.341     0.501    0.503     0.515   0.732     0.111      0.277     0.01218  -1	   0.0418412    -0.0288541
     D1E6J-a46d      0.048     0.031       0.100     0.703      0.213     0.874      0.565     0.567      0.135     0.464    0.476     0.502   0.864     0.147      0.335     0.01111  -1	   0.2667702     0.1292619
     D1E6J-a47a      0.047     0.030       0.103     0.499     -0.220     0.873      0.581     0.595      0.947     0.502    0.499     0.519   0.574     0.117      0.290     0.01175  -1	  -0.0052393     0.0723444
     D1E6J-a47b      0.038     0.034       0.110     0.562     -0.090     0.857      0.564     0.578      0.569     0.481    0.486     0.510   0.738     0.104      0.229     0.01106  -1	  -0.0232603     0.0112354
     D1E6J-a47c      0.039     0.029       0.096     0.705     -0.147     0.865      0.587     0.687      0.472     0.446    0.466     0.493   0.812     0.163      0.252     0.00889  -1	   0.0044758    -0.0638740
     D1E6J-a47d      0.041     0.027       0.089     0.608      0.044     0.873      0.534     0.634      0.579     0.458    0.471     0.501   0.725     0.168      0.120     0.00816  -1	  -0.0267458    -0.0091739
     D1E6J-a48a      0.042     0.029       0.096     0.633      0.088     0.864      0.582     0.601      0.419     0.455    0.480     0.492   0.761     0.151      0.385     0.00707  -1	   0.0894322     0.0090270
     D1E6J-a48b      0.040     0.032       0.103     0.536      0.213     0.874      0.586     0.566      0.264     0.499    0.457     0.550   0.705     0.145      0.491     0.00714  -1	   0.2121417     0.0824826
     D1E6J-a48c      0.039     0.040       0.121     0.666      0.355     0.882      0.496     0.377      0.059     0.492    0.477     0.527   0.903     0.141      0.185     0.01959  -1	   0.2760002     0.3731227
     D1E6J-a48d      0.039     0.031       0.089     0.653      0.367     0.876      0.574     0.559      0.469     0.438    0.472     0.481   0.903     0.150      0.509     0.00716  -1	   0.2856245     0.1082135
     D1E6J-a49a      0.047     0.031       0.107     0.679      0.267     0.874      0.575     0.525      0.507     0.509    0.479     0.541   0.872     0.122      0.275     0.02309  -1	   0.1586057     0.1309663
     D1E6J-a49b      0.047     0.034       0.105     0.602     -0.012     0.875      0.601     0.567      0.762     0.466    0.505     0.481   0.796     0.130      0.041     0.01796  -1	  -0.0044806     0.0070705
     D1E6J-a49c      0.044     0.026       0.077     0.587     -0.353     0.874      0.576     0.584      0.535     0.464    0.499     0.484   0.626     0.181      0.295     0.00720  -1	   0.0069983     0.0448812
     D1E6J-a49d      0.043     0.030       0.100     0.608     -0.031     0.864      0.571     0.592      0.484     0.446    0.486     0.478   0.796     0.160      0.344     0.00709  -1	   0.0242304    -0.0118907
      D1E6J-a4a      0.046     0.029       0.105     0.762     -0.340     0.881      0.563     0.394      0.706     0.483    0.487     0.512   0.815     0.117      0.534     0.04014  -1	   0.0332667     0.1568124
      D1E6J-a4b      0.046     0.037       0.117     0.629     -0.304     0.865      0.560     0.430      0.912     0.486    0.481     0.518   0.756     0.142      0.398     0.06512  -1	  -0.0006802     0.1113996
      D1E6J-a4c      0.044     0.038       0.114     0.672     -0.401     0.872      0.590     0.532      0.752     0.483    0.486     0.512   0.639     0.125      0.467     0.06240  -1	   0.0226375     0.0425415
      D1E6J-a4d      0.044     0.028       0.096     0.673      0.114     0.866      0.553     0.478      0.364     0.496    0.508     0.507   0.827     0.145      0.517     0.12302  -1	   0.2110810     0.1757905
     D1E6J-a50a      0.047     0.028       0.089     0.620     -0.474     0.876      0.566     0.577      0.366     0.534    0.503     0.545   0.627     0.185      0.335     0.01399  -1	   0.1127546     0.0774352
     D1E6J-a50b      0.040     0.040       0.112     0.659      0.350     0.884      0.503     0.394      0.182     0.494    0.485     0.523   0.903     0.144      0.245     0.02057  -1	   0.2701416     0.3272642
     D1E6J-a50c      0.047     0.029       0.086     0.671     -0.414     0.881      0.552     0.562      0.129     0.521    0.505     0.532   0.639     0.162      0.319     0.01369  -1	   0.1898656     0.1399922
     D1E6J-a50d      0.044     0.028       0.086     0.716     -0.115     0.879      0.586     0.553      0.392     0.469    0.491     0.495   0.812     0.183      0.455     0.00748  -1	   0.1164027     0.0440720
     D1E6J-a51a      0.043     0.045       0.145     0.609      0.041     0.866      0.535     0.592      0.638     0.487    0.487     0.515   0.725     0.095      0.190     0.01455  -1	   0.0468797     0.0120758
     D1E6J-a51b      0.045     0.073       0.205     0.679      0.086     0.856      0.453     0.547      0.490     0.451    0.484     0.484   0.805     0.070      0.253     0.01413  -1	   0.1819967    -0.0064422
     D1E6J-a51c      0.041     0.039       0.112     0.671      0.320     0.886      0.510     0.409      0.159     0.472    0.478     0.508   0.872     0.136      0.283     0.02030  -1	   0.2873211     0.3238282
     D1E6J-a51d      0.042     0.055       0.168     0.630     -0.208     0.855      0.581     0.590      0.769     0.482    0.488     0.510   0.570     0.075      0.299     0.01298  -1	   0.0310557    -0.0131088
     D1E6J-a52a      0.041     0.063       0.193     0.505     -0.500     0.856      0.559     0.612      0.466     0.495    0.498     0.513   0.267     0.066      0.288     0.01211  -1	   0.0664799    -0.0122654
     D1E6J-a52b      0.042     0.029       0.091     0.598      0.233     0.865      0.576     0.604      0.790     0.473    0.472     0.514   0.767     0.140      0.161     0.00672  -1	   0.0752657     0.0382376
     D1E6J-a52c      0.042     0.031       0.091     0.621      0.195     0.867      0.577     0.600      0.767     0.452    0.460     0.503   0.739     0.143      0.321     0.00661  -1	   0.0747246     0.0305590
     D1E6J-a52d      0.039     0.052       0.154     0.560      0.402     0.854      0.499     0.542      0.211     0.559    0.505     0.566   0.752     0.078      0.231     0.01591  -1	   0.3057250     0.1437469
     D1E6J-a53a      0.034     0.050       0.133     0.596      0.027     0.867      0.560     0.660      0.328     0.558    0.520     0.554   0.708     0.090      0.224     0.01054  -1	   0.0704886    -0.0618273
     D1E6J-a53b      0.038     0.037       0.131     0.645      0.022     0.874      0.569     0.569      0.506     0.469    0.489     0.497   0.725     0.099      0.186     0.01496  -1	   0.0167344     0.0188929
     D1E6J-a53c      0.037     0.086       0.235     0.621     -0.249     0.849      0.456     0.552      0.021     0.500    0.493     0.522   0.570     0.064      0.182     0.01230  -1	   0.1937872     0.0029096
     D1E6J-a53d      0.042     0.050       0.161     0.648      0.099     0.859      0.522     0.619      0.459     0.468    0.483     0.499   0.761     0.089      0.185     0.01568  -1	   0.0926726    -0.0153549
     D1E6J-a54a      0.039     0.047       0.152     0.617      0.295     0.863      0.516     0.576      0.259     0.441    0.460     0.494   0.816     0.089      0.160     0.01209  -1	   0.1838151     0.0378808
     D1E6J-a54b      0.036     0.035       0.114     0.617     -0.028     0.882      0.575     0.690      0.999     0.546    0.546     0.522   0.796     0.138      0.140     0.00581  -1	   0.0379510     0.0121313
     D1E6J-a54c      0.038     0.043       0.124     0.696      0.286     0.859      0.513     0.579      0.525     0.501    0.490     0.525   0.872     0.113      0.209     0.01514  -1	   0.1703820     0.0501539
     D1E6J-a54d      0.035     0.037       0.117     0.630      0.062     0.879      0.563     0.687      0.572     0.479    0.509     0.489   0.761     0.135      0.066     0.00572  -1	  -0.0082502    -0.0516470
     D1E6J-a55a      0.040     0.037       0.117     0.602      0.428     0.865      0.561     0.572      0.340     0.515    0.527     0.509   0.822     0.109      0.206     0.01182  -1	   0.2557482     0.1538282
     D1E6J-a55b      0.041     0.034       0.117     0.741      0.068     0.869      0.503     0.635      0.073     0.429    0.445     0.495   0.841     0.103      0.402     0.01199  -1	   0.2974582     0.0212500
     D1E6J-a55c      0.039     0.036       0.119     0.696      0.074     0.871      0.566     0.603      0.868     0.488    0.490     0.513   0.817     0.110      0.211     0.00647  -1	   0.0506275     0.0244272
     D1E6J-a55d      0.039     0.040       0.126     0.469      0.452     0.870      0.544     0.577      0.636     0.497    0.475     0.534   0.692     0.102      0.227     0.01260  -1	   0.2560961     0.1494022
     D1E6J-a56a      0.038     0.037       0.114     0.595      0.463     0.869      0.546     0.557      0.723     0.485    0.508     0.496   0.818     0.110      0.226     0.01205  -1	   0.2762670     0.1721084
     D1E6J-a56b      0.039     0.039       0.126     0.553      0.399     0.875      0.555     0.566      0.372     0.480    0.506     0.493   0.830     0.105      0.240     0.01192  -1	   0.2316657     0.1163341
     D1E6J-a56c      0.040     0.036       0.121     0.609      0.452     0.867      0.560     0.571      0.485     0.472    0.513     0.480   0.836     0.113      0.206     0.01186  -1	   0.2584963     0.1509167
     D1E6J-a56d      0.041     0.040       0.117     0.543      0.090     0.865      0.597     0.656      0.349     0.469    0.463     0.518   0.682     0.112      0.101     0.01186  -1	   0.0070629    -0.0579747
     D1E6J-a57a      0.039     0.033       0.114     0.607      0.340     0.861      0.587     0.622      0.386     0.459    0.479     0.495   0.816     0.130      0.169     0.00631  -1	   0.1404464     0.0398590
     D1E6J-a57b      0.041     0.033       0.103     0.590     -0.164     0.887      0.599     0.611      0.959     0.488    0.493     0.511   0.684     0.118      0.315     0.00915  -1	  -0.0080393     0.0282978
     D1E6J-a57c      0.036     0.033       0.114     0.604      0.248     0.881      0.594     0.621      0.398     0.456    0.462     0.506   0.784     0.097      0.175     0.01349  -1	   0.0895870     0.0218834
     D1E6J-a57d      0.035     0.045       0.126     0.532      0.033     0.880      0.580     0.596      0.449     0.450    0.476     0.489   0.646     0.106      0.356     0.00934  -1	   0.0661417    -0.0161568
     D1E6J-a58a      0.039     0.039       0.138     0.564      0.094     0.873      0.572     0.617      0.703     0.491    0.502     0.507   0.744     0.105      0.061     0.00604  -1	   0.0315361     0.0029164
     D1E6J-a58b      0.039     0.039       0.121     0.686     -0.007     0.881      0.579     0.585      0.280     0.466    0.482     0.499   0.852     0.090      0.346     0.00949  -1	   0.1334530     0.0097822
     D1E6J-a58c      0.043     0.041       0.121     0.598     -0.233     0.870      0.576     0.599      0.589     0.466    0.472     0.507   0.700     0.098      0.223     0.00927  -1	  -0.0054493    -0.0089773
     D1E6J-a58d      0.042     0.052       0.156     0.590      0.185     0.874      0.535     0.529      0.165     0.534    0.521     0.531   0.652     0.095      0.210     0.00925  -1	   0.1854356     0.0962726
     D1E6J-a59a      0.043     0.071       0.191     0.640     -0.213     0.875      0.486     0.481      0.093     0.463    0.489     0.491   0.570     0.068      0.184     0.00889  -1	   0.1480813     0.0871781
     D1E6J-a59b      0.043     0.055       0.161     0.623      0.074     0.881      0.542     0.521      0.814     0.510    0.534     0.498   0.738     0.070      0.387     0.01047  -1	   0.1424253     0.0712649
     D1E6J-a59c      0.044     0.051       0.154     0.672     -0.158     0.872      0.507     0.513      0.044     0.420    0.464     0.471   0.730     0.080      0.282     0.01024  -1	   0.2032109     0.1194630
     D1E6J-a59d      0.042     0.072       0.196     0.602     -0.282     0.851      0.522     0.517      0.033     0.507    0.497     0.525   0.515     0.077      0.411     0.01066  -1	   0.3063690     0.1003220
      D1E6J-a5a      0.044     0.035       0.112     0.701      0.114     0.874      0.529     0.410      0.891     0.484    0.462     0.532   0.851     0.138      0.093     0.05186  -1	   0.0683922     0.1212914
      D1E6J-a5b      0.038     0.036       0.110     0.671     -0.282     0.894      0.585     0.459      0.438     0.518    0.492     0.540   0.726     0.132      0.430     0.06345  -1	   0.0740335     0.1091659
      D1E6J-a5c      0.044     0.040       0.121     0.639     -0.320     0.859      0.533     0.423      0.967     0.531    0.508     0.539   0.756     0.132      0.419     0.06387  -1	   0.0117829     0.1379039
      D1E6J-a5d      0.045     0.034       0.110     0.624     -0.321     0.865      0.584     0.476      0.944     0.482    0.499     0.500   0.756     0.140      0.398     0.06676  -1	  -0.0106382     0.0898087
     D1E6J-a60a      0.041     0.055       0.149     0.616     -0.011     0.878      0.565     0.552      0.352     0.510    0.538     0.494   0.680     0.101      0.274     0.01109  -1	   0.1135804     0.0187225
     D1E6J-a60b      0.041     0.056       0.156     0.631     -0.018     0.869      0.541     0.573      0.320     0.496    0.501     0.511   0.680     0.094      0.163     0.00986  -1	   0.0718963    -0.0092028
     D1E6J-a60c      0.043     0.053       0.166     0.721     -0.280     0.864      0.491     0.501      0.027     0.417    0.459     0.472   0.636     0.075      0.273     0.01019  -1	   0.2279686     0.1539870
     D1E6J-a60d      0.044     0.072       0.214     0.630     -0.008     0.848      0.428     0.401      0.418     0.585    0.534     0.569   0.680     0.071      0.490     0.01176  -1	   0.2688571     0.1531452
     D1E6J-a61a      0.036     0.061       0.182     0.576      0.001     0.865      0.581     0.589      0.530     0.489    0.530     0.482   0.587     0.071      0.210     0.01031  -1	   0.0760129    -0.0121684
     D1E6J-a61b      0.044     0.061       0.182     0.662     -0.341     0.876      0.499     0.448      0.026     0.485    0.493     0.509   0.582     0.080      0.200     0.01212  -1	   0.1713742     0.1674795
     D1E6J-a61c      0.041     0.067       0.179     0.564      0.083     0.878      0.484     0.447      0.613     0.468    0.497     0.489   0.612     0.079      0.293     0.01021  -1	   0.1474398     0.1048682
     D1E6J-a61d      0.037     0.045       0.140     0.556      0.007     0.867      0.577     0.621      0.670     0.509    0.511     0.515   0.708     0.105      0.165     0.01025  -1	   0.0213192    -0.0194002
     D1E6J-a62a      0.037     0.044       0.135     0.557      0.073     0.867      0.568     0.610      0.184     0.455    0.483     0.489   0.744     0.110      0.194     0.00998  -1	   0.0747172    -0.0321132
     D1E6J-a62b      0.044     0.029       0.096     0.589      0.114     0.865      0.596     0.612      0.894     0.438    0.475     0.479   0.753     0.133      0.289     0.01195  -1	   0.0346762     0.0215792
     D1E6J-a62c      0.034     0.047       0.138     0.605      0.017     0.867      0.536     0.592      0.433     0.470    0.481     0.504   0.725     0.106      0.140     0.01004  -1	   0.0197400    -0.0251421
     D1E6J-a62d      0.037     0.046       0.138     0.564      0.072     0.872      0.560     0.603      0.558     0.485    0.490     0.511   0.744     0.106      0.159     0.01016  -1	   0.0345410    -0.0219794
     D1E6J-a63a      0.030     0.044       0.126     0.598      0.016     0.867      0.568     0.627      0.732     0.468    0.479     0.504   0.708     0.129      0.121     0.00789  -1	   0.0142571    -0.0262845
     D1E6J-a63b      0.042     0.027       0.091     0.625     -0.024     0.871      0.529     0.626      0.561     0.444    0.467     0.491   0.796     0.168      0.125     0.00818  -1	  -0.0387442    -0.0189314
     D1E6J-a63c      0.032     0.047       0.126     0.611      0.192     0.871      0.521     0.597      0.163     0.465    0.497     0.485   0.739     0.125      0.159     0.00802  -1	   0.1307465    -0.0006675
     D1E6J-a63d      0.032     0.045       0.131     0.575      0.160     0.869      0.535     0.597      0.835     0.452    0.482     0.487   0.721     0.125      0.147     0.00799  -1	   0.0895158     0.0289454
     D1E6J-a64a      0.037     0.034       0.114     0.504      0.250     0.881      0.630     0.668      0.483     0.465    0.472     0.506   0.737     0.128      0.251     0.00571  -1	   0.0866815    -0.0313810
     D1E6J-a64b      0.041     0.033       0.112     0.641     -0.352     0.862      0.593     0.662      0.615     0.455    0.457     0.509   0.644     0.122      0.406     0.00684  -1	   0.0166667    -0.0222097
     D1E6J-a64c      0.043     0.033       0.096     0.520     -0.073     0.870      0.600     0.619      0.103     0.455    0.463     0.504   0.677     0.119      0.477     0.00668  -1	   0.1813870     0.0228333
     D1E6J-a64d      0.032     0.046       0.131     0.604      0.126     0.868      0.552     0.619      0.864     0.474    0.489     0.501   0.771     0.118      0.120     0.00803  -1	   0.0829993     0.0075482
     D1E6J-a65a      0.043     0.030       0.086     0.685     -0.275     0.870      0.581     0.554      0.633     0.448    0.468     0.493   0.726     0.174      0.371     0.00825  -1	   0.0077749     0.0264315
     D1E6J-a65b      0.044     0.026       0.079     0.618     -0.393     0.872      0.574     0.544      0.687     0.456    0.477     0.494   0.644     0.174      0.251     0.00747  -1	  -0.0012770     0.0637338
     D1E6J-a65c      0.044     0.030       0.096     0.577     -0.009     0.862      0.574     0.593      0.386     0.443    0.481     0.479   0.778     0.167      0.368     0.00705  -1	   0.0536749    -0.0042733
     D1E6J-a65d      0.042     0.030       0.093     0.580      0.073     0.870      0.585     0.610      0.329     0.461    0.485     0.493   0.744     0.162      0.313     0.00710  -1	   0.0644168    -0.0054234
     D1E6J-a66a      0.045     0.036       0.119     0.589     -0.009     0.893      0.548     0.447      0.201     0.442    0.479     0.480   0.778     0.126      0.331     0.01555  -1	   0.1142846     0.1834894
     D1E6J-a66b      0.040     0.041       0.128     0.624      0.316     0.882      0.505     0.401      0.195     0.486    0.491     0.511   0.816     0.141      0.214     0.02054  -1	   0.2223906     0.2825112
     D1E6J-a66c      0.041     0.043       0.126     0.531      0.038     0.859      0.535     0.571      0.795     0.454    0.490     0.482   0.646     0.113      0.284     0.00694  -1	   0.0415907     0.0487872
     D1E6J-a66d      0.042     0.029       0.093     0.604      0.057     0.865      0.584     0.608      0.732     0.478    0.501     0.495   0.761     0.154      0.378     0.00714  -1	   0.0198441     0.0013100
     D1E6J-a67a      0.038     0.046       0.138     0.649      0.339     0.865      0.551     0.572      0.933     0.600    0.578     0.546   0.816     0.104      0.289     0.00574  -1	   0.2979552     0.1601639
     D1E6J-a67b      0.042     0.031       0.093     0.635      0.221     0.861      0.571     0.586      0.839     0.481    0.474     0.520   0.784     0.144      0.367     0.00667  -1	   0.0998696     0.0476624
     D1E6J-a67c      0.042     0.027       0.077     0.663     -0.348     0.871      0.576     0.590      0.215     0.460    0.477     0.497   0.812     0.184      0.286     0.00712  -1	   0.1239285     0.0623477
     D1E6J-a67d      0.043     0.046       0.149     0.576      0.081     0.870      0.510     0.536      0.270     0.471    0.452     0.528   0.744     0.095      0.219     0.01445  -1	   0.0903817     0.0386376
     D1E6J-a68a      0.041     0.030       0.084     0.586      0.417     0.880      0.574     0.551      0.428     0.417    0.459     0.472   0.804     0.168      0.316     0.00751  -1	   0.2128021     0.1249752
     D1E6J-a68b      0.043     0.028       0.086     0.514      0.312     0.863      0.575     0.599      0.715     0.452    0.471     0.495   0.737     0.171      0.296     0.00685  -1	   0.0985356     0.0455149
     D1E6J-a68c      0.036     0.041       0.121     0.638      0.239     0.846      0.538     0.588      0.276     0.528    0.501     0.541   0.784     0.097      0.212     0.00732  -1	   0.1519676     0.0490872
     D1E6J-a68d      0.041     0.037       0.117     0.606      0.238     0.856      0.530     0.551      0.611     0.482    0.468     0.526   0.784     0.132      0.227     0.00695  -1	   0.1029142     0.0613503
     D1E6J-a69a      0.033     0.032       0.091     0.614     -0.105     0.885      0.623     0.705      0.680     0.515    0.492     0.536   0.732     0.140      0.310     0.00545  -1	  -0.0192449    -0.0658188
     D1E6J-a69b      0.040     0.040       0.119     0.636     -0.297     0.870      0.568     0.590      0.590     0.476    0.484     0.507   0.671     0.109      0.251     0.00437  -1	   0.0000774     0.0001757
     D1E6J-a69c      0.044     0.035       0.110     0.604     -0.223     0.880      0.591     0.567      0.601     0.474    0.493     0.498   0.718     0.119      0.206     0.00377  -1	  -0.0233146     0.0074582
     D1E6J-a69d      0.040     0.023       0.070     0.712      0.430     0.869      0.594     0.610      0.876     0.532    0.486     0.557   0.902     0.167      0.291     0.00571  -1	   0.2264660     0.1217072
      D1E6J-a6a      0.037     0.037       0.117     0.646     -0.198     0.880      0.562     0.426      0.499     0.510    0.519     0.510   0.701     0.130      0.454     0.06317  -1	   0.0654741     0.1410601
      D1E6J-a6b      0.044     0.034       0.100     0.568      0.522     0.868      0.582     0.482      0.271     0.468    0.475     0.507   0.823     0.149      0.243     0.08067  -1	   0.3148371     0.2972646
      D1E6J-a6c      0.047     0.029       0.103     0.668     -0.284     0.891      0.551     0.370      0.542     0.487    0.481     0.519   0.726     0.115      0.533     0.04088  -1	   0.0606749     0.2334402
      D1E6J-a6d      0.047     0.029       0.105     0.679     -0.268     0.883      0.552     0.379      0.761     0.485    0.484     0.515   0.726     0.114      0.533     0.04068  -1	   0.0033502     0.1839487
     D1E6J-a70a      0.038     0.031       0.110     0.707      0.342     0.884      0.572     0.671      0.604     0.470    0.489     0.498   0.896     0.131      0.089     0.00592  -1	   0.1364225     0.0299710
     D1E6J-a70b      0.035     0.036       0.114     0.648     -0.004     0.874      0.591     0.715      0.273     0.506    0.512     0.512   0.796     0.139      0.113     0.00573  -1	   0.0044254    -0.0961049
     D1E6J-a70c      0.036     0.034       0.103     0.597     -0.204     0.873      0.580     0.660      0.946     0.539    0.515     0.541   0.700     0.130      0.138     0.00602  -1	   0.0053831     0.0185924
     D1E6J-a70d      0.038     0.031       0.107     0.688      0.383     0.882      0.570     0.662      0.803     0.467    0.481     0.501   0.903     0.142      0.105     0.00592  -1	   0.1825018     0.0542309
     D1E6J-a71a      0.041     0.028       0.103     0.643     -0.316     0.881      0.601     0.670      0.850     0.513    0.505     0.524   0.756     0.129      0.122     0.00597  -1	  -0.0208068     0.0056197
     D1E6J-a71b      0.035     0.037       0.114     0.662     -0.065     0.878      0.611     0.725      0.934     0.514    0.512     0.519   0.812     0.145      0.161     0.00580  -1	   0.0113889    -0.0294208
     D1E6J-a71c      0.038     0.033       0.105     0.648      0.300     0.876      0.545     0.635      0.709     0.510    0.487     0.536   0.816     0.135      0.143     0.00609  -1	   0.1292361     0.0469615
     D1E6J-a71d      0.037     0.036       0.112     0.701     -0.028     0.868      0.579     0.591      0.726     0.527    0.523     0.524   0.876     0.111      0.116     0.00617  -1	  -0.0090768    -0.0087120
     D1E6J-a72a      0.028     0.042       0.124     0.619     -0.111     0.890      0.588     0.649      0.696     0.510    0.510     0.517   0.732     0.104      0.293     0.00657  -1	  -0.0027489    -0.0435065
     D1E6J-a72b      0.037     0.036       0.121     0.588     -0.050     0.862      0.610     0.674      0.434     0.392    0.427     0.476   0.778     0.118      0.153     0.00582  -1	  -0.0134105    -0.0776157
     D1E6J-a72c      0.037     0.036       0.119     0.667     -0.037     0.876      0.579     0.591      0.682     0.507    0.502     0.521   0.852     0.112      0.152     0.00621  -1	  -0.0110524    -0.0136239
     D1E6J-a72d      0.034     0.038       0.112     0.694      0.271     0.882      0.524     0.552      0.320     0.488    0.503     0.503   0.872     0.136      0.191     0.00567  -1	   0.1606365     0.0756294
     D1E6J-a73a      0.040     0.042       0.138     0.581     -0.029     0.872      0.571     0.659      0.658     0.487    0.484     0.517   0.778     0.113      0.102     0.00611  -1	  -0.0002074    -0.0426962
     D1E6J-a73b      0.040     0.043       0.142     0.681      0.008     0.862      0.570     0.599      0.974     0.518    0.518     0.519   0.781     0.106      0.306     0.00656  -1	   0.0664397     0.0231534
     D1E6J-a73c      0.036     0.041       0.138     0.662      0.352     0.854      0.566     0.576      0.754     0.541    0.519     0.539   0.903     0.107      0.150     0.00624  -1	   0.2051579     0.1005017
     D1E6J-a73d      0.039     0.041       0.138     0.621      0.103     0.875      0.570     0.631      0.489     0.482    0.482     0.514   0.771     0.116      0.063     0.00618  -1	   0.0208777    -0.0306978
     D1E6J-a74a      0.038     0.039       0.133     0.772      0.212     0.871      0.576     0.595      0.594     0.548    0.526     0.540   0.844     0.100      0.098     0.00642  -1	   0.1168848     0.0765924
     D1E6J-a74b      0.038     0.039       0.131     0.716      0.294     0.868      0.544     0.554      0.530     0.441    0.460     0.493   0.896     0.101      0.120     0.00629  -1	   0.1389623     0.0734397
     D1E6J-a74c      0.037     0.050       0.149     0.588     -0.110     0.883      0.547     0.576      0.877     0.499    0.493     0.522   0.714     0.090      0.232     0.00696  -1	   0.0366094     0.0261616
     D1E6J-a74d      0.034     0.043       0.124     0.622     -0.126     0.888      0.610     0.669      0.705     0.502    0.495     0.522   0.732     0.102      0.248     0.00574  -1	  -0.0026113    -0.0541465
     D1E6J-a75a      0.039     0.045       0.147     0.716      0.055     0.871      0.544     0.545      0.547     0.464    0.494     0.488   0.841     0.103      0.259     0.00644  -1	   0.0803998     0.0154253
     D1E6J-a75b      0.035     0.031       0.079     0.590      0.132     0.887      0.627     0.671      0.587     0.433    0.467     0.481   0.753     0.162      0.177     0.00461  -1	   0.0025368    -0.0591222
     D1E6J-a75c      0.034     0.031       0.079     0.623      0.089     0.880      0.618     0.660      0.894     0.475    0.492     0.500   0.761     0.156      0.192     0.00461  -1	   0.0209755    -0.0227705
     D1E6J-a75d      0.041     0.034       0.112     0.665     -0.404     0.868      0.560     0.627      0.447     0.462    0.486     0.493   0.639     0.118      0.167     0.00759  -1	   0.0160665     0.0036803
     D1E6J-a76a      0.029     0.069       0.193     0.601     -0.188     0.855      0.528     0.559      0.115     0.650    0.576     0.596   0.664     0.076      0.186     0.01003  -1	   0.1029318    -0.0114962
     D1E6J-a76b      0.043     0.053       0.163     0.709     -0.238     0.865      0.521     0.539      0.012     0.413    0.449     0.476   0.691     0.069      0.368     0.01019  -1	   0.2917744     0.1192438
     D1E6J-a76c      0.034     0.068       0.196     0.580     -0.045     0.872      0.465     0.382      0.399     0.538    0.520     0.534   0.554     0.067      0.533     0.00941  -1	   0.2306134     0.1881136
     D1E6J-a76d      0.042     0.069       0.189     0.608     -0.244     0.853      0.536     0.542      0.041     0.482    0.499     0.500   0.570     0.074      0.398     0.01074  -1	   0.2935055     0.0740670
     D1E6J-a77a      0.034     0.041       0.110     0.525      0.327     0.876      0.588     0.599      0.447     0.500    0.491     0.524   0.737     0.120      0.277     0.00624  -1	   0.1657164     0.0448938
     D1E6J-a77b      0.031     0.069       0.179     0.612     -0.092     0.866      0.518     0.514      0.096     0.589    0.532     0.573   0.680     0.071      0.177     0.00981  -1	   0.1169823     0.0291693
     D1E6J-a77c      0.044     0.056       0.156     0.585     -0.273     0.856      0.525     0.574      0.719     0.504    0.482     0.534   0.389     0.084      0.203     0.01111  -1	   0.0269662     0.0233345
     D1E6J-a77d      0.043     0.064       0.182     0.701     -0.354     0.884      0.525     0.493      0.073     0.514    0.524     0.510   0.593     0.085      0.287     0.01222  -1	   0.2261017     0.1186377
     D1E6J-a78a      0.032     0.029       0.093     0.631      0.048     0.877      0.592     0.663      0.592     0.474    0.495     0.496   0.725     0.145      0.374     0.00580  -1	   0.0279210    -0.0369954
     D1E6J-a78b      0.035     0.029       0.082     0.762      0.340     0.878      0.592     0.586      0.851     0.476    0.479     0.511   0.875     0.145      0.511     0.00599  -1	   0.2199412     0.0859319
     D1E6J-a78c      0.037     0.059       0.170     0.565      0.014     0.863      0.591     0.599      0.618     0.489    0.529     0.482   0.587     0.075      0.210     0.01037  -1	   0.0728889    -0.0113191
     D1E6J-a78d      0.040     0.056       0.170     0.594      0.133     0.877      0.537     0.526      0.219     0.521    0.489     0.545   0.587     0.077      0.273     0.00907  -1	   0.1891183     0.0785633
     D1E6J-a79a      0.037     0.037       0.107     0.565      0.112     0.880      0.569     0.578      0.283     0.477    0.477     0.514   0.753     0.117      0.502     0.00654  -1	   0.1933463     0.0374814
     D1E6J-a79b      0.031     0.036       0.117     0.558     -0.325     0.873      0.615     0.611      0.735     0.477    0.493     0.501   0.738     0.119      0.220     0.00989  -1	  -0.0243390    -0.0126420
     D1E6J-a79c      0.032     0.046       0.133     0.606      0.182     0.866      0.531     0.581      0.706     0.488    0.502     0.503   0.739     0.115      0.160     0.00799  -1	   0.0916140     0.0296678
     D1E6J-a79d      0.032     0.046       0.133     0.617      0.168     0.870      0.520     0.584      0.713     0.484    0.503     0.499   0.739     0.119      0.162     0.00804  -1	   0.0864696     0.0284641
      D1E6J-a7a      0.043     0.036       0.114     0.773      0.312     0.881      0.503     0.313      0.165     0.448    0.468     0.494   0.875     0.146      0.085     0.12458  -1	   0.1987202     0.4224821
      D1E6J-a7b      0.044     0.036       0.114     0.771      0.337     0.873      0.478     0.286      0.314     0.474    0.475     0.511   0.875     0.154      0.101     0.11792  -1	   0.1926170     0.4017450
      D1E6J-a7c      0.045     0.035       0.110     0.635     -0.289     0.865      0.588     0.471      0.707     0.449    0.460     0.501   0.671     0.141      0.413     0.06498  -1	   0.0043694     0.0705464
      D1E6J-a7d      0.044     0.039       0.119     0.558     -0.384     0.858      0.553     0.476      0.955     0.534    0.500     0.548   0.626     0.129      0.499     0.06458  -1	   0.0131781     0.1451164
     D1E6J-a80a      0.045     0.040       0.128     0.572     -0.185     0.867      0.562     0.604      0.712     0.552    0.502     0.561   0.684     0.103      0.255     0.00540  -1	   0.0024796     0.0129591
     D1E6J-a80b      0.044     0.041       0.131     0.542      0.117     0.871      0.553     0.562      0.330     0.532    0.491     0.553   0.692     0.097      0.327     0.00532  -1	   0.1168662     0.0484150
     D1E6J-a80c      0.043     0.035       0.112     0.680     -0.117     0.865      0.566     0.568      0.418     0.505    0.519     0.505   0.788     0.144      0.149     0.00380  -1	  -0.0005937     0.0061906
     D1E6J-a80d      0.043     0.040       0.124     0.615     -0.171     0.868      0.560     0.583      0.413     0.497    0.495     0.519   0.701     0.104      0.247     0.00531  -1	   0.0191741    -0.0001611
     D1E6J-a81a      0.037     0.042       0.112     0.672     -0.009     0.873      0.565     0.614      0.302     0.486    0.494     0.507   0.852     0.129      0.173     0.00496  -1	   0.0472372    -0.0441929
     D1E6J-a81b      0.044     0.038       0.121     0.650     -0.082     0.859      0.570     0.569      0.783     0.486    0.500     0.503   0.812     0.107      0.507     0.00532  -1	   0.0397591     0.0112488
     D1E6J-a81c      0.044     0.034       0.124     0.702     -0.499     0.858      0.586     0.654      0.993     0.505    0.522     0.503   0.707     0.132      0.480     0.00539  -1	   0.0063306     0.0612841
     D1E6J-a81d      0.045     0.038       0.117     0.570     -0.034     0.857      0.595     0.614      0.694     0.474    0.474     0.513   0.778     0.108      0.512     0.00535  -1	   0.0495507    -0.0220936
     D1E6J-a82a      0.038     0.043       0.119     0.691      0.081     0.874      0.560     0.605      0.222     0.467    0.483     0.499   0.817     0.126      0.197     0.00503  -1	   0.1143805    -0.0052461
     D1E6J-a82b      0.042     0.048       0.145     0.555      0.245     0.864      0.517     0.505      0.548     0.479    0.489     0.506   0.767     0.091      0.127     0.00612  -1	   0.1201375     0.0883266
     D1E6J-a82c      0.038     0.042       0.112     0.668      0.132     0.875      0.544     0.588      0.306     0.440    0.484     0.473   0.827     0.126      0.190     0.00499  -1	   0.0958560    -0.0020656
     D1E6J-a82d      0.042     0.031       0.091     0.569      0.223     0.868      0.581     0.604      0.760     0.461    0.476     0.500   0.767     0.155      0.437     0.00649  -1	   0.0938149     0.0243061
     D1E6J-a83a      0.041     0.035       0.114     0.642     -0.625     0.861      0.569     0.564      0.638     0.497    0.493     0.519   0.553     0.115      0.152     0.00387  -1	   0.0799799     0.0478877
     D1E6J-a83b      0.035     0.040       0.110     0.660     -0.165     0.880      0.534     0.549      0.445     0.469    0.464     0.517   0.757     0.109      0.276     0.00411  -1	   0.0204306     0.0212120
     D1E6J-a83c      0.037     0.028       0.075     0.679      0.102     0.896      0.605     0.608      0.841     0.481    0.492     0.505   0.827     0.169      0.306     0.00403  -1	   0.0257418    -0.0028165
     D1E6J-a83d      0.037     0.030       0.096     0.648     -0.351     0.880      0.558     0.638      0.867     0.481    0.491     0.506   0.644     0.127      0.143     0.00389  -1	  -0.0142117     0.0404127
     D1E6J-a84a      0.041     0.035       0.114     0.620     -0.611     0.865      0.574     0.572      0.590     0.476    0.499     0.495   0.553     0.116      0.143     0.00387  -1	   0.0736721     0.0428541
     D1E6J-a84b      0.041     0.036       0.114     0.592     -0.597     0.858      0.568     0.559      0.631     0.539    0.532     0.527   0.590     0.124      0.118     0.00385  -1	   0.0717419     0.0606152
     D1E6J-a84c      0.035     0.041       0.119     0.619     -0.129     0.870      0.540     0.562      0.281     0.505    0.491     0.528   0.732     0.108      0.251     0.00415  -1	   0.0458957     0.0196861
     D1E6J-a84d      0.038     0.039       0.107     0.666     -0.282     0.879      0.543     0.578      0.580     0.507    0.486     0.534   0.726     0.130      0.292     0.00442  -1	   0.0110704     0.0098295
     D1E6J-a85a      0.036     0.035       0.105     0.597      0.104     0.879      0.593     0.714      0.759     0.487    0.502     0.502   0.753     0.133      0.075     0.00572  -1	   0.0241433    -0.0327871
     D1E6J-a85b      0.036     0.041       0.124     0.664     -0.326     0.874      0.571     0.635      0.313     0.473    0.468     0.517   0.812     0.099      0.234     0.00443  -1	   0.0522525    -0.0434456
     D1E6J-a85c      0.039     0.041       0.124     0.488     -0.565     0.865      0.572     0.604      0.455     0.479    0.482     0.511   0.464     0.107      0.183     0.00394  -1	   0.0686104     0.0344659
     D1E6J-a85d      0.035     0.036       0.114     0.662      0.324     0.881      0.571     0.611      0.326     0.460    0.484     0.492   0.872     0.129      0.190     0.00558  -1	   0.1734974     0.0436214
     D1E6J-a86a      0.038     0.042       0.147     0.644      0.402     0.866      0.578     0.586      0.250     0.435    0.479     0.473   0.822     0.103      0.186     0.00621  -1	   0.2729576     0.1265795
     D1E6J-a86b      0.038     0.031       0.107     0.638      0.374     0.881      0.568     0.678      0.912     0.497    0.480     0.530   0.848     0.129      0.098     0.00582  -1	   0.2116740     0.0759802
     D1E6J-a86c      0.041     0.038       0.133     0.535      0.103     0.872      0.571     0.615      0.837     0.478    0.502     0.494   0.692     0.105      0.061     0.00602  -1	   0.0680980     0.0337652
     D1E6J-a86d      0.032     0.040       0.138     0.634      0.300     0.881      0.601     0.652      0.992     0.505    0.522     0.503   0.816     0.111      0.194     0.00549  -1	   0.2168214     0.0753591
     D1E6J-a87a      0.039     0.022       0.061     0.694      0.460     0.867      0.610     0.675      0.531     0.456    0.492     0.482   0.891     0.186      0.155     0.00319  -1	   0.1683592     0.0533614
     D1E6J-a87b      0.035     0.029       0.065     0.710      0.268     0.874      0.635     0.664      0.375     0.439    0.477     0.478   0.896     0.197      0.191     0.00345  -1	   0.0960991    -0.0148681
     D1E6J-a87c      0.038     0.035       0.107     0.734      0.291     0.871      0.572     0.588      0.479     0.458    0.482     0.493   0.896     0.137      0.038     0.00591  -1	   0.0913291     0.0406150
     D1E6J-a87d      0.035     0.038       0.119     0.674     -0.076     0.877      0.575     0.669      0.742     0.450    0.470     0.494   0.812     0.133      0.154     0.00600  -1	  -0.0152101    -0.0429423
     D1E6J-a88a      0.035     0.030       0.086     0.680      0.343     0.883      0.586     0.571      0.572     0.467    0.469     0.511   0.872     0.148      0.276     0.00415  -1	   0.1631580     0.0874505
     D1E6J-a88b      0.036     0.042       0.135     0.654      0.119     0.872      0.532     0.550      0.098     0.478    0.481     0.511   0.827     0.089      0.164     0.00660  -1	   0.1238491     0.0600492
     D1E6J-a88c      0.032     0.044       0.126     0.669     -0.097     0.888      0.595     0.672      0.557     0.518    0.488     0.543   0.812     0.093      0.296     0.00567  -1	   0.0273819    -0.0798174
     D1E6J-a88d      0.030     0.033       0.107     0.577      0.013     0.888      0.602     0.601      0.949     0.484    0.495     0.505   0.708     0.121      0.147     0.00471  -1	   0.0294587     0.0196447
     D1E6J-a89a      0.035     0.031       0.082     0.586      0.022     0.883      0.635     0.678      0.900     0.466    0.478     0.502   0.708     0.156      0.192     0.00463  -1	   0.0069908    -0.0310930
     D1E6J-a89b      0.037     0.046       0.140     0.693      0.349     0.860      0.551     0.563      0.802     0.506    0.512     0.512   0.872     0.101      0.132     0.00635  -1	   0.2239715     0.1015662
     D1E6J-a89c      0.035     0.028       0.089     0.574     -0.179     0.877      0.635     0.652      0.943     0.460    0.487     0.489   0.684     0.159      0.183     0.00362  -1	  -0.0192350    -0.0060673
     D1E6J-a89d      0.033     0.028       0.089     0.533     -0.223     0.871      0.629     0.662      0.878     0.473    0.491     0.498   0.639     0.174      0.198     0.00365  -1	  -0.0275370    -0.0117050
      D1E6J-a8a      0.044     0.036       0.112     0.592     -0.179     0.871      0.587     0.503      0.197     0.462    0.455     0.519   0.684     0.142      0.100     0.02934  -1	   0.0041883     0.0784666
      D1E6J-a8b      0.044     0.035       0.107     0.550     -0.265     0.870      0.558     0.488      0.299     0.490    0.471     0.531   0.653     0.147      0.092     0.02815  -1	  -0.0148674     0.0827810
      D1E6J-a8c      0.042     0.034       0.100     0.534     -0.217     0.880      0.653     0.673      0.780     0.507    0.469     0.548   0.639     0.136      0.256     0.03238  -1	  -0.0156665    -0.0406647
      D1E6J-a8d      0.045     0.035       0.107     0.471     -0.289     0.877      0.583     0.505      0.490     0.489    0.470     0.531   0.527     0.143      0.104     0.02891  -1	  -0.0274574     0.0526184
     D1E6J-a90a      0.033     0.028       0.089     0.654      0.279     0.884      0.605     0.610      0.994     0.512    0.513     0.516   0.872     0.162      0.093     0.00408  -1	   0.1345467     0.0418107
     D1E6J-a90b      0.031     0.046       0.140     0.613      0.181     0.879      0.570     0.617      0.476     0.487    0.474     0.525   0.739     0.096      0.373     0.00830  -1	   0.1641689     0.0002594
     D1E6J-a90c      0.036     0.029       0.072     0.600      0.017     0.878      0.647     0.694      0.891     0.473    0.479     0.508   0.725     0.188      0.279     0.00435  -1	  -0.0091155    -0.0506124
     D1E6J-a90d      0.035     0.029       0.082     0.582      0.367     0.883      0.624     0.619      0.291     0.468    0.473     0.510   0.830     0.149      0.324     0.00394  -1	   0.2033547     0.0674347
     D1E6J-a91a      0.044     0.053       0.159     0.590     -0.337     0.858      0.555     0.602      0.394     0.475    0.497     0.495   0.389     0.088      0.201     0.01128  -1	   0.0391333    -0.0059129
     D1E6J-a91b      0.044     0.041       0.117     0.697      0.042     0.861      0.544     0.568      0.227     0.495    0.474     0.532   0.781     0.121      0.193     0.00378  -1	   0.1031489     0.0377140
     D1E6J-a91c      0.033     0.035       0.096     0.728      0.251     0.875      0.604     0.645      0.381     0.496    0.494     0.517   0.896     0.151      0.250     0.00476  -1	   0.1593455     0.0117182
     D1E6J-a91d      0.036     0.038       0.126     0.588     -0.369     0.870      0.612     0.613      0.610     0.475    0.493     0.498   0.626     0.102      0.238     0.00982  -1	  -0.0101210    -0.0166179
     D1E6J-a92a      0.042     0.034       0.110     0.744     -0.391     0.886      0.537     0.557      0.791     0.477    0.472     0.518   0.724     0.136      0.184     0.00401  -1	  -0.0076235     0.0382008
     D1E6J-a92b      0.039     0.038       0.112     0.620      0.124     0.869      0.542     0.642      0.689     0.481    0.487     0.509   0.771     0.158      0.150     0.00464  -1	   0.0387777    -0.0194039
     D1E6J-a92c      0.044     0.040       0.131     0.597     -0.196     0.872      0.561     0.590      0.557     0.595    0.514     0.592   0.684     0.104      0.194     0.00540  -1	  -0.0080522    -0.0001653
     D1E6J-a92d      0.044     0.035       0.112     0.667     -0.076     0.869      0.546     0.529      0.637     0.460    0.487     0.489   0.812     0.140      0.150     0.00385  -1	  -0.0166474     0.0225866
     D1E6J-a93a      0.040     0.040       0.128     0.662     -0.197     0.852      0.595     0.688      0.976     0.514    0.507     0.524   0.757     0.119      0.117     0.00496  -1	   0.0227048     0.0052070
     D1E6J-a93b      0.044     0.036       0.117     0.493     -0.140     0.872      0.597     0.640      0.879     0.502    0.477     0.536   0.588     0.119      0.260     0.00542  -1	   0.0083817     0.0166782
     D1E6J-a93c      0.043     0.039       0.126     0.565     -0.069     0.861      0.552     0.565      0.379     0.539    0.503     0.550   0.738     0.107      0.163     0.00546  -1	  -0.0059859     0.0064421
     D1E6J-a93d      0.042     0.034       0.117     0.607     -0.185     0.862      0.564     0.588      0.692     0.518    0.502     0.532   0.701     0.109      0.269     0.00541  -1	  -0.0161056     0.0170753
     D1E6J-a94a      0.041     0.028       0.089     0.626      0.549     0.878      0.589     0.623      0.319     0.464    0.477     0.502   0.841     0.155      0.251     0.00545  -1	   0.3399084     0.1763910
     D1E6J-a94b      0.036     0.043       0.135     0.558      0.238     0.883      0.534     0.589      0.054     0.508    0.489     0.533   0.767     0.104      0.114     0.00518  -1	   0.1154375     0.0084551
     D1E6J-a94c      0.041     0.031       0.098     0.686     -0.198     0.876      0.571     0.631      0.178     0.466    0.476     0.504   0.757     0.134      0.092     0.00493  -1	   0.0141607    -0.0012676
     D1E6J-a94d      0.039     0.042       0.133     0.625     -0.105     0.867      0.599     0.698      0.456     0.520    0.521     0.519   0.732     0.117      0.102     0.00495  -1	  -0.0191631    -0.0757587
     D1E6J-a95a      0.040     0.028       0.075     0.642     -0.067     0.872      0.628     0.682      0.792     0.463    0.465     0.511   0.756     0.176      0.316     0.00387  -1	  -0.0247618    -0.0488944
     D1E6J-a95b      0.041     0.038       0.114     0.529     -0.100     0.868      0.587     0.586      0.226     0.466    0.492     0.491   0.677     0.109      0.057     0.00614  -1	  -0.0384703    -0.0096403
     D1E6J-a95c      0.037     0.041       0.114     0.660      0.021     0.887      0.553     0.595      0.150     0.447    0.485     0.479   0.781     0.129      0.174     0.00501  -1	   0.0874839     0.0036682
     D1E6J-a95d      0.042     0.024       0.075     0.703     -0.546     0.878      0.591     0.557      0.639     0.489    0.517     0.492   0.688     0.183      0.258     0.00387  -1	   0.0555847     0.0667113
     D1E6J-a96a      0.039     0.041       0.124     0.454     -0.472     0.869      0.561     0.587      0.722     0.479    0.493     0.502   0.483     0.106      0.189     0.00395  -1	   0.0301450     0.0639290
     D1E6J-a96b      0.034     0.040       0.112     0.570     -0.051     0.873      0.548     0.554      0.295     0.475    0.491     0.501   0.738     0.127      0.286     0.00414  -1	   0.0486557     0.0227106
     D1E6J-a96c      0.043     0.036       0.107     0.715     -0.188     0.874      0.578     0.554      0.540     0.511    0.503     0.524   0.781     0.118      0.194     0.00380  -1	  -0.0018366     0.0170613
     D1E6J-a96d      0.042     0.038       0.107     0.660     -0.452     0.872      0.520     0.594      0.233     0.453    0.486     0.484   0.683     0.135      0.121     0.00403  -1	   0.0862032     0.0526935
     D1E6J-a97a      0.042     0.036       0.112     0.628     -0.378     0.877      0.558     0.636      0.748     0.473    0.502     0.489   0.644     0.120      0.106     0.00372  -1	  -0.0052458     0.0195249
     D1E6J-a97b      0.038     0.037       0.117     0.647     -0.693     0.874      0.586     0.643      0.884     0.550    0.534     0.535   0.584     0.114      0.256     0.00377  -1	   0.0939126     0.0594464
     D1E6J-a97c      0.040     0.034       0.110     0.595     -0.641     0.866      0.578     0.582      0.413     0.477    0.491     0.502   0.535     0.112      0.114     0.00385  -1	   0.1031369     0.0502267
     D1E6J-a97d      0.041     0.035       0.114     0.665     -0.545     0.869      0.555     0.549      0.916     0.518    0.513     0.522   0.663     0.121      0.176     0.00388  -1	   0.0486703     0.0778085
     D1E6J-a98a      0.042     0.035       0.114     0.526     -0.623     0.867      0.568     0.569      0.665     0.496    0.496     0.515   0.473     0.122      0.124     0.00386  -1	   0.0842770     0.0592139
     D1E6J-a98b      0.034     0.029       0.079     0.559      0.334     0.893      0.608     0.623      0.997     0.518    0.513     0.523   0.798     0.147      0.381     0.00381  -1	   0.1819554     0.0812709
     D1E6J-a98c      0.041     0.038       0.117     0.610     -0.608     0.878      0.546     0.559      0.982     0.580    0.541     0.558   0.553     0.132      0.201     0.00388  -1	   0.0854080     0.1017536
     D1E6J-a98d      0.036     0.038       0.103     0.621     -0.330     0.883      0.616     0.621      0.819     0.489    0.484     0.520   0.756     0.141      0.214     0.00411  -1	  -0.0058774    -0.0138004
     D1E6J-a99a      0.038     0.026       0.082     0.611      0.247     0.862      0.599     0.679      0.394     0.539    0.508     0.545   0.784     0.180      0.161     0.00346  -1	   0.0566340    -0.0213649
     D1E6J-a99b      0.038     0.024       0.082     0.712      0.066     0.864      0.593     0.675      0.751     0.504    0.495     0.525   0.841     0.171      0.173     0.00334  -1	  -0.0096812    -0.0272734
     D1E6J-a99c      0.039     0.021       0.075     0.724      0.044     0.869      0.610     0.697      0.996     0.511    0.508     0.519   0.805     0.217      0.113     0.00332  -1	   0.0049226    -0.0087284
     D1E6J-a99d      0.038     0.027       0.082     0.699      0.217     0.874      0.637     0.704      0.633     0.496    0.476     0.532   0.840     0.150      0.142     0.00340  -1	   0.0527787    -0.0165381
      D1E6J-a9a      0.045     0.036       0.119     0.566     -0.373     0.861      0.571     0.473      0.826     0.464    0.489     0.492   0.626     0.135      0.519     0.06355  -1	   0.0003607     0.1160720
      D1E6J-a9b      0.043     0.038       0.121     0.550     -0.170     0.871      0.581     0.510      0.374     0.457    0.460     0.509   0.684     0.127      0.154     0.02848  -1	  -0.0132284     0.0429416
      D1E6J-a9c      0.037     0.038       0.117     0.619     -0.082     0.881      0.602     0.597      0.508     0.481    0.478     0.516   0.756     0.109      0.417     0.02972  -1	   0.0519606    -0.0260086
      D1E6J-a9d      0.044     0.037       0.107     0.515     -0.285     0.875      0.588     0.508      0.695     0.471    0.462     0.520   0.591     0.147      0.098     0.02894  -1	   0.0000249     0.0421900
