      D1AVX-a9d      0.002     0.054       0.245     0.602      0.194     0.767      0.480     0.506      0.543     0.794    0.637     0.702   0.778     0.102      0.177     0.00741  -1	   0.1205485     0.1071648
      D1AVX-a0a      0.002     0.054       0.253     0.650      0.075     0.766      0.484     0.569      0.556     0.790    0.612     0.715   0.805     0.106      0.063     0.01027  -1	   0.0137387     0.0185646
      D1AVX-a0b      0.004     0.054       0.249     0.644      0.094     0.758      0.505     0.604      0.311     0.784    0.598     0.718   0.738     0.106      0.063     0.01022  -1	   0.0087084    -0.0096066
      D1AVX-a0c      0.004     0.056       0.253     0.618      0.154     0.766      0.489     0.581      0.373     0.805    0.613     0.731   0.778     0.106      0.072     0.01021  -1	   0.0414045     0.0168617
      D1AVX-a0d      0.004     0.055       0.253     0.655      0.173     0.767      0.476     0.564      0.116     0.820    0.620     0.744   0.845     0.110      0.087     0.01018  -1	   0.0781564     0.0017569
    D1AVX-a100a     -0.001     0.062       0.283     0.551      0.237     0.764      0.530     0.592      0.783     0.778    0.608     0.704   0.661     0.100      0.048     0.03594  -1	   0.1706506     0.1231346
    D1AVX-a100b     -0.005     0.058       0.236     0.692     -0.051     0.766      0.537     0.604      0.722     0.802    0.596     0.739   0.747     0.122      0.450     0.06121  -1	   0.1341541    -0.0054952
    D1AVX-a100c     -0.005     0.075       0.318     0.615     -0.037     0.789      0.533     0.529      0.411     0.783    0.615     0.705   0.680     0.081      0.089     0.20332   1	   0.0132993     0.0036285
    D1AVX-a100d      0.004     0.057       0.236     0.690     -0.387     0.796      0.483     0.386      0.572     0.748    0.589     0.686   0.538     0.105      0.117     0.09055  -1	  -0.0243645     0.0324404
    D1AVX-a101a      0.006     0.052       0.232     0.632     -0.078     0.764      0.568     0.594      0.816     0.802    0.630     0.716   0.680     0.098      0.066     0.03516  -1	   0.0093610     0.0092600
    D1AVX-a101b     -0.002     0.059       0.258     0.643     -0.004     0.764      0.555     0.608      0.592     0.787    0.626     0.702   0.680     0.087      0.019     0.02760  -1	  -0.0194198     0.0042524
    D1AVX-a101c     -0.003     0.056       0.236     0.600      0.071     0.769      0.590     0.654      0.880     0.806    0.625     0.725   0.738     0.096      0.004     0.02585  -1	   0.0705063     0.0275307
    D1AVX-a101d     -0.009     0.054       0.258     0.550      0.258     0.766      0.562     0.631      0.871     0.815    0.622     0.738   0.699     0.098     -0.016     0.01990  -1	   0.1693102     0.1194220
    D1AVX-a102a      0.003     0.056       0.258     0.643     -0.265     0.756      0.582     0.722      0.924     0.793    0.594     0.731   0.515     0.119      0.079     0.01302  -1	   0.0101219     0.0205341
    D1AVX-a102b     -0.000     0.055       0.258     0.618      0.037     0.777      0.537     0.602      0.658     0.824    0.619     0.749   0.713     0.104      0.073     0.01720  -1	   0.0200368     0.0302201
    D1AVX-a102c     -0.005     0.054       0.253     0.701     -0.435     0.782      0.562     0.642      0.487     0.817    0.632     0.733   0.000     0.109      0.135     0.01440  -1	  -0.0344450    -0.0274777
    D1AVX-a102d     -0.001     0.060       0.279     0.655     -0.027     0.774      0.529     0.588      0.964     0.846    0.639     0.764   0.747     0.093      0.083     0.01876  -1	   0.0875002     0.0558623
    D1AVX-a103a     -0.001     0.066       0.270     0.596      0.168     0.750      0.454     0.521      0.275     0.807    0.599     0.743   0.652     0.109      0.159     0.01852  -1	   0.1104319     0.0256847
    D1AVX-a103b     -0.001     0.068       0.279     0.628      0.210     0.760      0.444     0.490      0.232     0.829    0.639     0.743   0.787     0.110      0.151     0.01851  -1	   0.1565614     0.0569647
    D1AVX-a103c     -0.010     0.062       0.283     0.574     -0.329     0.768      0.562     0.588      0.985     0.815    0.609     0.747   0.389     0.112      0.163     0.01072  -1	   0.0270304    -0.0030537
    D1AVX-a103d     -0.009     0.068       0.300     0.610     -0.218     0.753      0.529     0.573      0.954     0.842    0.687     0.725   0.570     0.092      0.120     0.01056  -1	   0.0344053     0.0148716
    D1AVX-a104a     -0.002     0.064       0.258     0.703      0.205     0.765      0.437     0.479      0.447     0.835    0.677     0.724   0.909     0.116      0.125     0.01220  -1	   0.1448880     0.0804796
    D1AVX-a104b     -0.002     0.067       0.266     0.635      0.298     0.769      0.463     0.556      0.168     0.753    0.554     0.716   0.825     0.109      0.113     0.01221  -1	   0.1859111     0.0295695
    D1AVX-a104c     -0.011     0.063       0.296     0.623     -0.145     0.757      0.530     0.601      0.210     0.821    0.627     0.741   0.589     0.100      0.180     0.01041  -1	   0.0137422    -0.0424921
    D1AVX-a104d     -0.011     0.067       0.305     0.620     -0.075     0.753      0.551     0.595      0.956     0.846    0.700     0.721   0.680     0.099      0.161     0.01066  -1	   0.0781051     0.0430103
    D1AVX-a105a      0.003     0.054       0.249     0.639      0.166     0.770      0.501     0.599      0.867     0.837    0.646     0.748   0.778     0.109      0.088     0.01034  -1	   0.1417736     0.1031155
    D1AVX-a105b     -0.002     0.060       0.266     0.677      0.182     0.763      0.448     0.489      0.455     0.823    0.653     0.725   0.845     0.105      0.276     0.01188  -1	   0.2078775     0.1074788
    D1AVX-a105c      0.000     0.051       0.227     0.692      0.013     0.748      0.512     0.590      0.284     0.801    0.641     0.706   0.780     0.137      0.176     0.01101  -1	   0.0632010    -0.0149903
    D1AVX-a105d      0.001     0.070       0.300     0.626     -0.075     0.759      0.531     0.651      0.160     0.804    0.650     0.705   0.680     0.095      0.163     0.01353  -1	   0.0672124    -0.0559063
    D1AVX-a106a     -0.007     0.049       0.206     0.673      0.042     0.753      0.572     0.562      0.962     0.801    0.653     0.697   0.781     0.129      0.268     0.01287  -1	   0.0919045     0.0373986
    D1AVX-a106b     -0.009     0.062       0.300     0.542     -0.178     0.753      0.519     0.556      0.259     0.831    0.663     0.729   0.384     0.099      0.183     0.01016  -1	  -0.0152550    -0.0260041
    D1AVX-a106c     -0.007     0.049       0.206     0.586     -0.121     0.767      0.600     0.604      0.926     0.798    0.627     0.714   0.714     0.124      0.277     0.01295  -1	   0.0343242     0.0033408
    D1AVX-a106d      0.004     0.053       0.206     0.652     -0.075     0.766      0.531     0.622      0.693     0.733    0.554     0.695   0.747     0.119      0.145     0.01433  -1	   0.0043169    -0.0266159
     D1AVX-a10a     -0.007     0.068       0.300     0.633      0.254     0.757      0.421     0.443      0.315     0.798    0.581     0.744   0.825     0.101      0.243     0.00729  -1	   0.2386123     0.1261978
     D1AVX-a10b     -0.000     0.060       0.270     0.693      0.059     0.759      0.489     0.520      0.066     0.811    0.600     0.747   0.805     0.105      0.191     0.00716  -1	   0.1429303     0.0214216
     D1AVX-a10c     -0.003     0.066       0.300     0.684      0.013     0.769      0.497     0.516      0.846     0.807    0.644     0.712   0.780     0.103      0.210     0.00728  -1	   0.1087788     0.0565376
     D1AVX-a10d      0.003     0.064       0.262     0.646      0.130     0.744      0.501     0.700      0.495     0.839    0.648     0.750   0.713     0.113      0.145     0.00796  -1	   0.0964402     0.0181673
     D1AVX-a11a     -0.007     0.067       0.292     0.700      0.070     0.758      0.478     0.513      0.060     0.794    0.626     0.710   0.859     0.100      0.207     0.00730  -1	   0.1872613     0.0220354
     D1AVX-a11b     -0.002     0.052       0.245     0.541      0.042     0.762      0.551     0.579      0.769     0.802    0.649     0.702   0.434     0.114      0.043     0.00734  -1	   0.0281549     0.0265894
     D1AVX-a11c     -0.000     0.065       0.275     0.523      0.409     0.754      0.446     0.449      0.485     0.818    0.627     0.738   0.599     0.107      0.204     0.01112  -1	   0.3059699     0.2373875
     D1AVX-a11d      0.005     0.044       0.210     0.688     -0.209     0.781      0.503     0.498      0.116     0.817    0.611     0.747   0.773     0.151      0.217     0.00796  -1	   0.0816252     0.0377433
     D1AVX-a12a     -0.001     0.061       0.283     0.640      0.101     0.760      0.454     0.379      0.154     0.802    0.658     0.695   0.713     0.108      0.252     0.00868  -1	   0.1928073     0.1598905
     D1AVX-a12b      0.003     0.052       0.266     0.634     -0.046     0.757      0.556     0.627      0.761     0.835    0.662     0.734   0.680     0.099      0.093     0.01147  -1	   0.0098486     0.0331563
     D1AVX-a12c     -0.004     0.043       0.206     0.680      0.140     0.760      0.525     0.590      0.946     0.785    0.657     0.676   0.827     0.136      0.131     0.00818  -1	   0.0940818     0.0626080
     D1AVX-a12d      0.001     0.058       0.270     0.656      0.102     0.768      0.452     0.353      0.606     0.833    0.674     0.724   0.780     0.112      0.254     0.00859  -1	   0.1414928     0.1636846
     D1AVX-a13a      0.002     0.050       0.249     0.618     -0.069     0.773      0.551     0.609      0.914     0.830    0.653     0.734   0.756     0.102      0.127     0.01126  -1	   0.0413742     0.0400609
     D1AVX-a13b     -0.004     0.064       0.279     0.625      0.395     0.766      0.439     0.432      0.709     0.804    0.627     0.720   0.831     0.098      0.227     0.01196  -1	   0.3582257     0.2945625
     D1AVX-a13c      0.002     0.052       0.270     0.644     -0.056     0.766      0.549     0.617      0.870     0.835    0.659     0.736   0.680     0.101      0.115     0.01138  -1	   0.0376957     0.0463466
     D1AVX-a13d      0.003     0.053       0.262     0.635     -0.145     0.772      0.552     0.625      0.509     0.823    0.632     0.739   0.589     0.098      0.093     0.01146  -1	  -0.0465243    -0.0118796
     D1AVX-a14a      0.002     0.056       0.249     0.623      0.283     0.774      0.460     0.478      0.409     0.807    0.652     0.706   0.825     0.102      0.172     0.01266  -1	   0.1928051     0.1628208
     D1AVX-a14b      0.001     0.049       0.219     0.715     -0.203     0.760      0.482     0.463      0.106     0.799    0.624     0.717   0.798     0.159      0.410     0.03254  -1	   0.2750202     0.0865416
     D1AVX-a14c      0.001     0.066       0.275     0.702      0.072     0.765      0.500     0.576      0.057     0.813    0.673     0.698   0.859     0.091      0.127     0.01634  -1	   0.1394794    -0.0028856
     D1AVX-a14d      0.002     0.067       0.279     0.707      0.154     0.760      0.481     0.543      0.180     0.867    0.653     0.784   0.900     0.102      0.060     0.01626  -1	   0.0779233     0.0017516
     D1AVX-a15a     -0.002     0.053       0.219     0.651      0.188     0.773      0.487     0.500      0.653     0.836    0.703     0.704   0.845     0.115      0.143     0.01258  -1	   0.1239523     0.1168141
     D1AVX-a15b      0.009     0.062       0.266     0.704     -0.022     0.775      0.497     0.403      0.241     0.797    0.627     0.712   0.802     0.099      0.214     0.02107  -1	   0.1217903     0.1015075
     D1AVX-a15c      0.002     0.063       0.266     0.670     -0.083     0.775      0.523     0.617      0.173     0.808    0.639     0.717   0.747     0.102      0.114     0.01611  -1	   0.0277071    -0.0536340
     D1AVX-a15d      0.001     0.065       0.279     0.690     -0.188     0.780      0.556     0.668      0.109     0.787    0.620     0.706   0.730     0.098      0.079     0.01600  -1	   0.0063244    -0.0620496
     D1AVX-a16a      0.001     0.060       0.253     0.745     -0.030     0.766      0.488     0.552      0.110     0.829    0.653     0.733   0.802     0.118      0.113     0.01978  -1	   0.0768027    -0.0112724
     D1AVX-a16b      0.004     0.062       0.262     0.744      0.063     0.774      0.481     0.527      0.246     0.820    0.622     0.743   0.859     0.123      0.095     0.01960  -1	   0.0721905     0.0060609
     D1AVX-a16c      0.002     0.071       0.292     0.550     -0.112     0.766      0.455     0.477      0.995     0.815    0.659     0.712   0.463     0.093      0.036     0.02322  -1	   0.0969537     0.0513537
     D1AVX-a16d      0.013     0.050       0.245     0.659      0.117     0.773      0.465     0.394      0.438     0.818    0.665     0.711   0.827     0.122      0.157     0.05002  -1	   0.0884777     0.1466370
     D1AVX-a17a     -0.000     0.067       0.283     0.577      0.165     0.784      0.516     0.438      0.213     0.789    0.626     0.704   0.652     0.094      0.210     0.04911  -1	   0.1691171     0.1268593
     D1AVX-a17b     -0.001     0.078       0.313     0.603     -0.413     0.809      0.486     0.398      0.428     0.847    0.702     0.722   0.000     0.092      0.638     0.05249  -1	   0.2688866     0.0709944
     D1AVX-a17c      0.003     0.060       0.253     0.571     -0.130     0.787      0.443     0.271      0.259     0.833    0.648     0.742   0.463     0.096      0.430     0.05290  -1	   0.1705823     0.2080462
     D1AVX-a17d     -0.003     0.049       0.223     0.588      0.536     0.761      0.512     0.545      0.930     0.814    0.641     0.723   0.823     0.113      0.083     0.02176  -1	   0.4278916     0.3338057
     D1AVX-a18a      0.001     0.069       0.283     0.589      0.245     0.783      0.437     0.406      0.233     0.842    0.674     0.735   0.661     0.091      0.206     0.01489  -1	   0.2339455     0.1695999
     D1AVX-a18b      0.001     0.073       0.309     0.651      0.124     0.764      0.450     0.471      0.731     0.846    0.693     0.727   0.780     0.096      0.214     0.01506  -1	   0.1898743     0.1150635
     D1AVX-a18c     -0.002     0.059       0.266     0.593     -0.038     0.785      0.512     0.504      0.485     0.807    0.623     0.727   0.554     0.099      0.287     0.01727  -1	   0.0731907     0.0305892
     D1AVX-a18d     -0.006     0.052       0.240     0.675     -0.031     0.760      0.554     0.595      0.809     0.809    0.592     0.749   0.747     0.111      0.180     0.01729  -1	   0.0349666     0.0160272
     D1AVX-a19a     -0.007     0.067       0.270     0.659      0.108     0.785      0.467     0.474      0.285     0.796    0.637     0.704   0.780     0.111      0.172     0.01778  -1	   0.1223350     0.0491302
     D1AVX-a19b      0.002     0.064       0.266     0.553      0.247     0.779      0.460     0.428      0.686     0.809    0.621     0.731   0.661     0.104      0.211     0.01499  -1	   0.2177902     0.1829818
     D1AVX-a19c      0.002     0.061       0.258     0.540      0.106     0.758      0.468     0.463      0.592     0.787    0.600     0.719   0.434     0.107      0.242     0.01496  -1	   0.1049926     0.0757960
     D1AVX-a19d      0.002     0.058       0.270     0.650      0.005     0.779      0.524     0.520      0.183     0.802    0.621     0.723   0.780     0.104      0.302     0.01725  -1	   0.1686833     0.0327201
      D1AVX-a1a      0.004     0.051       0.210     0.697     -0.013     0.756      0.529     0.643      0.461     0.824    0.614     0.752   0.747     0.149      0.246     0.00938  -1	   0.0740434    -0.0258117
      D1AVX-a1b      0.004     0.044       0.197     0.593     -0.073     0.747      0.539     0.570      0.513     0.788    0.607     0.716   0.738     0.139      0.259     0.01040  -1	   0.0153085    -0.0054284
      D1AVX-a1c     -0.002     0.048       0.227     0.492      0.174     0.753      0.529     0.567      0.923     0.813    0.643     0.720   0.595     0.137      0.155     0.01086  -1	   0.1317211     0.0957337
      D1AVX-a1d      0.004     0.053       0.258     0.674      0.106     0.762      0.464     0.540      0.652     0.797    0.608     0.725   0.780     0.116      0.058     0.01025  -1	   0.0444500     0.0540832
     D1AVX-a20a      0.003     0.057       0.236     0.667      0.291     0.778      0.530     0.562      0.460     0.792    0.605     0.722   0.892     0.129      0.183     0.01902  -1	   0.2043078     0.1124377
     D1AVX-a20b      0.003     0.069       0.305     0.594      0.186     0.763      0.459     0.473      0.543     0.812    0.626     0.731   0.652     0.091      0.284     0.01460  -1	   0.2248342     0.1327030
     D1AVX-a20c      0.000     0.066       0.296     0.611      0.157     0.755      0.451     0.453      0.158     0.812    0.609     0.741   0.778     0.091      0.272     0.01485  -1	   0.2179301     0.0874669
     D1AVX-a20d     -0.000     0.073       0.313     0.644      0.217     0.765      0.452     0.500      0.378     0.813    0.631     0.728   0.787     0.091      0.256     0.01479  -1	   0.2586157     0.1097998
     D1AVX-a21a      0.001     0.049       0.215     0.643     -0.255     0.769      0.512     0.599      0.611     0.804    0.607     0.735   0.671     0.138      0.146     0.01173  -1	  -0.0277023    -0.0197290
     D1AVX-a21b      0.003     0.047       0.210     0.594     -0.286     0.774      0.495     0.548      0.950     0.830    0.674     0.719   0.653     0.141      0.118     0.01195  -1	   0.0153661     0.0417941
     D1AVX-a21c      0.007     0.063       0.270     0.676      0.019     0.766      0.452     0.572      0.452     0.831    0.671     0.722   0.780     0.098      0.072     0.00863  -1	   0.0249615    -0.0041242
     D1AVX-a21d     -0.002     0.045       0.215     0.524      0.117     0.757      0.564     0.629      0.874     0.830    0.652     0.735   0.692     0.130      0.114     0.00862  -1	   0.0728115     0.0539346
     D1AVX-a22a      0.007     0.062       0.270     0.603     -0.267     0.747      0.491     0.693      0.887     0.821    0.633     0.736   0.515     0.099      0.244     0.00771  -1	   0.0374607     0.0613248
     D1AVX-a22b      0.005     0.059       0.253     0.683     -0.097     0.740      0.510     0.623      0.356     0.813    0.653     0.712   0.747     0.105      0.043     0.00883  -1	  -0.0329512    -0.0445054
     D1AVX-a22c      0.003     0.061       0.270     0.658     -0.030     0.756      0.518     0.633      0.221     0.790    0.606     0.719   0.747     0.105      0.058     0.00877  -1	  -0.0122813    -0.0519379
     D1AVX-a22d      0.012     0.069       0.313     0.652     -0.253     0.758      0.400     0.620      0.744     0.850    0.649     0.764   0.582     0.103      0.184     0.00780  -1	   0.0256722     0.0642674
     D1AVX-a23a      0.007     0.056       0.266     0.685      0.004     0.759      0.511     0.582      0.934     0.851    0.630     0.776   0.780     0.102      0.150     0.00762  -1	   0.0977846     0.0649193
     D1AVX-a23b      0.007     0.063       0.270     0.667     -0.320     0.753      0.429     0.581      0.338     0.838    0.686     0.720   0.582     0.109      0.130     0.00775  -1	   0.0106975    -0.0187032
     D1AVX-a23c      0.004     0.064       0.296     0.565     -0.256     0.736      0.464     0.522      0.363     0.826    0.671     0.716   0.389     0.100      0.162     0.00817  -1	  -0.0105971    -0.0031193
     D1AVX-a23d      0.007     0.067       0.300     0.658     -0.071     0.769      0.452     0.640      0.617     0.814    0.613     0.741   0.747     0.104      0.193     0.00790  -1	   0.0558256     0.0159352
     D1AVX-a24a      0.008     0.072       0.313     0.654     -0.041     0.767      0.448     0.660      0.873     0.824    0.636     0.739   0.747     0.096      0.203     0.00798  -1	   0.1141010     0.0858918
     D1AVX-a24b     -0.001     0.062       0.288     0.597     -0.257     0.733      0.507     0.571      0.452     0.841    0.674     0.734   0.389     0.097      0.167     0.00804  -1	  -0.0190973    -0.0174040
     D1AVX-a24c      0.005     0.061       0.258     0.658     -0.355     0.758      0.442     0.525      0.713     0.859    0.662     0.766   0.538     0.097      0.121     0.00774  -1	  -0.0097831     0.0260598
     D1AVX-a25a      0.001     0.065       0.305     0.557     -0.046     0.762      0.511     0.530      0.697     0.842    0.645     0.755   0.554     0.088      0.141     0.00724  -1	   0.0374462     0.0432238
     D1AVX-a25b     -0.006     0.066       0.296     0.645      0.029     0.770      0.488     0.506      0.266     0.808    0.572     0.761   0.713     0.102      0.235     0.00730  -1	   0.1095265     0.0137308
     D1AVX-a25c     -0.000     0.073       0.335     0.575     -0.076     0.731      0.463     0.488      0.294     0.880    0.627     0.816   0.554     0.090      0.126     0.00749  -1	  -0.0117315    -0.0187344
     D1AVX-a25d      0.002     0.053       0.270     0.596      0.039     0.773      0.496     0.431      0.510     0.873    0.718     0.748   0.587     0.119      0.110     0.00740  -1	   0.0231056     0.0812377
     D1AVX-a26a      0.004     0.063       0.275     0.654     -0.451     0.757      0.471     0.534      0.312     0.854    0.659     0.762   0.613     0.104      0.070     0.00904  -1	  -0.0179047    -0.0076740
     D1AVX-a26b      0.002     0.052       0.227     0.683     -0.261     0.768      0.479     0.465      0.328     0.772    0.558     0.731   0.582     0.121      0.174     0.00827  -1	   0.0072316     0.0207128
     D1AVX-a26c     -0.003     0.041       0.202     0.453      0.085     0.752      0.629     0.659      0.536     0.789    0.582     0.735   0.618     0.142      0.019     0.00745  -1	  -0.0739701    -0.0286059
     D1AVX-a26d     -0.002     0.065       0.279     0.704     -0.327     0.768      0.461     0.517      0.131     0.863    0.703     0.744   0.636     0.105      0.109     0.00905  -1	   0.0277109    -0.0150098
     D1AVX-a27a      0.009     0.057       0.258     0.564      0.264     0.782      0.479     0.498      0.102     0.789    0.627     0.703   0.699     0.119      0.191     0.00813  -1	   0.2065029     0.1157455
     D1AVX-a27b      0.000     0.063       0.279     0.666      0.058     0.770      0.436     0.329      0.082     0.803    0.657     0.697   0.805     0.118      0.268     0.00887  -1	   0.2261857     0.2067293
     D1AVX-a27c      0.001     0.067       0.309     0.662      0.158     0.767      0.431     0.327      0.176     0.836    0.665     0.734   0.845     0.107      0.262     0.00922  -1	   0.2508617     0.2121719
     D1AVX-a27d     -0.001     0.060       0.266     0.588      0.205     0.773      0.462     0.386      0.133     0.803    0.640     0.710   0.661     0.106      0.310     0.00869  -1	   0.2684426     0.2040229
     D1AVX-a28a      0.004     0.053       0.245     0.582     -0.190     0.758      0.595     0.697      0.815     0.823    0.636     0.737   0.538     0.100      0.059     0.01363  -1	  -0.0135100     0.0043047
     D1AVX-a28b     -0.001     0.061       0.270     0.653      0.102     0.758      0.441     0.338      0.104     0.811    0.644     0.717   0.780     0.114      0.245     0.00863  -1	   0.1951941     0.1925196
     D1AVX-a28c      0.002     0.058       0.236     0.723     -0.068     0.754      0.543     0.717      0.227     0.769    0.590     0.708   0.802     0.127      0.185     0.01407  -1	   0.0814675    -0.0788630
     D1AVX-a28d     -0.003     0.066       0.292     0.668      0.430     0.771      0.476     0.494      0.262     0.811    0.632     0.725   0.945     0.097      0.206     0.01183  -1	   0.3965574     0.2680833
     D1AVX-a29a      0.002     0.064       0.270     0.682     -0.164     0.783      0.541     0.645      0.099     0.782    0.613     0.705   0.730     0.101      0.090     0.01599  -1	   0.0174938    -0.0638302
     D1AVX-a29c     -0.002     0.047       0.215     0.616      0.038     0.745      0.486     0.609      0.172     0.806    0.613     0.733   0.725     0.139      0.112     0.01200  -1	  -0.0056316    -0.0532068
     D1AVX-a29d      0.001     0.047       0.219     0.614     -0.150     0.743      0.471     0.617      0.284     0.795    0.619     0.716   0.732     0.139      0.106     0.01186  -1	  -0.0391679    -0.0547109
      D1AVX-a2a     -0.005     0.049       0.215     0.631      0.183     0.750      0.500     0.540      0.512     0.795    0.643     0.698   0.739     0.140      0.173     0.00840  -1	   0.0831614     0.0611225
      D1AVX-a2b     -0.000     0.052       0.210     0.689      0.143     0.766      0.514     0.648      0.349     0.840    0.692     0.720   0.780     0.134      0.131     0.01101  -1	   0.0893695     0.0035281
      D1AVX-a2c     -0.001     0.047       0.206     0.642      0.263     0.747      0.494     0.512      0.741     0.813    0.648     0.717   0.816     0.150      0.163     0.00833  -1	   0.1404679     0.1186777
      D1AVX-a2d     -0.005     0.049       0.210     0.638      0.209     0.755      0.501     0.534      0.444     0.825    0.677     0.710   0.784     0.143      0.180     0.00838  -1	   0.1112394     0.0814422
     D1AVX-a30a      0.004     0.061       0.279     0.657     -0.088     0.780      0.484     0.557      0.127     0.793    0.610     0.720   0.747     0.099      0.079     0.01599  -1	  -0.0034663    -0.0428158
     D1AVX-a30b     -0.001     0.065       0.305     0.578      0.461     0.779      0.474     0.476      0.642     0.870    0.718     0.743   0.722     0.084      0.056     0.02022  -1	   0.3852377     0.3656636
     D1AVX-a30c      0.000     0.060       0.266     0.664     -0.087     0.773      0.543     0.620      0.098     0.803    0.629     0.718   0.747     0.103      0.085     0.01572  -1	   0.0062958    -0.0489257
     D1AVX-a30d     -0.002     0.061       0.262     0.603     -0.022     0.754      0.563     0.650      0.118     0.813    0.650     0.716   0.680     0.102      0.096     0.01441  -1	   0.0055005    -0.0530495
     D1AVX-a31a      0.003     0.048       0.206     0.679     -0.142     0.751      0.508     0.479      0.233     0.816    0.636     0.729   0.788     0.164      0.435     0.03230  -1	   0.2278486     0.0606866
     D1AVX-a31b     -0.003     0.072       0.283     0.677      0.334     0.763      0.490     0.516      0.392     0.864    0.727     0.726   0.920     0.098      0.139     0.02447  -1	   0.2829662     0.1868448
     D1AVX-a31c      0.011     0.042       0.202     0.653      0.148     0.780      0.580     0.542      0.681     0.809    0.667     0.698   0.827     0.144      0.121     0.01847  -1	   0.0725844     0.0906262
     D1AVX-a31d     -0.001     0.058       0.270     0.612      0.372     0.738      0.468     0.391      0.540     0.821    0.631     0.738   0.831     0.109      0.145     0.01553  -1	   0.2337843     0.2604690
     D1AVX-a32a      0.013     0.054       0.245     0.669      0.137     0.773      0.446     0.369      1.000     0.871    0.739     0.728   0.780     0.127      0.159     0.04931  -1	   0.2061502     0.1934672
     D1AVX-a32b      0.004     0.058       0.245     0.696     -0.094     0.764      0.552     0.734      0.383     0.813    0.629     0.729   0.747     0.129      0.234     0.01424  -1	   0.0733696    -0.0532781
     D1AVX-a32c      0.011     0.056       0.258     0.586     -0.050     0.783      0.451     0.360      0.280     0.822    0.650     0.726   0.554     0.123      0.241     0.04044  -1	   0.0762706     0.1151940
     D1AVX-a32d      0.006     0.052       0.240     0.632      0.117     0.781      0.466     0.379      0.226     0.844    0.670     0.740   0.713     0.121      0.201     0.05843  -1	   0.1220436     0.1653112
     D1AVX-a33a      0.004     0.065       0.258     0.625      0.007     0.773      0.464     0.305      0.892     0.879    0.765     0.718   0.713     0.098      0.282     0.05258  -1	   0.1745750     0.1954168
     D1AVX-a33b      0.008     0.064       0.262     0.612     -0.043     0.787      0.434     0.264      0.807     0.842    0.698     0.717   0.680     0.099      0.367     0.05169  -1	   0.1540635     0.2103508
     D1AVX-a33c      0.009     0.052       0.232     0.676      0.085     0.769      0.453     0.359      0.242     0.860    0.666     0.766   0.805     0.125      0.199     0.05787  -1	   0.1139585     0.1612343
     D1AVX-a33d      0.004     0.064       0.262     0.593      0.038     0.792      0.463     0.307      0.467     0.821    0.679     0.704   0.587     0.100      0.348     0.05066  -1	   0.1800213     0.1929219
     D1AVX-a34a     -0.003     0.070       0.313     0.592     -0.400     0.786      0.479     0.361      0.728     0.816    0.682     0.693   0.345     0.092      0.693     0.04741  -1	   0.1759277     0.1083581
     D1AVX-a34b      0.000     0.054       0.223     0.678     -0.226     0.780      0.506     0.473      0.062     0.837    0.581     0.788   0.637     0.122      0.315     0.05455  -1	   0.1625896     0.0495475
     D1AVX-a34c      0.010     0.083       0.326     0.689      0.418     0.776      0.415     0.426      0.090     0.840    0.665     0.739   0.945     0.080      0.136     0.05201  -1	   0.4362271     0.2489670
     D1AVX-a34d      0.003     0.069       0.279     0.595      0.099     0.777      0.406     0.252      0.382     0.794    0.654     0.688   0.612     0.099      0.202     0.09178  -1	   0.1350808     0.2133527
     D1AVX-a35a     -0.004     0.050       0.215     0.677      0.060     0.773      0.494     0.385      0.674     0.833    0.630     0.754   0.817     0.105      0.106     0.01623  -1	   0.0276865     0.1070082
     D1AVX-a35b     -0.003     0.065       0.292     0.603      0.299     0.791      0.456     0.475      0.195     0.832    0.686     0.713   0.825     0.094      0.234     0.01762  -1	   0.3058709     0.1894719
     D1AVX-a35c      0.002     0.062       0.245     0.640      0.261     0.774      0.525     0.561      0.170     0.791    0.622     0.710   0.825     0.124      0.183     0.01982  -1	   0.2143819     0.0762032
     D1AVX-a35d      0.004     0.064       0.266     0.646      0.083     0.787      0.439     0.295      0.893     0.833    0.683     0.716   0.738     0.096      0.323     0.05059  -1	   0.2101819     0.2169164
     D1AVX-a36a     -0.001     0.067       0.296     0.625      0.199     0.776      0.537     0.603      0.140     0.836    0.675     0.726   0.778     0.087      0.226     0.01744  -1	   0.2401350     0.0693540
     D1AVX-a36b     -0.001     0.070       0.305     0.580      0.222     0.761      0.470     0.509      0.435     0.813    0.620     0.736   0.661     0.092      0.243     0.01462  -1	   0.2173024     0.1152057
     D1AVX-a36c     -0.003     0.064       0.249     0.603      0.064     0.787      0.535     0.581      0.554     0.837    0.678     0.725   0.738     0.115      0.123     0.01755  -1	   0.0566246     0.0140652
     D1AVX-a36d      0.002     0.059       0.249     0.642     -0.056     0.776      0.541     0.493      0.702     0.830    0.612     0.761   0.680     0.104      0.240     0.03201  -1	   0.0609516     0.0303498
     D1AVX-a37a     -0.001     0.065       0.283     0.585      0.320     0.778      0.495     0.518      0.202     0.845    0.654     0.754   0.727     0.091      0.234     0.01813  -1	   0.2887020     0.1596225
     D1AVX-a37b      0.003     0.062       0.245     0.673      0.242     0.779      0.523     0.548      0.160     0.800    0.674     0.680   0.854     0.130      0.202     0.02032  -1	   0.2599493     0.1128595
     D1AVX-a37c      0.001     0.060       0.262     0.678      0.297     0.781      0.489     0.471      0.199     0.815    0.643     0.722   0.892     0.104      0.167     0.02153  -1	   0.2458944     0.1846624
     D1AVX-a37d     -0.001     0.063       0.262     0.605     -0.163     0.786      0.526     0.548      0.915     0.846    0.675     0.740   0.664     0.111      0.105     0.01677  -1	   0.0424934     0.0177227
     D1AVX-a38a     -0.006     0.069       0.275     0.682      0.092     0.787      0.494     0.534      0.990     0.871    0.727     0.737   0.805     0.097      0.096     0.01753  -1	   0.1843611     0.0966622
     D1AVX-a38b      0.005     0.060       0.258     0.677      0.223     0.771      0.505     0.490      0.184     0.809    0.638     0.719   0.854     0.107      0.159     0.02146  -1	   0.1888706     0.1247690
     D1AVX-a38c     -0.010     0.066       0.275     0.643      0.116     0.763      0.431     0.389      0.954     0.843    0.682     0.731   0.713     0.099      0.325     0.01914  -1	   0.2200381     0.1698594
     D1AVX-a38d     -0.004     0.039       0.189     0.535      0.234     0.762      0.520     0.471      0.742     0.801    0.625     0.718   0.705     0.139      0.131     0.00881  -1	   0.0760312     0.1324771
     D1AVX-a39a     -0.007     0.048       0.219     0.560     -0.035     0.749      0.573     0.601      0.992     0.827    0.656     0.729   0.778     0.118      0.307     0.00749  -1	   0.0755096     0.0495026
     D1AVX-a39b     -0.006     0.045       0.197     0.566      0.181     0.754      0.527     0.539      0.312     0.807    0.639     0.716   0.721     0.132      0.221     0.00752  -1	   0.0770472     0.0587472
     D1AVX-a39c      0.001     0.053       0.232     0.696     -0.285     0.764      0.464     0.541      0.690     0.840    0.662     0.741   0.582     0.129      0.138     0.00788  -1	  -0.0147747     0.0032769
     D1AVX-a39d     -0.007     0.047       0.210     0.653     -0.126     0.748      0.565     0.564      0.907     0.790    0.639     0.695   0.788     0.125      0.316     0.00775  -1	   0.0320582     0.0095162
      D1AVX-a3a      0.001     0.048       0.223     0.563      0.155     0.748      0.507     0.532      0.342     0.819    0.658     0.718   0.721     0.137      0.261     0.00995  -1	   0.1113768     0.0645877
      D1AVX-a3b     -0.001     0.048       0.210     0.632      0.247     0.757      0.507     0.539      0.411     0.821    0.675     0.706   0.784     0.135      0.192     0.00835  -1	   0.1450987     0.1090069
      D1AVX-a3c      0.001     0.054       0.236     0.684      0.000     0.761      0.502     0.543      0.386     0.821    0.616     0.747   0.780     0.116      0.076     0.01850  -1	  -0.0128960    -0.0084913
      D1AVX-a3d     -0.000     0.061       0.253     0.754     -0.015     0.773      0.468     0.528      0.067     0.810    0.633     0.724   0.793     0.123      0.077     0.02031  -1	   0.0675470    -0.0048419
     D1AVX-a40a     -0.001     0.055       0.236     0.655     -0.326     0.763      0.471     0.533      0.468     0.827    0.686     0.706   0.582     0.117      0.163     0.00822  -1	  -0.0030186    -0.0000831
     D1AVX-a40b      0.010     0.075       0.309     0.700     -0.054     0.757      0.410     0.616      0.950     0.828    0.643     0.739   0.802     0.100      0.196     0.00802  -1	   0.1236544     0.0792274
     D1AVX-a40c      0.006     0.067       0.288     0.656     -0.160     0.752      0.446     0.649      0.978     0.842    0.674     0.735   0.730     0.104      0.208     0.00779  -1	   0.0779100     0.0738385
     D1AVX-a40d      0.004     0.056       0.227     0.681     -0.366     0.776      0.496     0.552      0.374     0.821    0.686     0.698   0.538     0.123      0.196     0.00816  -1	   0.0472129    -0.0009777
     D1AVX-a41a      0.008     0.073       0.313     0.658      0.011     0.765      0.430     0.624      0.877     0.844    0.652     0.752   0.780     0.097      0.209     0.00801  -1	   0.1470096     0.0990738
     D1AVX-a41b      0.002     0.065       0.296     0.540     -0.469     0.759      0.539     0.614      0.778     0.828    0.638     0.743   0.267     0.106      0.147     0.00815  -1	   0.0016716     0.0115646
     D1AVX-a41c      0.011     0.073       0.305     0.668     -0.004     0.771      0.425     0.637      0.952     0.835    0.642     0.748   0.747     0.099      0.160     0.00799  -1	   0.1480818     0.1098492
     D1AVX-a41d      0.010     0.072       0.318     0.652     -0.051     0.762      0.424     0.615      0.968     0.855    0.663     0.761   0.747     0.098      0.176     0.00798  -1	   0.1290510     0.1083135
     D1AVX-a42a      0.002     0.063       0.253     0.691     -0.064     0.752      0.428     0.627      0.707     0.831    0.667     0.725   0.747     0.115      0.185     0.00802  -1	   0.0538037     0.0158807
     D1AVX-a42b     -0.005     0.066       0.300     0.684      0.004     0.764      0.499     0.529      0.392     0.818    0.639     0.728   0.780     0.101      0.223     0.00729  -1	   0.0981241     0.0146755
     D1AVX-a42c      0.002     0.060       0.283     0.569     -0.292     0.752      0.539     0.613      0.311     0.828    0.646     0.737   0.389     0.101      0.154     0.00801  -1	  -0.0268147    -0.0310589
     D1AVX-a42d     -0.008     0.067       0.296     0.660      0.180     0.756      0.449     0.490      0.397     0.778    0.611     0.702   0.845     0.096      0.226     0.00726  -1	   0.1780661     0.0743861
     D1AVX-a43a      0.002     0.051       0.227     0.614      0.244     0.772      0.535     0.466      0.650     0.788    0.596     0.724   0.787     0.138      0.191     0.00853  -1	   0.1503749     0.1415543
     D1AVX-a43b      0.001     0.053       0.232     0.611     -0.456     0.775      0.498     0.537      0.491     0.781    0.586     0.724   0.546     0.125      0.174     0.00828  -1	   0.0048403     0.0084800
     D1AVX-a43d      0.008     0.054       0.249     0.617      0.277     0.767      0.492     0.516      0.027     0.780    0.575     0.729   0.825     0.112      0.248     0.00811  -1	   0.2737150     0.1141549
     D1AVX-a44a     -0.007     0.068       0.279     0.709     -0.203     0.751      0.504     0.680      1.000     0.852    0.680     0.744   0.691     0.094      0.108     0.00932  -1	   0.0453880     0.0317012
     D1AVX-a44b     -0.006     0.068       0.288     0.690     -0.191     0.753      0.503     0.686      0.964     0.835    0.650     0.743   0.730     0.094      0.106     0.00930  -1	   0.0370398     0.0344200
     D1AVX-a44c     -0.006     0.069       0.283     0.707     -0.244     0.755      0.493     0.669      0.999     0.839    0.648     0.749   0.691     0.091      0.108     0.00931  -1	   0.0395594     0.0333171
     D1AVX-a44d      0.003     0.062       0.275     0.694     -0.430     0.771      0.451     0.517      0.136     0.874    0.687     0.772   0.000     0.099      0.044     0.00891  -1	  -0.0141579     0.0029332
     D1AVX-a45a     -0.002     0.053       0.275     0.588     -0.113     0.730      0.446     0.593      0.403     0.843    0.539     0.816   0.463     0.118      0.167     0.00908  -1	  -0.0308561     0.0044934
     D1AVX-a45b      0.006     0.058       0.270     0.541     -0.422     0.763      0.496     0.572      0.780     0.824    0.639     0.736   0.000     0.103      0.115     0.00885  -1	  -0.0217235     0.0036228
     D1AVX-a45c      0.005     0.053       0.227     0.602     -0.481     0.776      0.548     0.554      0.770     0.817    0.615     0.744   0.546     0.124      0.245     0.00883  -1	   0.0328176     0.0229448
     D1AVX-a45d      0.003     0.056       0.266     0.635     -0.378     0.766      0.452     0.414      1.000     0.891    0.753     0.751   0.471     0.103      0.107     0.00904  -1	   0.0340013     0.0618904
     D1AVX-a46a     -0.000     0.057       0.249     0.628      0.046     0.753      0.488     0.460      0.443     0.814    0.605     0.747   0.713     0.115      0.152     0.01579  -1	   0.0329288     0.0425589
     D1AVX-a46b      0.003     0.055       0.240     0.701     -0.180     0.775      0.558     0.742      0.791     0.818    0.626     0.739   0.785     0.123      0.228     0.01452  -1	   0.0276006    -0.0007490
     D1AVX-a46c      0.004     0.055       0.236     0.694     -0.141     0.738      0.540     0.535      0.214     0.843    0.672     0.738   0.656     0.106      0.060     0.01396  -1	  -0.0212610     0.0060659
     D1AVX-a46d      0.001     0.055       0.262     0.735      0.195     0.751      0.477     0.534      0.782     0.808    0.639     0.717   0.900     0.105      0.095     0.00825  -1	   0.1331021     0.1035070
     D1AVX-a47a      0.002     0.057       0.240     0.721     -0.065     0.772      0.554     0.736      0.387     0.824    0.646     0.732   0.802     0.137      0.211     0.01420  -1	   0.0716027    -0.0543791
     D1AVX-a47b      0.003     0.072       0.288     0.715     -0.036     0.761      0.470     0.426      0.331     0.838    0.721     0.692   0.802     0.092      0.071     0.01478  -1	   0.0429286     0.0448750
     D1AVX-a47c      0.008     0.057       0.258     0.742      0.171     0.741      0.452     0.448      0.044     0.856    0.648     0.771   0.900     0.116      0.131     0.01196  -1	   0.1711339     0.1055977
     D1AVX-a47d      0.002     0.056       0.236     0.690      0.028     0.754      0.533     0.530      0.236     0.835    0.634     0.754   0.780     0.100      0.077     0.01437  -1	   0.0076907     0.0143751
     D1AVX-a48a      0.002     0.063       0.288     0.541      0.320     0.766      0.507     0.514      0.163     0.847    0.655     0.756   0.574     0.088      0.074     0.02002  -1	   0.1427186     0.1161496
     D1AVX-a48b      0.001     0.063       0.305     0.482      0.462     0.769      0.507     0.515      0.074     0.812    0.638     0.722   0.451     0.091      0.059     0.02081  -1	   0.2497919     0.1926291
     D1AVX-a48c      0.001     0.067       0.309     0.581      0.533     0.767      0.465     0.460      0.176     0.831    0.650     0.737   0.715     0.085      0.114     0.01989  -1	   0.4212852     0.3551044
     D1AVX-a48d      0.006     0.055       0.236     0.707     -0.067     0.766      0.536     0.693      0.118     0.789    0.633     0.698   0.802     0.125      0.179     0.01380  -1	   0.1056701    -0.0717753
     D1AVX-a49a      0.006     0.046       0.223     0.722      0.005     0.763      0.491     0.554      0.756     0.827    0.627     0.748   0.805     0.123      0.183     0.02280  -1	   0.0490408     0.0415867
     D1AVX-a49b      0.007     0.046       0.219     0.760     -0.049     0.758      0.483     0.550      0.700     0.815    0.601     0.751   0.855     0.118      0.177     0.02264  -1	   0.0267434     0.0184203
     D1AVX-a49c     -0.001     0.071       0.296     0.700      0.382     0.781      0.479     0.486      0.099     0.825    0.636     0.739   0.952     0.082      0.017     0.02630  -1	   0.2381105     0.1811777
     D1AVX-a49d      0.000     0.064       0.300     0.511      0.595     0.771      0.523     0.527      0.427     0.824    0.652     0.727   0.544     0.092      0.110     0.02037  -1	   0.4865815     0.4269499
      D1AVX-a4a     -0.003     0.049       0.219     0.629      0.114     0.762      0.518     0.633      0.444     0.816    0.630     0.732   0.771     0.140      0.159     0.01073  -1	   0.0438993    -0.0041243
      D1AVX-a4b     -0.005     0.069       0.283     0.752      0.522     0.750      0.383     0.396      0.077     0.849    0.691     0.733   0.955     0.103      0.218     0.01509  -1	   0.5883610     0.4078703
      D1AVX-a4c     -0.004     0.060       0.245     0.647      0.052     0.773      0.520     0.468      0.389     0.797    0.631     0.710   0.738     0.126      0.290     0.01314  -1	   0.1357060     0.0626589
      D1AVX-a4d      0.003     0.054       0.232     0.624      0.120     0.757      0.568     0.660      0.660     0.810    0.613     0.736   0.713     0.120      0.215     0.01429  -1	   0.1008689     0.0388127
     D1AVX-a50a     -0.000     0.070       0.292     0.620      0.068     0.771      0.451     0.379      0.364     0.761    0.604     0.688   0.738     0.094      0.277     0.03043  -1	   0.1596318     0.1098525
     D1AVX-a50b      0.003     0.061       0.266     0.643      0.141     0.766      0.531     0.586      0.229     0.818    0.665     0.711   0.713     0.107      0.048     0.02244  -1	   0.0508427     0.0288665
     D1AVX-a50c      0.007     0.047       0.210     0.695     -0.139     0.753      0.521     0.498      0.475     0.806    0.653     0.703   0.788     0.166      0.418     0.03137  -1	   0.1460288     0.0286771
     D1AVX-a50d      0.015     0.051       0.232     0.642      0.074     0.761      0.446     0.353      0.905     0.856    0.716     0.723   0.738     0.122      0.153     0.04858  -1	   0.1260386     0.1695401
     D1AVX-a51a      0.002     0.062       0.240     0.582     -0.180     0.777      0.446     0.284      0.844     0.830    0.688     0.708   0.538     0.101      0.283     0.05278  -1	   0.0633130     0.1525675
     D1AVX-a51b      0.002     0.081       0.330     0.630     -0.251     0.797      0.428     0.310      0.403     0.874    0.698     0.765   0.515     0.086      0.551     0.05152  -1	   0.2711399     0.1026534
     D1AVX-a51c      0.008     0.080       0.322     0.678      0.412     0.776      0.391     0.367      0.837     0.840    0.706     0.708   0.945     0.082      0.179     0.05775  -1	   0.4870127     0.3796121
     D1AVX-a51d      0.005     0.079       0.330     0.592     -0.101     0.779      0.495     0.375      0.478     0.825    0.633     0.742   0.463     0.077      0.420     0.04826  -1	   0.1814924     0.0567070
     D1AVX-a52a      0.006     0.063       0.253     0.580      0.059     0.790      0.426     0.272      0.461     0.829    0.664     0.725   0.612     0.099      0.387     0.05187  -1	   0.2007663     0.2437156
     D1AVX-a52b      0.005     0.062       0.258     0.560     -0.025     0.785      0.449     0.281      0.462     0.832    0.680     0.717   0.554     0.104      0.350     0.05709  -1	   0.1352461     0.1986158
     D1AVX-a52c      0.004     0.064       0.262     0.615      0.053     0.784      0.455     0.289      0.689     0.817    0.673     0.704   0.738     0.097      0.363     0.05194  -1	   0.1819180     0.2132280
     D1AVX-a52d      0.003     0.063       0.266     0.592     -0.025     0.786      0.424     0.270      0.648     0.827    0.669     0.719   0.554     0.106      0.323     0.05139  -1	   0.1204789     0.1787307
     D1AVX-a53a      0.006     0.063       0.262     0.641     -0.129     0.786      0.442     0.396      0.040     0.804    0.583     0.750   0.589     0.096      0.412     0.06561  -1	   0.2656696     0.1110104
     D1AVX-a53b      0.003     0.064       0.249     0.608     -0.086     0.786      0.435     0.278      0.872     0.850    0.729     0.704   0.680     0.097      0.372     0.05175  -1	   0.1445861     0.2131489
     D1AVX-a53c      0.008     0.065       0.270     0.632      0.017     0.778      0.436     0.269      0.646     0.852    0.730     0.705   0.713     0.099      0.352     0.05171  -1	   0.1925569     0.2281723
     D1AVX-a53d      0.001     0.079       0.326     0.634     -0.305     0.780      0.488     0.392      0.018     0.870    0.697     0.758   0.515     0.085      0.626     0.05309  -1	   0.5101795     0.1184519
     D1AVX-a54a     -0.013     0.067       0.292     0.672      0.170     0.759      0.434     0.405      0.999     0.871    0.717     0.746   0.845     0.090      0.314     0.01972  -1	   0.2764308     0.2112976
     D1AVX-a54b      0.006     0.072       0.309     0.730      0.221     0.796      0.432     0.360      0.009     0.823    0.595     0.763   0.909     0.088      0.358     0.06690  -1	   0.4807596     0.2553468
     D1AVX-a54c      0.005     0.062       0.258     0.643     -0.104     0.784      0.488     0.428      0.431     0.844    0.682     0.731   0.589     0.111      0.248     0.03233  -1	   0.0783343     0.0525252
     D1AVX-a54d     -0.007     0.066       0.275     0.612      0.050     0.773      0.428     0.376      0.996     0.828    0.666     0.723   0.738     0.095      0.341     0.01982  -1	   0.1896654     0.1730801
     D1AVX-a55a     -0.011     0.069       0.296     0.614      0.249     0.768      0.438     0.397      0.999     0.868    0.699     0.753   0.787     0.098      0.223     0.02069  -1	   0.3199308     0.2486972
     D1AVX-a55b      0.003     0.058       0.240     0.650     -0.131     0.779      0.526     0.482      0.816     0.826    0.609     0.758   0.656     0.101      0.360     0.02655  -1	   0.0828963     0.0373808
     D1AVX-a55c     -0.013     0.065       0.288     0.655      0.189     0.759      0.435     0.415      0.995     0.825    0.705     0.687   0.845     0.097      0.305     0.02003  -1	   0.2651814     0.2072381
     D1AVX-a55d      0.001     0.063       0.232     0.663      0.090     0.780      0.542     0.569      0.619     0.829    0.637     0.744   0.805     0.124      0.280     0.01839  -1	   0.1496632     0.0310316
     D1AVX-a56a      0.003     0.064       0.232     0.661      0.043     0.777      0.544     0.562      0.635     0.831    0.663     0.729   0.780     0.119      0.275     0.01881  -1	   0.1337944     0.0240590
     D1AVX-a56b      0.004     0.063       0.236     0.641      0.025     0.773      0.532     0.543      0.319     0.814    0.625     0.734   0.713     0.121      0.269     0.01892  -1	   0.1329550     0.0071974
     D1AVX-a56c      0.004     0.063       0.240     0.641     -0.025     0.784      0.539     0.554      0.336     0.823    0.602     0.760   0.680     0.125      0.262     0.01863  -1	   0.1037464    -0.0115741
     D1AVX-a56d      0.004     0.063       0.232     0.631      0.025     0.783      0.553     0.573      0.713     0.830    0.625     0.753   0.713     0.122      0.269     0.01855  -1	   0.1152868     0.0216521
     D1AVX-a57a      0.003     0.064       0.232     0.638      0.055     0.774      0.548     0.559      0.363     0.819    0.646     0.725   0.738     0.122      0.269     0.01911  -1	   0.1439744     0.0130120
     D1AVX-a57b     -0.006     0.053       0.236     0.750     -0.263     0.783      0.570     0.678      0.758     0.800    0.645     0.703   0.628     0.129      0.070     0.01289  -1	  -0.0370177    -0.0160142
     D1AVX-a57c     -0.007     0.069       0.275     0.638      0.004     0.778      0.514     0.554      0.501     0.826    0.660     0.724   0.713     0.099      0.167     0.01700  -1	   0.0610628     0.0042556
     D1AVX-a57d      0.005     0.059       0.253     0.626      0.029     0.768      0.524     0.468      0.508     0.854    0.650     0.768   0.713     0.106      0.231     0.03130  -1	   0.0841304     0.0610235
     D1AVX-a58a     -0.010     0.047       0.206     0.670     -0.005     0.745      0.606     0.671      0.516     0.831    0.667     0.725   0.852     0.115      0.012     0.00853  -1	  -0.0693101    -0.0310960
     D1AVX-a58b     -0.016     0.049       0.215     0.638      0.111     0.752      0.578     0.673      0.982     0.821    0.629     0.739   0.771     0.118      0.160     0.00886  -1	   0.1032492     0.0440227
     D1AVX-a58c     -0.007     0.047       0.210     0.640     -0.099     0.756      0.539     0.565      0.425     0.817    0.661     0.712   0.756     0.129      0.215     0.00770  -1	   0.0102814    -0.0129999
     D1AVX-a58d     -0.008     0.048       0.236     0.534     -0.061     0.749      0.610     0.659      0.793     0.823    0.641     0.733   0.677     0.112      0.369     0.00747  -1	   0.0524030     0.0210781
     D1AVX-a59a     -0.001     0.061       0.262     0.681     -0.248     0.766      0.481     0.606      0.527     0.830    0.644     0.741   0.637     0.101      0.122     0.00814  -1	  -0.0256834    -0.0268513
     D1AVX-a59b      0.004     0.053       0.232     0.531     -0.461     0.767      0.513     0.578      0.684     0.806    0.643     0.711   0.267     0.116      0.204     0.00815  -1	  -0.0012256     0.0225965
     D1AVX-a59c     -0.006     0.046       0.210     0.656     -0.133     0.762      0.572     0.571      0.937     0.795    0.641     0.700   0.788     0.125      0.316     0.00756  -1	   0.0356238     0.0145781
     D1AVX-a59d     -0.016     0.052       0.210     0.639     -0.245     0.743      0.534     0.588      0.832     0.833    0.654     0.737   0.570     0.109      0.152     0.00793  -1	  -0.0171178    -0.0106620
      D1AVX-a5a      0.003     0.069       0.288     0.636     -0.117     0.757      0.527     0.650      0.713     0.811    0.650     0.712   0.589     0.097      0.192     0.01291  -1	   0.0475219     0.0115459
      D1AVX-a5b      0.005     0.054       0.227     0.630      0.175     0.761      0.545     0.621      0.341     0.831    0.675     0.720   0.778     0.122      0.232     0.01431  -1	   0.1591483     0.0428572
      D1AVX-a5c     -0.002     0.062       0.275     0.661     -0.066     0.773      0.489     0.486      0.501     0.816    0.597     0.755   0.747     0.094      0.285     0.01663  -1	   0.0787799     0.0191655
      D1AVX-a5d      0.000     0.070       0.292     0.632     -0.081     0.754      0.554     0.683      0.082     0.830    0.658     0.731   0.680     0.094      0.151     0.01298  -1	   0.0690651    -0.0668859
     D1AVX-a60a     -0.006     0.058       0.266     0.632      0.111     0.754      0.482     0.574      0.616     0.787    0.640     0.691   0.713     0.107      0.070     0.00790  -1	   0.0418634     0.0401112
     D1AVX-a60b     -0.010     0.060       0.266     0.620      0.150     0.757      0.490     0.584      0.120     0.799    0.639     0.707   0.778     0.109      0.075     0.00790  -1	   0.0472273    -0.0237807
     D1AVX-a60c     -0.004     0.053       0.249     0.537      0.141     0.748      0.565     0.576      0.333     0.787    0.613     0.711   0.434     0.104      0.298     0.00699  -1	   0.1209615     0.0413238
     D1AVX-a60d      0.006     0.064       0.258     0.696      0.093     0.750      0.484     0.688      0.351     0.804    0.631     0.718   0.805     0.111      0.126     0.00796  -1	   0.0873341    -0.0365317
     D1AVX-a61a     -0.014     0.064       0.275     0.580      0.125     0.761      0.518     0.572      0.081     0.748    0.621     0.661   0.587     0.117      0.099     0.00788  -1	   0.0655391    -0.0007151
     D1AVX-a61b      0.004     0.063       0.249     0.695     -0.059     0.750      0.439     0.640      0.702     0.810    0.667     0.699   0.747     0.115      0.178     0.00799  -1	   0.0533130     0.0055042
     D1AVX-a61c     -0.004     0.063       0.292     0.580      0.064     0.760      0.508     0.569      0.879     0.860    0.661     0.769   0.612     0.095      0.123     0.00754  -1	   0.1183341     0.0871996
     D1AVX-a61d     -0.005     0.056       0.262     0.490      0.199     0.752      0.494     0.487      0.653     0.801    0.628     0.716   0.381     0.099      0.254     0.00701  -1	   0.1452454     0.1157975
     D1AVX-a62a     -0.003     0.062       0.296     0.674     -0.315     0.761      0.500     0.531      0.835     0.887    0.682     0.794   0.582     0.104      0.144     0.00926  -1	  -0.0043899     0.0072030
     D1AVX-a62b      0.003     0.060       0.253     0.661     -0.070     0.767      0.495     0.561      0.756     0.838    0.679     0.726   0.747     0.104      0.199     0.01034  -1	   0.0573947     0.0251400
     D1AVX-a62c      0.001     0.061       0.283     0.679      0.283     0.798      0.457     0.515      0.082     0.774    0.585     0.716   0.892     0.084      0.108     0.01132  -1	   0.2088097     0.0982434
     D1AVX-a62d     -0.001     0.050       0.240     0.667      0.226     0.770      0.464     0.385      0.158     0.812    0.650     0.713   0.840     0.100      0.164     0.00750  -1	   0.1628377     0.2261359
     D1AVX-a63a     -0.005     0.068       0.288     0.698     -0.189     0.756      0.499     0.673      0.966     0.833    0.649     0.741   0.730     0.093      0.096     0.00932  -1	   0.0372056     0.0320725
     D1AVX-a63b     -0.000     0.057       0.262     0.506     -0.256     0.774      0.535     0.629      0.948     0.844    0.641     0.760   0.236     0.101      0.063     0.00910  -1	   0.0271780     0.0178644
     D1AVX-a63c     -0.001     0.060       0.292     0.649     -0.204     0.743      0.482     0.639      0.482     0.844    0.555     0.809   0.570     0.100      0.094     0.00824  -1	  -0.0474427     0.0004276
     D1AVX-a63d     -0.001     0.052       0.249     0.589     -0.270     0.770      0.559     0.711      0.381     0.844    0.604     0.783   0.389     0.108      0.078     0.00843  -1	  -0.0855857    -0.0320723
     D1AVX-a64a      0.005     0.070       0.322     0.678      0.412     0.761      0.440     0.559      0.281     0.831    0.646     0.740   0.945     0.090      0.085     0.01142  -1	   0.3129865     0.1815003
     D1AVX-a64b      0.004     0.059       0.262     0.492     -0.441     0.759      0.538     0.619      0.906     0.839    0.678     0.728   0.000     0.102      0.116     0.00888  -1	   0.0118625     0.0076229
     D1AVX-a64c      0.002     0.061       0.270     0.706      0.035     0.764      0.430     0.348      0.326     0.772    0.611     0.696   0.834     0.103      0.213     0.00894  -1	   0.1124591     0.1241042
     D1AVX-a64d      0.001     0.061       0.258     0.599      0.290     0.770      0.492     0.515      0.533     0.789    0.577     0.738   0.699     0.094      0.109     0.01438  -1	   0.1698726     0.1283553
     D1AVX-a65a      0.004     0.061       0.279     0.677      0.424     0.784      0.434     0.481      0.115     0.798    0.629     0.712   0.945     0.087      0.204     0.01190  -1	   0.4164294     0.2541652
     D1AVX-a65b      0.005     0.053       0.249     0.634     -0.275     0.756      0.550     0.636      0.977     0.810    0.629     0.727   0.515     0.104      0.044     0.01348  -1	   0.0177513     0.0070835
     D1AVX-a65c      0.005     0.053       0.240     0.590     -0.263     0.758      0.566     0.652      0.867     0.817    0.631     0.733   0.389     0.101      0.042     0.01358  -1	  -0.0076130    -0.0051289
     D1AVX-a65d      0.002     0.052       0.249     0.593     -0.185     0.753      0.593     0.685      0.937     0.814    0.619     0.738   0.538     0.102      0.059     0.01354  -1	   0.0162862     0.0118864
     D1AVX-a66a     -0.000     0.054       0.240     0.614     -0.389     0.752      0.555     0.630      0.503     0.852    0.593     0.799   0.471     0.109      0.050     0.01360  -1	  -0.0576637    -0.0173777
     D1AVX-a66b     -0.000     0.053       0.253     0.672     -0.313     0.752      0.536     0.629      0.555     0.830    0.669     0.722   0.582     0.105      0.058     0.01379  -1	  -0.0597724    -0.0229880
     D1AVX-a66c      0.004     0.055       0.240     0.708     -0.090     0.763      0.569     0.749      0.374     0.810    0.629     0.726   0.802     0.122      0.235     0.01422  -1	   0.0722586    -0.0587026
     D1AVX-a66d      0.004     0.052       0.227     0.540     -0.187     0.761      0.589     0.676      0.931     0.809    0.634     0.722   0.384     0.107      0.060     0.01349  -1	   0.0210199    -0.0060992
     D1AVX-a67a      0.004     0.056       0.240     0.697     -0.084     0.764      0.541     0.697      0.072     0.763    0.591     0.699   0.747     0.124      0.207     0.01394  -1	   0.1273954    -0.0717855
     D1AVX-a67b      0.002     0.065       0.313     0.483      0.457     0.759      0.536     0.551      0.061     0.841    0.693     0.720   0.451     0.088      0.052     0.02051  -1	   0.2560734     0.2098564
     D1AVX-a67c      0.006     0.048       0.210     0.674     -0.243     0.762      0.532     0.497      0.832     0.804    0.609     0.734   0.773     0.124      0.206     0.01689  -1	   0.0094469     0.0189098
     D1AVX-a67d      0.001     0.062       0.288     0.502      0.530     0.765      0.527     0.524      0.109     0.802    0.609     0.731   0.562     0.093      0.049     0.02034  -1	   0.2929424     0.2492218
     D1AVX-a68a      0.013     0.059       0.249     0.688     -0.101     0.765      0.411     0.336      0.052     0.855    0.622     0.786   0.656     0.116      0.084     0.04177  -1	   0.0237133     0.0978073
     D1AVX-a68b      0.001     0.068       0.292     0.472     -0.444     0.770      0.472     0.410      0.688     0.801    0.650     0.700   0.000     0.097      0.158     0.12038  -1	  -0.0155006     0.0272910
     D1AVX-a68c      0.001     0.057       0.240     0.704     -0.091     0.763      0.554     0.730      0.502     0.818    0.630     0.736   0.802     0.135      0.215     0.01431  -1	   0.0447502    -0.0482091
     D1AVX-a68d     -0.003     0.052       0.236     0.731      0.179     0.771      0.498     0.472      0.921     0.802    0.647     0.703   0.900     0.120      0.155     0.05905  -1	   0.1585522     0.1215689
     D1AVX-a69a      0.009     0.067       0.266     0.671     -0.394     0.786      0.457     0.390      0.228     0.746    0.574     0.694   0.538     0.095      0.082     0.06827  -1	   0.0083421     0.0553721
     D1AVX-a69b      0.002     0.058       0.258     0.599     -0.074     0.781      0.467     0.326      0.863     0.812    0.658     0.708   0.554     0.106      0.302     0.05093  -1	   0.0886756     0.1227204
     D1AVX-a69c      0.002     0.074       0.318     0.594     -0.433     0.784      0.488     0.359      0.429     0.819    0.667     0.710   0.000     0.089      0.607     0.05464  -1	   0.2168425     0.0680235
     D1AVX-a69d      0.005     0.063       0.253     0.592     -0.059     0.774      0.427     0.268      0.607     0.824    0.663     0.720   0.554     0.103      0.357     0.05187  -1	   0.1180720     0.1816011
      D1AVX-a6a      0.004     0.049       0.206     0.619     -0.279     0.765      0.497     0.579      0.752     0.795    0.621     0.715   0.671     0.158      0.094     0.01161  -1	  -0.0190254    -0.0030217
      D1AVX-a6b     -0.001     0.053       0.236     0.584     -0.128     0.760      0.566     0.623      0.403     0.793    0.615     0.716   0.463     0.115      0.154     0.01140  -1	  -0.0280196    -0.0325111
      D1AVX-a6c      0.003     0.049       0.215     0.656     -0.445     0.763      0.531     0.621      0.892     0.822    0.645     0.729   0.639     0.147      0.163     0.01170  -1	   0.0259959     0.0180795
      D1AVX-a6d      0.002     0.060       0.249     0.704      0.074     0.775      0.460     0.495      0.278     0.854    0.629     0.781   0.859     0.115      0.239     0.01218  -1	   0.1475829     0.0304010
     D1AVX-a70a      0.005     0.063       0.245     0.606      0.023     0.789      0.432     0.266      0.761     0.835    0.675     0.725   0.713     0.098      0.383     0.05202  -1	   0.1743684     0.2394473
     D1AVX-a70b      0.010     0.073       0.326     0.665     -0.394     0.755      0.433     0.336      0.157     0.865    0.656     0.778   0.538     0.086      0.049     0.11669  -1	  -0.0269939     0.0544733
     D1AVX-a70c     -0.007     0.082       0.348     0.451      0.006     0.787      0.508     0.453      0.177     0.816    0.639     0.727   0.316     0.078      0.226     0.13175  -1	   0.0952996     0.0231083
     D1AVX-a70d      0.006     0.063       0.262     0.579      0.005     0.785      0.449     0.287      0.862     0.829    0.670     0.721   0.587     0.099      0.356     0.05132  -1	   0.1608371     0.1902361
     D1AVX-a71a     -0.001     0.073       0.296     0.656     -0.486     0.767      0.506     0.396      0.956     0.810    0.657     0.707   0.613     0.088      0.214     0.12009  -1	   0.0437446     0.0256495
     D1AVX-a71b      0.001     0.075       0.296     0.616     -0.367     0.783      0.455     0.353      0.160     0.724    0.577     0.669   0.471     0.093      0.134     0.12721  -1	   0.0366592     0.0777454
     D1AVX-a71c      0.004     0.066       0.279     0.643     -0.382     0.769      0.488     0.412      0.133     0.743    0.547     0.710   0.471     0.100      0.224     0.12518  -1	   0.0942622     0.0642990
     D1AVX-a71d      0.002     0.070       0.300     0.665     -0.458     0.775      0.478     0.414      0.261     0.771    0.586     0.712   0.613     0.092      0.187     0.11998  -1	   0.0543090     0.0366095
     D1AVX-a72a      0.004     0.070       0.309     0.720      0.242     0.782      0.416     0.359      0.052     0.861    0.659     0.771   0.909     0.086      0.369     0.06766  -1	   0.4867163     0.2647793
     D1AVX-a72b      0.001     0.066       0.292     0.702      0.068     0.789      0.455     0.418      0.202     0.829    0.608     0.763   0.859     0.097      0.352     0.06710  -1	   0.2696660     0.0996618
     D1AVX-a72c      0.001     0.082       0.335     0.596      0.050     0.781      0.490     0.421      0.520     0.840    0.623     0.767   0.612     0.084      0.194     0.05019  -1	   0.1332769     0.0696428
     D1AVX-a72d      0.003     0.064       0.266     0.679     -0.005     0.798      0.470     0.421      0.407     0.838    0.568     0.797   0.747     0.109      0.404     0.06439  -1	   0.2022391     0.0678366
     D1AVX-a73a      0.007     0.056       0.253     0.551     -0.109     0.758      0.530     0.440      0.514     0.806    0.608     0.736   0.463     0.108      0.250     0.04097  -1	   0.0205453     0.0337832
     D1AVX-a73b     -0.006     0.066       0.266     0.673      0.013     0.786      0.502     0.523      0.746     0.851    0.704     0.725   0.780     0.100      0.153     0.01783  -1	   0.0879545     0.0457158
     D1AVX-a73c      0.011     0.068       0.300     0.631     -0.007     0.775      0.443     0.365      0.036     0.830    0.634     0.748   0.680     0.086      0.342     0.06942  -1	   0.2659767     0.1386521
     D1AVX-a73d      0.005     0.058       0.253     0.547     -0.073     0.773      0.547     0.467      0.256     0.802    0.619     0.724   0.401     0.106      0.234     0.03564  -1	   0.0416348     0.0279093
     D1AVX-a74a     -0.008     0.057       0.262     0.547      0.086     0.766      0.498     0.435      0.413     0.799    0.637     0.708   0.459     0.093      0.316     0.02174  -1	   0.1211396     0.0944627
     D1AVX-a74b      0.003     0.066       0.249     0.598     -0.023     0.770      0.557     0.580      0.228     0.810    0.624     0.731   0.554     0.112      0.249     0.01898  -1	   0.1070448    -0.0188182
     D1AVX-a74c     -0.004     0.050       0.206     0.693     -0.189     0.778      0.541     0.509      0.128     0.835    0.668     0.729   0.757     0.138      0.234     0.01335  -1	   0.1085513     0.0439845
     D1AVX-a74d      0.004     0.063       0.227     0.625     -0.005     0.777      0.521     0.528      0.252     0.833    0.659     0.733   0.680     0.129      0.253     0.01911  -1	   0.1261391     0.0099321
     D1AVX-a75a     -0.012     0.066       0.279     0.625      0.374     0.771      0.486     0.561      0.416     0.815    0.623     0.737   0.831     0.101      0.194     0.01287  -1	   0.2914867     0.1719268
     D1AVX-a75b      0.002     0.063       0.232     0.646     -0.018     0.781      0.523     0.533      0.271     0.807    0.638     0.716   0.680     0.130      0.259     0.01910  -1	   0.1271580     0.0048481
     D1AVX-a75c     -0.005     0.056       0.236     0.705      0.036     0.768      0.584     0.689      0.630     0.817    0.660     0.713   0.834     0.110      0.081     0.01268  -1	   0.0204977     0.0032748
     D1AVX-a75d     -0.008     0.065       0.305     0.605      0.269     0.762      0.495     0.537      0.901     0.824    0.612     0.754   0.825     0.085      0.117     0.01591  -1	   0.2602801     0.1934342
     D1AVX-a76a      0.002     0.065       0.275     0.679      0.021     0.742      0.473     0.686      0.258     0.808    0.665     0.697   0.780     0.104      0.057     0.01189  -1	   0.0205132    -0.0658353
     D1AVX-a76b     -0.005     0.058       0.262     0.694     -0.253     0.749      0.512     0.582      0.479     0.812    0.625     0.733   0.582     0.112      0.150     0.01293  -1	  -0.0200928    -0.0300121
     D1AVX-a76c     -0.003     0.060       0.253     0.613      0.127     0.761      0.493     0.610      0.822     0.818    0.649     0.723   0.713     0.103      0.096     0.01138  -1	   0.1097998     0.0699315
     D1AVX-a76d     -0.009     0.049       0.215     0.622     -0.175     0.759      0.516     0.509      0.901     0.805    0.610     0.734   0.701     0.113      0.037     0.01108  -1	  -0.0104407     0.0098580
     D1AVX-a77a     -0.008     0.047       0.223     0.743     -0.514     0.780      0.601     0.639      0.940     0.804    0.594     0.743   0.688     0.117      0.098     0.01141  -1	   0.0095081     0.0044511
     D1AVX-a77b      0.001     0.064       0.283     0.615      0.086     0.747      0.536     0.734      0.983     0.807    0.659     0.702   0.738     0.110      0.050     0.01174  -1	   0.1340254     0.0876234
     D1AVX-a77c      0.004     0.065       0.270     0.643      0.082     0.748      0.527     0.736      0.920     0.797    0.639     0.704   0.738     0.112      0.075     0.01164  -1	   0.1185243     0.0704599
     D1AVX-a77d     -0.007     0.064       0.300     0.629     -0.030     0.753      0.543     0.604      0.067     0.804    0.619     0.727   0.680     0.098      0.144     0.01074  -1	   0.0515428    -0.0287596
     D1AVX-a78a     -0.010     0.063       0.270     0.587      0.106     0.767      0.493     0.543      0.124     0.748    0.614     0.666   0.587     0.106      0.130     0.00790  -1	   0.0751443     0.0079762
     D1AVX-a78b     -0.007     0.060       0.258     0.696      0.141     0.751      0.495     0.573      0.126     0.787    0.626     0.702   0.780     0.111      0.139     0.00788  -1	   0.1273364     0.0147768
     D1AVX-a78c     -0.008     0.065       0.288     0.585     -0.398     0.751      0.560     0.595      0.799     0.817    0.612     0.746   0.345     0.098      0.140     0.01059  -1	  -0.0117016    -0.0138514
     D1AVX-a78d     -0.005     0.059       0.249     0.672      0.200     0.747      0.492     0.569      0.416     0.778    0.622     0.693   0.854     0.118      0.129     0.00784  -1	   0.1053895     0.0317088
     D1AVX-a79a     -0.005     0.055       0.249     0.500      0.142     0.757      0.530     0.531      0.444     0.790    0.607     0.718   0.434     0.105      0.289     0.00696  -1	   0.1027037     0.0547943
     D1AVX-a79b      0.001     0.048       0.227     0.665      0.217     0.762      0.526     0.591      0.229     0.782    0.572     0.734   0.840     0.114      0.053     0.01049  -1	   0.0442751     0.0263788
     D1AVX-a79c     -0.001     0.061       0.253     0.672      0.305     0.766      0.467     0.516      0.670     0.799    0.621     0.719   0.920     0.108      0.257     0.00931  -1	   0.2721717     0.1627797
     D1AVX-a79d     -0.006     0.058       0.258     0.684      0.182     0.757      0.495     0.575      0.066     0.777    0.608     0.703   0.845     0.119      0.114     0.00785  -1	   0.1287663     0.0119560
      D1AVX-a7a     -0.000     0.070       0.300     0.645      0.177     0.769      0.465     0.499      0.180     0.834    0.650     0.741   0.778     0.093      0.262     0.01491  -1	   0.2558844     0.0799954
      D1AVX-a7b      0.005     0.068       0.300     0.580      0.231     0.764      0.440     0.463      0.176     0.813    0.591     0.754   0.661     0.092      0.297     0.01418  -1	   0.2776624     0.1118608
      D1AVX-a7c     -0.003     0.066       0.292     0.687     -0.062     0.760      0.498     0.490      0.656     0.826    0.613     0.757   0.747     0.091      0.221     0.01703  -1	   0.0599959     0.0211764
      D1AVX-a7d     -0.002     0.054       0.232     0.649      0.153     0.765      0.564     0.662      0.377     0.803    0.664     0.692   0.778     0.117      0.219     0.01468  -1	   0.1362608     0.0271469
     D1AVX-a80a      0.000     0.053       0.245     0.581     -0.031     0.755      0.598     0.637      0.869     0.819    0.619     0.744   0.554     0.107      0.006     0.01123  -1	   0.0277334     0.0112391
     D1AVX-a80b      0.005     0.048       0.185     0.650     -0.088     0.771      0.493     0.506      0.233     0.747    0.608     0.670   0.812     0.125      0.296     0.01085  -1	   0.1158258     0.0385722
     D1AVX-a80c      0.002     0.070       0.270     0.667      0.314     0.777      0.416     0.506      0.020     0.738    0.567     0.691   0.920     0.111      0.105     0.01225  -1	   0.2487568     0.0326295
     D1AVX-a80d     -0.003     0.060       0.245     0.590      0.284     0.770      0.496     0.541      0.229     0.767    0.593     0.702   0.699     0.096      0.209     0.01018  -1	   0.2045368     0.0904015
     D1AVX-a81a      0.006     0.056       0.219     0.596     -0.066     0.764      0.561     0.601      0.571     0.780    0.618     0.699   0.554     0.115      0.039     0.01057  -1	  -0.0313041    -0.0240291
     D1AVX-a81b      0.003     0.069       0.296     0.604      0.330     0.771      0.536     0.556      0.247     0.799    0.627     0.715   0.853     0.086      0.177     0.01412  -1	   0.2742950     0.1576668
     D1AVX-a81c     -0.000     0.054       0.236     0.576      0.006     0.763      0.569     0.614      0.559     0.746    0.565     0.700   0.587     0.101      0.096     0.01112  -1	  -0.0122698    -0.0085831
     D1AVX-a81d      0.004     0.055       0.210     0.721     -0.006     0.759      0.491     0.655      0.163     0.716    0.521     0.702   0.802     0.127      0.114     0.01153  -1	   0.0548283    -0.0791608
     D1AVX-a82a      0.008     0.054       0.232     0.596     -0.031     0.769      0.592     0.629      0.538     0.778    0.599     0.711   0.554     0.102      0.040     0.01305  -1	  -0.0310137    -0.0098332
     D1AVX-a82b      0.005     0.056       0.253     0.611      0.032     0.753      0.601     0.638      0.506     0.829    0.604     0.765   0.713     0.113      0.097     0.01237  -1	   0.0046533     0.0114030
     D1AVX-a82c      0.004     0.062       0.245     0.631      0.035     0.761      0.593     0.673      0.321     0.802    0.639     0.710   0.713     0.113      0.095     0.01244  -1	   0.0251793    -0.0221191
     D1AVX-a82d     -0.001     0.069       0.313     0.621      0.315     0.773      0.486     0.478      0.383     0.773    0.591     0.710   0.853     0.078      0.178     0.01385  -1	   0.2637577     0.1886787
     D1AVX-a83a      0.005     0.050       0.215     0.611     -0.337     0.767      0.519     0.483      0.782     0.801    0.641     0.707   0.756     0.115      0.083     0.01695  -1	  -0.0148328     0.0293444
     D1AVX-a83b     -0.001     0.051       0.219     0.605      0.001     0.746      0.540     0.465      0.399     0.824    0.656     0.724   0.713     0.100      0.225     0.01204  -1	   0.0420609     0.0688776
     D1AVX-a83c      0.004     0.047       0.215     0.622     -0.372     0.761      0.541     0.490      0.976     0.814    0.622     0.736   0.644     0.123      0.071     0.01726  -1	   0.0250164     0.0251102
     D1AVX-a83d     -0.001     0.046       0.206     0.578      0.147     0.762      0.591     0.525      0.850     0.778    0.606     0.706   0.753     0.109      0.328     0.01145  -1	   0.1305806     0.0947124
     D1AVX-a84a      0.001     0.047       0.219     0.623     -0.313     0.766      0.535     0.498      0.856     0.794    0.602     0.726   0.756     0.121      0.084     0.01716  -1	  -0.0115577     0.0192885
     D1AVX-a84b      0.004     0.051       0.232     0.569     -0.383     0.762      0.557     0.537      0.910     0.813    0.612     0.743   0.345     0.108      0.072     0.01693  -1	   0.0066707    -0.0109983
     D1AVX-a84c      0.001     0.049       0.227     0.707     -0.243     0.768      0.526     0.489      0.956     0.799    0.617     0.722   0.798     0.116      0.083     0.01738  -1	   0.0020966     0.0125007
     D1AVX-a84d      0.005     0.051       0.223     0.657     -0.212     0.757      0.531     0.512      0.886     0.820    0.628     0.739   0.637     0.115      0.090     0.01774  -1	   0.0044250     0.0070314
     D1AVX-a85a      0.006     0.053       0.206     0.757     -0.255     0.766      0.485     0.464      0.928     0.827    0.670     0.717   0.628     0.121      0.115     0.01840  -1	   0.0232805     0.0196517
     D1AVX-a85b     -0.003     0.057       0.262     0.584      0.177     0.760      0.524     0.588      0.694     0.775    0.586     0.716   0.652     0.103      0.048     0.03486  -1	   0.0852547     0.0717297
     D1AVX-a85c     -0.001     0.056       0.249     0.670      0.576     0.765      0.535     0.478      0.512     0.799    0.623     0.718   0.890     0.081      0.150     0.13838  -1	   0.4703204     0.4722252
     D1AVX-a85d     -0.021     0.061       0.249     0.578     -0.234     0.738      0.593     0.647      0.292     0.797    0.627     0.712   0.444     0.106      0.215     0.02161  -1	   0.0007761    -0.0535950
     D1AVX-a86a     -0.005     0.059       0.270     0.592      0.117     0.772      0.484     0.522      0.287     0.758    0.570     0.708   0.587     0.098      0.029     0.03822  -1	  -0.0040073     0.0157927
     D1AVX-a86b     -0.008     0.061       0.258     0.592      0.253     0.781      0.522     0.454      0.478     0.743    0.578     0.689   0.699     0.102      0.075     0.03504  -1	   0.1117539     0.1229045
     D1AVX-a86c     -0.004     0.051       0.232     0.679      0.545     0.765      0.526     0.458      0.674     0.776    0.622     0.691   0.908     0.089      0.129     0.15512  -1	   0.4139241     0.4238631
     D1AVX-a86d      0.001     0.068       0.300     0.660     -0.397     0.783      0.464     0.355      0.399     0.757    0.590     0.695   0.538     0.094      0.209     0.12844  -1	   0.0195422     0.0444099
     D1AVX-a87a     -0.004     0.057       0.275     0.585      0.217     0.783      0.550     0.479      0.418     0.814    0.647     0.718   0.661     0.088      0.077     0.11439  -1	   0.0905866     0.1462048
     D1AVX-a87b      0.001     0.065       0.275     0.689     -0.492     0.761      0.471     0.424      0.748     0.755    0.596     0.687   0.613     0.108      0.133     0.11418  -1	   0.0081326     0.0092887
     D1AVX-a87c     -0.011     0.057       0.258     0.627      0.421     0.775      0.526     0.418      0.206     0.813    0.674     0.696   0.879     0.105      0.394     0.03153  -1	   0.5158640     0.4373344
     D1AVX-a87d     -0.003     0.074       0.352     0.544     -0.153     0.778      0.456     0.416      0.039     0.807    0.567     0.763   0.384     0.074      0.089     0.12152  -1	  -0.0359321    -0.0076562
     D1AVX-a88a      0.004     0.064       0.266     0.666      0.003     0.793      0.471     0.429      0.168     0.829    0.597     0.769   0.780     0.108      0.359     0.06403  -1	   0.2331027     0.0760342
     D1AVX-a88b      0.001     0.066       0.288     0.654     -0.414     0.769      0.465     0.414      0.947     0.835    0.707     0.700   0.000     0.093      0.169     0.11792  -1	   0.0203920    -0.0122928
     D1AVX-a88c      0.008     0.074       0.322     0.700      0.118     0.797      0.409     0.329      0.010     0.813    0.578     0.763   0.834     0.085      0.320     0.06862  -1	   0.3588941     0.1949471
     D1AVX-a88d      0.002     0.065       0.279     0.629     -0.419     0.766      0.465     0.378      0.853     0.746    0.564     0.702   0.000     0.105      0.208     0.12278  -1	  -0.0028832    -0.0267336
     D1AVX-a89a      0.003     0.082       0.348     0.563     -0.065     0.779      0.479     0.412      0.480     0.806    0.640     0.714   0.554     0.081      0.204     0.04999  -1	   0.0827126     0.0470496
     D1AVX-a89b     -0.002     0.044       0.167     0.636      0.215     0.765      0.529     0.460      0.281     0.796    0.617     0.718   0.784     0.177      0.209     0.02785  -1	   0.1125922     0.1320122
     D1AVX-a89c      0.005     0.048       0.219     0.579     -0.081     0.776      0.562     0.500      0.698     0.817    0.631     0.733   0.738     0.121      0.351     0.02870  -1	   0.0604388     0.0510659
     D1AVX-a89d      0.000     0.078       0.330     0.591      0.136     0.772      0.486     0.411      0.091     0.817    0.672     0.704   0.587     0.082      0.118     0.04980  -1	   0.1459206     0.1123070
      D1AVX-a8a      0.002     0.052       0.240     0.643      0.025     0.764      0.504     0.588      0.595     0.804    0.611     0.733   0.713     0.109      0.077     0.01011  -1	  -0.0015345     0.0111467
      D1AVX-a8b      0.002     0.055       0.262     0.660      0.041     0.764      0.453     0.543      0.531     0.808    0.619     0.731   0.780     0.110      0.077     0.01032  -1	   0.0072468     0.0190971
      D1AVX-a8c      0.007     0.054       0.249     0.633      0.115     0.767      0.487     0.582      0.444     0.815    0.615     0.742   0.713     0.108      0.066     0.01009  -1	   0.0270226     0.0242388
      D1AVX-a8d      0.000     0.056       0.249     0.699     -0.200     0.771      0.451     0.491      0.543     0.826    0.655     0.729   0.730     0.104      0.189     0.00750  -1	   0.0051614     0.0089229
     D1AVX-a90a      0.006     0.057       0.258     0.596     -0.028     0.764      0.508     0.416      0.656     0.808    0.621     0.730   0.554     0.100      0.229     0.05216  -1	   0.0540205     0.0659644
     D1AVX-a90b      0.002     0.039       0.176     0.670      0.178     0.771      0.552     0.530      0.650     0.804    0.617     0.727   0.794     0.151      0.188     0.01558  -1	   0.0812200     0.0871573
     D1AVX-a90c     -0.008     0.053       0.253     0.592      0.163     0.768      0.554     0.628      0.783     0.812    0.639     0.723   0.652     0.096      0.020     0.02000  -1	   0.0840090     0.0786108
     D1AVX-a90d     -0.004     0.037       0.172     0.666      0.206     0.775      0.572     0.547      0.625     0.801    0.617     0.724   0.840     0.143      0.270     0.01544  -1	   0.1175092     0.1069110
     D1AVX-a91a     -0.010     0.064       0.266     0.639      0.348     0.763      0.492     0.566      0.213     0.780    0.583     0.725   0.853     0.112      0.207     0.01297  -1	   0.2728204     0.0991070
     D1AVX-a91b     -0.010     0.065       0.270     0.604      0.404     0.764      0.488     0.559      0.199     0.781    0.588     0.722   0.879     0.106      0.218     0.01318  -1	   0.3210230     0.1340408
     D1AVX-a91c     -0.003     0.060       0.258     0.644      0.070     0.755      0.490     0.624      0.819     0.824    0.668     0.716   0.738     0.103      0.106     0.01129  -1	   0.0827755     0.0526384
     D1AVX-a91d     -0.008     0.066       0.275     0.600      0.262     0.763      0.520     0.611      0.505     0.811    0.586     0.756   0.825     0.114      0.140     0.01313  -1	   0.1589401     0.0722784
     D1AVX-a92a     -0.011     0.062       0.305     0.570     -0.195     0.762      0.504     0.540      0.299     0.801    0.619     0.722   0.538     0.101      0.187     0.01028  -1	  -0.0161705    -0.0242082
     D1AVX-a92b     -0.001     0.063       0.266     0.580     -0.001     0.746      0.535     0.722      0.830     0.810    0.649     0.712   0.554     0.105      0.059     0.01159  -1	   0.0512295     0.0459426
     D1AVX-a92c     -0.009     0.047       0.223     0.757     -0.387     0.775      0.581     0.620      0.839     0.817    0.597     0.756   0.703     0.121      0.077     0.01134  -1	  -0.0303238    -0.0112936
     D1AVX-a92d     -0.004     0.068       0.279     0.555      0.150     0.754      0.501     0.559      0.447     0.861    0.642     0.781   0.652     0.108      0.160     0.01852  -1	   0.0935310     0.0371014
     D1AVX-a93a     -0.011     0.063       0.300     0.593     -0.104     0.753      0.527     0.588      0.843     0.798    0.623     0.716   0.463     0.102      0.184     0.01037  -1	   0.0346614     0.0247678
     D1AVX-a93b     -0.002     0.065       0.270     0.624     -0.141     0.756      0.479     0.588      0.954     0.831    0.629     0.751   0.589     0.108      0.139     0.01867  -1	   0.0594721     0.0372199
     D1AVX-a93c     -0.005     0.071       0.292     0.632      0.081     0.762      0.490     0.532      0.596     0.837    0.649     0.746   0.738     0.105      0.207     0.01261  -1	   0.1216593     0.0456320
     D1AVX-a93d     -0.004     0.067       0.279     0.609      0.383     0.773      0.461     0.549      0.763     0.806    0.622     0.726   0.831     0.110      0.085     0.01355  -1	   0.3046134     0.2074224
     D1AVX-a94a      0.004     0.051       0.245     0.556      0.234     0.767      0.518     0.579      0.145     0.738    0.594     0.671   0.661     0.104      0.169     0.01034  -1	   0.1290752     0.0502744
     D1AVX-a94b     -0.004     0.065       0.266     0.598     -0.124     0.756      0.507     0.629      1.000     0.862    0.687     0.753   0.463     0.106      0.110     0.01832  -1	   0.0789631     0.0372755
     D1AVX-a94c      0.002     0.048       0.219     0.631      0.244     0.771      0.524     0.581      0.248     0.795    0.619     0.716   0.784     0.104      0.049     0.01051  -1	   0.0539143     0.0506158
     D1AVX-a94d      0.002     0.064       0.266     0.639      0.311     0.766      0.505     0.574      0.065     0.763    0.589     0.702   0.853     0.111      0.183     0.01022  -1	   0.2726539     0.0729344
     D1AVX-a95a      0.007     0.047       0.176     0.677     -0.077     0.786      0.499     0.512      0.221     0.794    0.604     0.725   0.812     0.140      0.341     0.01050  -1	   0.1590332     0.0396369
     D1AVX-a95b      0.003     0.062       0.249     0.611      0.046     0.776      0.515     0.541      0.091     0.799    0.592     0.738   0.713     0.108      0.119     0.01124  -1	   0.0500730    -0.0155829
     D1AVX-a95c      0.000     0.060       0.270     0.540      0.098     0.761      0.512     0.560      0.618     0.720    0.568     0.672   0.459     0.098      0.138     0.01266  -1	   0.0635109     0.0447207
     D1AVX-a95d      0.001     0.059       0.270     0.550      0.084     0.754      0.498     0.545      0.303     0.749    0.554     0.711   0.612     0.103      0.149     0.01233  -1	   0.0369508     0.0068440
     D1AVX-a96a     -0.001     0.064       0.279     0.613      0.307     0.774      0.465     0.437      0.458     0.797    0.601     0.731   0.853     0.087      0.122     0.01554  -1	   0.1967915     0.1812447
     D1AVX-a96b      0.004     0.070       0.275     0.680      0.284     0.774      0.440     0.545      0.034     0.744    0.568     0.696   0.892     0.104      0.112     0.01228  -1	   0.2404213     0.0178308
     D1AVX-a96c      0.008     0.048       0.193     0.649     -0.136     0.771      0.495     0.510      0.294     0.764    0.627     0.674   0.732     0.125      0.315     0.01069  -1	   0.1103043     0.0389646
     D1AVX-a96d      0.001     0.050       0.236     0.599      0.221     0.754      0.515     0.587      0.188     0.764    0.604     0.691   0.767     0.106      0.186     0.01020  -1	   0.1319074     0.0403754
     D1AVX-a97a      0.005     0.045       0.180     0.658     -0.056     0.770      0.512     0.534      0.383     0.729    0.594     0.661   0.812     0.124      0.281     0.01071  -1	   0.0662469     0.0118632
     D1AVX-a97b     -0.000     0.073       0.288     0.651      0.319     0.762      0.459     0.570      0.019     0.742    0.576     0.689   0.920     0.101      0.102     0.01243  -1	   0.2484161     0.0045934
     D1AVX-a97c      0.004     0.052       0.232     0.599     -0.039     0.779      0.577     0.577      0.831     0.803    0.632     0.716   0.554     0.094      0.103     0.01255  -1	   0.0347615     0.0216100
     D1AVX-a97d     -0.006     0.049       0.210     0.586     -0.021     0.751      0.616     0.616      0.799     0.790    0.617     0.712   0.778     0.114      0.312     0.01436  -1	   0.0497104     0.0027871
     D1AVX-a98a     -0.009     0.050       0.219     0.612     -0.163     0.748      0.600     0.588      0.887     0.812    0.624     0.732   0.701     0.109      0.293     0.01406  -1	   0.0247728     0.0008441
     D1AVX-a98b      0.005     0.083       0.343     0.687      0.141     0.767      0.377     0.258      0.196     0.834    0.650     0.741   0.780     0.077      0.298     0.06818  -1	   0.3248603     0.2227014
     D1AVX-a98c     -0.017     0.057       0.227     0.659     -0.011     0.760      0.540     0.489      0.986     0.867    0.738     0.722   0.747     0.131      0.207     0.01839  -1	   0.0977770     0.0519694
     D1AVX-a98d      0.005     0.054       0.232     0.561      0.004     0.769      0.586     0.629      0.374     0.778    0.617     0.697   0.587     0.109      0.031     0.01262  -1	  -0.0501432    -0.0245737
     D1AVX-a99a     -0.011     0.050       0.223     0.502      0.130     0.748      0.598     0.582      0.933     0.829    0.695     0.702   0.692     0.123      0.293     0.01427  -1	   0.1348436     0.0918572
     D1AVX-a99b     -0.004     0.059       0.266     0.587      0.144     0.774      0.500     0.551      0.622     0.769    0.590     0.707   0.587     0.103      0.037     0.03708  -1	   0.0593921     0.0589296
     D1AVX-a99c     -0.011     0.048       0.215     0.596      0.399     0.743      0.540     0.607      0.403     0.784    0.602     0.715   0.830     0.126      0.055     0.02376  -1	   0.1216009     0.1028781
     D1AVX-a99d     -0.006     0.059       0.266     0.566      0.118     0.770      0.518     0.574      0.557     0.759    0.577     0.706   0.587     0.099      0.044     0.03643  -1	   0.0267486     0.0337917
      D1AVX-a9a      0.000     0.055       0.258     0.709     -0.115     0.758      0.499     0.549      0.288     0.808    0.659     0.702   0.711     0.099      0.147     0.00751  -1	   0.0241287    -0.0061514
      D1AVX-a9b      0.003     0.055       0.258     0.639      0.132     0.770      0.477     0.563      0.583     0.811    0.629     0.727   0.713     0.104      0.096     0.01029  -1	   0.0689309     0.0645098
      D1AVX-a9c      0.003     0.054       0.258     0.641      0.053     0.771      0.493     0.580      0.442     0.797    0.606     0.727   0.738     0.107      0.070     0.01016  -1	  -0.0001851     0.0065084
      D1AVX-a9d      0.002     0.054       0.245     0.602      0.194     0.767      0.480     0.506      0.543     0.794    0.637     0.702   0.778     0.102      0.177     0.00741  -1	   0.1205485     0.1071648
