      D1H9D-a9d      0.010     0.082       0.426     0.667      0.011     0.610      0.428     0.519      0.713     0.755    0.607     0.679   0.780     0.098      0.305     0.03203  -1	   0.1005713     0.0258731
      D1H9D-a0a      0.019     0.060       0.319     0.709     -0.360     0.607      0.430     0.315      0.588     0.776    0.634     0.682   0.593     0.102      0.213     0.02944  -1	   0.0227655     0.0517561
      D1H9D-a0b      0.021     0.060       0.319     0.653     -0.357     0.595      0.448     0.327      0.839     0.770    0.638     0.673   0.538     0.104      0.229     0.02953  -1	   0.0057899     0.0282676
      D1H9D-a0c      0.025     0.079       0.411     0.474      0.056     0.638      0.465     0.152      0.279     0.759    0.635     0.664   0.341     0.098      0.278     0.12266  -1	   0.1619694     0.2094417
      D1H9D-a0d      0.007     0.080       0.461     0.706      0.026     0.592      0.473     0.534      0.438     0.800    0.600     0.734   0.834     0.084      0.343     0.03323  -1	   0.1606378     0.0456527
    D1H9D-a100a      0.017     0.080       0.426     0.711     -0.142     0.572      0.335     0.218      0.694     0.831    0.545     0.801   0.711     0.111      0.167     0.01355  -1	   0.0117943     0.0206649
    D1H9D-a100b      0.026     0.078       0.383     0.602     -0.046     0.551      0.393     0.281      0.527     0.815    0.639     0.725   0.680     0.103      0.439     0.01403  -1	   0.1694198     0.0569701
    D1H9D-a100c      0.025     0.078       0.418     0.694     -0.022     0.546      0.371     0.291      0.977     0.821    0.688     0.695   0.747     0.102      0.399     0.01404  -1	   0.0956072     0.0020166
    D1H9D-a100d      0.017     0.089       0.440     0.664     -0.111     0.557      0.361     0.205      0.293     0.865    0.647     0.785   0.656     0.093      0.167     0.01406  -1	   0.0480321     0.0312581
    D1H9D-a101a      0.022     0.083       0.411     0.577     -0.483     0.575      0.380     0.302      0.376     0.821    0.625     0.743   0.420     0.096      0.237     0.01332  -1	   0.0985789     0.0863422
    D1H9D-a101b      0.030     0.075       0.383     0.566     -0.670     0.568      0.522     0.473      0.468     0.824    0.609     0.756   0.345     0.100      0.214     0.01304  -1	   0.1619543     0.0960227
    D1H9D-a101c      0.030     0.073       0.362     0.659     -0.072     0.549      0.360     0.239      0.531     0.781    0.605     0.710   0.747     0.108      0.434     0.01407  -1	   0.1591523     0.0742976
    D1H9D-a101d      0.020     0.070       0.369     0.623     -0.031     0.558      0.436     0.359      0.658     0.725    0.526     0.706   0.680     0.133      0.197     0.01365  -1	   0.0246845     0.0183361
    D1H9D-a102a      0.023     0.080       0.411     0.734     -0.328     0.579      0.324     0.247      0.202     0.829    0.616     0.757   0.636     0.106      0.273     0.01340  -1	   0.1648142     0.0681914
    D1H9D-a102b      0.018     0.069       0.383     0.578      0.004     0.552      0.538     0.417      0.999     0.810    0.632     0.724   0.587     0.102      0.291     0.01137  -1	   0.0703195     0.0254809
    D1H9D-a102c      0.018     0.078       0.404     0.741     -0.407     0.580      0.356     0.296      0.299     0.810    0.598     0.748   0.000     0.103      0.273     0.01340  -1	   0.0944459    -0.0164319
    D1H9D-a102d      0.022     0.066       0.390     0.569      0.035     0.543      0.545     0.397      0.983     0.801    0.647     0.702   0.587     0.105      0.297     0.01118  -1	   0.0698768     0.0432985
    D1H9D-a103a      0.025     0.069       0.390     0.576     -0.247     0.566      0.427     0.269      0.928     0.765    0.616     0.684   0.444     0.108      0.171     0.01122  -1	  -0.0022181     0.0088747
    D1H9D-a103b      0.016     0.067       0.376     0.669     -0.259     0.552      0.445     0.243      1.000     0.792    0.606     0.722   0.582     0.121      0.257     0.01135  -1	  -0.0084554    -0.0192637
    D1H9D-a103c      0.022     0.073       0.390     0.627     -0.249     0.564      0.366     0.196      0.999     0.890    0.729     0.768   0.570     0.107      0.217     0.01127  -1	   0.0273815     0.0374719
    D1H9D-a103d      0.024     0.069       0.383     0.609     -0.207     0.569      0.483     0.375      0.960     0.790    0.641     0.693   0.570     0.116      0.208     0.01136  -1	   0.0073823    -0.0073479
    D1H9D-a104a      0.004     0.068       0.348     0.687      0.155     0.560      0.532     0.500      0.902     0.780    0.601     0.712   0.845     0.121      0.344     0.01367  -1	   0.1105957     0.0330670
    D1H9D-a104b      0.013     0.066       0.348     0.666      0.287     0.568      0.378     0.197      0.659     0.776    0.543     0.746   0.892     0.110      0.099     0.01519  -1	   0.1112440     0.1734165
    D1H9D-a104c      0.006     0.070       0.333     0.638      0.193     0.581      0.551     0.467      0.855     0.771    0.606     0.698   0.778     0.126      0.381     0.01383  -1	   0.1578514     0.0556203
    D1H9D-a104d      0.019     0.067       0.390     0.574     -0.041     0.544      0.498     0.357      0.977     0.786    0.583     0.730   0.554     0.108      0.291     0.01133  -1	   0.0436140     0.0119089
    D1H9D-a105a      0.004     0.065       0.340     0.561      0.144     0.562      0.641     0.611      0.893     0.782    0.623     0.698   0.587     0.123      0.401     0.01410  -1	   0.1130244     0.0706764
    D1H9D-a105b      0.016     0.069       0.362     0.524      0.413     0.564      0.508     0.277      0.652     0.748    0.590     0.686   0.599     0.104      0.159     0.02135  -1	   0.2196318     0.2496205
    D1H9D-a105c      0.013     0.046       0.248     0.752      0.495     0.584      0.464     0.222      0.875     0.816    0.628     0.734   0.895     0.154      0.025     0.01424  -1	   0.2022328     0.2877646
    D1H9D-a105d      0.022     0.073       0.376     0.637     -0.164     0.552      0.459     0.329      0.939     0.735    0.606     0.658   0.664     0.121      0.304     0.01198  -1	   0.0142311    -0.0215120
    D1H9D-a106a      0.002     0.069       0.362     0.535      0.218     0.587      0.562     0.465      0.698     0.762    0.594     0.697   0.508     0.116      0.259     0.01371  -1	   0.1283608     0.1054979
    D1H9D-a106b      0.006     0.064       0.333     0.646      0.177     0.574      0.440     0.298      0.824     0.763    0.594     0.697   0.778     0.131      0.224     0.01612  -1	   0.0799757     0.0768563
    D1H9D-a106c      0.022     0.089       0.404     0.685      0.179     0.583      0.397     0.245      0.619     0.751    0.625     0.662   0.845     0.107      0.289     0.02717  -1	   0.2017606     0.0911198
    D1H9D-a106d      0.010     0.076       0.362     0.639      0.450     0.574      0.415     0.155      0.221     0.769    0.622     0.684   0.848     0.111      0.117     0.02147  -1	   0.2690704     0.3788844
    D1H9D-a107a      0.007     0.072       0.369     0.586      0.139     0.588      0.570     0.504      0.754     0.802    0.607     0.732   0.587     0.109      0.368     0.01378  -1	   0.1505620     0.0788359
    D1H9D-a107b      0.006     0.066       0.333     0.602      0.221     0.576      0.595     0.519      0.581     0.788    0.645     0.689   0.787     0.115      0.247     0.01384  -1	   0.1225607     0.1287981
    D1H9D-a107c      0.007     0.066       0.348     0.480      0.234     0.576      0.586     0.506      0.716     0.734    0.569     0.685   0.390     0.117      0.259     0.01390  -1	   0.1179133     0.0879888
    D1H9D-a107d      0.005     0.067       0.362     0.626      0.150     0.573      0.590     0.529      0.720     0.758    0.604     0.686   0.778     0.116      0.380     0.01369  -1	   0.1313383     0.0826489
    D1H9D-a108a      0.015     0.076       0.376     0.586      0.402     0.593      0.487     0.254      0.619     0.775    0.631     0.684   0.752     0.115      0.124     0.02162  -1	   0.2422731     0.2849272
    D1H9D-a108b      0.022     0.081       0.397     0.624     -0.069     0.569      0.385     0.269      0.976     0.816    0.643     0.724   0.680     0.122      0.248     0.01535  -1	   0.0662378     0.0130598
    D1H9D-a108c      0.014     0.100       0.426     0.680      0.210     0.581      0.407     0.245      0.366     0.744    0.550     0.708   0.854     0.104      0.207     0.02765  -1	   0.2265603     0.1032232
    D1H9D-a108d      0.008     0.081       0.418     0.493      0.141     0.596      0.455     0.357      0.954     0.795    0.626     0.712   0.316     0.101      0.029     0.04123  -1	   0.1549283     0.0630352
    D1H9D-a109a      0.019     0.077       0.390     0.697     -0.151     0.565      0.435     0.449      0.792     0.814    0.579     0.764   0.730     0.111      0.231     0.02072  -1	   0.0258656    -0.0107304
    D1H9D-a109b      0.017     0.066       0.348     0.535      0.466     0.586      0.428     0.162      0.861     0.767    0.604     0.694   0.569     0.114      0.137     0.02114  -1	   0.3090436     0.2875877
    D1H9D-a109c      0.034     0.087       0.383     0.645     -0.517     0.549      0.541     0.480      0.953     0.774    0.548     0.741   0.515     0.119      0.505     0.01261  -1	   0.1220379     0.0014829
     D1H9D-a10a      0.014     0.063       0.312     0.722      0.122     0.618      0.371     0.180      0.077     0.752    0.677     0.620   0.834     0.134      0.303     0.08198  -1	   0.3253418     0.3668749
     D1H9D-a10c      0.025     0.089       0.468     0.588      0.126     0.634      0.387     0.153      0.213     0.667    0.552     0.632   0.587     0.105      0.321     0.03551  -1	   0.2926660     0.2265691
     D1H9D-a10d      0.027     0.104       0.518     0.679      0.001     0.635      0.315     0.090      0.925     0.822    0.708     0.681   0.843     0.079      0.441     0.19381  -1	   0.2406879     0.1012985
    D1H9D-a110a      0.033     0.083       0.397     0.646     -0.402     0.548      0.433     0.337      0.608     0.789    0.614     0.712   0.000     0.104      0.435     0.01233  -1	   0.0875934    -0.0496083
    D1H9D-a110b      0.012     0.059       0.298     0.690     -0.247     0.568      0.458     0.375      0.913     0.762    0.544     0.730   0.637     0.125      0.062     0.01736  -1	  -0.0046943     0.0009618
    D1H9D-a110c      0.036     0.074       0.390     0.556     -0.034     0.590      0.423     0.345      0.326     0.751    0.600     0.680   0.554     0.104      0.298     0.01655  -1	   0.1357112     0.0693931
    D1H9D-a110d      0.025     0.081       0.433     0.614     -0.208     0.562      0.364     0.251      0.993     0.802    0.630     0.716   0.570     0.096      0.434     0.01433  -1	   0.0589169     0.0137155
    D1H9D-a111a      0.021     0.065       0.362     0.631     -0.279     0.563      0.494     0.390      0.597     0.769    0.655     0.658   0.515     0.108      0.159     0.01456  -1	  -0.0184353     0.0180410
    D1H9D-a111b      0.021     0.069       0.390     0.629     -0.529     0.564      0.358     0.257      0.570     0.779    0.580     0.725   0.515     0.102      0.313     0.01261  -1	   0.0918685     0.1042854
    D1H9D-a111c      0.020     0.068       0.390     0.603     -0.232     0.558      0.412     0.224      1.000     0.865    0.750     0.708   0.570     0.116      0.227     0.01106  -1	   0.0125079     0.0274116
    D1H9D-a111d      0.030     0.078       0.397     0.695     -0.161     0.571      0.460     0.312      0.829     0.806    0.611     0.734   0.730     0.098      0.191     0.01550  -1	   0.0220426     0.0019008
    D1H9D-a112a      0.016     0.070       0.340     0.686     -0.258     0.562      0.458     0.397      0.798     0.776    0.602     0.706   0.582     0.122      0.142     0.01552  -1	  -0.0120730    -0.0237806
    D1H9D-a112c      0.016     0.078       0.404     0.632     -0.396     0.556      0.383     0.372      0.796     0.739    0.564     0.694   0.471     0.105      0.220     0.01382  -1	   0.0066259     0.0050982
    D1H9D-a112d      0.024     0.079       0.404     0.612     -0.042     0.542      0.396     0.283      0.656     0.790    0.572     0.741   0.680     0.104      0.439     0.01401  -1	   0.1299502     0.0298534
    D1H9D-a113a      0.018     0.089       0.411     0.656     -0.461     0.584      0.328     0.235      0.483     0.772    0.597     0.704   0.613     0.095      0.276     0.01352  -1	   0.1076997     0.0838975
    D1H9D-a113b      0.020     0.076       0.390     0.646     -0.568     0.575      0.491     0.432      0.745     0.807    0.623     0.727   0.397     0.107      0.237     0.01329  -1	   0.0539596     0.0069933
    D1H9D-a113c      0.010     0.088       0.426     0.686     -0.389     0.566      0.278     0.228      0.174     0.875    0.638     0.803   0.538     0.102      0.276     0.01358  -1	   0.1638333     0.0761802
    D1H9D-a113d      0.025     0.068       0.390     0.585     -0.234     0.564      0.374     0.201      0.999     0.830    0.699     0.699   0.444     0.110      0.150     0.01120  -1	   0.0032031     0.0252367
    D1H9D-a114a      0.009     0.049       0.248     0.721      0.152     0.573      0.581     0.481      0.957     0.799    0.591     0.739   0.819     0.160      0.208     0.01376  -1	   0.0428634     0.0173054
    D1H9D-a114b      0.027     0.070       0.390     0.598     -0.332     0.549      0.523     0.593      0.986     0.804    0.620     0.725   0.389     0.103      0.099     0.01239  -1	   0.0041859     0.0268184
    D1H9D-a114c      0.024     0.069       0.390     0.613     -0.209     0.565      0.379     0.200      1.000     0.854    0.729     0.709   0.570     0.111      0.237     0.01117  -1	   0.0213623     0.0398403
    D1H9D-a114d      0.022     0.083       0.418     0.639     -0.606     0.569      0.428     0.359      0.524     0.791    0.579     0.739   0.397     0.104      0.240     0.01341  -1	   0.1087514     0.0464153
    D1H9D-a115b      0.005     0.071       0.362     0.624      0.254     0.599      0.615     0.546      0.445     0.756    0.606     0.681   0.825     0.109      0.259     0.01377  -1	   0.1882344     0.1862389
    D1H9D-a115c      0.008     0.071       0.348     0.530      0.228     0.564      0.597     0.534      0.685     0.761    0.580     0.706   0.508     0.112      0.358     0.01411  -1	   0.1585658     0.0879073
    D1H9D-a115d      0.020     0.078       0.390     0.635      0.205     0.577      0.357     0.220      0.341     0.797    0.580     0.743   0.787     0.110      0.278     0.01543  -1	   0.2169367     0.1467469
    D1H9D-a116a      0.015     0.085       0.433     0.613     -0.358     0.607      0.503     0.472      0.503     0.840    0.627     0.764   0.471     0.117      0.488     0.02744  -1	   0.1605816    -0.0034439
    D1H9D-a116b      0.018     0.085       0.440     0.560     -0.367     0.614      0.455     0.426      0.541     0.797    0.605     0.729   0.345     0.109      0.484     0.02716  -1	   0.1294982     0.0081431
    D1H9D-a116c      0.030     0.053       0.333     0.656      0.169     0.612      0.456     0.416      0.324     0.747    0.613     0.666   0.845     0.145      0.527     0.02566  -1	   0.3543732     0.1170886
    D1H9D-a116d      0.016     0.086       0.418     0.627     -0.338     0.605      0.432     0.417      0.457     0.832    0.642     0.745   0.515     0.122      0.518     0.02739  -1	   0.2102397    -0.0094640
    D1H9D-a117a      0.002     0.070       0.340     0.662      0.122     0.575      0.530     0.452      0.919     0.779    0.608     0.706   0.780     0.122      0.390     0.01371  -1	   0.1187291     0.0191177
    D1H9D-a117b      0.032     0.086       0.383     0.637     -0.504     0.552      0.599     0.541      0.817     0.755    0.596     0.687   0.515     0.117      0.348     0.01261  -1	   0.0996518     0.0199661
    D1H9D-a117c      0.030     0.074       0.383     0.533     -0.637     0.567      0.608     0.475      0.558     0.751    0.616     0.668   0.118     0.111      0.375     0.01281  -1	   0.1463053     0.0601873
    D1H9D-a117d      0.007     0.064       0.340     0.505      0.208     0.576      0.574     0.473      0.748     0.752    0.565     0.706   0.508     0.130      0.471     0.01376  -1	   0.1652880     0.0678557
     D1H9D-a11a      0.018     0.061       0.348     0.601      0.065     0.630      0.428     0.291      0.489     0.642    0.536     0.620   0.738     0.131      0.188     0.24500  -1	   0.0464093     0.1045711
     D1H9D-a11b      0.026     0.073       0.390     0.667     -0.160     0.629      0.428     0.202      0.510     0.726    0.556     0.686   0.730     0.105      0.375     0.06792  -1	   0.1157686     0.1035319
     D1H9D-a11c      0.024     0.059       0.298     0.680      0.249     0.623      0.422     0.201      0.248     0.703    0.572     0.652   0.854     0.136      0.477     0.31551   1	   0.3947061     0.3560461
     D1H9D-a11d      0.015     0.065       0.376     0.678     -0.017     0.620      0.396     0.249      0.635     0.689    0.572     0.637   0.747     0.125      0.188     0.23870  -1	   0.0133386     0.0649049
     D1H9D-a12a      0.018     0.067       0.362     0.657      0.196     0.635      0.380     0.272      0.314     0.793    0.623     0.712   0.845     0.128      0.203     0.42692   1	   0.1691393     0.1605763
     D1H9D-a12b      0.028     0.093       0.447     0.569     -0.119     0.632      0.292     0.313      0.992     0.821    0.730     0.658   0.463     0.095      0.285     0.12789  -1	   0.1292982     0.0856178
     D1H9D-a12c      0.019     0.076       0.433     0.647     -0.148     0.646      0.464     0.414      0.239     0.721    0.623     0.630   0.589     0.093      0.099     0.04574  -1	   0.0127980     0.0502565
     D1H9D-a12d      0.020     0.074       0.383     0.647      0.071     0.649      0.341     0.203      0.458     0.907    0.852     0.677   0.738     0.105      0.195     0.48912   1	   0.1822449     0.2217913
     D1H9D-a13a      0.029     0.089       0.440     0.639      0.234     0.665      0.370     0.218      0.198     0.661    0.517     0.652   0.787     0.095      0.267     0.19558  -1	   0.3518108     0.2303734
     D1H9D-a13b      0.015     0.088       0.447     0.600     -0.280     0.614      0.448     0.437      0.203     0.823    0.626     0.744   0.515     0.115      0.529     0.02716  -1	   0.3167639     0.0024188
     D1H9D-a13c      0.028     0.065       0.340     0.699      0.006     0.601      0.442     0.416      0.802     0.744    0.561     0.701   0.780     0.107      0.254     0.04959  -1	   0.0625798     0.0208526
     D1H9D-a14a      0.015     0.083       0.426     0.606     -0.344     0.609      0.442     0.454      0.586     0.801    0.616     0.724   0.515     0.125      0.559     0.02658  -1	   0.1665540    -0.0070117
     D1H9D-a14b      0.031     0.092       0.440     0.593     -0.130     0.636      0.273     0.301      0.987     0.808    0.684     0.682   0.463     0.097      0.282     0.11907  -1	   0.1191500     0.0887802
     D1H9D-a14c      0.030     0.086       0.426     0.592      0.015     0.636      0.268     0.310      0.202     0.766    0.663     0.648   0.587     0.094      0.282     0.13268  -1	   0.2273162     0.0885595
     D1H9D-a14d      0.020     0.075       0.440     0.586      0.102     0.627      0.368     0.359      0.116     0.784    0.650     0.679   0.587     0.088      0.441     0.16012  -1	   0.3814721     0.1155000
     D1H9D-a15a      0.016     0.086       0.418     0.629     -0.348     0.604      0.447     0.441      0.493     0.829    0.625     0.752   0.515     0.108      0.490     0.02746  -1	   0.1762138    -0.0115655
     D1H9D-a15b      0.025     0.055       0.291     0.573      0.260     0.634      0.441     0.378      0.694     0.732    0.541     0.703   0.699     0.164      0.390     0.02164  -1	   0.1925172     0.1324061
     D1H9D-a15c      0.012     0.088       0.447     0.682      0.158     0.620      0.416     0.391      0.613     0.784    0.591     0.722   0.845     0.091      0.253     0.03866  -1	   0.1933663     0.0970738
     D1H9D-a15d      0.023     0.063       0.369     0.581     -0.016     0.594      0.524     0.397      0.236     0.675    0.562     0.630   0.554     0.123      0.433     0.01928  -1	   0.2183402     0.1028949
     D1H9D-a16a      0.015     0.084       0.426     0.621     -0.138     0.591      0.443     0.451      0.297     0.826    0.649     0.733   0.589     0.118      0.567     0.02766  -1	   0.3266374    -0.0186436
     D1H9D-a16b      0.028     0.055       0.305     0.504      0.308     0.631      0.476     0.400      0.601     0.724    0.570     0.674   0.574     0.176      0.422     0.02162  -1	   0.2359882     0.1532902
     D1H9D-a16c      0.026     0.056       0.291     0.594      0.309     0.623      0.462     0.410      0.243     0.749    0.573     0.697   0.727     0.165      0.396     0.02181  -1	   0.3230273     0.1642402
     D1H9D-a16d      0.011     0.088       0.418     0.610     -0.031     0.605      0.388     0.397      0.346     0.852    0.668     0.752   0.680     0.129      0.562     0.02862  -1	   0.3481533    -0.0016845
     D1H9D-a17a      0.028     0.056       0.348     0.612      0.156     0.626      0.460     0.412      0.694     0.741    0.637     0.642   0.778     0.126      0.529     0.02559  -1	   0.2329496     0.1114655
     D1H9D-a17b      0.015     0.078       0.376     0.608      0.320     0.571      0.328     0.238      0.766     0.752    0.547     0.719   0.853     0.117      0.099     0.01345  -1	   0.1770791     0.1522693
     D1H9D-a17c      0.026     0.056       0.298     0.546      0.239     0.630      0.478     0.439      0.702     0.821    0.717     0.672   0.508     0.159      0.433     0.02168  -1	   0.2515962     0.1429118
     D1H9D-a17d      0.017     0.075       0.383     0.666      0.201     0.557      0.440     0.345      0.571     0.758    0.572     0.708   0.854     0.107      0.127     0.01340  -1	   0.0862786     0.0795070
     D1H9D-a18a      0.030     0.058       0.369     0.693      0.081     0.623      0.449     0.398      0.339     0.735    0.599     0.664   0.805     0.125      0.527     0.02619  -1	   0.3312050     0.0889442
     D1H9D-a18b      0.032     0.055       0.348     0.616      0.147     0.604      0.414     0.374      0.240     0.749    0.591     0.685   0.713     0.129      0.515     0.02575  -1	   0.3525556     0.1299762
     D1H9D-a18c      0.027     0.079       0.418     0.591     -0.276     0.610      0.499     0.494      0.851     0.770    0.610     0.695   0.389     0.100      0.566     0.01602  -1	   0.0923406    -0.0052467
     D1H9D-a18d      0.029     0.086       0.461     0.625     -0.250     0.613      0.438     0.420      0.808     0.774    0.607     0.700   0.570     0.088      0.451     0.01607  -1	   0.0859141     0.0022965
     D1H9D-a19a      0.014     0.086       0.426     0.632     -0.153     0.606      0.404     0.407      0.339     0.788    0.659     0.678   0.664     0.122      0.510     0.02863  -1	   0.2782871    -0.0086354
     D1H9D-a19b      0.011     0.075       0.383     0.659      0.368     0.583      0.344     0.275      0.616     0.751    0.552     0.714   0.898     0.117      0.137     0.01349  -1	   0.2070161     0.1665256
     D1H9D-a19c      0.011     0.077       0.383     0.688      0.362     0.560      0.403     0.328      0.386     0.793    0.640     0.697   0.898     0.111      0.137     0.01354  -1	   0.2075878     0.1622402
     D1H9D-a19d      0.014     0.084       0.426     0.622     -0.141     0.597      0.429     0.458      0.247     0.767    0.561     0.724   0.589     0.125      0.539     0.02843  -1	   0.3135246    -0.0181162
      D1H9D-a1a      0.029     0.058       0.369     0.666      0.195     0.630      0.412     0.319      0.444     0.706    0.627     0.613   0.845     0.132      0.480     0.02512  -1	   0.3120915     0.1737356
      D1H9D-a1b      0.026     0.075       0.426     0.594      0.082     0.639      0.350     0.093      0.673     0.753    0.508     0.746   0.612     0.109      0.582     0.11492  -1	   0.2752539     0.1984799
      D1H9D-a1c      0.018     0.070       0.362     0.581     -0.035     0.625      0.366     0.136      0.155     0.678    0.585     0.616   0.554     0.096      0.442     0.12861  -1	   0.2787210     0.3235558
      D1H9D-a1d      0.019     0.060       0.319     0.687     -0.365     0.601      0.450     0.322      0.673     0.760    0.605     0.688   0.538     0.108      0.242     0.02967  -1	   0.0169322     0.0321439
     D1H9D-a20a      0.018     0.065       0.397     0.663      0.050     0.640      0.532     0.438      0.191     0.710    0.600     0.637   0.805     0.128      0.319     0.03986  -1	   0.2189368     0.1336578
     D1H9D-a20b      0.022     0.069       0.369     0.705      0.146     0.620      0.483     0.361      0.239     0.712    0.672     0.579   0.834     0.116      0.327     0.03424  -1	   0.2972642     0.1971876
     D1H9D-a20c      0.000     0.079       0.433     0.670      0.349     0.581      0.353     0.241      0.919     0.716    0.566     0.669   0.920     0.086      0.121     0.02238  -1	   0.2299249     0.2041768
     D1H9D-a20d      0.017     0.082       0.404     0.608     -0.060     0.576      0.414     0.315      0.894     0.812    0.645     0.718   0.680     0.119      0.242     0.01551  -1	   0.0604150     0.0128259
     D1H9D-a21a      0.020     0.064       0.355     0.726      0.123     0.614      0.426     0.272      0.140     0.762    0.639     0.664   0.834     0.115      0.387     0.03442  -1	   0.3583673     0.2438479
     D1H9D-a21b      0.019     0.078       0.397     0.681     -0.001     0.620      0.440     0.271      0.144     0.760    0.627     0.671   0.747     0.108      0.353     0.03732  -1	   0.2842853     0.1678620
     D1H9D-a21d      0.026     0.112       0.567     0.651      0.140     0.645      0.307     0.095      0.029     0.692    0.610     0.610   0.843     0.080      0.365     0.18767  -1	   0.5141908     0.3131568
     D1H9D-a22a      0.020     0.066       0.376     0.757      0.184     0.619      0.435     0.267      0.084     0.795    0.760     0.594   0.892     0.111      0.466     0.03491  -1	   0.6042957     0.4246446
     D1H9D-a22b      0.024     0.075       0.397     0.684      0.086     0.607      0.434     0.281      0.125     0.732    0.621     0.644   0.805     0.114      0.377     0.03763  -1	   0.3465002     0.1983983
     D1H9D-a22c      0.023     0.073       0.390     0.684      0.065     0.625      0.418     0.262      0.155     0.775    0.668     0.654   0.805     0.115      0.445     0.03808  -1	   0.3997389     0.2207713
     D1H9D-a22d      0.027     0.082       0.461     0.672     -0.004     0.625      0.352     0.130      0.269     0.742    0.627     0.650   0.747     0.101      0.232     0.04451  -1	   0.1508373     0.1806875
     D1H9D-a23a      0.027     0.081       0.440     0.593      0.009     0.650      0.418     0.190      0.057     0.804    0.612     0.731   0.587     0.103      0.453     0.12689  -1	   0.3888534     0.2269202
     D1H9D-a23b      0.038     0.109       0.553     0.663      0.017     0.622      0.393     0.150      0.467     0.760    0.642     0.658   0.843     0.077      0.360     0.06377  -1	   0.2634661     0.1384849
     D1H9D-a23c      0.017     0.078       0.418     0.638      0.143     0.614      0.377     0.254      0.078     0.705    0.584     0.644   0.713     0.108      0.445     0.03256  -1	   0.4320328     0.2098105
     D1H9D-a23d      0.029     0.081       0.418     0.538      0.196     0.624      0.449     0.207      0.207     0.702    0.565     0.656   0.499     0.106      0.366     0.03625  -1	   0.3252429     0.2429452
     D1H9D-a24a      0.024     0.076       0.426     0.585     -0.071     0.647      0.478     0.257      0.423     0.814    0.670     0.701   0.554     0.105      0.165     0.11574  -1	   0.0436588     0.1100205
     D1H9D-a24b      0.008     0.073       0.440     0.639      0.272     0.611      0.393     0.421      0.060     0.815    0.599     0.752   0.825     0.092      0.330     0.03507  -1	   0.3814236     0.1277461
     D1H9D-a24c      0.014     0.064       0.326     0.754      0.174     0.619      0.367     0.177      0.090     0.738    0.651     0.626   0.892     0.137      0.303     0.08174  -1	   0.3462000     0.3577494
     D1H9D-a24d      0.024     0.080       0.440     0.526     -0.033     0.642      0.449     0.219      0.627     0.741    0.601     0.669   0.401     0.105      0.535     0.10820  -1	   0.2050992     0.0893098
     D1H9D-a25a      0.018     0.080       0.433     0.565     -0.021     0.650      0.476     0.222      0.772     0.792    0.661     0.681   0.554     0.102      0.296     0.13277  -1	   0.1181624     0.1019758
     D1H9D-a25b      0.034     0.087       0.468     0.515      0.095     0.631      0.463     0.249      0.404     0.737    0.599     0.666   0.459     0.091      0.700     0.03860  -1	   0.4694407     0.1576565
     D1H9D-a25c      0.011     0.084       0.454     0.627      0.135     0.591      0.500     0.532      0.301     0.804    0.586     0.748   0.713     0.096      0.200     0.03758  -1	   0.1452020     0.1094520
     D1H9D-a25d      0.030     0.104       0.525     0.650     -0.019     0.645      0.406     0.201      0.068     0.759    0.580     0.704   0.738     0.079      0.289     0.14442  -1	   0.2976654     0.1710336
     D1H9D-a26a      0.018     0.064       0.319     0.613      0.058     0.639      0.429     0.263      0.416     0.693    0.534     0.670   0.738     0.148      0.259     0.47659   1	   0.1009592     0.1274389
     D1H9D-a26c      0.016     0.064       0.333     0.638     -0.007     0.622      0.412     0.238      0.296     0.682    0.590     0.617   0.680     0.131      0.354     0.26531  -1	   0.1709452     0.1743499
     D1H9D-a26d      0.017     0.059       0.355     0.609     -0.013     0.606      0.447     0.322      0.586     0.725    0.650     0.612   0.680     0.126      0.173     0.22494  -1	   0.0010511     0.0720118
     D1H9D-a27a      0.019     0.069       0.376     0.565      0.141     0.640      0.472     0.319      0.998     0.852    0.707     0.724   0.587     0.121      0.196     0.34917   1	   0.1899342     0.1225142
     D1H9D-a27b      0.026     0.079       0.404     0.634     -0.015     0.671      0.384     0.208      0.368     0.764    0.640     0.664   0.680     0.103      0.257     0.43784   1	   0.1489139     0.1471436
     D1H9D-a27c      0.024     0.082       0.461     0.600     -0.014     0.639      0.341     0.301      0.429     0.810    0.599     0.747   0.680     0.091      0.385     0.14885  -1	   0.1967840     0.0816568
     D1H9D-a27d      0.025     0.065       0.383     0.697      0.088     0.624      0.360     0.299      0.302     0.736    0.619     0.650   0.805     0.123      0.207     0.23926  -1	   0.1327236     0.1006633
     D1H9D-a28a      0.020     0.063       0.340     0.611      0.162     0.639      0.421     0.288      0.160     0.719    0.589     0.656   0.778     0.144      0.290     0.46144   1	   0.2319958     0.1989071
     D1H9D-a28b      0.026     0.086       0.454     0.674     -0.158     0.659      0.320     0.303      0.964     0.781    0.680     0.652   0.730     0.104      0.414     0.14452  -1	   0.1049271     0.0378830
     D1H9D-a28c      0.037     0.091       0.461     0.574      0.001     0.636      0.290     0.296      0.668     0.862    0.653     0.776   0.587     0.089      0.236     0.13196  -1	   0.1476352     0.1071485
     D1H9D-a28d      0.026     0.066       0.383     0.685      0.066     0.626      0.414     0.373      0.459     0.732    0.612     0.650   0.805     0.107      0.299     0.26131   1	   0.1468193     0.0714961
     D1H9D-a29b      0.006     0.082       0.390     0.585      0.058     0.599      0.343     0.416      0.547     0.777    0.635     0.683   0.612     0.099      0.262     0.03294  -1	   0.1069016     0.0397413
     D1H9D-a29c      0.031     0.085       0.447     0.632     -0.012     0.636      0.334     0.320      0.263     0.732    0.584     0.672   0.680     0.097      0.293     0.15985  -1	   0.1982919     0.0589812
     D1H9D-a29d      0.016     0.087       0.461     0.649     -0.513     0.621      0.438     0.405      0.628     0.841    0.645     0.754   0.515     0.103      0.382     0.02649  -1	   0.0798604     0.0003689
      D1H9D-a2a      0.026     0.053       0.305     0.563      0.094     0.572      0.433     0.519      0.520     0.743    0.566     0.696   0.612     0.149      0.341     0.03499  -1	   0.0851755     0.0249857
      D1H9D-a2b      0.007     0.070       0.348     0.541     -0.059     0.597      0.417     0.358      0.619     0.751    0.562     0.708   0.401     0.116      0.450     0.03690  -1	   0.0920284     0.0270015
      D1H9D-a2c      0.015     0.085       0.418     0.570     -0.083     0.605      0.401     0.392      0.443     0.813    0.625     0.732   0.554     0.114      0.552     0.02837  -1	   0.2565530     0.0144929
      D1H9D-a2d      0.023     0.080       0.475     0.470     -0.017     0.643      0.460     0.196      0.980     0.804    0.638     0.713   0.283     0.102      0.338     0.10754  -1	   0.1733104     0.0704993
     D1H9D-a30a      0.015     0.088       0.426     0.642      0.084     0.616      0.449     0.367      0.992     0.815    0.658     0.711   0.738     0.088      0.275     0.03821  -1	   0.1817528     0.0742413
     D1H9D-a30b      0.036     0.095       0.461     0.705     -0.020     0.633      0.413     0.415      0.814     0.821    0.675     0.706   0.802     0.077      0.270     0.11373  -1	   0.1507392     0.0410455
     D1H9D-a30c      0.028     0.073       0.390     0.660     -0.109     0.601      0.384     0.291      0.462     0.776    0.636     0.681   0.656     0.116      0.211     0.01873  -1	   0.0529199     0.0418180
     D1H9D-a30d      0.026     0.064       0.340     0.621     -0.382     0.603      0.412     0.355      0.413     0.759    0.570     0.710   0.471     0.120      0.289     0.02123  -1	   0.0936910     0.0661664
     D1H9D-a31a      0.014     0.081       0.397     0.570     -0.165     0.598      0.411     0.411      0.469     0.765    0.564     0.720   0.538     0.129      0.539     0.02795  -1	   0.1996318     0.0066250
     D1H9D-a31b      0.023     0.078       0.426     0.640     -0.249     0.606      0.474     0.472      0.886     0.757    0.582     0.700   0.570     0.096      0.416     0.01646  -1	   0.0476515    -0.0031729
     D1H9D-a31c      0.031     0.057       0.298     0.618      0.170     0.630      0.439     0.359      0.315     0.777    0.571     0.729   0.778     0.148      0.381     0.02205  -1	   0.2412734     0.1351474
     D1H9D-a31d      0.032     0.064       0.348     0.543     -0.183     0.609      0.441     0.356      0.350     0.745    0.608     0.669   0.384     0.138      0.320     0.02073  -1	   0.0990263     0.0605769
     D1H9D-a32a      0.028     0.057       0.298     0.584      0.172     0.647      0.476     0.403      0.346     0.711    0.548     0.677   0.652     0.154      0.482     0.02166  -1	   0.2788738     0.1159218
     D1H9D-a32b      0.026     0.051       0.291     0.603      0.271     0.626      0.479     0.431      0.653     0.741    0.589     0.679   0.825     0.158      0.485     0.02157  -1	   0.2432168     0.1311975
     D1H9D-a32c      0.029     0.055       0.305     0.603      0.304     0.625      0.453     0.378      0.689     0.714    0.554     0.676   0.853     0.166      0.262     0.02170  -1	   0.1727050     0.1413592
     D1H9D-a32d      0.031     0.059       0.319     0.628      0.251     0.622      0.438     0.383      0.786     0.727    0.536     0.702   0.825     0.135      0.397     0.02584  -1	   0.2136968     0.1276003
     D1H9D-a33a      0.015     0.076       0.376     0.685      0.413     0.565      0.354     0.257      0.264     0.757    0.606     0.683   0.945     0.114      0.134     0.01338  -1	   0.2580568     0.1975363
     D1H9D-a33b      0.030     0.054       0.305     0.480      0.298     0.619      0.485     0.414      0.422     0.716    0.559     0.674   0.428     0.176      0.222     0.02154  -1	   0.1402269     0.1146358
     D1H9D-a33c      0.040     0.101       0.489     0.722     -0.518     0.605      0.329     0.182      0.964     0.793    0.675     0.671   0.000     0.088      0.372     0.02032  -1	   0.0075453    -0.0992578
     D1H9D-a33d      0.028     0.054       0.305     0.571      0.345     0.617      0.448     0.364      0.936     0.764    0.604     0.692   0.727     0.160      0.422     0.02154  -1	   0.2651685     0.1899747
     D1H9D-a34a      0.039     0.086       0.404     0.580     -0.603     0.586      0.502     0.349      0.969     0.757    0.578     0.703   0.271     0.108      0.400     0.01576  -1	   0.0966071     0.0018878
     D1H9D-a34b      0.027     0.066       0.348     0.717      0.021     0.629      0.447     0.251      0.173     0.701    0.608     0.622   0.834     0.140      0.741     0.01588  -1	   0.6247904     0.2601750
     D1H9D-a34c      0.039     0.103       0.525     0.683     -0.401     0.606      0.430     0.281      0.992     0.777    0.581     0.721   0.620     0.072      0.333     0.02075  -1	   0.0397719    -0.0281513
     D1H9D-a34d      0.026     0.090       0.496     0.644     -0.277     0.599      0.396     0.375      0.944     0.809    0.626     0.727   0.515     0.079      0.472     0.01620  -1	   0.0680888    -0.0026009
     D1H9D-a35a      0.019     0.076       0.390     0.561      0.217     0.572      0.372     0.235      0.964     0.819    0.663     0.713   0.661     0.118      0.268     0.01533  -1	   0.1993008     0.1393312
     D1H9D-a35b      0.017     0.083       0.418     0.676     -0.099     0.545      0.425     0.379      0.809     0.824    0.630     0.743   0.747     0.111      0.239     0.01570  -1	   0.0293784    -0.0187647
     D1H9D-a35c      0.024     0.065       0.326     0.724      0.074     0.579      0.434     0.470      0.549     0.777    0.597     0.711   0.859     0.145      0.196     0.01655  -1	   0.0658823    -0.0120195
     D1H9D-a35d      0.033     0.095       0.489     0.726     -0.556     0.582      0.360     0.210      0.912     0.784    0.643     0.686   0.518     0.079      0.446     0.02032  -1	   0.0357542    -0.0435203
     D1H9D-a36a      0.023     0.088       0.433     0.582      0.079     0.559      0.337     0.195      0.707     0.901    0.639     0.838   0.612     0.100      0.239     0.01557  -1	   0.1239994     0.0659105
     D1H9D-a36b      0.012     0.067       0.348     0.678      0.108     0.540      0.398     0.196      0.806     0.749    0.521     0.733   0.780     0.112      0.028     0.01507  -1	   0.0156359     0.0685576
     D1H9D-a36c      0.009     0.063       0.348     0.591      0.312     0.554      0.425     0.264      0.710     0.772    0.622     0.687   0.727     0.114      0.122     0.01522  -1	   0.1087168     0.1638125
     D1H9D-a36d      0.018     0.081       0.404     0.638      0.070     0.573      0.410     0.347      0.860     0.853    0.726     0.711   0.738     0.117      0.227     0.01557  -1	   0.1075438     0.0427014
     D1H9D-a37a      0.021     0.066       0.390     0.702      0.230     0.628      0.476     0.312      0.075     0.751    0.568     0.704   0.909     0.112      0.416     0.04115  -1	   0.4580331     0.2990678
     D1H9D-a37b      0.025     0.076       0.418     0.665      0.099     0.615      0.440     0.297      0.163     0.759    0.674     0.631   0.805     0.107      0.385     0.03775  -1	   0.3582896     0.2075065
     D1H9D-a37c      0.022     0.070       0.383     0.679      0.085     0.634      0.425     0.283      0.109     0.793    0.655     0.687   0.805     0.123      0.416     0.03165  -1	   0.3876718     0.2133087
     D1H9D-a37d      0.016     0.065       0.326     0.774      0.050     0.566      0.511     0.516      0.866     0.735    0.552     0.699   0.851     0.115      0.107     0.01848  -1	   0.0089913     0.0009841
     D1H9D-a38a      0.021     0.076       0.418     0.671      0.062     0.620      0.407     0.274      0.084     0.716    0.626     0.624   0.805     0.105      0.365     0.03794  -1	   0.3444081     0.1973726
     D1H9D-a38b      0.023     0.070       0.411     0.708      0.085     0.633      0.487     0.302      0.041     0.718    0.581     0.660   0.859     0.113      0.447     0.03929  -1	   0.4494341     0.2704913
     D1H9D-a38c      0.017     0.072       0.404     0.699      0.141     0.627      0.406     0.263      0.057     0.781    0.693     0.639   0.780     0.114      0.404     0.03118  -1	   0.4620791     0.2876725
     D1H9D-a38d      0.024     0.074       0.411     0.619      0.042     0.612      0.466     0.349      0.147     0.714    0.612     0.632   0.713     0.105      0.375     0.03820  -1	   0.2888374     0.1441953
     D1H9D-a39a      0.023     0.073       0.376     0.702      0.204     0.635      0.422     0.295      0.279     0.774    0.629     0.684   0.909     0.118      0.394     0.03098  -1	   0.3708427     0.2036876
     D1H9D-a39b      0.026     0.072       0.404     0.698      0.223     0.622      0.413     0.281      0.092     0.741    0.659     0.622   0.854     0.110      0.414     0.03499  -1	   0.4990588     0.3008045
     D1H9D-a39c      0.028     0.096       0.461     0.584      0.013     0.622      0.363     0.185      0.491     0.723    0.579     0.666   0.587     0.089      0.402     0.06297  -1	   0.2292597     0.1090490
     D1H9D-a39d      0.034     0.084       0.433     0.614      0.035     0.629      0.409     0.206      0.186     0.698    0.540     0.671   0.713     0.099      0.506     0.03988  -1	   0.3982335     0.2063290
      D1H9D-a3a      0.013     0.088       0.440     0.647     -0.255     0.594      0.380     0.359      0.171     0.776    0.583     0.720   0.515     0.112      0.534     0.02762  -1	   0.3455108     0.0178129
      D1H9D-a3b      0.016     0.085       0.433     0.593     -0.365     0.612      0.476     0.469      0.647     0.817    0.603     0.751   0.345     0.114      0.469     0.02700  -1	   0.1012019    -0.0030127
      D1H9D-a3c      0.025     0.069       0.383     0.693      0.031     0.591      0.367     0.359      0.245     0.712    0.542     0.683   0.780     0.109      0.207     0.02903  -1	   0.1209398     0.0373964
      D1H9D-a3d      0.015     0.086       0.440     0.599     -0.187     0.608      0.438     0.438      0.208     0.814    0.595     0.754   0.538     0.121      0.529     0.02735  -1	   0.3155397    -0.0063248
     D1H9D-a40a      0.012     0.055       0.298     0.633      0.249     0.608      0.471     0.420      0.217     0.713    0.552     0.676   0.787     0.147      0.425     0.04380  -1	   0.3081854     0.1313324
     D1H9D-a40b      0.020     0.066       0.369     0.499     -0.029     0.607      0.572     0.482      0.802     0.718    0.582     0.659   0.283     0.125      0.148     0.06007  -1	   0.0291474     0.0271556
     D1H9D-a40c      0.025     0.096       0.468     0.661      0.082     0.637      0.389     0.149      0.024     0.721    0.568     0.674   0.805     0.090      0.333     0.05351  -1	   0.3907848     0.2804644
     D1H9D-a40d      0.033     0.095       0.532     0.608     -0.180     0.657      0.498     0.210      0.804     0.738    0.606     0.661   0.664     0.082      0.223     0.05941  -1	   0.0585464     0.0862689
     D1H9D-a41a      0.027     0.123       0.574     0.714      0.004     0.641      0.288     0.066      0.103     0.811    0.625     0.731   0.898     0.079      0.434     0.18476  -1	   0.4881982     0.1747937
     D1H9D-a41b      0.029     0.104       0.525     0.541     -0.127     0.641      0.494     0.255      0.981     0.810    0.626     0.729   0.000     0.081      0.301     0.05423  -1	   0.1622855    -0.0283710
     D1H9D-a41c      0.029     0.095       0.539     0.551     -0.194     0.633      0.529     0.262      0.428     0.734    0.580     0.677   0.538     0.077      0.331     0.05849  -1	   0.1162178     0.1311848
     D1H9D-a41d      0.031     0.094       0.532     0.636     -0.179     0.616      0.494     0.202      0.522     0.931    0.899     0.665   0.664     0.076      0.259     0.06379  -1	   0.1338728     0.1902801
     D1H9D-a42a      0.027     0.112       0.567     0.669      0.071     0.636      0.278     0.081      0.022     0.763    0.662     0.646   0.829     0.082      0.261     0.16807  -1	   0.3693818     0.2372817
     D1H9D-a42b      0.030     0.107       0.539     0.556      0.007     0.625      0.293     0.116      0.239     0.771    0.655     0.661   0.456     0.086      0.233     0.18098  -1	   0.2088327     0.1217411
     D1H9D-a42c      0.003     0.086       0.461     0.581      0.130     0.594      0.422     0.325      0.858     0.836    0.662     0.735   0.587     0.092      0.023     0.04050  -1	   0.1042335     0.1012768
     D1H9D-a42d      0.027     0.086       0.468     0.661      0.201     0.612      0.354     0.154      0.035     0.627    0.471     0.655   0.854     0.100      0.301     0.04095  -1	   0.3906747     0.2845746
     D1H9D-a43a      0.030     0.107       0.539     0.634     -0.015     0.632      0.302     0.101      0.034     0.811    0.765     0.610   0.586     0.079      0.270     0.15938  -1	   0.3536169     0.2532896
     D1H9D-a43b      0.021     0.057       0.291     0.503      0.222     0.644      0.469     0.373      0.426     0.700    0.546     0.668   0.508     0.154      0.225     0.42493   1	   0.1103201     0.1093500
     D1H9D-a43c      0.017     0.070       0.369     0.613      0.023     0.656      0.407     0.266      0.427     0.772    0.625     0.686   0.713     0.111      0.488     0.42946   1	   0.2545968     0.1460723
     D1H9D-a43d      0.028     0.092       0.440     0.608      0.212     0.633      0.365     0.254      0.554     0.791    0.663     0.678   0.787     0.107      0.328     0.07078  -1	   0.3109652     0.1724580
     D1H9D-a44a      0.026     0.069       0.362     0.604      0.174     0.656      0.409     0.261      0.260     0.787    0.629     0.700   0.778     0.119      0.133     0.37712   1	   0.1307244     0.1802798
     D1H9D-a44b      0.023     0.110       0.532     0.629      0.141     0.639      0.302     0.179      0.290     0.784    0.639     0.688   0.691     0.085      0.295     0.04213  -1	   0.3386227     0.1433015
     D1H9D-a44c      0.026     0.106       0.496     0.609      0.077     0.596      0.391     0.379      0.881     0.784    0.623     0.701   0.677     0.078      0.253     0.03561  -1	   0.1991953     0.0837148
     D1H9D-a44d      0.027     0.067       0.376     0.708      0.127     0.639      0.371     0.324      0.492     0.714    0.618     0.627   0.834     0.108      0.294     0.26361   1	   0.1785676     0.1024283
     D1H9D-a45a      0.031     0.091       0.440     0.594     -0.060     0.633      0.289     0.321      0.935     0.823    0.698     0.691   0.554     0.094      0.304     0.12256  -1	   0.1490974     0.0994295
     D1H9D-a45b      0.027     0.115       0.525     0.661      0.201     0.633      0.294     0.166      0.069     0.790    0.648     0.688   0.903     0.087      0.240     0.04191  -1	   0.4145964     0.1807378
     D1H9D-a45c      0.011     0.087       0.418     0.633      0.070     0.606      0.433     0.350      0.921     0.800    0.683     0.673   0.738     0.090      0.268     0.03827  -1	   0.1450432     0.0602860
     D1H9D-a45d      0.015     0.084       0.433     0.596      0.144     0.562      0.444     0.341      0.373     0.735    0.562     0.691   0.587     0.101      0.108     0.02522  -1	   0.0771493     0.0809689
     D1H9D-a46a      0.011     0.088       0.426     0.642      0.120     0.611      0.383     0.303      0.661     0.803    0.620     0.725   0.713     0.092      0.275     0.03825  -1	   0.1721763     0.0808832
     D1H9D-a46b      0.027     0.066       0.404     0.638      0.110     0.628      0.407     0.355      0.403     0.728    0.609     0.649   0.713     0.103      0.300     0.26918   1	   0.1748026     0.1125127
     D1H9D-a46c      0.023     0.082       0.440     0.605      0.067     0.631      0.344     0.312      0.124     0.798    0.665     0.685   0.738     0.096      0.494     0.16892  -1	   0.4463617     0.1268953
     D1H9D-a46d      0.029     0.116       0.553     0.654      0.179     0.637      0.269     0.136      0.169     0.778    0.659     0.665   0.886     0.084      0.243     0.04198  -1	   0.3804815     0.1833700
     D1H9D-a47a      0.034     0.106       0.511     0.521      0.066     0.590      0.323     0.240      0.977     0.793    0.687     0.661   0.000     0.079      0.307     0.03509  -1	   0.2498658     0.0057892
     D1H9D-a47b      0.018     0.095       0.518     0.608     -0.031     0.635      0.381     0.261      0.616     0.821    0.634     0.736   0.680     0.083      0.148     0.04873  -1	   0.0691955     0.0833905
     D1H9D-a47c      0.028     0.127       0.617     0.563      0.133     0.637      0.253     0.133      0.174     0.807    0.712     0.658   0.456     0.076      0.261     0.04237  -1	   0.4006703     0.1424630
     D1H9D-a47d      0.042     0.094       0.504     0.739      0.091     0.600      0.277     0.221      0.412     0.819    0.674     0.704   0.859     0.095      0.302     0.05083  -1	   0.2598841     0.0677171
     D1H9D-a48a      0.036     0.075       0.404     0.693     -0.203     0.584      0.455     0.391      0.973     0.828    0.684     0.709   0.637     0.109      0.286     0.02212  -1	   0.0391593    -0.0198021
     D1H9D-a48b      0.038     0.100       0.482     0.543      0.076     0.604      0.329     0.232      0.799     0.796    0.654     0.691   0.459     0.094      0.383     0.03235  -1	   0.2502159     0.0913429
     D1H9D-a48c      0.024     0.069       0.404     0.683      0.004     0.618      0.434     0.528      0.556     0.713    0.555     0.675   0.780     0.097      0.187     0.03526  -1	   0.0472250     0.0314061
     D1H9D-a48d      0.027     0.075       0.390     0.639     -0.171     0.550      0.455     0.377      0.800     0.902    0.703     0.805   0.664     0.092      0.274     0.01889  -1	   0.0455628     0.0097078
     D1H9D-a49a      0.013     0.060       0.326     0.669      0.257     0.584      0.430     0.433      0.856     0.861    0.605     0.803   0.892     0.140      0.131     0.01462  -1	   0.1248546     0.0985737
     D1H9D-a49b      0.027     0.054       0.291     0.643      0.105     0.625      0.435     0.411      0.568     0.727    0.592     0.661   0.713     0.152      0.365     0.02574  -1	   0.1311912     0.0601413
     D1H9D-a49c      0.015     0.071       0.355     0.688     -0.326     0.599      0.547     0.709      0.889     0.772    0.564     0.727   0.582     0.116      0.058     0.01437  -1	  -0.0019933     0.0727303
     D1H9D-a49d      0.031     0.074       0.426     0.602     -0.217     0.595      0.519     0.523      0.868     0.714    0.583     0.655   0.570     0.084      0.642     0.01567  -1	   0.1002574    -0.0023040
      D1H9D-a4a      0.021     0.054       0.284     0.716      0.188     0.583      0.549     0.566      0.872     0.817    0.672     0.704   0.900     0.138      0.221     0.01889  -1	   0.0967814     0.0577625
      D1H9D-a4b      0.015     0.088       0.418     0.659     -0.164     0.607      0.428     0.426      0.405     0.811    0.627     0.728   0.730     0.111      0.527     0.02786  -1	   0.2693998    -0.0302329
      D1H9D-a4c      0.015     0.092       0.454     0.646     -0.438     0.615      0.423     0.411      0.334     0.830    0.621     0.756   0.000     0.120      0.387     0.02717  -1	   0.1515923    -0.0137733
      D1H9D-a4d      0.025     0.069       0.348     0.691      0.144     0.611      0.446     0.314      0.719     0.840    0.625     0.765   0.780     0.128      0.493     0.01947  -1	   0.2591276     0.0959278
     D1H9D-a50a      0.024     0.079       0.426     0.651     -0.262     0.610      0.481     0.501      0.924     0.777    0.603     0.706   0.582     0.085      0.441     0.01625  -1	   0.0565310     0.0033535
     D1H9D-a50b      0.018     0.074       0.390     0.654     -0.389     0.584      0.404     0.357      0.641     0.828    0.638     0.742   0.538     0.105      0.237     0.01342  -1	   0.0223078     0.0107444
     D1H9D-a50c      0.031     0.074       0.369     0.661     -0.307     0.621      0.437     0.365      0.106     0.739    0.529     0.718   0.582     0.115      0.452     0.01634  -1	   0.3341466     0.0936812
     D1H9D-a50d      0.009     0.080       0.397     0.651      0.430     0.572      0.297     0.220      0.324     0.760    0.617     0.677   0.945     0.112      0.086     0.01338  -1	   0.2344530     0.1882508
     D1H9D-a51a      0.022     0.079       0.390     0.636     -0.015     0.571      0.432     0.336      0.936     0.791    0.570     0.743   0.680     0.110      0.282     0.01555  -1	   0.0887719     0.0151099
     D1H9D-a51b      0.031     0.084       0.468     0.586     -0.311     0.604      0.483     0.501      0.681     0.793    0.647     0.692   0.389     0.088      0.489     0.01600  -1	   0.1021686     0.0134289
     D1H9D-a51c      0.040     0.098       0.504     0.640     -0.400     0.604      0.401     0.255      0.807     0.766    0.544     0.734   0.471     0.075      0.386     0.02076  -1	   0.0667442    -0.0080618
     D1H9D-a51d      0.026     0.078       0.411     0.675     -0.241     0.611      0.493     0.509      0.857     0.781    0.612     0.705   0.637     0.093      0.416     0.01643  -1	   0.0638699    -0.0072577
     D1H9D-a52a      0.029     0.064       0.326     0.669      0.069     0.614      0.465     0.266      0.061     0.708    0.610     0.627   0.805     0.135      0.797     0.01586  -1	   0.7617867     0.3436325
     D1H9D-a52b      0.026     0.072       0.418     0.554     -0.189     0.554      0.510     0.304      1.000     0.875    0.734     0.738   0.538     0.099      0.246     0.01125  -1	   0.0378969     0.0280717
     D1H9D-a52c      0.022     0.087       0.411     0.667     -0.421     0.573      0.357     0.277      0.461     0.823    0.626     0.744   0.000     0.106      0.232     0.01350  -1	   0.0476843    -0.0213650
     D1H9D-a52d      0.018     0.082       0.397     0.682     -0.153     0.566      0.410     0.290      0.996     0.865    0.665     0.774   0.730     0.115      0.225     0.01555  -1	   0.0438872    -0.0170849
     D1H9D-a53a      0.026     0.068       0.333     0.716     -0.087     0.619      0.425     0.248      0.048     0.697    0.591     0.630   0.802     0.132      0.680     0.01557  -1	   0.6351465     0.3049960
     D1H9D-a53b      0.024     0.072       0.397     0.611     -0.230     0.559      0.401     0.236      0.999     0.879    0.732     0.746   0.570     0.108      0.221     0.01127  -1	   0.0252767     0.0223974
     D1H9D-a53c      0.022     0.084       0.418     0.692     -0.097     0.563      0.431     0.353      0.782     0.834    0.611     0.767   0.747     0.115      0.242     0.01553  -1	   0.0483315    -0.0133708
     D1H9D-a53d      0.017     0.067       0.369     0.575     -0.207     0.574      0.401     0.234      0.971     0.772    0.555     0.733   0.444     0.117      0.389     0.01150  -1	   0.0303789     0.0303687
     D1H9D-a54a      0.007     0.067       0.355     0.590      0.072     0.577      0.446     0.223      0.983     0.773    0.571     0.724   0.612     0.124      0.052     0.01523  -1	   0.0640764     0.0508381
     D1H9D-a54b      0.016     0.069       0.404     0.677     -0.194     0.558      0.457     0.303      1.000     0.893    0.698     0.793   0.730     0.116      0.314     0.01126  -1	   0.0269270    -0.0012295
     D1H9D-a54c      0.022     0.085       0.418     0.700     -0.075     0.564      0.419     0.358      0.813     0.816    0.655     0.715   0.802     0.109      0.239     0.01571  -1	   0.0473419    -0.0197454
     D1H9D-a54d      0.020     0.086       0.418     0.708     -0.122     0.556      0.393     0.305      0.468     0.836    0.592     0.779   0.711     0.107      0.259     0.01554  -1	   0.0841851    -0.0082648
     D1H9D-a55a      0.022     0.073       0.411     0.565     -0.080     0.539      0.513     0.312      1.000     0.869    0.734     0.730   0.554     0.100      0.274     0.01137  -1	   0.0575617     0.0272119
     D1H9D-a55b      0.025     0.068       0.383     0.611     -0.147     0.554      0.502     0.320      0.947     0.821    0.660     0.718   0.589     0.109      0.198     0.01127  -1	   0.0112006     0.0078945
     D1H9D-a55c      0.019     0.082       0.426     0.661     -0.228     0.557      0.389     0.278      0.895     0.784    0.621     0.701   0.637     0.114      0.253     0.01555  -1	   0.0056906    -0.0232899
     D1H9D-a55d      0.005     0.078       0.404     0.712      0.191     0.585      0.438     0.336      0.727     0.711    0.578     0.656   0.900     0.082      0.120     0.02290  -1	   0.0874845     0.0870867
     D1H9D-a56a      0.020     0.068       0.369     0.690      0.059     0.636      0.540     0.343      0.192     0.728    0.603     0.653   0.805     0.106      0.615     0.04183  -1	   0.4954832     0.2163816
     D1H9D-a56b      0.030     0.108       0.525     0.634     -0.049     0.622      0.328     0.190      0.085     0.678    0.528     0.660   0.586     0.091      0.384     0.02820  -1	   0.3643875     0.1219472
     D1H9D-a56c      0.025     0.089       0.489     0.601      0.026     0.651      0.335     0.071      0.036     0.721    0.633     0.622   0.713     0.097      0.402     0.12763  -1	   0.4060418     0.3758650
     D1H9D-a56d      0.027     0.096       0.546     0.607     -0.075     0.639      0.559     0.261      0.267     0.745    0.602     0.672   0.680     0.076      0.351     0.05844  -1	   0.2197490     0.2404984
     D1H9D-a57a      0.023     0.074       0.404     0.569     -0.005     0.658      0.459     0.256      0.547     0.787    0.620     0.706   0.554     0.105      0.395     0.11179  -1	   0.1685327     0.1165131
     D1H9D-a57b      0.010     0.078       0.383     0.645      0.176     0.598      0.479     0.423      0.977     0.781    0.544     0.750   0.778     0.094      0.150     0.03389  -1	   0.1704997     0.0904356
     D1H9D-a57c      0.020     0.078       0.418     0.635      0.271     0.620      0.404     0.172      0.059     0.686    0.534     0.663   0.825     0.118      0.576     0.04427  -1	   0.6416352     0.4068834
     D1H9D-a58a      0.025     0.076       0.433     0.617      0.060     0.637      0.435     0.194      0.709     0.925    0.895     0.655   0.738     0.109      0.259     0.11031  -1	   0.2216882     0.2558689
     D1H9D-a58b      0.024     0.084       0.447     0.541      0.056     0.635      0.366     0.308      0.502     0.683    0.542     0.655   0.459     0.106      0.254     0.06938  -1	   0.1424939     0.0913693
     D1H9D-a58c      0.026     0.087       0.433     0.596      0.180     0.617      0.341     0.240      0.358     0.755    0.647     0.650   0.652     0.111      0.358     0.07726  -1	   0.3116987     0.1553461
     D1H9D-a58d      0.033     0.082       0.454     0.677      0.286     0.619      0.368     0.192      0.073     0.687    0.590     0.622   0.892     0.102      0.351     0.03664  -1	   0.4962590     0.3448705
     D1H9D-a59a      0.025     0.086       0.461     0.741      0.155     0.623      0.369     0.184      0.064     0.741    0.617     0.657   0.900     0.109      0.443     0.03670  -1	   0.5346963     0.2901854
     D1H9D-a59b      0.029     0.097       0.546     0.616     -0.203     0.634      0.556     0.234      0.140     0.700    0.580     0.642   0.570     0.072      0.344     0.05792  -1	   0.2201126     0.2493450
     D1H9D-a59c      0.026     0.082       0.433     0.567      0.203     0.639      0.367     0.238      0.152     0.737    0.572     0.686   0.661     0.114      0.316     0.07564  -1	   0.3280812     0.2004459
     D1H9D-a59d      0.028     0.101       0.518     0.639      0.179     0.635      0.292     0.078      0.023     0.704    0.620     0.616   0.735     0.090      0.183     0.18800  -1	   0.3337717     0.2830674
      D1H9D-a5a      0.028     0.058       0.355     0.592      0.197     0.608      0.458     0.418      0.544     0.745    0.634     0.648   0.652     0.120      0.559     0.02622  -1	   0.3053250     0.1239102
      D1H9D-a5b      0.029     0.058       0.369     0.627      0.009     0.613      0.402     0.358      0.529     0.757    0.632     0.663   0.713     0.123      0.482     0.02550  -1	   0.1841530     0.0773588
      D1H9D-a5c      0.026     0.052       0.312     0.567      0.237     0.619      0.426     0.345      0.599     0.717    0.549     0.683   0.661     0.158      0.240     0.02576  -1	   0.1157958     0.1326333
      D1H9D-a5d      0.031     0.053       0.291     0.474      0.234     0.629      0.492     0.422      0.483     0.786    0.661     0.673   0.390     0.167      0.421     0.02146  -1	   0.2188621     0.1268931
     D1H9D-a60a      0.027     0.121       0.582     0.726     -0.026     0.647      0.236     0.053      0.127     0.829    0.679     0.714   0.793     0.074      0.325     0.18107  -1	   0.3598549     0.1316944
     D1H9D-a60b      0.023     0.088       0.454     0.651      0.166     0.654      0.353     0.274      0.413     0.743    0.596     0.674   0.845     0.107      0.269     0.07117  -1	   0.2526308     0.1359760
     D1H9D-a60c      0.005     0.088       0.461     0.544      0.132     0.580      0.436     0.278      0.933     0.788    0.621     0.706   0.434     0.097      0.016     0.03975  -1	   0.1352597     0.0741523
     D1H9D-a60d      0.022     0.090       0.447     0.608      0.053     0.633      0.347     0.089      0.035     0.756    0.581     0.700   0.738     0.099      0.535     0.13467  -1	   0.5232243     0.3533724
     D1H9D-a61a      0.027     0.089       0.418     0.553      0.146     0.631      0.416     0.322      0.263     0.739    0.639     0.636   0.587     0.108      0.465     0.07149  -1	   0.3994673     0.1435732
     D1H9D-a61b      0.025     0.090       0.461     0.628      0.146     0.633      0.296     0.199      0.284     0.762    0.619     0.678   0.713     0.102      0.305     0.07200  -1	   0.2904651     0.1549862
     D1H9D-a61c      0.019     0.062       0.348     0.712      0.277     0.648      0.390     0.210      0.283     0.712    0.591     0.647   0.946     0.126      0.359     0.04767  -1	   0.3482497     0.3249286
     D1H9D-a61d      0.027     0.103       0.511     0.682     -0.104     0.648      0.361     0.117      0.181     0.787    0.683     0.657   0.738     0.083      0.427     0.18786  -1	   0.3641404     0.2011081
     D1H9D-a62a      0.018     0.065       0.390     0.613      0.054     0.620      0.434     0.414      0.527     0.775    0.608     0.701   0.738     0.124      0.121     0.05069  -1	   0.0225612     0.0588429
     D1H9D-a62b      0.022     0.098       0.525     0.617      0.065     0.609      0.438     0.369      0.605     0.783    0.625     0.697   0.738     0.079      0.288     0.03585  -1	   0.1833447     0.1165834
     D1H9D-a62c      0.021     0.101       0.511     0.626      0.179     0.634      0.335     0.173      0.373     0.734    0.581     0.676   0.735     0.085      0.102     0.04088  -1	   0.1869225     0.1577148
     D1H9D-a62d      0.013     0.063       0.348     0.638      0.062     0.640      0.392     0.336      0.274     0.749    0.610     0.671   0.738     0.121      0.116     0.05016  -1	   0.0437372     0.0762994
     D1H9D-a63a      0.027     0.112       0.518     0.667      0.146     0.641      0.294     0.168      0.190     0.748    0.621     0.661   0.843     0.091      0.155     0.04202  -1	   0.2644981     0.1246148
     D1H9D-a63b      0.030     0.114       0.525     0.604      0.086     0.608      0.380     0.320      0.575     0.714    0.570     0.664   0.677     0.078      0.248     0.03583  -1	   0.2210745     0.0816942
     D1H9D-a63c      0.024     0.112       0.539     0.641      0.136     0.635      0.276     0.165      0.138     0.765    0.634     0.670   0.691     0.084      0.152     0.04220  -1	   0.2612528     0.1174903
     D1H9D-a63d      0.028     0.116       0.574     0.625      0.160     0.635      0.237     0.089      0.400     0.786    0.672     0.665   0.735     0.078      0.259     0.04154  -1	   0.3304598     0.1809710
     D1H9D-a64a      0.033     0.121       0.553     0.657      0.163     0.626      0.249     0.115      0.089     0.847    0.686     0.733   0.886     0.087      0.218     0.04097  -1	   0.3682990     0.1396882
     D1H9D-a64b      0.029     0.088       0.461     0.683      0.041     0.630      0.382     0.277      0.254     0.739    0.614     0.657   0.780     0.085      0.413     0.04572  -1	   0.3358526     0.1133614
     D1H9D-a64c      0.035     0.081       0.433     0.684      0.046     0.610      0.340     0.296      0.193     0.775    0.682     0.642   0.780     0.103      0.373     0.02138  -1	   0.3383896     0.1093963
     D1H9D-a64d      0.033     0.122       0.589     0.653      0.164     0.634      0.258     0.122      0.019     0.745    0.658     0.629   0.886     0.079      0.255     0.04184  -1	   0.4568279     0.2109392
     D1H9D-a65a      0.031     0.118       0.574     0.642      0.191     0.637      0.256     0.133      0.030     0.743    0.670     0.616   0.735     0.083      0.264     0.04188  -1	   0.4807781     0.2208200
     D1H9D-a65b      0.022     0.067       0.355     0.660     -0.471     0.587      0.402     0.331      0.798     0.727    0.581     0.669   0.613     0.107      0.228     0.02000  -1	   0.0336069     0.0394934
     D1H9D-a65c      0.037     0.064       0.376     0.605     -0.160     0.594      0.446     0.363      0.392     0.845    0.669     0.743   0.664     0.113      0.303     0.02260  -1	   0.0985706     0.0569045
     D1H9D-a65d      0.016     0.089       0.468     0.632      0.093     0.557      0.348     0.354      0.690     0.775    0.561     0.733   0.738     0.090      0.191     0.02875  -1	   0.1003674     0.0651438
     D1H9D-a66a      0.033     0.073       0.390     0.682     -0.139     0.601      0.442     0.416      0.794     0.786    0.632     0.696   0.656     0.121      0.386     0.02209  -1	   0.0804883    -0.0128130
     D1H9D-a66b      0.033     0.082       0.426     0.703     -0.088     0.607      0.359     0.314      0.090     0.756    0.695     0.608   0.802     0.096      0.375     0.02126  -1	   0.3614282     0.1125520
     D1H9D-a66c      0.032     0.078       0.404     0.665      0.055     0.592      0.326     0.278      0.176     0.766    0.595     0.700   0.805     0.108      0.393     0.02138  -1	   0.3199051     0.0992362
     D1H9D-a66d      0.018     0.090       0.440     0.636      0.161     0.577      0.451     0.423      0.355     0.815    0.619     0.739   0.778     0.101      0.152     0.02655  -1	   0.1369354     0.0739753
     D1H9D-a67a      0.027     0.059       0.326     0.652     -0.331     0.621      0.455     0.271      0.453     0.721    0.583     0.662   0.582     0.137      0.540     0.01720  -1	   0.1974035     0.1207244
     D1H9D-a67b      0.027     0.073       0.461     0.521      0.164     0.544      0.483     0.298      0.489     0.925    0.560     0.900   0.499     0.095      0.344     0.01658  -1	   0.1752589     0.1137135
     D1H9D-a67c      0.034     0.082       0.426     0.686     -0.117     0.597      0.364     0.292      0.499     0.789    0.715     0.630   0.656     0.099      0.379     0.02095  -1	   0.1745167     0.0366531
     D1H9D-a67d      0.041     0.097       0.496     0.702     -0.418     0.612      0.316     0.190      0.964     0.786    0.677     0.661   0.000     0.074      0.372     0.02073  -1	   0.0111874    -0.0922115
     D1H9D-a68a      0.031     0.071       0.383     0.658     -0.018     0.605      0.422     0.324      0.333     0.694    0.576     0.639   0.747     0.113      0.204     0.01886  -1	   0.0933551     0.0700989
     D1H9D-a68b      0.038     0.096       0.489     0.663     -0.305     0.590      0.384     0.338      0.069     0.755    0.601     0.684   0.582     0.095      0.147     0.01416  -1	   0.1281744     0.0489492
     D1H9D-a68c      0.011     0.082       0.411     0.732     -0.341     0.571      0.321     0.331      0.672     0.731    0.547     0.699   0.636     0.102      0.211     0.01385  -1	   0.0014582    -0.0079157
     D1H9D-a68d      0.022     0.069       0.383     0.583     -0.251     0.583      0.547     0.466      0.129     0.747    0.618     0.663   0.389     0.113      0.250     0.01568  -1	   0.1271440     0.0793067
     D1H9D-a69a      0.019     0.078       0.397     0.592      0.061     0.546      0.408     0.255      0.915     0.864    0.692     0.753   0.612     0.134      0.298     0.01560  -1	   0.1073142     0.0313529
     D1H9D-a69b      0.013     0.089       0.440     0.703     -0.317     0.546      0.208     0.200      0.927     0.812    0.583     0.760   0.636     0.103      0.204     0.01407  -1	   0.0013160     0.0623369
     D1H9D-a69c      0.028     0.070       0.383     0.663     -0.234     0.584      0.462     0.355      0.148     0.738    0.586     0.676   0.637     0.112      0.323     0.01578  -1	   0.2064233     0.0965480
     D1H9D-a69d      0.023     0.069       0.383     0.614     -0.267     0.591      0.523     0.419      0.101     0.730    0.585     0.670   0.515     0.112      0.253     0.01564  -1	   0.1534315     0.0983424
      D1H9D-a6a      0.011     0.082       0.383     0.669      0.316     0.551      0.338     0.271      0.379     0.758    0.578     0.704   0.920     0.119      0.146     0.01330  -1	   0.1752782     0.0866050
      D1H9D-a6b      0.023     0.065       0.333     0.695      0.113     0.570      0.463     0.552      0.474     0.746    0.554     0.709   0.780     0.145      0.244     0.01653  -1	   0.1007717    -0.0044725
      D1H9D-a6c      0.019     0.084       0.418     0.596     -0.050     0.598      0.401     0.377      0.433     0.806    0.613     0.731   0.554     0.113      0.535     0.02828  -1	   0.2620202     0.0131877
      D1H9D-a6d      0.018     0.089       0.440     0.652     -0.305     0.603      0.414     0.405      0.163     0.764    0.573     0.713   0.582     0.110      0.462     0.02793  -1	   0.3064482     0.0138186
     D1H9D-a70a      0.023     0.070       0.369     0.678     -0.222     0.582      0.526     0.456      0.121     0.777    0.634     0.684   0.637     0.112      0.374     0.01562  -1	   0.2684492     0.0765109
     D1H9D-a70b      0.018     0.062       0.362     0.527      0.022     0.562      0.619     0.524      0.958     0.813    0.599     0.750   0.434     0.117      0.304     0.01134  -1	   0.0662438     0.0351900
     D1H9D-a70c      0.015     0.077       0.404     0.595     -0.396     0.557      0.361     0.346      1.000     0.829    0.590     0.774   0.345     0.110      0.256     0.01383  -1	   0.0236553     0.0212219
     D1H9D-a70d      0.041     0.102       0.525     0.685     -0.374     0.592      0.373     0.233      0.702     0.755    0.570     0.706   0.545     0.075      0.332     0.01648  -1	   0.0512484    -0.0230105
     D1H9D-a71a      0.018     0.075       0.404     0.611     -0.179     0.556      0.398     0.226      1.000     0.873    0.723     0.744   0.664     0.107      0.231     0.01135  -1	   0.0306894     0.0314760
     D1H9D-a71b      0.020     0.071       0.390     0.618     -0.257     0.565      0.390     0.212      0.999     0.865    0.685     0.760   0.515     0.111      0.217     0.01123  -1	   0.0158504     0.0165395
     D1H9D-a71c      0.020     0.081       0.418     0.675     -0.154     0.556      0.420     0.336      0.869     0.819    0.584     0.767   0.730     0.114      0.272     0.01556  -1	   0.0375631    -0.0118767
     D1H9D-a71d      0.017     0.087       0.454     0.649     -0.162     0.541      0.378     0.298      0.438     0.810    0.666     0.700   0.664     0.105      0.265     0.01571  -1	   0.0657596     0.0016111
     D1H9D-a72a      0.022     0.083       0.418     0.681     -0.077     0.558      0.377     0.301      0.845     0.828    0.612     0.759   0.747     0.113      0.242     0.01548  -1	   0.0499918    -0.0032494
     D1H9D-a72b      0.016     0.077       0.397     0.644     -0.084     0.572      0.369     0.256      0.864     0.793    0.617     0.714   0.680     0.118      0.282     0.01557  -1	   0.0435178     0.0201383
     D1H9D-a72c      0.019     0.069       0.376     0.660      0.210     0.563      0.399     0.208      0.997     0.807    0.546     0.775   0.854     0.114      0.028     0.01511  -1	   0.1422252     0.1250471
     D1H9D-a72d      0.015     0.071       0.369     0.624      0.072     0.542      0.422     0.224      0.991     0.804    0.642     0.710   0.738     0.121      0.108     0.01522  -1	   0.0489477     0.0430676
     D1H9D-a73a      0.015     0.070       0.376     0.629      0.080     0.546      0.407     0.202      0.569     0.797    0.642     0.701   0.738     0.117      0.108     0.01518  -1	   0.0055173     0.0954031
     D1H9D-a73b      0.002     0.082       0.440     0.606      0.152     0.592      0.487     0.534      0.841     0.793    0.600     0.726   0.778     0.101      0.081     0.01867  -1	   0.1056011     0.1370816
     D1H9D-a73c      0.005     0.087       0.390     0.768      0.189     0.543      0.314     0.176      0.992     0.879    0.693     0.774   0.892     0.107      0.316     0.01567  -1	   0.1918742     0.0620780
     D1H9D-a73d      0.021     0.061       0.348     0.526      0.299     0.538      0.491     0.301      0.304     0.878    0.710     0.762   0.546     0.115      0.131     0.01653  -1	   0.0858800     0.1828529
     D1H9D-a74a      0.020     0.082       0.411     0.672     -0.122     0.564      0.440     0.363      0.560     0.824    0.646     0.732   0.656     0.111      0.234     0.01558  -1	   0.0460255    -0.0055523
     D1H9D-a74b      0.021     0.069       0.397     0.649     -0.210     0.564      0.451     0.272      0.933     0.861    0.687     0.752   0.570     0.109      0.314     0.01138  -1	   0.0232488    -0.0027176
     D1H9D-a74c      0.008     0.081       0.433     0.622      0.199     0.602      0.429     0.381      0.886     0.793    0.559     0.752   0.778     0.098      0.118     0.01837  -1	   0.1750722     0.1421598
     D1H9D-a74d      0.012     0.080       0.440     0.712      0.080     0.587      0.485     0.519      0.999     0.798    0.583     0.744   0.859     0.107      0.067     0.01893  -1	   0.0843105     0.0982301
     D1H9D-a75a      0.014     0.075       0.397     0.666      0.039     0.571      0.463     0.322      0.778     0.794    0.622     0.713   0.780     0.101      0.212     0.02538  -1	   0.0548146     0.0475482
     D1H9D-a75b      0.019     0.061       0.369     0.777     -0.149     0.544      0.460     0.541      0.969     0.775    0.607     0.702   0.703     0.123      0.129     0.01769  -1	  -0.0522470    -0.0112319
     D1H9D-a75c      0.032     0.102       0.574     0.606     -0.171     0.635      0.531     0.233      0.727     0.792    0.684     0.662   0.617     0.075      0.317     0.05879  -1	   0.0933448     0.1151105
     D1H9D-a75d      0.020     0.079       0.418     0.584     -0.140     0.547      0.446     0.399      0.867     0.819    0.618     0.744   0.463     0.103      0.389     0.01397  -1	   0.0573488    -0.0090249
     D1H9D-a76a      0.017     0.072       0.362     0.597      0.426     0.590      0.448     0.218      0.568     0.784    0.615     0.706   0.752     0.109      0.126     0.02122  -1	   0.2478921     0.3003330
     D1H9D-a76b      0.021     0.077       0.397     0.605      0.050     0.568      0.439     0.325      1.000     0.829    0.674     0.718   0.738     0.118      0.280     0.01559  -1	   0.1135072     0.0455848
     D1H9D-a76c      0.009     0.084       0.454     0.732      0.026     0.600      0.453     0.543      0.336     0.842    0.655     0.748   0.834     0.092      0.226     0.03322  -1	   0.1254906     0.0293347
     D1H9D-a76d      0.031     0.092       0.546     0.677     -0.119     0.641      0.434     0.139      0.142     0.694    0.557     0.653   0.656     0.073      0.243     0.06365  -1	   0.1663155     0.2208775
     D1H9D-a77a      0.015     0.081       0.447     0.705     -0.408     0.595      0.457     0.330      0.176     0.782    0.682     0.651   0.000     0.081      0.448     0.03903  -1	   0.2646858     0.0488257
     D1H9D-a77b      0.004     0.092       0.440     0.636      0.168     0.603      0.387     0.259      0.701     0.808    0.638     0.717   0.778     0.101      0.084     0.04126  -1	   0.1156346     0.0937527
     D1H9D-a77d      0.011     0.064       0.348     0.633      0.091     0.562      0.538     0.417      0.948     0.773    0.630     0.681   0.738     0.112      0.127     0.01479  -1	   0.0399665     0.0449311
     D1H9D-a78a      0.008     0.087       0.461     0.526      0.072     0.599      0.444     0.255      0.800     0.764    0.595     0.697   0.459     0.091      0.054     0.04068  -1	   0.0907124     0.0893916
     D1H9D-a78b      0.016     0.074       0.376     0.684      0.034     0.592      0.499     0.351      0.464     0.796    0.612     0.722   0.780     0.109      0.376     0.02502  -1	   0.1782866     0.0743678
     D1H9D-a78c     -0.002     0.091       0.426     0.651      0.120     0.584      0.384     0.299      0.552     0.827    0.650     0.733   0.780     0.099      0.057     0.04209  -1	   0.0412066     0.0378159
     D1H9D-a78d      0.012     0.055       0.298     0.618      0.256     0.614      0.427     0.416      0.294     0.736    0.575     0.684   0.825     0.137      0.443     0.04865  -1	   0.3003277     0.1191312
     D1H9D-a79a      0.024     0.103       0.511     0.694     -0.057     0.628      0.351     0.131      0.453     0.758    0.624     0.672   0.663     0.081      0.384     0.17457  -1	   0.2227480     0.0794311
     D1H9D-a79b      0.006     0.088       0.461     0.549      0.124     0.594      0.405     0.230      0.885     0.782    0.613     0.705   0.434     0.087      0.027     0.03964  -1	   0.1304356     0.0840054
     D1H9D-a79c      0.027     0.084       0.447     0.580      0.100     0.640      0.390     0.314      0.526     0.702    0.577     0.647   0.587     0.112      0.257     0.06900  -1	   0.1713018     0.1018069
     D1H9D-a79d      0.008     0.081       0.418     0.533      0.089     0.590      0.449     0.343      0.866     0.806    0.638     0.715   0.459     0.098      0.074     0.04143  -1	   0.0913075     0.0614383
      D1H9D-a7a      0.017     0.081       0.404     0.646     -0.122     0.550      0.470     0.419      0.596     0.831    0.679     0.716   0.589     0.115      0.222     0.01541  -1	   0.0298707    -0.0065952
      D1H9D-a7b      0.017     0.068       0.362     0.581      0.067     0.606      0.440     0.471      0.216     0.708    0.582     0.650   0.612     0.133      0.325     0.01710  -1	   0.1882732     0.0271443
      D1H9D-a7c      0.013     0.085       0.426     0.635     -0.094     0.604      0.384     0.375      0.139     0.822    0.639     0.734   0.680     0.121      0.534     0.02750  -1	   0.4012946     0.0151098
      D1H9D-a7d      0.027     0.051       0.298     0.646      0.168     0.625      0.467     0.405      0.627     0.778    0.597     0.712   0.778     0.158      0.430     0.02187  -1	   0.1847688     0.0991952
     D1H9D-a80a      0.028     0.118       0.589     0.654      0.215     0.634      0.237     0.111      0.038     0.749    0.636     0.651   0.903     0.086      0.218     0.04144  -1	   0.4295644     0.2092493
     D1H9D-a80b      0.006     0.087       0.461     0.631      0.179     0.585      0.317     0.407      0.381     0.759    0.612     0.681   0.778     0.084      0.174     0.03135  -1	   0.1449855     0.0509923
     D1H9D-a80c      0.028     0.118       0.532     0.660      0.164     0.635      0.275     0.135      0.188     0.801    0.681     0.675   0.886     0.085      0.209     0.04189  -1	   0.3386274     0.1606894
     D1H9D-a80d      0.022     0.092       0.454     0.582      0.184     0.637      0.397     0.298      0.516     0.750    0.627     0.659   0.652     0.098      0.226     0.06806  -1	   0.2282624     0.1430667
     D1H9D-a81a      0.022     0.100       0.504     0.626      0.156     0.627      0.328     0.217      0.264     0.811    0.639     0.721   0.778     0.088      0.325     0.04657  -1	   0.3382467     0.1486116
     D1H9D-a81b      0.020     0.066       0.376     0.761      0.176     0.578      0.409     0.296      0.739     0.762    0.625     0.674   0.892     0.106      0.048     0.02046  -1	   0.0391261     0.0803210
     D1H9D-a81c      0.025     0.106       0.518     0.566      0.105     0.633      0.339     0.245      0.300     0.747    0.590     0.684   0.456     0.081      0.262     0.04332  -1	   0.2638847     0.1012802
     D1H9D-a81d      0.027     0.067       0.390     0.698      0.229     0.576      0.362     0.236      0.764     0.799    0.629     0.713   0.854     0.108      0.125     0.02066  -1	   0.1197597     0.1423792
     D1H9D-a82a      0.018     0.068       0.376     0.713      0.183     0.566      0.358     0.227      0.969     0.806    0.662     0.697   0.900     0.106      0.084     0.02023  -1	   0.0899305     0.0999496
     D1H9D-a82b      0.027     0.114       0.589     0.626      0.170     0.627      0.263     0.134      0.063     0.745    0.644     0.639   0.735     0.080      0.194     0.04176  -1	   0.3502690     0.1853486
     D1H9D-a82c      0.024     0.110       0.532     0.635      0.169     0.640      0.322     0.211      0.124     0.761    0.623     0.674   0.735     0.086      0.166     0.04230  -1	   0.2927874     0.1411617
     D1H9D-a82d      0.028     0.087       0.454     0.628      0.062     0.630      0.332     0.349      0.749     0.837    0.669     0.732   0.738     0.091      0.436     0.15276  -1	   0.2486279     0.1052046
     D1H9D-a83a      0.029     0.077       0.411     0.697     -0.161     0.565      0.468     0.324      0.933     0.822    0.616     0.749   0.730     0.096      0.203     0.01563  -1	   0.0235537    -0.0019837
     D1H9D-a83b      0.028     0.082       0.433     0.685     -0.143     0.555      0.499     0.376      0.838     0.810    0.606     0.743   0.656     0.094      0.223     0.01539  -1	   0.0235197     0.0028512
     D1H9D-a83c      0.031     0.063       0.340     0.678     -0.049     0.582      0.390     0.226      0.522     0.713    0.579     0.656   0.747     0.106      0.603     0.01346  -1	   0.2388767     0.1255898
     D1H9D-a83d      0.024     0.070       0.369     0.614     -0.221     0.570      0.429     0.269      0.963     0.815    0.698     0.680   0.570     0.102      0.251     0.01517  -1	   0.0216923     0.0217272
     D1H9D-a84a      0.043     0.096       0.496     0.610     -0.101     0.572      0.410     0.371      0.783     0.767    0.595     0.702   0.589     0.086      0.445     0.01799  -1	   0.1465453     0.0131062
     D1H9D-a84b      0.023     0.081       0.426     0.693     -0.462     0.578      0.365     0.271      0.405     0.774    0.612     0.697   0.613     0.099      0.233     0.01336  -1	   0.0830583     0.0513583
     D1H9D-a84c      0.025     0.078       0.426     0.668     -0.240     0.565      0.494     0.413      0.677     0.804    0.629     0.719   0.637     0.101      0.148     0.01515  -1	  -0.0201215     0.0106921
     D1H9D-a84d      0.023     0.097       0.454     0.622      0.024     0.569      0.399     0.351      0.373     0.791    0.578     0.739   0.713     0.096      0.204     0.01561  -1	   0.1246599     0.0206655
     D1H9D-a85a      0.023     0.084       0.411     0.696     -0.421     0.572      0.341     0.279      0.178     0.823    0.609     0.755   0.000     0.104      0.231     0.01347  -1	   0.1286882     0.0236304
     D1H9D-a85b      0.037     0.080       0.433     0.516     -0.496     0.586      0.468     0.466      0.638     0.789    0.662     0.677   0.267     0.102      0.188     0.01453  -1	   0.0327961     0.0372670
     D1H9D-a85d      0.040     0.089       0.440     0.617     -0.184     0.566      0.426     0.406      0.040     0.647    0.564     0.602   0.664     0.088      0.462     0.01803  -1	   0.4105172     0.0645000
     D1H9D-a86a      0.025     0.076       0.404     0.650     -0.431     0.550      0.391     0.300      0.615     0.711    0.539     0.684   0.000     0.101      0.260     0.01193  -1	   0.0025483    -0.0381576
     D1H9D-a86b      0.038     0.071       0.376     0.661     -0.251     0.616      0.506     0.403      0.847     0.777    0.593     0.713   0.582     0.125      0.283     0.01451  -1	   0.0405216    -0.0086816
     D1H9D-a86c      0.022     0.069       0.369     0.655     -0.226     0.592      0.548     0.471      0.127     0.747    0.627     0.656   0.637     0.112      0.414     0.01579  -1	   0.2879006     0.0817371
     D1H9D-a86d      0.018     0.069       0.390     0.600     -0.118     0.550      0.546     0.375      0.909     0.839    0.708     0.706   0.589     0.108      0.258     0.01136  -1	   0.0194774     0.0214167
     D1H9D-a87a      0.024     0.066       0.369     0.611     -0.264     0.589      0.548     0.465      0.136     0.708    0.591     0.642   0.515     0.113      0.300     0.01575  -1	   0.1745364     0.0878113
     D1H9D-a87b      0.012     0.075       0.397     0.568     -0.389     0.549      0.354     0.323      0.990     0.852    0.624     0.781   0.345     0.104      0.250     0.01378  -1	   0.0213239     0.0387085
     D1H9D-a87c      0.018     0.065       0.362     0.717     -0.164     0.543      0.404     0.250      0.768     0.876    0.772     0.706   0.785     0.113      0.265     0.01124  -1	   0.0288569     0.0423319
     D1H9D-a87d      0.016     0.066       0.340     0.664      0.179     0.557      0.449     0.248      0.943     0.774    0.591     0.710   0.845     0.126      0.044     0.01513  -1	   0.0685703     0.0743941
     D1H9D-a88a      0.021     0.068       0.390     0.610     -0.139     0.553      0.473     0.320      0.915     0.760    0.639     0.661   0.589     0.108      0.188     0.01119  -1	  -0.0107459     0.0034633
     D1H9D-a88b      0.019     0.076       0.433     0.618     -0.117     0.542      0.426     0.255      1.000     0.915    0.802     0.755   0.589     0.101      0.300     0.01143  -1	   0.0658338     0.0190736
     D1H9D-a88c      0.011     0.067       0.362     0.663      0.282     0.555      0.408     0.220      0.698     0.726    0.557     0.685   0.892     0.116      0.122     0.01521  -1	   0.0979759     0.1491589
     D1H9D-a88d      0.021     0.068       0.369     0.595     -0.113     0.547      0.467     0.294      0.921     0.741    0.585     0.681   0.463     0.117      0.199     0.01120  -1	   0.0016877    -0.0135005
     D1H9D-a89a      0.022     0.069       0.390     0.644     -0.124     0.564      0.450     0.281      0.965     0.793    0.607     0.722   0.589     0.108      0.249     0.01130  -1	   0.0200327    -0.0011754
     D1H9D-a89b      0.012     0.067       0.362     0.668      0.241     0.571      0.413     0.226      0.780     0.734    0.554     0.696   0.854     0.117      0.122     0.01518  -1	   0.0964722     0.1308721
     D1H9D-a89c      0.004     0.084       0.447     0.670      0.150     0.601      0.451     0.437      0.386     0.776    0.609     0.702   0.845     0.103      0.103     0.01929  -1	   0.0823409     0.0817224
     D1H9D-a89d      0.014     0.084       0.404     0.653     -0.107     0.556      0.404     0.292      0.734     0.813    0.616     0.738   0.656     0.107      0.284     0.01567  -1	   0.0513846    -0.0065299
      D1H9D-a8a      0.022     0.067       0.404     0.602      0.062     0.630      0.473     0.381      0.260     0.737    0.611     0.658   0.738     0.120      0.278     0.03954  -1	   0.1612479     0.1147397
      D1H9D-a8b      0.019     0.073       0.404     0.684      0.129     0.614      0.453     0.315      0.282     0.716    0.603     0.641   0.780     0.113      0.379     0.03746  -1	   0.2854622     0.1582592
      D1H9D-a8c      0.021     0.066       0.369     0.657      0.004     0.600      0.436     0.482      0.435     0.772    0.609     0.697   0.780     0.116      0.119     0.02847  -1	   0.0137792     0.0087400
      D1H9D-a8d      0.021     0.074       0.404     0.664      0.095     0.606      0.390     0.245      0.166     0.738    0.618     0.653   0.805     0.107      0.372     0.03837  -1	   0.3112841     0.1928227
     D1H9D-a90a      0.009     0.069       0.369     0.603      0.130     0.552      0.411     0.196      0.835     0.784    0.578     0.733   0.713     0.115      0.044     0.01517  -1	   0.0373765     0.0867919
     D1H9D-a90b      0.016     0.071       0.404     0.598     -0.154     0.563      0.452     0.280      1.000     0.861    0.708     0.738   0.538     0.110      0.314     0.01141  -1	   0.0395455     0.0050258
     D1H9D-a90c      0.012     0.080       0.418     0.693     -0.219     0.545      0.328     0.211      0.540     0.806    0.610     0.735   0.637     0.109      0.377     0.01227  -1	   0.0872785     0.0180381
     D1H9D-a91a      0.012     0.056       0.312     0.679      0.053     0.557      0.552     0.509      0.978     0.789    0.599     0.723   0.805     0.136      0.316     0.01759  -1	   0.0425398     0.0033848
     D1H9D-a91b      0.008     0.075       0.404     0.671      0.092     0.589      0.484     0.495      0.735     0.756    0.632     0.661   0.805     0.120      0.109     0.01826  -1	   0.0304727     0.0497793
     D1H9D-a91c      0.011     0.056       0.305     0.626      0.035     0.551      0.597     0.509      0.994     0.817    0.591     0.760   0.713     0.136      0.259     0.01782  -1	   0.0389105     0.0097051
     D1H9D-a91d      0.015     0.067       0.348     0.674      0.150     0.537      0.383     0.178      0.607     0.770    0.588     0.710   0.845     0.120      0.055     0.01509  -1	   0.0023659     0.0991711
     D1H9D-a92a      0.013     0.074       0.369     0.631      0.463     0.591      0.403     0.150      0.145     0.736    0.560     0.693   0.848     0.104      0.139     0.02132  -1	   0.3146592     0.4025271
     D1H9D-a92b      0.020     0.091       0.468     0.649     -0.382     0.617      0.390     0.220      0.823     0.787    0.573     0.738   0.471     0.081      0.438     0.04119  -1	   0.0600436    -0.0077185
     D1H9D-a92c      0.019     0.093       0.433     0.736      0.170     0.583      0.448     0.279      0.462     0.751    0.608     0.675   0.900     0.094      0.169     0.02828  -1	   0.1612455     0.1143758
     D1H9D-a92d      0.005     0.066       0.355     0.647      0.169     0.578      0.462     0.363      0.633     0.765    0.612     0.687   0.778     0.126      0.209     0.01641  -1	   0.0757745     0.0775139
     D1H9D-a93a      0.017     0.068       0.362     0.507      0.441     0.595      0.481     0.252      0.326     0.762    0.600     0.693   0.599     0.111      0.117     0.02113  -1	   0.2229224     0.3090364
     D1H9D-a93b      0.018     0.070       0.355     0.573      0.318     0.576      0.476     0.239      0.521     0.775    0.626     0.689   0.727     0.107      0.313     0.02132  -1	   0.2425175     0.2601687
     D1H9D-a93c      0.012     0.073       0.369     0.553      0.459     0.589      0.416     0.160      0.401     0.774    0.632     0.682   0.722     0.108      0.126     0.02179  -1	   0.2618669     0.3645062
     D1H9D-a93d      0.017     0.071       0.355     0.506      0.514     0.594      0.476     0.247      0.442     0.763    0.620     0.679   0.562     0.114      0.117     0.02104  -1	   0.2973994     0.3402186
     D1H9D-a94a      0.008     0.083       0.440     0.547      0.128     0.593      0.430     0.276      0.971     0.808    0.671     0.692   0.434     0.097      0.015     0.04047  -1	   0.1394581     0.0698365
     D1H9D-a94b      0.002     0.089       0.433     0.679      0.181     0.606      0.405     0.341      0.593     0.789    0.621     0.707   0.845     0.099      0.110     0.04263  -1	   0.1147156     0.0819962
     D1H9D-a94c      0.010     0.071       0.333     0.617      0.203     0.582      0.528     0.422      0.853     0.772    0.591     0.710   0.787     0.120      0.388     0.01378  -1	   0.1745451     0.0664705
     D1H9D-a94d      0.008     0.086       0.440     0.542      0.171     0.598      0.394     0.301      0.739     0.811    0.641     0.719   0.499     0.097      0.042     0.04199  -1	   0.1160132     0.0989014
     D1H9D-a95a      0.022     0.090       0.468     0.658     -0.037     0.620      0.396     0.413      0.040     0.688    0.540     0.661   0.747     0.081      0.228     0.03774  -1	   0.2186701     0.0248099
     D1H9D-a95b      0.022     0.090       0.475     0.646      0.003     0.614      0.435     0.495      0.166     0.687    0.514     0.678   0.713     0.085      0.375     0.03751  -1	   0.2925772     0.0180954
     D1H9D-a95c      0.014     0.067       0.340     0.572      0.096     0.574      0.427     0.423      0.807     0.782    0.632     0.691   0.612     0.131      0.302     0.02876  -1	   0.0849637     0.0395128
     D1H9D-a95d      0.018     0.070       0.404     0.595     -0.040     0.591      0.542     0.537      0.777     0.761    0.602     0.689   0.554     0.107      0.032     0.02726  -1	  -0.0088887     0.0759400
     D1H9D-a96a      0.030     0.087       0.461     0.668      0.124     0.631      0.360     0.174      0.031     0.712    0.582     0.653   0.780     0.103      0.459     0.03630  -1	   0.5215003     0.2877218
     D1H9D-a96b      0.024     0.069       0.397     0.588     -0.488     0.617      0.507     0.343      0.274     0.799    0.682     0.673   0.420     0.107      0.391     0.04245  -1	   0.1985651     0.1220204
     D1H9D-a96c      0.017     0.082       0.390     0.620      0.021     0.568      0.481     0.348      0.655     0.744    0.612     0.663   0.713     0.110      0.098     0.02483  -1	   0.0211376     0.0332490
     D1H9D-a96d      0.028     0.101       0.504     0.578      0.093     0.609      0.433     0.405      0.167     0.728    0.568     0.680   0.441     0.085      0.288     0.03561  -1	   0.2829723     0.0879630
     D1H9D-a97a      0.023     0.087       0.489     0.648     -0.263     0.595      0.429     0.347      0.090     0.734    0.612     0.653   0.515     0.083      0.337     0.04678  -1	   0.2224579     0.0731870
     D1H9D-a97b      0.028     0.075       0.418     0.711     -0.149     0.566      0.502     0.379      0.768     0.789    0.597     0.724   0.711     0.095      0.191     0.01522  -1	   0.0008019     0.0154607
     D1H9D-a97c      0.014     0.066       0.362     0.611     -0.025     0.583      0.527     0.524      0.759     0.747    0.573     0.696   0.680     0.102      0.098     0.05096  -1	  -0.0032999     0.0388056
     D1H9D-a97d      0.024     0.068       0.383     0.757      0.162     0.569      0.392     0.314      0.929     0.826    0.652     0.730   0.892     0.116      0.117     0.02031  -1	   0.0873927     0.0633663
     D1H9D-a98a      0.026     0.075       0.397     0.705     -0.144     0.561      0.456     0.313      0.924     0.821    0.625     0.742   0.711     0.101      0.222     0.01555  -1	   0.0212012    -0.0100834
     D1H9D-a98b      0.018     0.075       0.418     0.692     -0.200     0.563      0.363     0.229      0.859     0.843    0.641     0.759   0.730     0.097      0.127     0.01384  -1	  -0.0239722     0.0152365
     D1H9D-a98d      0.025     0.069       0.369     0.679      0.090     0.567      0.591     0.669      0.349     0.741    0.625     0.651   0.805     0.110      0.411     0.02238  -1	   0.2488626     0.0520101
     D1H9D-a99a      0.011     0.061       0.291     0.714     -0.165     0.557      0.413     0.318      0.884     0.775    0.573     0.725   0.785     0.132      0.074     0.01795  -1	  -0.0159413     0.0089664
     D1H9D-a99b      0.028     0.073       0.383     0.720     -0.234     0.554      0.475     0.389      0.893     0.817    0.597     0.755   0.691     0.098      0.219     0.01536  -1	   0.0112544    -0.0160509
     D1H9D-a99c      0.016     0.076       0.418     0.679     -0.342     0.566      0.393     0.273      0.766     0.839    0.651     0.747   0.582     0.098      0.157     0.01368  -1	  -0.0289859    -0.0032170
     D1H9D-a99d      0.026     0.080       0.404     0.623     -0.085     0.550      0.397     0.271      0.288     0.834    0.630     0.755   0.680     0.113      0.462     0.01398  -1	   0.2593722     0.0628685
      D1H9D-a9a      0.030     0.084       0.440     0.477      0.112     0.624      0.463     0.220      0.623     0.710    0.594     0.641   0.316     0.103      0.735     0.03812  -1	   0.3736879     0.1121891
      D1H9D-a9b      0.012     0.077       0.426     0.667      0.105     0.612      0.380     0.262      0.007     0.676    0.548     0.643   0.780     0.108      0.383     0.03634  -1	   0.3906966     0.1987990
      D1H9D-a9c      0.008     0.083       0.447     0.681      0.297     0.604      0.366     0.348      0.229     0.793    0.626     0.708   0.892     0.091      0.336     0.03749  -1	   0.3988386     0.1673368
      D1H9D-a9d      0.010     0.082       0.426     0.667      0.011     0.610      0.428     0.519      0.713     0.755    0.607     0.679   0.780     0.098      0.305     0.03203  -1	   0.1005713     0.0258731
