      D1XD3-a9d      0.034     0.046       0.180     0.663      0.323     0.756      0.528     0.643      0.563     0.524    0.600     0.455   0.872     0.152      0.155     0.01326  -1	   0.1439197    -0.0046782
      D1XD3-a0a      0.018     0.066       0.238     0.770      0.011     0.737      0.555     0.635      0.369     0.687    0.643     0.577   0.826     0.118      0.168     0.01835  -1	   0.1272655    -0.0181757
      D1XD3-a0b      0.021     0.058       0.218     0.589      0.021     0.751      0.598     0.618      0.560     0.496    0.555     0.468   0.587     0.127      0.170     0.01760  -1	   0.0346791    -0.0254049
      D1XD3-a0c      0.021     0.061       0.209     0.642      0.046     0.746      0.602     0.637      0.461     0.471    0.563     0.438   0.713     0.123      0.193     0.01708  -1	   0.0672981    -0.0440889
      D1XD3-a0d      0.020     0.058       0.209     0.617      0.018     0.752      0.576     0.596      0.708     0.487    0.573     0.444   0.713     0.115      0.120     0.01787  -1	   0.0156131    -0.0319530
    D1XD3-a100a      0.041     0.046       0.160     0.625     -0.112     0.768      0.546     0.748      0.463     0.455    0.519     0.459   0.732     0.162      0.280     0.01019  -1	   0.0561885    -0.0908362
    D1XD3-a100b      0.033     0.048       0.165     0.692      0.255     0.775      0.534     0.709      0.417     0.462    0.558     0.434   0.872     0.155      0.180     0.00996  -1	   0.1339378    -0.0869733
    D1XD3-a100c      0.024     0.049       0.184     0.657     -0.336     0.740      0.618     0.680      0.890     0.531    0.560     0.494   0.812     0.168      0.115     0.00967  -1	   0.0097033    -0.0288331
    D1XD3-a100d      0.041     0.051       0.194     0.643     -0.061     0.778      0.566     0.680      0.751     0.588    0.587     0.527   0.680     0.112      0.206     0.00944  -1	   0.0429643    -0.0154443
    D1XD3-a101a      0.043     0.056       0.204     0.721     -0.308     0.772      0.440     0.660      0.825     0.552    0.620     0.464   0.636     0.143      0.177     0.01423  -1	   0.0184947     0.0129975
    D1XD3-a101b      0.047     0.041       0.165     0.713     -0.341     0.786      0.494     0.607      0.799     0.472    0.555     0.446   0.836     0.176      0.106     0.01626  -1	  -0.0046620    -0.0074810
    D1XD3-a101c      0.032     0.045       0.165     0.618     -0.316     0.770      0.572     0.728      0.977     0.500    0.582     0.449   0.756     0.204      0.237     0.01373  -1	  -0.0014501    -0.0093943
    D1XD3-a101d      0.036     0.045       0.165     0.699     -0.020     0.779      0.529     0.714      0.377     0.489    0.513     0.495   0.852     0.164      0.310     0.01017  -1	   0.1099936    -0.1166260
    D1XD3-a102a      0.036     0.057       0.165     0.579      0.300     0.775      0.485     0.554      0.224     0.480    0.573     0.438   0.727     0.163      0.643     0.01304  -1	   0.5124904     0.0760677
    D1XD3-a102b      0.035     0.059       0.214     0.619     -0.358     0.755      0.461     0.783      0.626     0.562    0.536     0.544   0.471     0.150      0.110     0.01455  -1	   0.0383286     0.0440298
    D1XD3-a102c      0.052     0.059       0.209     0.664     -0.293     0.806      0.385     0.306      0.160     0.536    0.588     0.477   0.582     0.149      0.145     0.05778  -1	   0.1430693     0.2639466
    D1XD3-a102d      0.046     0.052       0.199     0.595     -0.332     0.798      0.484     0.564      0.514     0.508    0.575     0.462   0.389     0.137      0.295     0.03472  -1	   0.0644493     0.0307773
    D1XD3-a103a      0.044     0.054       0.194     0.561     -0.468     0.789      0.433     0.590      0.419     0.495    0.532     0.485   0.420     0.154      0.257     0.01508  -1	   0.1171937     0.0727125
    D1XD3-a103b      0.046     0.041       0.155     0.736     -0.249     0.772      0.514     0.675      0.298     0.475    0.536     0.464   0.798     0.183      0.153     0.01743  -1	   0.0886293    -0.0453015
    D1XD3-a103c      0.048     0.037       0.155     0.705     -0.785     0.789      0.512     0.634      0.440     0.489    0.550     0.465   0.664     0.194      0.268     0.01541  -1	   0.3092958     0.0600644
    D1XD3-a103d      0.044     0.061       0.223     0.585     -0.494     0.773      0.540     0.719      0.938     0.507    0.584     0.455   0.420     0.138      0.129     0.03028  -1	   0.0777889     0.0333747
    D1XD3-a104a      0.041     0.054       0.199     0.672      0.029     0.785      0.544     0.579      0.478     0.473    0.540     0.459   0.780     0.146      0.298     0.01632  -1	   0.1107306    -0.0376931
    D1XD3-a104b      0.038     0.053       0.184     0.656      0.213     0.779      0.567     0.694      0.946     0.497    0.564     0.461   0.854     0.172      0.159     0.01203  -1	   0.1111377    -0.0342468
    D1XD3-a104c      0.034     0.056       0.204     0.623      0.075     0.737      0.477     0.589      0.550     0.518    0.528     0.509   0.738     0.149      0.157     0.01264  -1	   0.0533270    -0.0349036
    D1XD3-a104d      0.033     0.060       0.228     0.754     -0.039     0.738      0.500     0.583      0.721     0.540    0.561     0.503   0.793     0.131      0.145     0.01398  -1	   0.0265378    -0.0438939
    D1XD3-a105a      0.028     0.053       0.194     0.749     -0.054     0.759      0.507     0.779      0.896     0.551    0.584     0.494   0.802     0.157      0.127     0.01299  -1	   0.0054067    -0.0174790
    D1XD3-a105b      0.039     0.053       0.184     0.714      0.148     0.762      0.568     0.707      0.957     0.448    0.559     0.421   0.834     0.157      0.152     0.01184  -1	   0.0615803    -0.0368567
    D1XD3-a105c      0.032     0.063       0.228     0.703     -0.003     0.738      0.467     0.554      0.813     0.588    0.608     0.509   0.802     0.140      0.201     0.01402  -1	   0.0568632    -0.0343595
    D1XD3-a105d      0.039     0.052       0.180     0.684      0.169     0.783      0.571     0.709      0.833     0.486    0.605     0.417   0.845     0.161      0.152     0.01190  -1	   0.0752428    -0.0495973
    D1XD3-a106a      0.038     0.053       0.180     0.712      0.209     0.791      0.566     0.705      0.899     0.463    0.533     0.455   0.909     0.161      0.159     0.01196  -1	   0.1004165    -0.0483242
    D1XD3-a106b      0.043     0.053       0.184     0.674      0.141     0.773      0.537     0.671      0.979     0.497    0.577     0.451   0.780     0.154      0.152     0.01201  -1	   0.0934553    -0.0108183
    D1XD3-a106c      0.038     0.046       0.180     0.740      0.075     0.756      0.506     0.503      0.709     0.445    0.517     0.451   0.841     0.182      0.252     0.01607  -1	   0.0302320    -0.0275493
    D1XD3-a106d      0.025     0.052       0.184     0.591      0.207     0.765      0.574     0.680      0.942     0.510    0.540     0.493   0.661     0.152      0.155     0.01120  -1	   0.1155073     0.0018147
    D1XD3-a107a      0.030     0.042       0.160     0.587      0.111     0.749      0.619     0.582      0.662     0.532    0.592     0.470   0.753     0.179      0.333     0.00935  -1	   0.0518878    -0.0159115
    D1XD3-a107b      0.042     0.049       0.189     0.502      0.116     0.776      0.527     0.561      0.664     0.464    0.526     0.462   0.692     0.148      0.098     0.01328  -1	   0.0465868     0.0065925
    D1XD3-a107c      0.032     0.053       0.194     0.608      0.166     0.768      0.463     0.436      0.536     0.513    0.556     0.482   0.778     0.149      0.417     0.00938  -1	   0.1740737     0.0934007
    D1XD3-a107d      0.026     0.049       0.160     0.687      0.077     0.756      0.557     0.512      0.958     0.526    0.557     0.493   0.817     0.161      0.333     0.00925  -1	   0.0422382    -0.0222622
    D1XD3-a108a      0.024     0.038       0.126     0.621      0.394     0.754      0.596     0.600      0.520     0.498    0.518     0.501   0.848     0.188      0.121     0.00857  -1	   0.0932144     0.0116743
    D1XD3-a108b      0.030     0.054       0.180     0.668      0.171     0.757      0.544     0.557      0.768     0.504    0.577     0.457   0.845     0.166      0.135     0.00774  -1	   0.0575488    -0.0405301
    D1XD3-a108c      0.023     0.040       0.136     0.645      0.270     0.754      0.582     0.600      0.819     0.530    0.538     0.513   0.816     0.155      0.121     0.00861  -1	   0.0673999    -0.0041990
    D1XD3-a108d      0.027     0.051       0.184     0.461      0.257     0.767      0.553     0.623      0.962     0.484    0.521     0.485   0.428     0.145      0.130     0.01123  -1	   0.1721405     0.0456420
    D1XD3-a109a      0.028     0.052       0.170     0.665      0.013     0.751      0.548     0.706      0.892     0.492    0.540     0.476   0.780     0.157      0.078     0.00904  -1	   0.0156001    -0.0431821
    D1XD3-a109b      0.030     0.055       0.199     0.634     -0.012     0.741      0.497     0.718      0.832     0.542    0.582     0.488   0.680     0.130      0.147     0.00947  -1	   0.0275764    -0.0056612
    D1XD3-a109c      0.022     0.053       0.170     0.540      0.191     0.744      0.541     0.668      0.972     0.538    0.590     0.477   0.499     0.129      0.144     0.00909  -1	   0.1153744     0.0211840
    D1XD3-a109d      0.023     0.052       0.165     0.608      0.139     0.749      0.555     0.689      0.978     0.500    0.581     0.450   0.713     0.145      0.241     0.00902  -1	   0.0632708    -0.0274407
     D1XD3-a10a      0.015     0.061       0.209     0.689      0.003     0.747      0.512     0.530      0.474     0.568    0.624     0.477   0.780     0.143      0.173     0.01659  -1	   0.0576771    -0.0299048
     D1XD3-a10b      0.021     0.059       0.199     0.618      0.015     0.742      0.620     0.660      0.732     0.469    0.554     0.443   0.713     0.116      0.173     0.01785  -1	   0.0228582    -0.0489437
     D1XD3-a10c      0.034     0.060       0.228     0.668      0.220     0.793      0.465     0.586      0.694     0.509    0.601     0.441   0.854     0.120      0.207     0.01436  -1	   0.1626348     0.0069227
     D1XD3-a10d      0.025     0.063       0.238     0.578     -0.072     0.727      0.551     0.610      0.922     0.525    0.585     0.471   0.554     0.127      0.071     0.02010  -1	   0.0411460    -0.0117541
    D1XD3-a110a      0.025     0.061       0.214     0.654     -0.117     0.742      0.484     0.501      0.979     0.504    0.565     0.466   0.656     0.136      0.162     0.01855  -1	   0.0236724    -0.0035231
    D1XD3-a110b      0.046     0.056       0.165     0.756      0.216     0.783      0.455     0.514      0.426     0.601    0.642     0.492   0.901     0.170      0.258     0.01708  -1	   0.2547310     0.0504856
    D1XD3-a110c      0.032     0.058       0.209     0.603      0.299     0.753      0.533     0.689      0.708     0.483    0.527     0.478   0.825     0.131      0.227     0.01590  -1	   0.1675416    -0.0230698
    D1XD3-a110d      0.030     0.061       0.199     0.641      0.045     0.730      0.584     0.781      0.869     0.601    0.615     0.515   0.713     0.150      0.109     0.01693  -1	   0.0580841    -0.0252794
    D1XD3-a111a      0.043     0.048       0.170     0.669      0.142     0.772      0.572     0.633      0.531     0.443    0.529     0.440   0.827     0.166      0.249     0.01716  -1	   0.0901976    -0.0581214
    D1XD3-a111b      0.038     0.052       0.180     0.674      0.143     0.777      0.565     0.685      0.873     0.461    0.535     0.452   0.780     0.166      0.159     0.01197  -1	   0.0683373    -0.0353566
    D1XD3-a111c      0.028     0.049       0.170     0.699      0.074     0.759      0.547     0.567      0.918     0.474    0.522     0.474   0.817     0.174      0.173     0.00985  -1	   0.0203374    -0.0443701
    D1XD3-a111d      0.023     0.052       0.175     0.638      0.194     0.747      0.576     0.691      0.814     0.595    0.637     0.491   0.778     0.133      0.186     0.00906  -1	   0.1004903    -0.0137269
     D1XD3-a11a      0.021     0.057       0.199     0.441      0.374     0.716      0.545     0.486      0.567     0.528    0.568     0.486   0.000     0.153      0.134     0.01557  -1	   0.1756196     0.0478758
     D1XD3-a11b      0.024     0.054       0.194     0.633      0.414     0.762      0.539     0.552      0.546     0.499    0.535     0.487   0.879     0.144      0.138     0.01444  -1	   0.2016187     0.0555053
     D1XD3-a11c      0.021     0.061       0.223     0.604     -0.104     0.727      0.642     0.729      0.841     0.545    0.592     0.482   0.589     0.125      0.053     0.01832  -1	   0.0120936    -0.0125282
     D1XD3-a11d      0.027     0.051       0.199     0.658      0.318     0.786      0.427     0.488      0.206     0.447    0.531     0.442   0.920     0.148      0.223     0.01863  -1	   0.2493754     0.0579083
     D1XD3-a12a      0.021     0.059       0.218     0.604     -0.004     0.733      0.629     0.669      0.548     0.469    0.574     0.427   0.680     0.118      0.141     0.01749  -1	   0.0175186    -0.0393876
     D1XD3-a12b      0.016     0.065       0.214     0.690      0.063     0.748      0.468     0.478      0.529     0.556    0.649     0.444   0.805     0.150      0.199     0.01633  -1	   0.0869389    -0.0161940
     D1XD3-a12c      0.024     0.054       0.189     0.724     -0.149     0.743      0.596     0.780      0.789     0.499    0.582     0.448   0.711     0.139      0.072     0.02193  -1	  -0.0210726    -0.0217262
     D1XD3-a12d      0.037     0.047       0.184     0.621      0.202     0.761      0.500     0.614      0.500     0.480    0.564     0.444   0.784     0.154      0.144     0.02649  -1	   0.0770441    -0.0300993
     D1XD3-a13a      0.022     0.055       0.189     0.745     -0.288     0.733      0.554     0.709      0.602     0.532    0.586     0.475   0.636     0.138      0.025     0.02239  -1	  -0.0077016    -0.0275728
     D1XD3-a13b      0.026     0.050       0.189     0.737     -0.158     0.743      0.658     0.801      0.901     0.493    0.573     0.450   0.781     0.147      0.174     0.02548  -1	  -0.0261097    -0.0127077
     D1XD3-a13c      0.041     0.059       0.218     0.647      0.462     0.789      0.428     0.398      0.439     0.485    0.556     0.456   0.848     0.129      0.216     0.09205  -1	   0.3635304     0.2312083
     D1XD3-a13d      0.025     0.054       0.189     0.648      0.215     0.751      0.533     0.772      0.963     0.527    0.572     0.482   0.787     0.143      0.105     0.02560  -1	   0.1102129     0.0063214
     D1XD3-a14a      0.043     0.058       0.204     0.631      0.111     0.806      0.484     0.380      0.768     0.599    0.639     0.491   0.713     0.134      0.297     0.23871   1	   0.1630550     0.1379407
     D1XD3-a14b      0.044     0.051       0.194     0.676      0.394     0.814      0.484     0.400      0.276     0.490    0.580     0.442   0.898     0.126      0.232     0.08473  -1	   0.3505920     0.2881729
     D1XD3-a14c      0.045     0.056       0.218     0.722     -0.635     0.777      0.400     0.188      0.155     0.544    0.563     0.504   0.518     0.150      0.525     0.34711   1	   0.4758761     0.5784194
     D1XD3-a14d      0.040     0.041       0.165     0.650      0.004     0.783      0.449     0.338      0.313     0.537    0.582     0.483   0.781     0.191      0.538     0.38730   1	   0.2669103     0.2796594
     D1XD3-a15a      0.043     0.055       0.214     0.687     -0.620     0.802      0.435     0.232      0.234     0.568    0.601     0.496   0.464     0.154      0.481     0.39814   1	   0.3645766     0.4442247
     D1XD3-a15b      0.037     0.060       0.228     0.525     -0.473     0.798      0.446     0.259      0.268     0.450    0.571     0.412   0.267     0.148      0.335     0.33293   1	   0.1767349     0.3247276
     D1XD3-a15c      0.047     0.053       0.204     0.724      0.060     0.793      0.414     0.222      0.116     0.661    0.621     0.569   0.859     0.156      0.353     0.47131   1	   0.3594580     0.4768302
     D1XD3-a15d      0.043     0.042       0.165     0.693      0.175     0.789      0.431     0.308      0.100     0.534    0.591     0.472   0.794     0.186      0.961     0.31827   1	   0.8911279     0.5621471
     D1XD3-a16a      0.042     0.061       0.223     0.664     -0.352     0.785      0.439     0.221      0.095     0.488    0.606     0.419   0.538     0.141      0.557     0.35482   1	   0.4524039     0.5551752
     D1XD3-a16b      0.040     0.070       0.238     0.602      0.279     0.834      0.363     0.181      0.871     0.525    0.584     0.471   0.825     0.140      0.324     0.13105  -1	   0.2905782     0.3471914
     D1XD3-a16c      0.039     0.061       0.228     0.521     -0.441     0.786      0.405     0.201      0.204     0.450    0.557     0.423   0.000     0.162      0.353     0.36365   1	   0.2093103     0.3853034
     D1XD3-a16d      0.038     0.062       0.228     0.589     -0.476     0.792      0.420     0.196      0.059     0.467    0.598     0.405   0.420     0.146      0.415     0.33900   1	   0.3676581     0.5956623
     D1XD3-a17a      0.043     0.060       0.228     0.630     -0.445     0.792      0.419     0.193      0.081     0.456    0.567     0.421   0.000     0.141      0.579     0.33642   1	   0.4321788     0.5389401
     D1XD3-a17b      0.039     0.043       0.146     0.574      0.391     0.779      0.462     0.526      0.728     0.714    0.596     0.644   0.830     0.215      0.193     0.04743  -1	   0.2172445     0.1381586
     D1XD3-a17c      0.042     0.060       0.233     0.649     -0.451     0.790      0.431     0.216      0.165     0.491    0.612     0.416   0.546     0.147      0.545     0.36180   1	   0.3971686     0.5145895
     D1XD3-a17d      0.043     0.060       0.228     0.638     -0.381     0.787      0.430     0.210      0.134     0.473    0.605     0.405   0.471     0.143      0.557     0.36424   1	   0.4093235     0.5459582
     D1XD3-a18a      0.024     0.043       0.150     0.785      0.250     0.738      0.584     0.801      0.994     0.518    0.619     0.435   0.875     0.203      0.063     0.02660  -1	   0.0430527    -0.0316124
     D1XD3-a18b      0.042     0.054       0.218     0.661     -0.194     0.805      0.473     0.266      0.708     0.484    0.627     0.397   0.730     0.128      0.495     0.34014   1	   0.0770508     0.1856702
     D1XD3-a18c      0.041     0.036       0.131     0.679      0.295     0.796      0.505     0.585      0.812     0.461    0.550     0.440   0.872     0.274      0.209     0.06396  -1	   0.0630552    -0.0530129
     D1XD3-a18d      0.026     0.044       0.150     0.810      0.279     0.757      0.526     0.751      0.974     0.524    0.616     0.443   0.747     0.216      0.063     0.02874  -1	   0.0921023     0.0062300
     D1XD3-a19a      0.046     0.048       0.160     0.667     -0.172     0.785      0.489     0.664      0.524     0.471    0.566     0.435   0.757     0.170      0.172     0.01855  -1	   0.0270906    -0.0551175
     D1XD3-a19b      0.040     0.062       0.233     0.689     -0.055     0.809      0.407     0.389      0.389     0.569    0.564     0.528   0.747     0.136      0.415     0.04026  -1	   0.2150500     0.1139821
     D1XD3-a19c      0.042     0.068       0.238     0.731      0.270     0.821      0.390     0.396      0.182     0.486    0.578     0.439   0.946     0.125      0.507     0.03024  -1	   0.5870621     0.2166065
     D1XD3-a19d      0.036     0.048       0.165     0.530      0.000     0.745      0.549     0.726      0.605     0.498    0.546     0.477   0.646     0.140      0.089     0.01390  -1	  -0.0008727    -0.0469131
      D1XD3-a1a      0.019     0.060       0.214     0.681      0.003     0.728      0.576     0.607      0.767     0.547    0.624     0.457   0.780     0.115      0.186     0.01821  -1	   0.0276373    -0.0424991
      D1XD3-a1b      0.021     0.059       0.223     0.616     -0.027     0.721      0.623     0.681      0.548     0.521    0.553     0.493   0.680     0.121      0.180     0.01796  -1	   0.0269546    -0.0449614
      D1XD3-a1c      0.022     0.059       0.218     0.612     -0.045     0.748      0.597     0.615      0.687     0.461    0.546     0.443   0.680     0.118      0.173     0.01752  -1	   0.0131969    -0.0407039
      D1XD3-a1d      0.023     0.061       0.223     0.677      0.036     0.723      0.589     0.645      0.291     0.451    0.512     0.461   0.780     0.121      0.121     0.01785  -1	   0.0761676    -0.0415983
     D1XD3-a20a      0.045     0.052       0.194     0.596      0.225     0.815      0.494     0.426      0.150     0.455    0.548     0.436   0.661     0.159      0.229     0.02236  -1	   0.2450737     0.1943689
     D1XD3-a20b      0.039     0.065       0.238     0.601      0.111     0.794      0.495     0.607      0.430     0.525    0.627     0.434   0.713     0.124      0.158     0.01439  -1	   0.1319720    -0.0238305
     D1XD3-a20c      0.031     0.058       0.233     0.432      0.105     0.791      0.568     0.623      0.909     0.556    0.571     0.510   0.000     0.121      0.301     0.01350  -1	   0.1612549     0.0336077
     D1XD3-a20d      0.038     0.067       0.243     0.669      0.057     0.781      0.476     0.605      0.583     0.516    0.619     0.432   0.805     0.135      0.149     0.01418  -1	   0.0870369    -0.0607126
     D1XD3-a21a      0.033     0.054       0.199     0.502      0.287     0.776      0.506     0.585      0.643     0.475    0.531     0.468   0.546     0.157      0.062     0.01234  -1	   0.1308534     0.0374662
     D1XD3-a21b      0.037     0.062       0.223     0.619     -0.017     0.790      0.550     0.671      0.519     0.490    0.602     0.423   0.680     0.140      0.135     0.01396  -1	   0.0512588    -0.0604538
     D1XD3-a21c      0.029     0.063       0.228     0.684     -0.096     0.756      0.557     0.762      0.966     0.603    0.677     0.462   0.747     0.126      0.212     0.01349  -1	   0.0491673    -0.0104285
     D1XD3-a21d      0.038     0.065       0.218     0.623      0.122     0.789      0.496     0.645      0.513     0.505    0.629     0.414   0.713     0.144      0.148     0.01408  -1	   0.1166095    -0.0496173
     D1XD3-a22a      0.032     0.065       0.214     0.470     -0.311     0.784      0.521     0.676      0.951     0.538    0.598     0.470   0.118     0.129      0.240     0.01396  -1	   0.0562268     0.0411378
     D1XD3-a22b      0.036     0.064       0.218     0.647      0.274     0.788      0.448     0.572      0.292     0.476    0.607     0.406   0.825     0.148      0.146     0.01406  -1	   0.2200987    -0.0283923
     D1XD3-a22c      0.030     0.062       0.214     0.633      0.143     0.783      0.550     0.643      0.633     0.519    0.585     0.464   0.713     0.148      0.235     0.01744  -1	   0.1241426    -0.0331798
     D1XD3-a22d      0.034     0.053       0.199     0.754      0.145     0.767      0.504     0.646      0.810     0.473    0.560     0.442   0.826     0.145      0.216     0.01298  -1	   0.0753547    -0.0339060
     D1XD3-a23a      0.044     0.042       0.150     0.583      0.060     0.752      0.560     0.650      0.671     0.528    0.551     0.501   0.744     0.193      0.065     0.00868  -1	   0.0003580    -0.0513464
     D1XD3-a23b      0.029     0.061       0.238     0.591      0.212     0.763      0.501     0.483      0.309     0.483    0.541     0.468   0.661     0.127      0.160     0.00963  -1	   0.1561508     0.0678954
     D1XD3-a23c      0.019     0.068       0.243     0.636      0.227     0.745      0.483     0.627      0.111     0.538    0.615     0.455   0.787     0.136      0.127     0.01068  -1	   0.2181686    -0.0513154
     D1XD3-a23d      0.031     0.054       0.218     0.563     -0.341     0.741      0.524     0.617      0.823     0.520    0.548     0.496   0.389     0.153      0.166     0.00888  -1	   0.0241885     0.0017207
     D1XD3-a24a      0.027     0.059       0.228     0.569      0.275     0.736      0.460     0.454      0.111     0.518    0.526     0.511   0.699     0.137      0.192     0.00934  -1	   0.2237437     0.1096404
     D1XD3-a24b      0.034     0.060       0.223     0.659     -0.479     0.752      0.439     0.472      0.540     0.545    0.569     0.502   0.613     0.163      0.151     0.00880  -1	   0.0824681     0.0356659
     D1XD3-a24c      0.026     0.060       0.252     0.655      0.146     0.745      0.447     0.619      0.355     0.503    0.536     0.489   0.780     0.134      0.192     0.00889  -1	   0.1319340    -0.0536537
     D1XD3-a24d      0.031     0.062       0.238     0.610      0.190     0.749      0.467     0.414      0.143     0.507    0.581     0.456   0.778     0.125      0.181     0.00972  -1	   0.2094417     0.1430835
     D1XD3-a25a      0.040     0.039       0.165     0.695     -0.214     0.773      0.536     0.548      0.258     0.513    0.609     0.439   0.773     0.178      0.185     0.00994  -1	   0.0922462     0.0405727
     D1XD3-a25b      0.016     0.066       0.228     0.694      0.168     0.764      0.461     0.459      0.430     0.547    0.659     0.425   0.845     0.146      0.177     0.01641  -1	   0.1511021     0.0292790
     D1XD3-a25c      0.024     0.053       0.199     0.669      0.125     0.733      0.613     0.771      0.718     0.546    0.627     0.453   0.780     0.185      0.074     0.01214  -1	   0.0178827    -0.0430692
     D1XD3-a25d      0.026     0.061       0.262     0.561      0.118     0.766      0.499     0.682      0.853     0.501    0.581     0.451   0.587     0.107      0.192     0.00896  -1	   0.1145052     0.0600365
     D1XD3-a26a      0.040     0.043       0.175     0.599      0.112     0.733      0.582     0.747      0.532     0.495    0.597     0.431   0.753     0.188      0.168     0.00925  -1	   0.0279603    -0.0779918
     D1XD3-a26b      0.037     0.046       0.189     0.640      0.100     0.727      0.581     0.766      0.600     0.482    0.558     0.451   0.771     0.161      0.135     0.00942  -1	   0.0189167    -0.0586409
     D1XD3-a26c      0.041     0.046       0.184     0.654      0.100     0.731      0.595     0.777      0.787     0.522    0.624     0.434   0.827     0.190      0.156     0.00935  -1	   0.0160851    -0.0628315
     D1XD3-a26d      0.046     0.036       0.155     0.669     -0.607     0.792      0.538     0.667      0.719     0.495    0.578     0.447   0.608     0.204      0.372     0.01528  -1	   0.1107615     0.0274702
     D1XD3-a27a      0.031     0.049       0.218     0.632     -0.069     0.773      0.488     0.660      0.955     0.523    0.614     0.442   0.756     0.136      0.211     0.01387  -1	   0.0108995     0.0106988
     D1XD3-a27b      0.040     0.046       0.184     0.720      0.314     0.774      0.513     0.694      0.578     0.530    0.632     0.433   0.896     0.167      0.188     0.01154  -1	   0.1826944    -0.0177176
     D1XD3-a27c      0.032     0.044       0.218     0.579     -0.021     0.771      0.569     0.711      0.801     0.878    0.504     0.867   0.778     0.140      0.122     0.01094  -1	   0.0806333     0.0662878
     D1XD3-a27d      0.034     0.044       0.180     0.639      0.309     0.770      0.491     0.645      0.976     0.573    0.632     0.474   0.816     0.184      0.128     0.01294  -1	   0.1611644     0.0418378
     D1XD3-a28a      0.033     0.053       0.209     0.651      0.177     0.768      0.458     0.596      0.342     0.458    0.560     0.428   0.845     0.143      0.041     0.02663  -1	   0.0618025    -0.0697883
     D1XD3-a28b      0.030     0.046       0.175     0.722      0.251     0.767      0.470     0.616      0.951     0.605    0.634     0.503   0.896     0.180      0.139     0.01264  -1	   0.1254433     0.0099348
     D1XD3-a28c      0.028     0.057       0.209     0.698      0.193     0.786      0.468     0.581      0.228     0.485    0.594     0.424   0.845     0.152      0.221     0.02015  -1	   0.2247845    -0.0249568
     D1XD3-a28d      0.033     0.048       0.180     0.497     -0.085     0.742      0.527     0.668      0.465     0.465    0.541     0.451   0.612     0.152      0.215     0.01299  -1	   0.0180682    -0.0430922
     D1XD3-a29a      0.033     0.056       0.194     0.706     -0.036     0.742      0.551     0.868      0.966     0.570    0.633     0.470   0.802     0.158      0.198     0.02555  -1	   0.0294580     0.0011418
     D1XD3-a29b      0.034     0.051       0.199     0.750      0.041     0.753      0.466     0.680      0.755     0.526    0.570     0.482   0.826     0.147      0.181     0.02141  -1	   0.0329075    -0.0414990
     D1XD3-a29c      0.045     0.036       0.150     0.654     -0.745     0.777      0.572     0.696      0.689     0.541    0.606     0.466   0.639     0.190      0.402     0.01596  -1	   0.2213622     0.0589007
     D1XD3-a29d      0.046     0.045       0.184     0.676     -0.440     0.789      0.461     0.515      0.371     0.478    0.567     0.441   0.639     0.157      0.165     0.04298  -1	   0.0940773     0.0614147
      D1XD3-a2a      0.024     0.066       0.228     0.653      0.126     0.724      0.566     0.608      0.081     0.432    0.504     0.450   0.780     0.131      0.122     0.01802  -1	   0.1740152    -0.0156401
      D1XD3-a2b      0.044     0.047       0.189     0.623      0.010     0.798      0.521     0.364      0.481     0.481    0.568     0.442   0.725     0.137      0.644     0.09900  -1	   0.2422597     0.1962722
      D1XD3-a2c      0.041     0.051       0.184     0.739      0.379     0.825      0.399     0.314      0.222     0.466    0.591     0.410   0.952     0.160      0.219     0.11413  -1	   0.3611845     0.3441858
      D1XD3-a2d      0.036     0.054       0.209     0.583     -0.193     0.782      0.520     0.387      0.867     0.517    0.592     0.455   0.538     0.152      0.305     0.08267  -1	   0.0200273     0.0533789
     D1XD3-a30a      0.040     0.060       0.218     0.702     -0.146     0.834      0.468     0.309      0.558     0.469    0.570     0.431   0.711     0.136      0.230     0.14925  -1	   0.0514203     0.1147466
     D1XD3-a30b      0.045     0.051       0.189     0.701      0.366     0.811      0.501     0.418      0.447     0.472    0.526     0.469   0.952     0.123      0.231     0.07987  -1	   0.2752042     0.1931760
     D1XD3-a30c      0.039     0.044       0.175     0.625     -0.229     0.745      0.566     0.736      0.804     0.464    0.554     0.439   0.718     0.172      0.104     0.02432  -1	  -0.0101547    -0.0181547
     D1XD3-a30d      0.040     0.050       0.180     0.740     -0.231     0.817      0.414     0.321      0.435     0.458    0.557     0.430   0.798     0.175      0.348     0.08013  -1	   0.1095373     0.1762771
     D1XD3-a31a      0.040     0.070       0.243     0.622      0.272     0.837      0.407     0.220      0.915     0.526    0.614     0.445   0.825     0.133      0.330     0.13111  -1	   0.2996117     0.2875481
     D1XD3-a31b      0.042     0.042       0.165     0.681      0.130     0.789      0.420     0.282      0.119     0.532    0.533     0.518   0.827     0.185      0.906     0.34062   1	   0.7475708     0.5485836
     D1XD3-a31c      0.053     0.049       0.184     0.766     -0.060     0.810      0.439     0.261      0.121     0.568    0.615     0.485   0.815     0.156      0.631     0.42750   1	   0.5702067     0.5208242
     D1XD3-a31d      0.042     0.059       0.218     0.629      0.556     0.837      0.421     0.311      0.383     0.514    0.556     0.484   0.823     0.120      0.216     0.12043  -1	   0.5096561     0.4617862
     D1XD3-a32a      0.040     0.048       0.165     0.607      0.119     0.783      0.430     0.243      0.155     0.607    0.641     0.499   0.771     0.191      0.498     0.42676   1	   0.3982189     0.5311997
     D1XD3-a32b      0.047     0.055       0.175     0.725     -0.150     0.812      0.374     0.203      0.061     0.630    0.616     0.544   0.711     0.193      0.426     0.35680   1	   0.4135268     0.5571016
     D1XD3-a32c      0.040     0.061       0.228     0.580     -0.373     0.791      0.443     0.246      0.193     0.475    0.576     0.431   0.345     0.133      0.357     0.32727   1	   0.2146786     0.3673926
     D1XD3-a32d      0.053     0.056       0.199     0.688     -0.015     0.807      0.404     0.263      0.182     0.780    0.585     0.723   0.747     0.161      0.298     0.38796   1	   0.2404065     0.2965995
     D1XD3-a33a      0.039     0.067       0.228     0.647      0.282     0.837      0.380     0.194      0.158     0.486    0.571     0.445   0.825     0.143      0.369     0.13044  -1	   0.4501590     0.5252235
     D1XD3-a33b      0.042     0.056       0.189     0.729      0.355     0.825      0.383     0.297      0.238     0.526    0.585     0.471   0.952     0.160      0.232     0.11369  -1	   0.3632145     0.3459044
     D1XD3-a33c      0.041     0.065       0.228     0.659     -0.371     0.805      0.439     0.229      0.069     0.533    0.567     0.492   0.538     0.143      0.561     0.34129   1	   0.4601019     0.5127246
     D1XD3-a33d      0.040     0.067       0.233     0.644      0.350     0.830      0.344     0.158      0.271     0.490    0.537     0.477   0.831     0.142      0.344     0.12981  -1	   0.4286154     0.5282763
     D1XD3-a34a      0.034     0.067       0.243     0.693      0.315     0.816      0.301     0.267      0.522     0.605    0.645     0.493   0.920     0.153      0.295     0.09646  -1	   0.3535418     0.3076599
     D1XD3-a34b      0.041     0.059       0.228     0.526     -0.501     0.787      0.440     0.230      0.100     0.451    0.590     0.398   0.236     0.158      0.433     0.34321   1	   0.3342417     0.5137259
     D1XD3-a34c      0.037     0.073       0.238     0.651      0.371     0.820      0.363     0.201      0.985     0.518    0.647     0.410   0.898     0.132      0.366     0.13066  -1	   0.3778675     0.3316750
     D1XD3-a34d      0.044     0.059       0.233     0.648     -0.394     0.787      0.425     0.205      0.105     0.494    0.625     0.408   0.471     0.139      0.545     0.35030   1	   0.4322557     0.5746056
     D1XD3-a35a      0.040     0.072       0.238     0.680     -0.104     0.801      0.443     0.433      0.715     0.519    0.591     0.459   0.656     0.128      0.483     0.02995  -1	   0.1441951     0.0274335
     D1XD3-a35b      0.036     0.063       0.228     0.570      0.287     0.822      0.351     0.329      0.701     0.695    0.512     0.687   0.699     0.153      0.307     0.09550  -1	   0.3022981     0.3039307
     D1XD3-a35c      0.046     0.047       0.199     0.487     -0.366     0.815      0.513     0.537      0.925     0.652    0.538     0.627   0.500     0.149      0.253     0.02153  -1	   0.0617027     0.0908839
     D1XD3-a35d      0.041     0.071       0.243     0.564      0.344     0.846      0.435     0.252      0.819     0.474    0.601     0.410   0.727     0.142      0.337     0.13041  -1	   0.3520431     0.2911592
     D1XD3-a36a      0.051     0.055       0.209     0.703     -0.471     0.815      0.519     0.566      0.360     0.829    0.666     0.724   0.667     0.168      0.134     0.01775  -1	   0.1046105     0.0197723
     D1XD3-a36b      0.038     0.073       0.248     0.697      0.023     0.792      0.424     0.421      0.455     0.516    0.579     0.466   0.780     0.124      0.459     0.03015  -1	   0.2631988     0.0499476
     D1XD3-a36c      0.044     0.070       0.252     0.772      0.095     0.804      0.414     0.463      0.544     0.525    0.600     0.457   0.851     0.127      0.500     0.03183  -1	   0.3172245     0.0172543
     D1XD3-a36d      0.043     0.069       0.238     0.735      0.013     0.786      0.488     0.530      0.607     0.482    0.606     0.413   0.834     0.130      0.515     0.02890  -1	   0.2218536    -0.0637321
     D1XD3-a37a      0.031     0.069       0.243     0.632      0.199     0.779      0.460     0.572      0.307     0.513    0.599     0.447   0.778     0.143      0.349     0.01789  -1	   0.3037220    -0.0184454
     D1XD3-a37b      0.040     0.072       0.243     0.683      0.018     0.792      0.445     0.434      0.714     0.524    0.610     0.447   0.780     0.130      0.483     0.02885  -1	   0.1895688     0.0200436
     D1XD3-a37c      0.043     0.071       0.248     0.770     -0.089     0.803      0.419     0.345      0.114     0.523    0.608     0.448   0.793     0.132      0.479     0.02863  -1	   0.4681054     0.2485498
     D1XD3-a37d      0.049     0.056       0.204     0.566     -0.100     0.801      0.401     0.332      0.779     0.525    0.568     0.484   0.554     0.157      0.154     0.01804  -1	   0.0472388     0.1471362
     D1XD3-a38a      0.030     0.068       0.243     0.688      0.253     0.783      0.417     0.509      0.296     0.533    0.593     0.470   0.892     0.144      0.354     0.01799  -1	   0.3599972     0.0266159
     D1XD3-a38b      0.040     0.066       0.228     0.580      0.092     0.787      0.419     0.522      0.630     0.512    0.596     0.447   0.612     0.140      0.136     0.01410  -1	   0.1024478     0.0344192
     D1XD3-a38c      0.045     0.038       0.141     0.616     -0.641     0.791      0.567     0.613      0.985     0.568    0.614     0.484   0.553     0.200      0.362     0.01682  -1	   0.1100404     0.0916229
     D1XD3-a38d      0.037     0.064       0.238     0.654      0.033     0.788      0.512     0.621      0.527     0.496    0.586     0.441   0.780     0.133      0.149     0.01392  -1	   0.0734823    -0.0615933
     D1XD3-a39a      0.018     0.066       0.233     0.620      0.330     0.755      0.512     0.611      0.204     0.562    0.587     0.502   0.853     0.145      0.158     0.01099  -1	   0.2478054    -0.0134241
     D1XD3-a39b      0.037     0.067       0.228     0.562      0.263     0.781      0.437     0.563      0.417     0.525    0.580     0.473   0.699     0.134      0.205     0.01370  -1	   0.2168194     0.0239418
     D1XD3-a39c      0.047     0.073       0.228     0.709     -0.022     0.834      0.401     0.366      0.441     0.692    0.661     0.567   0.802     0.137      0.590     0.02355  -1	   0.4234052     0.1781797
     D1XD3-a39d      0.038     0.063       0.223     0.570     -0.019     0.783      0.486     0.595      0.680     0.496    0.584     0.443   0.554     0.133      0.162     0.01397  -1	   0.0587653    -0.0000035
      D1XD3-a3a      0.040     0.060       0.194     0.756      0.043     0.786      0.469     0.513      0.174     0.568    0.640     0.462   0.826     0.173      0.500     0.08923  -1	   0.4718920     0.0823955
      D1XD3-a3b      0.037     0.053       0.170     0.685     -0.171     0.785      0.519     0.593      0.572     0.526    0.554     0.497   0.730     0.158      0.161     0.06489  -1	   0.0238030    -0.0414792
      D1XD3-a3c      0.039     0.053       0.204     0.614     -0.138     0.783      0.500     0.351      0.668     0.517    0.593     0.454   0.589     0.138      0.428     0.09083  -1	   0.0726523     0.1197284
      D1XD3-a3d      0.046     0.061       0.223     0.680     -0.360     0.773      0.413     0.196      0.042     0.503    0.593     0.442   0.538     0.141      0.526     0.35682   1	   0.4843303     0.6216584
     D1XD3-a40a      0.029     0.057       0.199     0.575      0.263     0.777      0.468     0.537      0.769     0.506    0.591     0.447   0.699     0.160      0.094     0.01251  -1	   0.1302303     0.0323585
     D1XD3-a40b      0.027     0.055       0.204     0.723      0.136     0.788      0.554     0.635      0.245     0.485    0.563     0.450   0.834     0.140      0.117     0.01196  -1	   0.1266598    -0.0278887
     D1XD3-a40c      0.019     0.059       0.272     0.553      0.245     0.730      0.512     0.475      0.574     0.537    0.601     0.467   0.661     0.103      0.183     0.01016  -1	   0.1440956     0.1056359
     D1XD3-a40d      0.034     0.055       0.218     0.546      0.058     0.777      0.458     0.540      0.393     0.733    0.662     0.610   0.459     0.123      0.167     0.01048  -1	   0.0910001     0.0611529
     D1XD3-a41a      0.030     0.065       0.248     0.611      0.101     0.752      0.439     0.381      0.332     0.546    0.607     0.471   0.713     0.131      0.136     0.00978  -1	   0.1112999     0.1006111
     D1XD3-a41b      0.030     0.056       0.218     0.553     -0.232     0.728      0.479     0.546      0.865     0.550    0.575     0.501   0.444     0.148      0.187     0.00892  -1	   0.0193198     0.0226236
     D1XD3-a41c      0.017     0.065       0.267     0.639      0.035     0.715      0.505     0.597      0.643     0.483    0.535     0.472   0.713     0.127      0.118     0.00959  -1	   0.0260863    -0.0364597
     D1XD3-a41d      0.029     0.063       0.233     0.665     -0.013     0.763      0.496     0.416      0.137     0.473    0.528     0.468   0.747     0.146      0.174     0.00980  -1	   0.1549837     0.1087942
     D1XD3-a42a      0.036     0.055       0.233     0.694      0.070     0.749      0.528     0.564      0.707     0.559    0.586     0.500   0.805     0.146      0.202     0.00921  -1	   0.0670089    -0.0170013
     D1XD3-a42b      0.029     0.062       0.238     0.644      0.083     0.763      0.474     0.410      0.256     0.503    0.567     0.464   0.738     0.121      0.172     0.00980  -1	   0.1350534     0.1038309
     D1XD3-a42c      0.037     0.060       0.218     0.684     -0.401     0.744      0.392     0.428      0.964     0.561    0.612     0.481   0.000     0.166      0.157     0.00882  -1	   0.0368752     0.0215539
     D1XD3-a42d      0.029     0.061       0.238     0.660      0.086     0.766      0.446     0.372      0.180     0.515    0.591     0.456   0.805     0.127      0.166     0.00981  -1	   0.1591457     0.1522920
     D1XD3-a43a      0.032     0.065       0.243     0.660      0.135     0.749      0.470     0.410      0.084     0.483    0.552     0.459   0.780     0.122      0.195     0.00993  -1	   0.2397427     0.1497893
     D1XD3-a43b      0.033     0.061       0.243     0.576      0.175     0.763      0.514     0.465      0.063     0.462    0.573     0.422   0.652     0.130      0.140     0.00973  -1	   0.2003875     0.1305538
     D1XD3-a43c      0.029     0.064       0.243     0.632     -0.025     0.754      0.457     0.375      0.209     0.520    0.530     0.511   0.680     0.126      0.178     0.00985  -1	   0.1193267     0.1176554
     D1XD3-a43d      0.030     0.063       0.233     0.671     -0.018     0.762      0.470     0.381      0.112     0.500    0.556     0.470   0.747     0.131      0.181     0.00982  -1	   0.1724576     0.1604542
     D1XD3-a44a      0.033     0.064       0.262     0.745      0.016     0.770      0.432     0.662      0.590     0.511    0.597     0.447   0.834     0.143      0.237     0.00927  -1	   0.0874017    -0.0838479
     D1XD3-a44b      0.033     0.065       0.257     0.728     -0.006     0.750      0.455     0.666      0.710     0.516    0.613     0.437   0.802     0.143      0.215     0.00932  -1	   0.0532134    -0.0683194
     D1XD3-a44c      0.037     0.045       0.184     0.637      0.128     0.731      0.572     0.758      0.520     0.462    0.549     0.442   0.771     0.160      0.148     0.00942  -1	   0.0328665    -0.0716056
     D1XD3-a44d      0.029     0.065       0.243     0.618      0.161     0.755      0.479     0.430      0.302     0.561    0.593     0.496   0.778     0.129      0.172     0.00978  -1	   0.1586922     0.0876574
     D1XD3-a45a      0.035     0.046       0.180     0.686      0.409     0.769      0.473     0.622      0.994     0.541    0.612     0.462   0.878     0.187      0.142     0.01291  -1	   0.2230474     0.0542986
     D1XD3-a45b      0.029     0.052       0.204     0.731      0.096     0.731      0.621     0.829      0.562     0.571    0.587     0.511   0.859     0.156      0.118     0.01398  -1	   0.0413635    -0.0373936
     D1XD3-a45c      0.040     0.046       0.184     0.758      0.303     0.775      0.458     0.650      0.280     0.507    0.582     0.455   0.875     0.174      0.213     0.01139  -1	   0.2607948    -0.0199638
     D1XD3-a45d      0.034     0.052       0.194     0.512     -0.071     0.745      0.537     0.699      0.777     0.441    0.534     0.435   0.401     0.161      0.175     0.01313  -1	   0.0185272     0.0063222
     D1XD3-a46a      0.033     0.051       0.194     0.524     -0.079     0.743      0.512     0.669      0.809     0.450    0.530     0.447   0.401     0.146      0.173     0.01320  -1	   0.0170503     0.0225507
     D1XD3-a46b      0.036     0.048       0.184     0.644     -0.063     0.765      0.570     0.782      0.589     0.807    0.568     0.762   0.756     0.151      0.094     0.01480  -1	   0.0191994    -0.0180424
     D1XD3-a46c      0.032     0.059       0.228     0.715      0.075     0.779      0.441     0.567      0.770     0.525    0.625     0.436   0.859     0.153      0.176     0.01381  -1	   0.0604048    -0.0443729
     D1XD3-a46d      0.048     0.052       0.184     0.665     -0.496     0.791      0.450     0.641      0.343     0.493    0.552     0.468   0.613     0.159      0.189     0.01515  -1	   0.1497688     0.0194325
     D1XD3-a47a      0.043     0.054       0.189     0.709     -0.441     0.784      0.402     0.557      0.328     0.480    0.598     0.417   0.000     0.157      0.071     0.01644  -1	   0.1080317     0.0762453
     D1XD3-a47b      0.040     0.050       0.170     0.752     -0.579     0.769      0.498     0.615      0.267     0.536    0.590     0.476   0.667     0.154      0.248     0.01437  -1	   0.2676348     0.0539942
     D1XD3-a47c      0.042     0.050       0.214     0.619     -0.712     0.756      0.542     0.746      0.881     0.552    0.575     0.502   0.584     0.148      0.117     0.01565  -1	   0.1594811     0.0525313
     D1XD3-a47d      0.049     0.040       0.155     0.446     -0.663     0.794      0.563     0.723      0.715     0.439    0.540     0.427   0.345     0.184      0.305     0.01530  -1	   0.1547815     0.0699272
     D1XD3-a48a      0.049     0.053       0.194     0.653     -0.306     0.785      0.404     0.357      0.214     0.565    0.567     0.522   0.582     0.154      0.123     0.06771  -1	   0.1032755     0.1975697
     D1XD3-a48b      0.034     0.061       0.228     0.667     -0.447     0.767      0.419     0.759      0.176     0.595    0.572     0.545   0.000     0.138      0.123     0.01445  -1	   0.1286841     0.0532604
     D1XD3-a48c      0.046     0.037       0.155     0.651     -0.733     0.794      0.547     0.683      0.506     0.487    0.574     0.443   0.639     0.185      0.307     0.01537  -1	   0.2403495     0.0319490
     D1XD3-a48d      0.048     0.037       0.155     0.679     -0.727     0.791      0.535     0.662      0.489     0.472    0.547     0.452   0.639     0.185      0.268     0.01544  -1	   0.2406396     0.0344253
     D1XD3-a49a      0.053     0.063       0.223     0.676     -0.439     0.819      0.324     0.267      0.402     0.482    0.555     0.456   0.000     0.144      0.188     0.04444  -1	   0.1110304     0.2060272
     D1XD3-a49b      0.049     0.048       0.194     0.675     -0.569     0.804      0.473     0.524      0.598     0.451    0.540     0.439   0.663     0.157      0.143     0.05373  -1	   0.0873235     0.0318901
     D1XD3-a49c      0.050     0.060       0.223     0.689     -0.304     0.811      0.425     0.387      0.247     0.459    0.540     0.447   0.582     0.153      0.206     0.03585  -1	   0.1399555     0.1314029
     D1XD3-a49d      0.049     0.058       0.204     0.664     -0.246     0.825      0.358     0.279      0.316     0.480    0.555     0.453   0.637     0.142      0.119     0.05713  -1	   0.0659418     0.2372393
      D1XD3-a4a      0.040     0.071       0.238     0.608      0.304     0.830      0.361     0.187      0.933     0.539    0.592     0.477   0.853     0.139      0.324     0.13104  -1	   0.3181650     0.3495435
      D1XD3-a4b      0.041     0.045       0.180     0.596      0.169     0.794      0.409     0.254      0.406     0.534    0.565     0.494   0.721     0.188      0.627     0.22063   1	   0.3252232     0.4010717
      D1XD3-a4c      0.043     0.062       0.233     0.561      0.286     0.836      0.395     0.196      0.372     0.463    0.586     0.412   0.699     0.147      0.325     0.13169  -1	   0.3154771     0.4351671
      D1XD3-a4d      0.041     0.059       0.233     0.502     -0.491     0.806      0.446     0.248      0.294     0.515    0.591     0.455   0.267     0.152      0.383     0.32033   1	   0.1819902     0.3437999
     D1XD3-a50a      0.047     0.049       0.204     0.508     -0.528     0.815      0.517     0.586      0.573     0.480    0.577     0.435   0.528     0.134      0.063     0.05997  -1	   0.0575974     0.0254956
     D1XD3-a50b      0.042     0.053       0.184     0.722      0.247     0.825      0.474     0.383      0.717     0.511    0.599     0.445   0.909     0.127      0.210     0.08008  -1	   0.1796219     0.1456959
     D1XD3-a50c      0.050     0.060       0.204     0.689     -0.296     0.804      0.358     0.296      0.174     0.485    0.552     0.460   0.582     0.149      0.098     0.05696  -1	   0.1240359     0.2583908
     D1XD3-a50d      0.042     0.052       0.199     0.733     -0.200     0.815      0.457     0.373      0.449     0.525    0.609     0.451   0.785     0.159      0.397     0.06644  -1	   0.1456675     0.1175766
     D1XD3-a51a      0.043     0.053       0.199     0.700      0.318     0.817      0.492     0.388      0.589     0.476    0.555     0.449   0.974     0.122      0.210     0.08273  -1	   0.2184607     0.1659785
     D1XD3-a51b      0.046     0.047       0.184     0.686     -0.249     0.824      0.381     0.345      0.313     0.513    0.551     0.487   0.773     0.159      0.250     0.08075  -1	   0.1004505     0.2089589
     D1XD3-a51c      0.051     0.049       0.184     0.717     -0.050     0.828      0.450     0.303      0.619     0.625    0.608     0.546   0.876     0.167      0.561     0.41497   1	   0.2181981     0.2138153
     D1XD3-a51d      0.051     0.054       0.180     0.716      0.070     0.807      0.379     0.197      0.202     0.587    0.547     0.558   0.859     0.170      0.427     0.37679   1	   0.3485037     0.4833073
     D1XD3-a52a      0.045     0.046       0.175     0.662      0.004     0.796      0.421     0.283      0.192     0.585    0.564     0.543   0.781     0.171      0.914     0.32334   1	   0.6666042     0.4858179
     D1XD3-a52b      0.041     0.063       0.223     0.653      0.213     0.846      0.373     0.170      0.279     0.496    0.634     0.403   0.854     0.143      0.389     0.13133  -1	   0.3789296     0.5252991
     D1XD3-a52c      0.047     0.053       0.189     0.668      0.078     0.805      0.371     0.221      0.103     0.760    0.589     0.699   0.805     0.202      0.543     0.36208   1	   0.4907780     0.4873203
     D1XD3-a52d      0.040     0.067       0.233     0.613      0.438     0.835      0.399     0.216      0.269     0.464    0.550     0.443   0.879     0.147      0.369     0.13139  -1	   0.5083289     0.5109527
     D1XD3-a53a      0.037     0.063       0.233     0.601      0.102     0.850      0.438     0.296      0.247     0.483    0.573     0.441   0.713     0.148      0.351     0.12608  -1	   0.2652898     0.2834001
     D1XD3-a53b      0.039     0.065       0.228     0.608      0.218     0.840      0.401     0.238      0.233     0.463    0.598     0.402   0.787     0.160      0.378     0.12332  -1	   0.3624640     0.4028946
     D1XD3-a53c      0.041     0.066       0.233     0.656      0.329     0.826      0.341     0.145      0.361     0.504    0.565     0.466   0.920     0.151      0.424     0.13107  -1	   0.4354671     0.5339567
     D1XD3-a53d      0.040     0.047       0.165     0.696      0.046     0.777      0.380     0.234      0.043     0.455    0.565     0.422   0.781     0.190      0.738     0.34662   1	   0.6576275     0.6630016
     D1XD3-a54a      0.043     0.051       0.194     0.676      0.053     0.788      0.517     0.644      0.416     0.582    0.630     0.484   0.805     0.152      0.146     0.03502  -1	   0.0876560    -0.0459800
     D1XD3-a54b      0.039     0.053       0.189     0.708      0.281     0.780      0.449     0.537      0.312     0.514    0.630     0.421   0.946     0.160      0.243     0.03556  -1	   0.2650082     0.0198554
     D1XD3-a54c      0.039     0.066       0.243     0.549      0.301     0.823      0.384     0.183      0.751     0.488    0.601     0.422   0.574     0.137      0.354     0.13195  -1	   0.3093250     0.3601859
     D1XD3-a55a      0.042     0.070       0.248     0.785     -0.015     0.782      0.421     0.350      0.073     0.511    0.582     0.459   0.793     0.139      0.481     0.02794  -1	   0.5147881     0.2612315
     D1XD3-a55b      0.040     0.071       0.238     0.723      0.057     0.791      0.414     0.376      0.375     0.527    0.615     0.447   0.859     0.136      0.478     0.02905  -1	   0.3388008     0.1121366
     D1XD3-a55c      0.047     0.059       0.214     0.616     -0.112     0.808      0.461     0.426      0.776     0.596    0.643     0.487   0.589     0.161      0.199     0.01827  -1	   0.0632027     0.0537809
     D1XD3-a55d      0.040     0.065       0.233     0.659      0.121     0.836      0.396     0.353      0.279     0.463    0.558     0.435   0.780     0.138      0.339     0.12366  -1	   0.2741737     0.1854863
     D1XD3-a56a      0.039     0.072       0.238     0.682     -0.076     0.789      0.390     0.365      0.976     0.593    0.678     0.451   0.747     0.131      0.457     0.02965  -1	   0.1329491     0.0952614
     D1XD3-a56b      0.040     0.074       0.252     0.739     -0.160     0.794      0.443     0.426      0.557     0.471    0.588     0.418   0.785     0.133      0.480     0.02871  -1	   0.1750601    -0.0152785
     D1XD3-a56c      0.040     0.073       0.243     0.687     -0.089     0.797      0.436     0.411      0.690     0.508    0.596     0.444   0.747     0.132      0.473     0.02979  -1	   0.1486914     0.0214955
     D1XD3-a56d      0.040     0.071       0.238     0.680     -0.046     0.792      0.406     0.384      0.560     0.521    0.589     0.464   0.747     0.133      0.478     0.02971  -1	   0.2004406     0.0750446
     D1XD3-a57a      0.034     0.066       0.238     0.631      0.335     0.773      0.440     0.576      0.420     0.497    0.600     0.431   0.853     0.154      0.253     0.01787  -1	   0.2848777    -0.0097775
     D1XD3-a57b      0.049     0.059       0.218     0.637     -0.138     0.813      0.418     0.361      0.371     0.532    0.607     0.459   0.589     0.157      0.188     0.01839  -1	   0.0909430     0.1315727
     D1XD3-a57c      0.050     0.061       0.223     0.703     -0.553     0.816      0.495     0.529      0.958     0.869    0.659     0.783   0.518     0.155      0.161     0.01860  -1	   0.1252854     0.0698940
     D1XD3-a57d      0.043     0.068       0.243     0.706     -0.099     0.805      0.429     0.363      0.455     0.495    0.590     0.438   0.802     0.138      0.519     0.02968  -1	   0.2441911     0.0933338
     D1XD3-a58a      0.032     0.070       0.233     0.512      0.085     0.791      0.478     0.469      0.901     0.548    0.683     0.405   0.459     0.146      0.206     0.01471  -1	   0.1513724     0.0615305
     D1XD3-a58b      0.048     0.040       0.150     0.632     -0.771     0.803      0.557     0.603      0.998     0.578    0.652     0.460   0.584     0.214      0.300     0.01720  -1	   0.1809588     0.1021001
     D1XD3-a58c      0.037     0.068       0.223     0.557      0.194     0.785      0.401     0.491      0.513     0.492    0.580     0.443   0.652     0.127      0.159     0.01385  -1	   0.1517501     0.0584566
     D1XD3-a58d      0.035     0.068       0.243     0.629      0.118     0.796      0.462     0.561      0.480     0.507    0.603     0.438   0.713     0.127      0.146     0.01394  -1	   0.1276472    -0.0141274
     D1XD3-a59a      0.034     0.058       0.204     0.693     -0.134     0.750      0.519     0.532      0.759     0.558    0.615     0.475   0.656     0.131      0.113     0.01153  -1	   0.0127436    -0.0164099
     D1XD3-a59b      0.030     0.042       0.184     0.671      0.082     0.785      0.506     0.417      0.412     0.545    0.638     0.442   0.817     0.150      0.256     0.01332  -1	   0.1091933     0.1437792
     D1XD3-a59c      0.039     0.065       0.238     0.578      0.096     0.782      0.507     0.638      0.597     0.508    0.619     0.425   0.612     0.130      0.145     0.01432  -1	   0.1039331    -0.0096347
     D1XD3-a59d      0.036     0.062       0.238     0.668      0.057     0.779      0.495     0.588      0.552     0.494    0.589     0.439   0.805     0.132      0.149     0.01395  -1	   0.0697248    -0.0524279
      D1XD3-a5a      0.046     0.051       0.165     0.715     -0.089     0.783      0.460     0.629      0.417     0.472    0.554     0.446   0.802     0.151      0.133     0.01901  -1	   0.0500396    -0.0566732
      D1XD3-a5b      0.046     0.051       0.170     0.693     -0.138     0.781      0.492     0.665      0.293     0.455    0.570     0.417   0.656     0.169      0.129     0.01862  -1	   0.0825362    -0.0402372
      D1XD3-a5c      0.026     0.045       0.146     0.792      0.302     0.751      0.551     0.777      0.614     0.508    0.575     0.462   0.875     0.232      0.075     0.02990  -1	   0.0712775    -0.0693467
      D1XD3-a5d      0.026     0.045       0.146     0.787      0.273     0.741      0.570     0.795      0.210     0.522    0.580     0.471   0.875     0.232      0.048     0.02969  -1	   0.1264535    -0.0668419
     D1XD3-a60a      0.020     0.071       0.272     0.633     -0.021     0.746      0.588     0.712      0.829     0.577    0.579     0.524   0.680     0.139      0.177     0.00997  -1	   0.0611707    -0.0143765
     D1XD3-a60b      0.021     0.066       0.233     0.614      0.304     0.738      0.465     0.582      0.155     0.554    0.596     0.488   0.853     0.137      0.203     0.01107  -1	   0.2741984    -0.0229124
     D1XD3-a60c      0.026     0.066       0.262     0.633      0.055     0.706      0.486     0.593      0.827     0.498    0.568     0.459   0.738     0.130      0.118     0.00963  -1	   0.0423669    -0.0262583
     D1XD3-a60d      0.022     0.065       0.233     0.672      0.336     0.746      0.421     0.532      0.758     0.555    0.607     0.479   0.920     0.136      0.151     0.01087  -1	   0.1976128     0.0232628
     D1XD3-a61a      0.035     0.060       0.218     0.682     -0.400     0.742      0.466     0.527      0.829     0.522    0.573     0.476   0.538     0.166      0.157     0.00882  -1	   0.0337359    -0.0030192
     D1XD3-a61b      0.022     0.056       0.228     0.664     -0.311     0.728      0.573     0.560      0.233     0.469    0.562     0.437   0.582     0.144      0.267     0.00946  -1	   0.1530313     0.0325977
     D1XD3-a61c      0.031     0.064       0.233     0.658      0.088     0.745      0.476     0.423      0.137     0.481    0.553     0.455   0.805     0.132      0.174     0.00992  -1	   0.1826935     0.1037262
     D1XD3-a61d      0.035     0.058       0.218     0.600     -0.375     0.766      0.495     0.526      0.684     0.602    0.616     0.515   0.471     0.151      0.166     0.00861  -1	   0.0344670     0.0084852
     D1XD3-a62a      0.029     0.061       0.233     0.674      0.090     0.768      0.469     0.403      0.113     0.491    0.567     0.453   0.805     0.135      0.166     0.00980  -1	   0.1863021     0.1421487
     D1XD3-a62b      0.029     0.057       0.223     0.502      0.302     0.763      0.469     0.474      0.141     0.525    0.575     0.477   0.574     0.141      0.192     0.00934  -1	   0.2248885     0.1262542
     D1XD3-a62c      0.033     0.054       0.214     0.548     -0.330     0.748      0.519     0.610      0.849     0.508    0.558     0.476   0.236     0.144      0.186     0.00886  -1	   0.0219634     0.0052006
     D1XD3-a62d      0.034     0.054       0.228     0.649      0.056     0.756      0.509     0.535      0.695     0.579    0.620     0.491   0.738     0.146      0.199     0.00918  -1	   0.0643618     0.0037777
     D1XD3-a63a      0.030     0.064       0.238     0.657     -0.084     0.769      0.480     0.398      0.135     0.513    0.555     0.483   0.747     0.129      0.174     0.00987  -1	   0.1437267     0.1242470
     D1XD3-a63b      0.029     0.056       0.223     0.619      0.141     0.743      0.475     0.486      0.330     0.532    0.627     0.441   0.713     0.141      0.213     0.00931  -1	   0.1450843     0.0603808
     D1XD3-a63c      0.033     0.056       0.228     0.678      0.117     0.751      0.522     0.529      0.685     0.546    0.571     0.501   0.780     0.137      0.209     0.00921  -1	   0.0878748     0.0060028
     D1XD3-a63d      0.030     0.063       0.243     0.656      0.089     0.764      0.508     0.461      0.321     0.527    0.573     0.481   0.805     0.126      0.184     0.00980  -1	   0.1323701     0.0503764
     D1XD3-a64a      0.030     0.059       0.218     0.656     -0.431     0.724      0.491     0.546      0.481     0.559    0.552     0.528   0.000     0.167      0.157     0.00866  -1	   0.0730858    -0.0055806
     D1XD3-a64b      0.020     0.056       0.209     0.700      0.057     0.686      0.513     0.697      0.582     0.543    0.550     0.515   0.859     0.134      0.168     0.01338  -1	   0.0274854    -0.0924823
     D1XD3-a64c      0.038     0.059       0.238     0.681     -0.180     0.777      0.533     0.731      0.499     0.518    0.562     0.481   0.730     0.167      0.258     0.00931  -1	   0.0663818    -0.0878546
     D1XD3-a64d      0.035     0.058       0.218     0.545     -0.277     0.764      0.498     0.593      0.932     0.575    0.603     0.501   0.236     0.142      0.158     0.00880  -1	   0.0415522     0.0191380
     D1XD3-a65a      0.045     0.054       0.184     0.712     -0.521     0.785      0.433     0.610      0.334     0.457    0.548     0.438   0.636     0.170      0.073     0.01612  -1	   0.1422344     0.0241219
     D1XD3-a65b      0.028     0.053       0.194     0.621     -0.061     0.729      0.543     0.688      0.366     0.492    0.500     0.509   0.680     0.144      0.208     0.01297  -1	   0.0600879    -0.0715521
     D1XD3-a65c      0.034     0.047       0.194     0.673      0.373     0.784      0.476     0.638      0.996     0.583    0.654     0.464   0.903     0.174      0.182     0.01303  -1	   0.2424775     0.0796574
     D1XD3-a65d      0.038     0.066       0.262     0.628      0.157     0.749      0.477     0.593      0.823     0.559    0.605     0.484   0.778     0.128      0.221     0.01009  -1	   0.1472555     0.0168622
     D1XD3-a66a      0.022     0.056       0.194     0.647     -0.038     0.698      0.516     0.682      0.641     0.496    0.525     0.492   0.680     0.142      0.176     0.01314  -1	   0.0093478    -0.0552626
     D1XD3-a66b      0.042     0.054       0.204     0.647     -0.622     0.742      0.514     0.704      0.741     0.593    0.585     0.533   0.397     0.143      0.128     0.01649  -1	   0.1169193     0.0239500
     D1XD3-a66c      0.030     0.048       0.170     0.594     -0.152     0.739      0.566     0.726      0.947     0.559    0.627     0.466   0.684     0.189      0.252     0.01390  -1	  -0.0004290    -0.0311571
     D1XD3-a66d      0.028     0.052       0.204     0.594     -0.185     0.764      0.516     0.684      1.000     0.567    0.651     0.452   0.538     0.176      0.268     0.01355  -1	   0.0141510     0.0108555
     D1XD3-a67a      0.050     0.050       0.175     0.628     -0.509     0.791      0.451     0.625      0.333     0.476    0.539     0.462   0.607     0.165      0.187     0.01556  -1	   0.1610263     0.0437561
     D1XD3-a67b      0.034     0.048       0.199     0.589     -0.532     0.756      0.505     0.784      0.554     0.509    0.564     0.472   0.590     0.159      0.193     0.01684  -1	   0.0936577     0.0066242
     D1XD3-a67c      0.046     0.052       0.189     0.650     -0.546     0.793      0.436     0.623      0.348     0.486    0.556     0.457   0.582     0.169      0.199     0.01515  -1	   0.1677927     0.0372916
     D1XD3-a67d      0.046     0.038       0.160     0.654     -0.644     0.793      0.556     0.693      0.630     0.473    0.544     0.455   0.608     0.182      0.386     0.01570  -1	   0.1536520     0.0176655
     D1XD3-a68a      0.033     0.060       0.223     0.646     -0.359     0.757      0.436     0.780      0.422     0.622    0.534     0.603   0.471     0.139      0.114     0.01454  -1	   0.0484426     0.0261336
     D1XD3-a68b      0.036     0.043       0.165     0.725     -0.436     0.758      0.467     0.649      0.485     0.597    0.610     0.516   0.664     0.178      0.140     0.01319  -1	   0.0763264     0.0018663
     D1XD3-a68c      0.046     0.036       0.146     0.656     -0.671     0.802      0.525     0.651      0.299     0.462    0.554     0.437   0.639     0.184      0.376     0.01529  -1	   0.3114118     0.0671577
     D1XD3-a68d      0.042     0.050       0.180     0.640     -0.235     0.814      0.452     0.371      0.481     0.486    0.586     0.433   0.718     0.172      0.361     0.07042  -1	   0.0885154     0.1445224
     D1XD3-a69a      0.049     0.060       0.204     0.659     -0.115     0.808      0.368     0.314      0.144     0.527    0.612     0.448   0.656     0.147      0.098     0.05777  -1	   0.1225402     0.2426185
     D1XD3-a69b      0.044     0.048       0.184     0.678     -0.072     0.790      0.437     0.546      0.541     0.503    0.547     0.481   0.812     0.164      0.208     0.02885  -1	   0.0358236    -0.0156562
     D1XD3-a69c      0.050     0.052       0.194     0.560     -0.478     0.809      0.469     0.529      0.504     0.514    0.573     0.469   0.420     0.140      0.309     0.03416  -1	   0.0988134     0.0817417
     D1XD3-a69d      0.049     0.052       0.199     0.576     -0.470     0.804      0.512     0.583      0.564     0.508    0.562     0.472   0.420     0.148      0.292     0.03322  -1	   0.0813557     0.0225612
      D1XD3-a6a      0.022     0.054       0.180     0.641      0.342     0.749      0.569     0.750      0.659     0.516    0.587     0.459   0.853     0.157      0.152     0.01703  -1	   0.1413448    -0.0483621
      D1XD3-a6b      0.026     0.052       0.184     0.670      0.328     0.754      0.505     0.677      0.883     0.465    0.551     0.443   0.920     0.147      0.134     0.01708  -1	   0.1291271    -0.0344961
      D1XD3-a6c      0.045     0.056       0.165     0.564      0.119     0.766      0.536     0.596      0.284     0.489    0.573     0.446   0.587     0.155      0.223     0.01311  -1	   0.1450653     0.0008706
      D1XD3-a6d      0.044     0.050       0.165     0.508     -0.217     0.778      0.525     0.685      0.375     0.468    0.538     0.455   0.639     0.198      0.125     0.01829  -1	   0.0420835    -0.0500664
     D1XD3-a70a      0.051     0.066       0.228     0.593     -0.116     0.802      0.378     0.432      0.406     0.513    0.571     0.470   0.463     0.131      0.161     0.03866  -1	   0.0874480     0.0991336
     D1XD3-a70b      0.042     0.043       0.165     0.631     -0.007     0.805      0.444     0.395      0.436     0.482    0.564     0.446   0.796     0.166      0.105     0.07965  -1	   0.0082937     0.1041092
     D1XD3-a70c      0.048     0.046       0.194     0.685     -0.372     0.793      0.409     0.340      0.285     0.549    0.555     0.517   0.699     0.136      0.126     0.07909  -1	   0.0771089     0.2080766
     D1XD3-a70d      0.043     0.048       0.199     0.602     -0.155     0.813      0.467     0.344      0.368     0.481    0.543     0.464   0.701     0.148      0.416     0.06551  -1	   0.1333051     0.2065701
     D1XD3-a71a      0.040     0.049       0.170     0.612     -0.143     0.821      0.446     0.357      0.554     0.469    0.560     0.439   0.732     0.179      0.398     0.06596  -1	   0.0681607     0.1553568
     D1XD3-a71b      0.049     0.049       0.204     0.692     -0.534     0.797      0.465     0.510      0.743     0.470    0.569     0.432   0.663     0.141      0.122     0.05295  -1	   0.0464578     0.0317671
     D1XD3-a71c      0.043     0.045       0.184     0.674     -0.131     0.802      0.433     0.421      0.396     0.539    0.590     0.479   0.788     0.146      0.093     0.07386  -1	   0.0088946     0.0824251
     D1XD3-a71d      0.049     0.049       0.204     0.703     -0.556     0.800      0.454     0.501      0.576     0.469    0.555     0.443   0.688     0.143      0.122     0.05337  -1	   0.0728069     0.0349607
     D1XD3-a72a      0.038     0.066       0.233     0.635      0.348     0.820      0.384     0.196      0.235     0.556    0.611     0.476   0.853     0.145      0.369     0.13144  -1	   0.4764609     0.5373387
     D1XD3-a72b      0.036     0.070       0.248     0.666      0.421     0.832      0.426     0.273      0.398     0.487    0.589     0.431   0.945     0.132      0.369     0.12263  -1	   0.4948792     0.3884534
     D1XD3-a72c      0.038     0.065       0.223     0.625      0.324     0.832      0.390     0.189      0.169     0.511    0.552     0.484   0.853     0.142      0.369     0.13025  -1	   0.4490328     0.5513796
     D1XD3-a72d      0.048     0.053       0.189     0.563     -0.183     0.802      0.426     0.387      0.559     0.635    0.571     0.585   0.538     0.158      0.115     0.08688  -1	   0.0241599     0.1163916
     D1XD3-a73a      0.039     0.055       0.199     0.668      0.047     0.757      0.420     0.468      0.664     0.660    0.607     0.581   0.780     0.136      0.239     0.03250  -1	   0.1003199     0.0653698
     D1XD3-a73b      0.041     0.047       0.165     0.605     -0.060     0.785      0.540     0.656      0.557     0.538    0.598     0.470   0.756     0.197      0.167     0.03456  -1	   0.0161756    -0.0723483
     D1XD3-a73c      0.044     0.060       0.223     0.639      0.314     0.823      0.409     0.262      0.246     0.486    0.543     0.468   0.853     0.154      0.365     0.12576  -1	   0.3980029     0.3952718
     D1XD3-a73d      0.038     0.045       0.180     0.654      0.418     0.802      0.453     0.482      0.717     0.512    0.556     0.481   0.878     0.183      0.143     0.04494  -1	   0.2204021     0.1154161
     D1XD3-a74b      0.043     0.050       0.199     0.728     -0.011     0.792      0.533     0.588      0.714     0.622    0.663     0.493   0.876     0.150      0.213     0.03804  -1	   0.0712235    -0.0230068
     D1XD3-a74c      0.041     0.049       0.175     0.712      0.110     0.792      0.528     0.648      0.535     0.509    0.602     0.440   0.851     0.163      0.116     0.03869  -1	   0.0590827    -0.0623392
     D1XD3-a74d      0.039     0.050       0.184     0.572      0.160     0.784      0.483     0.543      0.754     0.582    0.646     0.470   0.721     0.174      0.220     0.03532  -1	   0.1071724     0.0414784
     D1XD3-a75a      0.049     0.054       0.204     0.674     -0.131     0.813      0.466     0.348      0.730     0.644    0.636     0.540   0.656     0.162      0.143     0.02172  -1	   0.0481351     0.0873230
     D1XD3-a75b      0.046     0.043       0.160     0.603     -0.610     0.796      0.521     0.578      0.713     0.601    0.590     0.537   0.553     0.200      0.362     0.01684  -1	   0.1404126     0.0785173
     D1XD3-a75c      0.052     0.047       0.175     0.632     -0.406     0.816      0.520     0.537      0.578     0.654    0.575     0.600   0.584     0.165      0.140     0.02403  -1	   0.0485767     0.0268849
     D1XD3-a75d      0.043     0.071       0.248     0.679      0.145     0.799      0.443     0.433      0.379     0.518    0.621     0.433   0.780     0.128      0.457     0.02923  -1	   0.3678031     0.1014985
     D1XD3-a76a      0.040     0.070       0.238     0.679      0.057     0.785      0.390     0.351      0.899     0.512    0.606     0.440   0.805     0.123      0.489     0.02937  -1	   0.1586773     0.0987136
     D1XD3-a76b      0.044     0.039       0.155     0.620     -0.717     0.801      0.566     0.626      0.625     0.521    0.559     0.487   0.584     0.204      0.348     0.01693  -1	   0.2029452     0.0484073
     D1XD3-a76c      0.046     0.056       0.204     0.699     -0.103     0.788      0.428     0.337      0.855     0.588    0.639     0.482   0.656     0.156      0.286     0.02663  -1	   0.0663282     0.0961056
     D1XD3-a76d      0.046     0.037       0.141     0.591     -0.753     0.795      0.539     0.564      0.926     0.545    0.618     0.460   0.566     0.222      0.324     0.01671  -1	   0.1835889     0.1258584
     D1XD3-a77a      0.046     0.038       0.136     0.729     -0.485     0.789      0.505     0.471      0.530     0.485    0.531     0.477   0.707     0.212      0.164     0.01552  -1	   0.1001405     0.0800303
     D1XD3-a77b      0.047     0.038       0.146     0.636     -0.778     0.793      0.549     0.594      0.996     0.594    0.676     0.454   0.584     0.220      0.300     0.01723  -1	   0.1895273     0.1110913
     D1XD3-a77c      0.046     0.041       0.136     0.625     -0.561     0.781      0.580     0.664      0.875     0.489    0.590     0.433   0.607     0.258      0.225     0.01530  -1	   0.1021943     0.0255291
     D1XD3-a77d      0.048     0.038       0.141     0.632     -0.677     0.788      0.549     0.584      0.999     0.575    0.637     0.471   0.584     0.218      0.317     0.01699  -1	   0.1368581     0.1004499
     D1XD3-a78a      0.025     0.057       0.199     0.676     -0.030     0.744      0.535     0.611      0.766     0.562    0.582     0.507   0.747     0.140      0.058     0.01167  -1	   0.0063939    -0.0443804
     D1XD3-a78b      0.045     0.040       0.146     0.660     -0.640     0.784      0.502     0.525      0.897     0.556    0.628     0.461   0.608     0.214      0.265     0.01705  -1	   0.1202671     0.0892848
     D1XD3-a78c      0.046     0.039       0.155     0.580     -0.749     0.792      0.548     0.586      0.925     0.566    0.624     0.475   0.566     0.201      0.301     0.01694  -1	   0.1786113     0.1096143
     D1XD3-a78d      0.028     0.052       0.194     0.783      0.140     0.778      0.539     0.618      0.393     0.485    0.557     0.455   0.826     0.148      0.095     0.01189  -1	   0.0878329    -0.0142276
     D1XD3-a79a      0.032     0.066       0.223     0.613      0.253     0.761      0.481     0.513      0.447     0.522    0.601     0.454   0.825     0.136      0.151     0.01408  -1	   0.1672409     0.0112675
     D1XD3-a79b      0.018     0.066       0.233     0.622      0.264     0.746      0.464     0.574      0.611     0.539    0.594     0.474   0.825     0.141      0.161     0.01100  -1	   0.1466838    -0.0197996
     D1XD3-a79c      0.018     0.064       0.233     0.609      0.193     0.750      0.489     0.591      0.406     0.544    0.600     0.474   0.778     0.126      0.168     0.01048  -1	   0.1312617    -0.0316261
     D1XD3-a79d      0.019     0.064       0.228     0.620      0.300     0.735      0.487     0.599      0.208     0.529    0.570     0.485   0.853     0.143      0.180     0.01074  -1	   0.2246824    -0.0423308
      D1XD3-a7a      0.047     0.053       0.170     0.516      0.141     0.768      0.529     0.598      0.564     0.452    0.539     0.440   0.434     0.163      0.203     0.01284  -1	   0.0883904     0.0082401
      D1XD3-a7b      0.038     0.042       0.160     0.710      0.044     0.779      0.586     0.693      0.950     0.476    0.546     0.456   0.805     0.140      0.176     0.01432  -1	   0.0213435    -0.0182062
      D1XD3-a7c      0.039     0.043       0.155     0.591      0.118     0.786      0.532     0.629      0.573     0.487    0.555     0.459   0.753     0.165      0.230     0.01857  -1	   0.0513935    -0.0377883
      D1XD3-a7d      0.045     0.054       0.170     0.536      0.144     0.766      0.529     0.598      0.526     0.492    0.554     0.465   0.434     0.161      0.274     0.01292  -1	   0.1167843     0.0092421
     D1XD3-a80a      0.029     0.062       0.248     0.610      0.189     0.756      0.512     0.483      0.341     0.492    0.558     0.461   0.778     0.126      0.163     0.00970  -1	   0.1433891     0.0499960
     D1XD3-a80b      0.028     0.061       0.243     0.520      0.054     0.766      0.499     0.522      0.778     0.524    0.566     0.483   0.459     0.138      0.259     0.00919  -1	   0.0908593     0.0358550
     D1XD3-a80c      0.028     0.065       0.243     0.611      0.132     0.763      0.450     0.399      0.355     0.563    0.629     0.467   0.713     0.130      0.172     0.00978  -1	   0.1447126     0.1094000
     D1XD3-a80d      0.029     0.054       0.189     0.719      0.254     0.753      0.566     0.653      0.918     0.498    0.563     0.463   0.946     0.164      0.252     0.00788  -1	   0.1125802    -0.0585821
     D1XD3-a81a      0.033     0.069       0.218     0.685      0.026     0.793      0.447     0.496      0.707     0.498    0.599     0.433   0.780     0.174      0.138     0.00932  -1	   0.0596292    -0.0513813
     D1XD3-a81b      0.038     0.057       0.209     0.785      0.047     0.749      0.441     0.447      0.613     0.494    0.576     0.447   0.826     0.145      0.225     0.00985  -1	   0.0785698     0.0023844
     D1XD3-a81c      0.035     0.060       0.223     0.651     -0.464     0.746      0.450     0.474      0.790     0.539    0.580     0.486   0.613     0.164      0.151     0.00882  -1	   0.0537387     0.0246136
     D1XD3-a81d      0.026     0.062       0.233     0.685     -0.018     0.762      0.460     0.382      0.302     0.506    0.558     0.475   0.747     0.133      0.184     0.00980  -1	   0.1030218     0.0933235
     D1XD3-a82a      0.037     0.067       0.257     0.578      0.251     0.752      0.478     0.608      0.702     0.530    0.563     0.492   0.699     0.117      0.202     0.01010  -1	   0.1970583     0.0461407
     D1XD3-a82b      0.025     0.056       0.175     0.597      0.222     0.754      0.547     0.645      0.942     0.567    0.609     0.489   0.661     0.138      0.127     0.00909  -1	   0.1343271     0.0076622
     D1XD3-a82c      0.030     0.058       0.243     0.696      0.094     0.744      0.442     0.624      0.799     0.522    0.552     0.494   0.805     0.126      0.179     0.00885  -1	   0.0663462    -0.0041553
     D1XD3-a82d      0.027     0.065       0.233     0.659      0.123     0.752      0.474     0.413      0.185     0.510    0.535     0.496   0.780     0.132      0.159     0.00993  -1	   0.1646642     0.0987544
     D1XD3-a83a      0.037     0.065       0.243     0.565      0.093     0.761      0.515     0.657      0.761     0.518    0.563     0.480   0.612     0.127      0.207     0.01007  -1	   0.1107407     0.0090966
     D1XD3-a83b      0.032     0.055       0.175     0.606      0.066     0.764      0.484     0.675      0.542     0.546    0.578     0.494   0.738     0.157      0.160     0.00926  -1	   0.0496281    -0.0652803
     D1XD3-a83c      0.035     0.068       0.243     0.627      0.178     0.758      0.450     0.599      0.881     0.528    0.584     0.474   0.778     0.125      0.235     0.01012  -1	   0.1582307     0.0213891
     D1XD3-a83d      0.023     0.046       0.170     0.556      0.131     0.746      0.584     0.711      0.963     0.541    0.604     0.468   0.753     0.133      0.137     0.00910  -1	   0.0561295    -0.0168771
     D1XD3-a84a      0.027     0.054       0.175     0.642      0.142     0.741      0.502     0.688      0.743     0.561    0.603     0.487   0.713     0.155      0.119     0.00932  -1	   0.0558955    -0.0344417
     D1XD3-a84b      0.031     0.050       0.204     0.649     -0.011     0.770      0.475     0.741      0.857     0.575    0.571     0.528   0.796     0.158      0.183     0.01514  -1	   0.0289113    -0.0005700
     D1XD3-a84c      0.034     0.050       0.189     0.521     -0.086     0.719      0.545     0.697      0.426     0.557    0.525     0.549   0.677     0.158      0.206     0.01302  -1	   0.0343034    -0.0655934
     D1XD3-a84d      0.049     0.041       0.155     0.654     -0.327     0.791      0.548     0.681      0.921     0.490    0.581     0.441   0.812     0.160      0.106     0.01591  -1	   0.0109865     0.0093681
     D1XD3-a85a      0.047     0.051       0.180     0.638     -0.521     0.793      0.450     0.633      0.260     0.449    0.531     0.444   0.515     0.160      0.182     0.01552  -1	   0.1835375     0.0472465
     D1XD3-a85b      0.047     0.039       0.160     0.679     -0.621     0.783      0.569     0.705      0.567     0.506    0.566     0.467   0.608     0.197      0.386     0.01607  -1	   0.1807102     0.0048067
     D1XD3-a85c      0.033     0.046       0.180     0.565     -0.281     0.758      0.576     0.738      0.998     0.509    0.601     0.441   0.653     0.183      0.237     0.01386  -1	   0.0040707     0.0086910
     D1XD3-a85d      0.026     0.054       0.204     0.557     -0.003     0.748      0.495     0.679      0.461     0.630    0.591     0.565   0.554     0.156      0.211     0.01315  -1	   0.0506072    -0.0334757
     D1XD3-a86a      0.051     0.048       0.194     0.634     -0.706     0.784      0.387     0.443      0.516     0.448    0.566     0.415   0.584     0.154      0.218     0.01835  -1	   0.1980772     0.1730691
     D1XD3-a86b      0.039     0.054       0.214     0.709     -0.637     0.746      0.522     0.775      0.876     0.586    0.645     0.475   0.518     0.149      0.149     0.01617  -1	   0.0915002     0.0309286
     D1XD3-a86c      0.050     0.049       0.180     0.668     -0.556     0.798      0.469     0.667      0.385     0.491    0.567     0.453   0.663     0.172      0.206     0.01512  -1	   0.1655444     0.0057015
     D1XD3-a86d      0.036     0.060       0.228     0.682     -0.377     0.752      0.442     0.782      0.338     0.620    0.546     0.592   0.538     0.150      0.141     0.01471  -1	   0.0885808    -0.0020088
     D1XD3-a87a      0.048     0.036       0.146     0.701     -0.598     0.788      0.513     0.639      0.306     0.484    0.580     0.435   0.688     0.184      0.376     0.01527  -1	   0.2911761     0.0622442
     D1XD3-a87b      0.037     0.061       0.218     0.682     -0.330     0.761      0.384     0.730      0.979     0.663    0.640     0.554   0.582     0.140      0.111     0.01464  -1	   0.0497465     0.1151254
     D1XD3-a87c      0.031     0.050       0.189     0.566     -0.551     0.750      0.492     0.767      0.753     0.492    0.591     0.434   0.590     0.165      0.186     0.01697  -1	   0.0875310     0.0518582
     D1XD3-a87d      0.047     0.036       0.150     0.644     -0.645     0.773      0.546     0.680      0.485     0.477    0.542     0.462   0.553     0.184      0.348     0.01526  -1	   0.2130368     0.0364185
     D1XD3-a88a      0.050     0.048       0.184     0.682     -0.372     0.801      0.445     0.463      0.239     0.576    0.597     0.506   0.699     0.179      0.123     0.07563  -1	   0.1118483     0.0996793
     D1XD3-a88b      0.044     0.053       0.194     0.679     -0.470     0.794      0.441     0.639      0.248     0.481    0.560     0.449   0.613     0.174      0.084     0.01606  -1	   0.1309099     0.0043862
     D1XD3-a88c      0.046     0.057       0.209     0.565     -0.081     0.800      0.368     0.302      0.428     0.621    0.545     0.593   0.554     0.138      0.132     0.08920  -1	   0.0432549     0.1985492
     D1XD3-a88d      0.043     0.045       0.175     0.677     -0.090     0.798      0.465     0.360      0.351     0.495    0.614     0.417   0.812     0.155      0.141     0.10932  -1	   0.0445086     0.1625168
     D1XD3-a89a      0.040     0.045       0.165     0.708      0.049     0.816      0.447     0.381      0.238     0.496    0.601     0.429   0.805     0.167      0.140     0.08845  -1	   0.1082787     0.1797799
     D1XD3-a89b      0.048     0.057       0.199     0.618     -0.069     0.785      0.432     0.380      0.231     0.624    0.566     0.578   0.680     0.153      0.129     0.09793  -1	   0.0873212     0.1318791
     D1XD3-a89c      0.042     0.044       0.165     0.690     -0.242     0.811      0.458     0.383      0.220     0.489    0.587     0.435   0.773     0.141      0.132     0.08841  -1	   0.0765005     0.1975360
     D1XD3-a89d      0.040     0.066       0.233     0.669      0.257     0.835      0.391     0.328      0.514     0.506    0.611     0.431   0.892     0.162      0.334     0.12832  -1	   0.2957598     0.1870744
      D1XD3-a8a      0.034     0.047       0.165     0.653      0.361     0.776      0.507     0.626      0.766     0.517    0.627     0.427   0.903     0.153      0.136     0.01343  -1	   0.1619662     0.0062626
      D1XD3-a8b      0.046     0.063       0.189     0.575      0.393     0.777      0.480     0.548      0.418     0.500    0.552     0.474   0.705     0.125      0.210     0.01548  -1	   0.2879913     0.0760954
      D1XD3-a8c      0.034     0.047       0.189     0.603      0.264     0.762      0.545     0.667      0.827     0.475    0.566     0.439   0.816     0.155      0.135     0.01326  -1	   0.0987829    -0.0119767
      D1XD3-a8d      0.030     0.064       0.204     0.732     -0.068     0.739      0.595     0.863      0.594     0.511    0.560     0.476   0.802     0.128      0.138     0.01868  -1	   0.0348794    -0.0579856
     D1XD3-a90a      0.048     0.047       0.194     0.683     -0.502     0.791      0.457     0.522      0.704     0.472    0.553     0.447   0.663     0.162      0.138     0.05209  -1	   0.0496598     0.0341991
     D1XD3-a90b      0.032     0.054       0.189     0.616      0.140     0.776      0.476     0.642      0.761     0.503    0.527     0.497   0.713     0.158      0.179     0.01553  -1	   0.0783442    -0.0057700
     D1XD3-a90c      0.041     0.045       0.180     0.569     -0.505     0.746      0.580     0.647      0.962     0.545    0.616     0.462   0.590     0.163      0.118     0.02298  -1	   0.0832452     0.0319380
     D1XD3-a90d      0.052     0.069       0.233     0.607     -0.125     0.799      0.312     0.392      0.484     0.554    0.562     0.515   0.589     0.125      0.157     0.03689  -1	   0.0805725     0.1482381
     D1XD3-a91a      0.041     0.048       0.165     0.646      0.118     0.785      0.572     0.666      0.644     0.532    0.501     0.545   0.771     0.150      0.125     0.02249  -1	   0.0586743    -0.0368255
     D1XD3-a91b      0.042     0.053       0.194     0.684     -0.005     0.800      0.504     0.597      0.468     0.689    0.679     0.547   0.747     0.155      0.144     0.03374  -1	   0.0941056    -0.0019294
     D1XD3-a91c      0.040     0.051       0.184     0.587      0.024     0.789      0.504     0.579      0.843     0.605    0.639     0.498   0.587     0.183      0.220     0.03463  -1	   0.0745500     0.0182682
     D1XD3-a91d      0.045     0.046       0.189     0.761      0.105     0.779      0.475     0.496      0.890     0.676    0.683     0.529   0.831     0.158      0.288     0.03982  -1	   0.1538313     0.0765700
     D1XD3-a92a      0.040     0.049       0.184     0.638      0.171     0.782      0.490     0.567      0.888     0.591    0.596     0.522   0.739     0.174      0.265     0.03557  -1	   0.1299423     0.0399343
     D1XD3-a92b      0.044     0.050       0.194     0.733      0.030     0.795      0.543     0.671      0.463     0.589    0.650     0.473   0.805     0.150      0.139     0.03475  -1	   0.0883886    -0.0339172
     D1XD3-a92d      0.044     0.044       0.165     0.623     -0.747     0.788      0.530     0.573      0.818     0.613    0.644     0.502   0.584     0.188      0.285     0.01716  -1	   0.1891181     0.0902217
     D1XD3-a93a      0.046     0.044       0.160     0.593     -0.468     0.795      0.608     0.577      0.672     0.487    0.577     0.441   0.609     0.155      0.181     0.01400  -1	   0.0545055     0.0155501
     D1XD3-a93b      0.044     0.042       0.175     0.572     -0.690     0.767      0.517     0.547      0.456     0.614    0.606     0.536   0.566     0.169      0.305     0.01674  -1	   0.2372753     0.1246857
     D1XD3-a93c      0.047     0.038       0.146     0.625     -0.770     0.794      0.545     0.583      0.998     0.561    0.674     0.427   0.584     0.204      0.300     0.01698  -1	   0.1757360     0.1190097
     D1XD3-a94a      0.035     0.048       0.170     0.741      0.142     0.765      0.435     0.399      0.887     0.514    0.570     0.472   0.851     0.170      0.174     0.01090  -1	   0.0544281     0.0472476
     D1XD3-a94b      0.035     0.048       0.170     0.738      0.149     0.770      0.429     0.393      0.915     0.541    0.598     0.472   0.851     0.170      0.192     0.01087  -1	   0.0719130     0.0641986
     D1XD3-a94c      0.047     0.039       0.150     0.582     -0.674     0.796      0.568     0.614      0.954     0.541    0.601     0.472   0.566     0.214      0.317     0.01722  -1	   0.1352322     0.0860133
     D1XD3-a94d      0.047     0.039       0.146     0.600     -0.663     0.794      0.565     0.606      0.989     0.558    0.639     0.453   0.584     0.229      0.322     0.01701  -1	   0.1277265     0.0885012
     D1XD3-a95a      0.027     0.065       0.223     0.668      0.114     0.755      0.401     0.385      0.913     0.538    0.604     0.465   0.780     0.129      0.110     0.01129  -1	   0.0917233     0.0599290
     D1XD3-a95b      0.036     0.048       0.165     0.760      0.100     0.765      0.444     0.411      0.766     0.523    0.588     0.466   0.831     0.190      0.204     0.01086  -1	   0.0456062     0.0255124
     D1XD3-a95c      0.038     0.047       0.175     0.754      0.072     0.755      0.464     0.412      0.959     0.476    0.584     0.426   0.821     0.179      0.126     0.01054  -1	   0.0108287     0.0045360
     D1XD3-a95d      0.036     0.048       0.170     0.755      0.107     0.770      0.427     0.378      0.093     0.507    0.556     0.476   0.831     0.175      0.174     0.01091  -1	   0.2116673     0.2181668
     D1XD3-a96a      0.033     0.045       0.141     0.739      0.577     0.749      0.509     0.370      0.616     0.420    0.495     0.446   0.913     0.188      0.393     0.00811  -1	   0.3611949     0.2607833
     D1XD3-a96b      0.028     0.044       0.155     0.573      0.030     0.760      0.630     0.591      0.830     0.435    0.523     0.439   0.708     0.173      0.243     0.00898  -1	  -0.0058345    -0.0447289
     D1XD3-a96c      0.031     0.039       0.141     0.651      0.335     0.754      0.522     0.517      0.883     0.525    0.537     0.510   0.872     0.189      0.384     0.00988  -1	   0.1379010     0.0436470
     D1XD3-a96d      0.026     0.052       0.189     0.567      0.146     0.768      0.584     0.681      0.951     0.486    0.528     0.481   0.587     0.156      0.142     0.01113  -1	   0.0958054     0.0005239
     D1XD3-a97a      0.026     0.054       0.184     0.720      0.204     0.751      0.550     0.609      0.765     0.505    0.564     0.468   0.909     0.168      0.280     0.00786  -1	   0.0971284    -0.0664683
     D1XD3-a97b      0.033     0.040       0.146     0.617      0.069     0.804      0.564     0.664      0.791     0.463    0.521     0.465   0.761     0.205      0.174     0.00819  -1	   0.0042675    -0.0534998
     D1XD3-a97c      0.028     0.051       0.194     0.483      0.232     0.767      0.574     0.565      0.921     0.509    0.564     0.472   0.390     0.145      0.215     0.00936  -1	   0.1520349     0.0407534
     D1XD3-a97d      0.040     0.056       0.189     0.641     -0.354     0.803      0.543     0.576      0.587     0.447    0.517     0.453   0.471     0.137      0.379     0.00928  -1	   0.0724013    -0.0118921
     D1XD3-a98a      0.036     0.068       0.243     0.652      0.167     0.746      0.465     0.597      0.945     0.549    0.608     0.472   0.845     0.123      0.214     0.01013  -1	   0.1489870     0.0040164
     D1XD3-a98b      0.038     0.067       0.267     0.657      0.189     0.757      0.404     0.517      0.537     0.559    0.617     0.473   0.845     0.120      0.210     0.01023  -1	   0.1835910     0.0190582
     D1XD3-a98c      0.026     0.052       0.170     0.594      0.088     0.750      0.578     0.719      0.881     0.507    0.614     0.428   0.612     0.136      0.184     0.00904  -1	   0.0471071    -0.0202122
     D1XD3-a98d      0.034     0.055       0.218     0.608      0.104     0.759      0.511     0.516      0.995     0.583    0.640     0.476   0.713     0.153      0.202     0.00928  -1	   0.1058002     0.0296985
     D1XD3-a99a      0.024     0.054       0.170     0.599      0.191     0.763      0.554     0.669      0.962     0.559    0.611     0.479   0.652     0.142      0.163     0.00907  -1	   0.1192178     0.0036723
     D1XD3-a99b      0.022     0.055       0.189     0.539      0.214     0.751      0.553     0.637      0.714     0.580    0.612     0.498   0.508     0.133      0.186     0.00918  -1	   0.1154710     0.0213680
     D1XD3-a99c      0.029     0.055       0.184     0.637      0.095     0.732      0.544     0.708      0.938     0.446    0.542     0.432   0.738     0.125      0.135     0.00914  -1	   0.0464856    -0.0185294
     D1XD3-a99d      0.026     0.056       0.180     0.693      0.059     0.751      0.543     0.694      0.945     0.506    0.534     0.494   0.805     0.130      0.141     0.00918  -1	   0.0482041    -0.0346076
      D1XD3-a9a      0.039     0.050       0.170     0.781      0.133     0.764      0.448     0.522      0.276     0.441    0.523     0.443   0.831     0.156      0.329     0.01719  -1	   0.2434940     0.0337828
      D1XD3-a9b      0.043     0.049       0.150     0.765      0.174     0.746      0.462     0.522      0.215     0.473    0.562     0.440   0.798     0.182      0.318     0.01700  -1	   0.2859065     0.0713819
      D1XD3-a9c      0.034     0.044       0.165     0.609      0.310     0.768      0.530     0.643      0.535     0.482    0.568     0.444   0.816     0.159      0.148     0.01303  -1	   0.1103198    -0.0245545
      D1XD3-a9d      0.034     0.046       0.180     0.663      0.323     0.756      0.528     0.643      0.563     0.524    0.600     0.455   0.872     0.152      0.155     0.01326  -1	   0.1439197    -0.0046782
