      D1JPS-a9d      0.015     0.032       0.144     0.644     -0.285     0.827      0.606     0.572      0.766     0.503    0.496     0.523   0.671     0.098      0.211     0.02290  -1	  -0.0518634    -0.0042766
      D1JPS-a0a      0.013     0.037       0.149     0.633      0.575     0.829      0.519     0.438      0.548     0.485    0.452     0.541   0.833     0.091      0.226     0.81971   1	   0.3570899     0.3496831
      D1JPS-a0b      0.016     0.043       0.158     0.621     -0.192     0.812      0.577     0.525      0.091     0.512    0.451     0.567   0.701     0.105      0.140     0.04137  -1	   0.0412936     0.0557372
      D1JPS-a0c      0.013     0.037       0.151     0.641      0.552     0.829      0.500     0.416      0.212     0.494    0.463     0.540   0.833     0.092      0.252     0.82048   1	   0.3917240     0.4114925
      D1JPS-a0d      0.014     0.045       0.191     0.574      0.025     0.830      0.564     0.565      0.975     0.510    0.460     0.558   0.708     0.070      0.140     0.02168  -1	   0.0793484     0.0479179
    D1JPS-a100a      0.015     0.033       0.128     0.586      0.157     0.827      0.616     0.639      0.899     0.515    0.469     0.555   0.721     0.091      0.188     0.00414  -1	   0.0574745     0.0119497
    D1JPS-a100b      0.018     0.027       0.102     0.597      0.233     0.812      0.610     0.664      0.895     0.515    0.477     0.549   0.767     0.165      0.155     0.00349  -1	   0.0455685    -0.0131963
    D1JPS-a100c      0.021     0.029       0.121     0.688      0.066     0.819      0.620     0.671      0.215     0.497    0.448     0.556   0.817     0.123      0.313     0.00306  -1	   0.1115814    -0.0301512
    D1JPS-a100d      0.017     0.023       0.091     0.623      0.077     0.819      0.621     0.712      0.745     0.532    0.474     0.567   0.761     0.195      0.319     0.00287  -1	  -0.0252715    -0.0634552
    D1JPS-a101a      0.017     0.028       0.107     0.705      0.455     0.827      0.598     0.591      0.686     0.517    0.481     0.547   0.916     0.139      0.302     0.00362  -1	   0.2274899     0.1364158
    D1JPS-a101b      0.022     0.028       0.107     0.663     -0.192     0.828      0.591     0.705      0.745     0.523    0.479     0.555   0.757     0.125      0.182     0.00297  -1	  -0.0476791    -0.0327975
    D1JPS-a101c      0.016     0.042       0.179     0.611      0.147     0.824      0.607     0.684      0.049     0.519    0.454     0.571   0.771     0.073      0.150     0.00412  -1	   0.0937649    -0.0515609
    D1JPS-a101d      0.018     0.034       0.133     0.632      0.087     0.832      0.593     0.646      0.731     0.727    0.712     0.557   0.761     0.095      0.220     0.00404  -1	   0.0928221     0.0794276
    D1JPS-a102a      0.017     0.036       0.153     0.649      0.183     0.828      0.560     0.590      0.877     0.522    0.475     0.556   0.739     0.096      0.339     0.00329  -1	   0.1003351     0.0577470
    D1JPS-a102b      0.018     0.036       0.137     0.682      0.116     0.830      0.600     0.657      0.545     0.511    0.485     0.539   0.827     0.090      0.216     0.00409  -1	   0.0356720    -0.0280620
    D1JPS-a102c      0.017     0.051       0.191     0.680      0.103     0.822      0.501     0.633      0.241     0.569    0.493     0.585   0.780     0.082      0.145     0.00356  -1	   0.0866519    -0.0423099
    D1JPS-a102d      0.018     0.038       0.160     0.530      0.019     0.823      0.568     0.622      0.354     0.516    0.474     0.552   0.646     0.100      0.221     0.00339  -1	  -0.0019227    -0.0371531
    D1JPS-a103a      0.018     0.037       0.142     0.662      0.084     0.827      0.573     0.623      0.583     0.538    0.487     0.561   0.817     0.091      0.278     0.00405  -1	   0.0425513    -0.0173935
    D1JPS-a103b      0.016     0.046       0.186     0.674     -0.287     0.815      0.535     0.702      0.220     0.471    0.458     0.523   0.726     0.084      0.215     0.00384  -1	   0.0639697    -0.0835378
    D1JPS-a103c      0.016     0.044       0.186     0.595     -0.005     0.824      0.548     0.660      0.193     0.477    0.454     0.532   0.778     0.084      0.209     0.00378  -1	   0.0527363    -0.0889823
    D1JPS-a103d      0.016     0.028       0.109     0.703      0.426     0.816      0.602     0.616      0.447     0.506    0.470     0.547   0.902     0.132      0.238     0.00363  -1	   0.1920931     0.1081114
    D1JPS-a104a      0.015     0.052       0.195     0.656     -0.198     0.817      0.534     0.681      0.064     0.598    0.518     0.593   0.730     0.079      0.242     0.00380  -1	   0.1244651    -0.0875338
    D1JPS-a104b      0.015     0.069       0.272     0.621     -0.005     0.805      0.503     0.639      0.175     0.535    0.498     0.551   0.680     0.059      0.130     0.00463  -1	   0.0863612    -0.0684715
    D1JPS-a104c      0.015     0.068       0.263     0.609      0.103     0.799      0.509     0.640      0.013     0.553    0.501     0.565   0.713     0.061      0.108     0.00474  -1	   0.1397853    -0.0704148
    D1JPS-a104d      0.016     0.050       0.188     0.642     -0.167     0.818      0.523     0.658      0.089     0.555    0.467     0.593   0.701     0.084      0.245     0.00379  -1	   0.1069165    -0.0728220
    D1JPS-a105a      0.020     0.042       0.181     0.631     -0.050     0.822      0.579     0.674      0.446     0.494    0.466     0.538   0.796     0.079      0.301     0.00378  -1	   0.0359152    -0.0801873
    D1JPS-a105b      0.013     0.044       0.177     0.633     -0.289     0.830      0.572     0.676      0.439     0.528    0.489     0.551   0.671     0.094      0.260     0.00381  -1	   0.0016633    -0.0740562
    D1JPS-a105c      0.016     0.048       0.198     0.626      0.012     0.813      0.557     0.677      0.412     0.525    0.459     0.573   0.725     0.078      0.296     0.00381  -1	   0.0682329    -0.0680034
    D1JPS-a105d      0.014     0.045       0.172     0.650     -0.281     0.811      0.515     0.604      0.492     0.537    0.470     0.574   0.726     0.098      0.225     0.00378  -1	   0.0000637    -0.0281059
    D1JPS-a106a      0.019     0.045       0.165     0.627     -0.219     0.811      0.597     0.551      0.569     0.513    0.474     0.549   0.718     0.083      0.196     0.02255  -1	  -0.0156291    -0.0134782
    D1JPS-a106b      0.016     0.038       0.147     0.563     -0.152     0.813      0.601     0.559      0.897     0.537    0.500     0.550   0.684     0.104      0.128     0.03905  -1	  -0.0077585     0.0060782
    D1JPS-a106c      0.019     0.048       0.184     0.655     -0.212     0.814      0.602     0.575      0.221     0.490    0.462     0.538   0.773     0.073      0.232     0.02249  -1	   0.0674975    -0.0093703
    D1JPS-a106d      0.018     0.047       0.174     0.644     -0.190     0.810      0.579     0.522      0.157     0.482    0.457     0.535   0.701     0.080      0.168     0.02260  -1	   0.0515867     0.0503860
    D1JPS-a107a      0.016     0.036       0.147     0.622     -0.028     0.826      0.615     0.690      0.633     0.535    0.513     0.538   0.796     0.106      0.162     0.00351  -1	  -0.0334677    -0.0613240
    D1JPS-a107b      0.016     0.037       0.147     0.569     -0.069     0.820      0.605     0.682      0.972     0.551    0.510     0.555   0.738     0.092      0.124     0.00350  -1	   0.0188756    -0.0029653
    D1JPS-a107c      0.016     0.035       0.147     0.526      0.260     0.815      0.599     0.635      0.262     0.476    0.455     0.532   0.737     0.100      0.069     0.00349  -1	   0.0170533    -0.0277807
    D1JPS-a107d      0.014     0.040       0.163     0.653      0.112     0.826      0.575     0.637      0.243     0.520    0.480     0.552   0.827     0.094      0.262     0.00333  -1	   0.1060527    -0.0367704
     D1JPS-a10a      0.015     0.050       0.186     0.534     -0.202     0.817      0.547     0.523      0.007     0.485    0.460     0.535   0.639     0.080      0.307     0.01795  -1	   0.1469913     0.0744385
     D1JPS-a10b      0.017     0.041       0.151     0.629     -0.215     0.824      0.601     0.564      0.576     0.468    0.446     0.530   0.718     0.091      0.179     0.01872  -1	  -0.0281333    -0.0184249
     D1JPS-a10c      0.015     0.034       0.114     0.666     -0.028     0.839      0.632     0.724      0.950     0.501    0.467     0.544   0.852     0.122      0.274     0.01418  -1	  -0.0097814    -0.0514128
     D1JPS-a10d      0.017     0.050       0.200     0.630     -0.099     0.814      0.541     0.478      0.043     0.500    0.484     0.529   0.756     0.076      0.335     0.01811  -1	   0.1992485     0.1238393
     D1JPS-a11a      0.014     0.040       0.147     0.595     -0.171     0.823      0.592     0.542      0.781     0.529    0.458     0.577   0.684     0.109      0.135     0.04269  -1	  -0.0222697    -0.0053260
     D1JPS-a11b      0.011     0.030       0.119     0.706      0.018     0.839      0.622     0.667      0.899     0.590    0.564     0.549   0.805     0.132      0.232     0.01460  -1	  -0.0006153    -0.0137468
     D1JPS-a11c      0.015     0.029       0.128     0.610     -0.021     0.833      0.636     0.712      0.785     0.516    0.469     0.556   0.796     0.116      0.107     0.02546  -1	  -0.0373433    -0.0467081
     D1JPS-a11d      0.016     0.041       0.142     0.715     -0.107     0.830      0.571     0.524      0.722     0.494    0.467     0.537   0.812     0.091      0.172     0.01895  -1	  -0.0238637     0.0058969
     D1JPS-a12a      0.011     0.030       0.119     0.740     -0.029     0.840      0.605     0.637      0.771     0.493    0.450     0.549   0.876     0.130      0.193     0.01496  -1	  -0.0381081    -0.0375352
     D1JPS-a12b      0.010     0.025       0.112     0.526      0.393     0.835      0.633     0.698      0.589     0.485    0.431     0.559   0.769     0.134      0.152     0.01132  -1	   0.0855801    -0.0014090
     D1JPS-a12c      0.015     0.041       0.151     0.716     -0.136     0.832      0.565     0.509      0.795     0.502    0.478     0.536   0.812     0.085      0.177     0.01859  -1	  -0.0263576     0.0153169
     D1JPS-a12d      0.014     0.041       0.163     0.612     -0.144     0.815      0.576     0.617      0.394     0.521    0.445     0.580   0.732     0.092      0.191     0.02290  -1	  -0.0166520    -0.0517440
     D1JPS-a13a      0.013     0.043       0.156     0.665      0.087     0.842      0.600     0.657      0.764     0.504    0.453     0.557   0.817     0.076      0.315     0.01256  -1	   0.0598395    -0.0308451
     D1JPS-a13b      0.012     0.030       0.126     0.763      0.117     0.838      0.549     0.574      0.269     0.478    0.445     0.541   0.831     0.114      0.380     0.01193  -1	   0.1703545     0.0573605
     D1JPS-a13c      0.013     0.030       0.133     0.756      0.103     0.828      0.554     0.568      0.574     0.460    0.421     0.543   0.831     0.113      0.175     0.01174  -1	   0.0053617     0.0251071
     D1JPS-a13d      0.021     0.030       0.121     0.622     -0.100     0.845      0.549     0.507      0.405     0.461    0.443     0.528   0.756     0.128      0.154     0.03306  -1	  -0.0445996     0.0413346
     D1JPS-a14a      0.013     0.032       0.135     0.781     -0.051     0.828      0.548     0.580      0.726     0.482    0.451     0.540   0.815     0.108      0.345     0.01253  -1	  -0.0084802    -0.0069368
     D1JPS-a14b      0.015     0.040       0.153     0.610      0.049     0.823      0.622     0.643      0.108     0.480    0.426     0.557   0.725     0.086      0.279     0.02378  -1	   0.1134125    -0.0295587
     D1JPS-a14c      0.018     0.033       0.119     0.685     -0.141     0.833      0.568     0.548      0.999     0.527    0.498     0.543   0.788     0.113      0.113     0.01010  -1	  -0.0066221     0.0305650
     D1JPS-a14d      0.017     0.033       0.119     0.676     -0.274     0.829      0.572     0.566      0.999     0.530    0.490     0.552   0.726     0.110      0.134     0.01009  -1	  -0.0059295     0.0335818
     D1JPS-a15a      0.016     0.042       0.153     0.588     -0.194     0.819      0.606     0.549      0.953     0.527    0.439     0.591   0.684     0.103      0.160     0.03808  -1	   0.0223297     0.0004529
     D1JPS-a15b      0.018     0.045       0.174     0.622      0.661     0.811      0.498     0.391      0.484     0.559    0.482     0.584   0.658     0.086      0.137     0.03246  -1	   0.4744545     0.4621478
     D1JPS-a15c      0.018     0.032       0.114     0.680     -0.222     0.831      0.563     0.550      0.997     0.538    0.488     0.561   0.773     0.114      0.134     0.01003  -1	  -0.0081422     0.0393567
     D1JPS-a15d      0.023     0.034       0.149     0.648      0.115     0.837      0.546     0.457      0.249     0.511    0.431     0.582   0.771     0.098      0.238     0.01144  -1	   0.0793962     0.1446887
     D1JPS-a16a      0.019     0.035       0.144     0.589      0.201     0.832      0.599     0.567      0.133     0.504    0.465     0.548   0.767     0.102      0.172     0.02517  -1	   0.0822686     0.0634074
     D1JPS-a16b      0.021     0.028       0.114     0.760      0.085     0.830      0.574     0.594      0.294     0.534    0.444     0.592   0.821     0.124      0.184     0.01031  -1	   0.0509504     0.0394392
     D1JPS-a16c      0.022     0.032       0.135     0.670     -0.011     0.826      0.602     0.608      0.713     0.511    0.461     0.557   0.852     0.101      0.165     0.01656  -1	  -0.0221060    -0.0171569
     D1JPS-a16d      0.020     0.036       0.144     0.539      0.170     0.816      0.609     0.579      0.065     0.522    0.473     0.558   0.659     0.097      0.188     0.02595  -1	   0.0742943     0.0512075
     D1JPS-a17a      0.020     0.035       0.149     0.480      0.271     0.816      0.581     0.530      0.086     0.484    0.462     0.532   0.672     0.098      0.204     0.02591  -1	   0.1005778     0.1028435
     D1JPS-a17b      0.019     0.036       0.149     0.660     -0.332     0.812      0.602     0.524      0.203     0.484    0.445     0.547   0.812     0.103      0.295     0.01916  -1	   0.1100684     0.0742508
     D1JPS-a17c      0.017     0.039       0.165     0.544      0.049     0.814      0.620     0.607      0.737     0.526    0.484     0.553   0.646     0.084      0.164     0.02532  -1	   0.0090201    -0.0034427
     D1JPS-a17d      0.015     0.037       0.158     0.594     -0.043     0.815      0.566     0.468      0.790     0.509    0.452     0.562   0.778     0.094      0.529     0.01672  -1	   0.0206356     0.0612426
     D1JPS-a18a      0.017     0.044       0.174     0.651     -0.390     0.807      0.574     0.462      0.567     0.489    0.474     0.528   0.699     0.091      0.362     0.01863  -1	   0.0325585     0.0494386
     D1JPS-a18b      0.020     0.038       0.140     0.650     -0.316     0.813      0.576     0.514      0.307     0.492    0.468     0.536   0.812     0.106      0.260     0.01937  -1	   0.0602012     0.0578286
     D1JPS-a18c      0.014     0.048       0.184     0.594     -0.215     0.823      0.596     0.597      0.433     0.505    0.455     0.557   0.700     0.087      0.080     0.01608  -1	  -0.0374228    -0.0485979
     D1JPS-a18d      0.018     0.038       0.153     0.651     -0.381     0.809      0.572     0.529      0.926     0.513    0.471     0.552   0.699     0.103      0.266     0.01927  -1	  -0.0048930     0.0321745
     D1JPS-a19a      0.014     0.036       0.126     0.583      0.176     0.814      0.564     0.526      0.421     0.567    0.524     0.558   0.721     0.108      0.230     0.05047  -1	   0.0483615     0.0735676
     D1JPS-a19b      0.016     0.037       0.153     0.611     -0.067     0.824      0.570     0.468      0.979     0.515    0.462     0.560   0.756     0.092      0.529     0.01672  -1	   0.0053244     0.0672712
     D1JPS-a19c      0.013     0.049       0.188     0.621     -0.169     0.816      0.582     0.583      0.328     0.532    0.467     0.573   0.701     0.089      0.080     0.01595  -1	  -0.0321156    -0.0403492
     D1JPS-a19d      0.017     0.050       0.193     0.594     -0.204     0.819      0.565     0.537      0.075     0.481    0.470     0.522   0.700     0.077      0.298     0.01789  -1	   0.1397035     0.0453435
      D1JPS-a1a      0.020     0.035       0.142     0.517     -0.130     0.823      0.608     0.523      0.746     0.513    0.456     0.564   0.653     0.096      0.108     0.05398  -1	  -0.0284501     0.0166758
      D1JPS-a1b      0.013     0.037       0.147     0.644      0.583     0.828      0.505     0.417      0.359     0.473    0.450     0.532   0.833     0.091      0.226     0.81643   1	   0.3752055     0.3925666
      D1JPS-a1c      0.013     0.037       0.144     0.611      0.579     0.825      0.504     0.410      0.587     0.511    0.475     0.545   0.833     0.094      0.209     0.81952   1	   0.3488367     0.3758631
      D1JPS-a1d      0.015     0.039       0.156     0.593     -0.116     0.817      0.599     0.570      0.389     0.530    0.425     0.604   0.714     0.107      0.132     0.03909  -1	  -0.0357729    -0.0257602
     D1JPS-a20a      0.013     0.037       0.137     0.622      0.311     0.834      0.571     0.528      0.074     0.525    0.491     0.547   0.816     0.105      0.158     0.07120  -1	   0.1566362     0.1496898
     D1JPS-a20b      0.014     0.035       0.126     0.605      0.197     0.824      0.560     0.532      0.714     0.542    0.500     0.555   0.739     0.110      0.230     0.05284  -1	   0.0553150     0.0653523
     D1JPS-a20c      0.015     0.034       0.123     0.560      0.185     0.831      0.564     0.539      0.485     0.496    0.460     0.545   0.721     0.121      0.193     0.05342  -1	   0.0184189     0.0385229
     D1JPS-a20d      0.014     0.036       0.133     0.653      0.213     0.833      0.552     0.507      0.488     0.536    0.469     0.574   0.840     0.113      0.121     0.06933  -1	   0.0393629     0.0693509
     D1JPS-a21a      0.013     0.042       0.163     0.558     -0.055     0.832      0.588     0.602      0.632     0.508    0.465     0.553   0.738     0.091      0.102     0.01708  -1	  -0.0337727    -0.0356880
     D1JPS-a21b      0.020     0.032       0.128     0.532      0.407     0.835      0.560     0.435      0.986     0.524    0.507     0.532   0.743     0.109      0.232     0.13671  -1	   0.2375506     0.2339464
     D1JPS-a21c      0.018     0.033       0.133     0.671      0.308     0.823      0.551     0.509      0.905     0.567    0.504     0.574   0.872     0.100      0.207     0.06491  -1	   0.1585548     0.1399732
     D1JPS-a21d      0.017     0.032       0.135     0.615      0.425     0.816      0.534     0.505      0.187     0.537    0.495     0.554   0.822     0.105      0.232     0.06152  -1	   0.2405564     0.2268295
     D1JPS-a22a      0.018     0.033       0.133     0.644      0.215     0.829      0.569     0.529      0.467     0.562    0.504     0.570   0.784     0.103      0.223     0.07058  -1	   0.0798294     0.0966884
     D1JPS-a22b      0.019     0.034       0.147     0.653      0.139     0.808      0.528     0.481      0.300     0.538    0.475     0.571   0.827     0.100      0.174     0.07235  -1	   0.0454978     0.1038175
     D1JPS-a22c      0.017     0.033       0.135     0.650      0.349     0.819      0.519     0.476      0.393     0.549    0.490     0.569   0.872     0.098      0.241     0.06270  -1	   0.1719667     0.1945285
     D1JPS-a22d      0.011     0.043       0.186     0.547      0.106     0.832      0.553     0.540      0.355     0.512    0.480     0.544   0.692     0.082      0.229     0.04662  -1	   0.0446371     0.0291009
     D1JPS-a23a      0.012     0.047       0.186     0.654      0.173     0.844      0.579     0.659      0.491     0.524    0.456     0.573   0.794     0.068      0.098     0.01299  -1	   0.0624508    -0.0116887
     D1JPS-a23b      0.009     0.031       0.137     0.623      0.234     0.836      0.585     0.680      0.250     0.504    0.449     0.561   0.784     0.098      0.243     0.03426  -1	   0.0983410    -0.0316583
     D1JPS-a23c      0.012     0.044       0.179     0.520      0.115     0.829      0.547     0.544      0.313     0.510    0.474     0.546   0.692     0.087      0.226     0.04994  -1	   0.0459151     0.0206195
     D1JPS-a23d      0.010     0.042       0.188     0.581     -0.214     0.827      0.565     0.637      0.173     0.529    0.478     0.561   0.700     0.077      0.128     0.01845  -1	  -0.0255717    -0.0692003
     D1JPS-a24a      0.015     0.032       0.137     0.611      0.023     0.827      0.624     0.706      0.593     0.525    0.465     0.568   0.725     0.119      0.104     0.02476  -1	  -0.0425766    -0.0555562
     D1JPS-a24b      0.008     0.055       0.219     0.577     -0.011     0.824      0.593     0.688      0.038     0.571    0.483     0.596   0.554     0.070      0.281     0.01293  -1	   0.1391440    -0.0789325
     D1JPS-a24c      0.012     0.043       0.160     0.549      0.287     0.827      0.613     0.666      0.247     0.517    0.454     0.569   0.737     0.076      0.218     0.01189  -1	   0.1309695    -0.0205218
     D1JPS-a24d      0.010     0.052       0.205     0.626      0.138     0.828      0.592     0.624      0.243     0.570    0.492     0.588   0.713     0.068      0.209     0.01111  -1	   0.1153106    -0.0024914
     D1JPS-a25a      0.011     0.051       0.198     0.644     -0.009     0.818      0.587     0.669      0.053     0.495    0.462     0.542   0.680     0.077      0.284     0.01054  -1	   0.1704496    -0.0538104
     D1JPS-a25b      0.011     0.026       0.116     0.665      0.126     0.831      0.581     0.653      0.591     0.524    0.459     0.571   0.827     0.132      0.250     0.01751  -1	   0.0031797    -0.0295312
     D1JPS-a25c      0.010     0.036       0.153     0.605     -0.065     0.826      0.616     0.669      0.393     0.503    0.449     0.561   0.756     0.090      0.176     0.01240  -1	  -0.0362841    -0.0779912
     D1JPS-a25d      0.010     0.032       0.128     0.592      0.031     0.837      0.601     0.700      0.271     0.482    0.430     0.557   0.708     0.125      0.116     0.01008  -1	  -0.0408475    -0.0918109
     D1JPS-a26a      0.015     0.034       0.128     0.693      0.072     0.824      0.572     0.621      0.183     0.458    0.433     0.532   0.817     0.112      0.283     0.01002  -1	   0.1152684    -0.0091652
     D1JPS-a26b      0.010     0.029       0.128     0.741      0.184     0.836      0.578     0.708      0.707     0.730    0.721     0.552   0.819     0.103      0.133     0.01130  -1	   0.1233890     0.1039426
     D1JPS-a26c      0.010     0.026       0.121     0.646      0.119     0.837      0.572     0.645      0.754     0.507    0.457     0.558   0.771     0.128      0.241     0.01794  -1	  -0.0028013    -0.0043811
     D1JPS-a26d      0.016     0.032       0.123     0.690     -0.068     0.831      0.577     0.655      0.662     0.498    0.462     0.545   0.812     0.120      0.332     0.01196  -1	  -0.0144204    -0.0530734
     D1JPS-a27a      0.013     0.030       0.133     0.765      0.015     0.828      0.549     0.575      0.196     0.465    0.413     0.555   0.785     0.118      0.283     0.01200  -1	   0.1098504     0.0493969
     D1JPS-a27b      0.015     0.034       0.135     0.652     -0.144     0.824      0.580     0.635      0.177     0.513    0.437     0.580   0.788     0.110      0.243     0.01009  -1	   0.0493025    -0.0447164
     D1JPS-a27c      0.016     0.047       0.174     0.693     -0.011     0.836      0.597     0.652      0.929     0.653    0.606     0.575   0.852     0.082      0.288     0.01211  -1	   0.0767577     0.0090865
     D1JPS-a27d      0.014     0.031       0.121     0.645     -0.032     0.833      0.591     0.670      0.907     0.495    0.476     0.531   0.796     0.135      0.301     0.01207  -1	  -0.0265422    -0.0295421
     D1JPS-a28a      0.015     0.033       0.123     0.692      0.088     0.826      0.557     0.603      0.733     0.477    0.431     0.552   0.817     0.121      0.283     0.01017  -1	   0.0124524    -0.0103928
     D1JPS-a28b      0.012     0.043       0.184     0.720      0.108     0.820      0.572     0.633      0.657     0.518    0.454     0.570   0.851     0.064      0.187     0.01173  -1	   0.0513194    -0.0003091
     D1JPS-a28c      0.018     0.032       0.114     0.680     -0.176     0.831      0.566     0.555      0.999     0.541    0.502     0.552   0.757     0.114      0.134     0.01000  -1	  -0.0100349     0.0341798
     D1JPS-a28d      0.019     0.032       0.126     0.676     -0.009     0.820      0.570     0.557      0.997     0.558    0.480     0.585   0.852     0.117      0.228     0.01020  -1	   0.0154199     0.0269909
     D1JPS-a29a      0.017     0.030       0.130     0.689      0.193     0.826      0.553     0.615      1.000     0.549    0.522     0.544   0.794     0.103      0.188     0.00919  -1	   0.0930576     0.0712087
     D1JPS-a29b      0.018     0.031       0.114     0.660     -0.172     0.834      0.579     0.579      0.997     0.542    0.490     0.563   0.757     0.117      0.134     0.00995  -1	  -0.0077009     0.0233233
     D1JPS-a29c      0.018     0.031       0.119     0.678     -0.116     0.838      0.571     0.551      0.998     0.519    0.489     0.542   0.788     0.111      0.138     0.01011  -1	  -0.0093739     0.0340434
     D1JPS-a29d      0.017     0.032       0.114     0.674     -0.210     0.822      0.562     0.551      1.000     0.552    0.509     0.557   0.773     0.112      0.191     0.00994  -1	  -0.0159916     0.0409757
      D1JPS-a2a      0.016     0.038       0.149     0.560     -0.119     0.819      0.617     0.583      0.513     0.493    0.438     0.560   0.714     0.101      0.136     0.03943  -1	  -0.0436254    -0.0321949
      D1JPS-a2b      0.016     0.043       0.153     0.619     -0.131     0.825      0.586     0.538      0.790     0.506    0.440     0.571   0.732     0.098      0.137     0.04121  -1	  -0.0087292    -0.0036653
      D1JPS-a2c      0.012     0.058       0.200     0.622      0.152     0.817      0.481     0.443      0.251     0.502    0.456     0.553   0.778     0.082      0.133     0.02496  -1	   0.0957435     0.0777043
      D1JPS-a2d      0.015     0.041       0.153     0.603     -0.160     0.816      0.593     0.540      0.078     0.516    0.444     0.577   0.701     0.109      0.093     0.04016  -1	   0.0045408     0.0355078
     D1JPS-a30a      0.018     0.031       0.133     0.701      0.087     0.811      0.547     0.608      0.995     0.536    0.488     0.559   0.841     0.107      0.198     0.00905  -1	   0.0358962     0.0356150
     D1JPS-a30b      0.016     0.030       0.130     0.697      0.172     0.822      0.555     0.618      0.808     0.499    0.466     0.544   0.794     0.107      0.169     0.00887  -1	   0.0373401     0.0317673
     D1JPS-a30c      0.017     0.029       0.135     0.650      0.164     0.815      0.554     0.593      0.998     0.565    0.505     0.572   0.794     0.099      0.200     0.00928  -1	   0.0783196     0.0714008
     D1JPS-a30d      0.018     0.042       0.167     0.640     -0.092     0.802      0.571     0.683      0.241     0.635    0.590     0.571   0.756     0.097      0.193     0.01102  -1	   0.0415084    -0.0652702
     D1JPS-a31a      0.021     0.025       0.107     0.638     -0.056     0.819      0.585     0.631      0.711     0.638    0.595     0.569   0.756     0.118      0.219     0.01187  -1	  -0.0288724     0.0083106
     D1JPS-a31b      0.015     0.039       0.158     0.661      0.146     0.823      0.608     0.708      0.257     0.501    0.461     0.549   0.827     0.105      0.180     0.01135  -1	   0.0718527    -0.0668807
     D1JPS-a31c      0.022     0.026       0.107     0.664     -0.041     0.828      0.618     0.653      0.619     0.512    0.465     0.556   0.852     0.119      0.211     0.01221  -1	  -0.0414220    -0.0471558
     D1JPS-a31d      0.017     0.038       0.147     0.678      0.190     0.822      0.524     0.599      0.559     0.596    0.521     0.588   0.794     0.114      0.125     0.01117  -1	   0.0558138     0.0272850
     D1JPS-a32a      0.021     0.036       0.149     0.674      0.288     0.822      0.571     0.661      0.038     0.512    0.477     0.546   0.872     0.109      0.156     0.02176  -1	   0.1876412     0.0121768
     D1JPS-a32b      0.022     0.046       0.181     0.665      0.196     0.810      0.589     0.633      0.545     0.560    0.515     0.560   0.794     0.072      0.198     0.00781  -1	   0.1131657     0.0274879
     D1JPS-a32c      0.017     0.038       0.174     0.521     -0.290     0.820      0.656     0.676      0.299     0.546    0.468     0.584   0.591     0.079      0.131     0.02352  -1	  -0.0469768    -0.0720224
     D1JPS-a32d      0.018     0.055       0.200     0.607     -0.240     0.808      0.594     0.604      0.469     0.556    0.500     0.568   0.570     0.067      0.096     0.01609  -1	  -0.0240639    -0.0393274
     D1JPS-a33a      0.016     0.050       0.188     0.592     -0.225     0.819      0.559     0.533      0.033     0.484    0.463     0.532   0.700     0.079      0.319     0.01792  -1	   0.1692834     0.0618266
     D1JPS-a33b      0.018     0.047       0.195     0.612     -0.217     0.812      0.628     0.625      0.961     0.522    0.490     0.545   0.718     0.073      0.137     0.01515  -1	   0.0169973    -0.0074130
     D1JPS-a33c      0.016     0.059       0.216     0.604     -0.289     0.820      0.581     0.596      0.184     0.518    0.483     0.546   0.515     0.071      0.108     0.01625  -1	   0.0193609    -0.0315216
     D1JPS-a33d      0.015     0.046       0.179     0.589     -0.115     0.822      0.603     0.602      0.292     0.522    0.461     0.568   0.714     0.088      0.075     0.01567  -1	  -0.0381515    -0.0484004
     D1JPS-a34a      0.012     0.033       0.133     0.546     -0.046     0.822      0.563     0.621      0.569     0.503    0.462     0.550   0.717     0.098      0.322     0.01600  -1	  -0.0268452    -0.0280490
     D1JPS-a34b      0.016     0.059       0.219     0.576     -0.316     0.826      0.589     0.589      0.081     0.522    0.468     0.562   0.389     0.072      0.119     0.01640  -1	   0.0366499    -0.0197072
     D1JPS-a34c      0.020     0.046       0.186     0.632     -0.241     0.818      0.568     0.509      0.284     0.560    0.453     0.608   0.718     0.067      0.094     0.02286  -1	  -0.0232315     0.0187432
     D1JPS-a34d      0.013     0.034       0.135     0.590     -0.083     0.811      0.562     0.585      0.496     0.496    0.456     0.548   0.738     0.106      0.327     0.01604  -1	  -0.0086199    -0.0171080
     D1JPS-a35a      0.013     0.037       0.144     0.613      0.597     0.825      0.514     0.431      0.666     0.478    0.447     0.539   0.833     0.091      0.218     0.80890   1	   0.3668983     0.3503943
     D1JPS-a35b      0.015     0.035       0.128     0.601      0.105     0.823      0.550     0.509      0.527     0.529    0.460     0.575   0.771     0.103      0.233     0.05118  -1	   0.0120420     0.0538846
     D1JPS-a35c      0.020     0.032       0.133     0.625      0.516     0.821      0.512     0.396      0.827     0.489    0.450     0.547   0.841     0.107      0.178     0.57872   1	   0.2823915     0.3096120
     D1JPS-a35d      0.014     0.036       0.144     0.610      0.579     0.829      0.519     0.430      0.760     0.501    0.473     0.539   0.833     0.092      0.177     0.81746   1	   0.3573558     0.3443341
     D1JPS-a36a      0.012     0.024       0.098     0.762      0.298     0.822      0.577     0.631      0.332     0.564    0.468     0.600   0.875     0.150      0.362     0.01832  -1	   0.2138321     0.0775655
     D1JPS-a36b      0.014     0.036       0.128     0.592      0.227     0.823      0.536     0.492      0.463     0.504    0.469     0.545   0.767     0.100      0.209     0.04557  -1	   0.0567295     0.0977768
     D1JPS-a36c      0.016     0.052       0.193     0.543     -0.221     0.816      0.530     0.494      0.012     0.474    0.457     0.527   0.291     0.083      0.295     0.01781  -1	   0.1325792     0.1002684
     D1JPS-a36d      0.014     0.051       0.195     0.586      0.149     0.818      0.612     0.601      0.170     0.521    0.474     0.556   0.587     0.076      0.083     0.01741  -1	   0.0539309     0.0196194
     D1JPS-a37a      0.019     0.024       0.105     0.565      0.338     0.822      0.601     0.666      0.075     0.517    0.483     0.545   0.798     0.136      0.259     0.01227  -1	   0.1661784     0.0206804
     D1JPS-a37b      0.020     0.035       0.135     0.638      0.312     0.821      0.524     0.409      0.986     0.546    0.530     0.535   0.816     0.096      0.236     0.13567  -1	   0.1791258     0.2155624
     D1JPS-a37c      0.010     0.023       0.093     0.725      0.268     0.827      0.605     0.645      0.294     0.501    0.486     0.528   0.896     0.177      0.329     0.01908  -1	   0.1579456     0.0318084
     D1JPS-a37d      0.012     0.041       0.172     0.485      0.202     0.819      0.546     0.521      0.755     0.517    0.477     0.550   0.641     0.087      0.223     0.04683  -1	   0.0838698     0.0891254
     D1JPS-a38a      0.012     0.044       0.177     0.657      0.111     0.843      0.535     0.584      0.033     0.485    0.413     0.573   0.827     0.080      0.203     0.01317  -1	   0.1392892    -0.0020338
     D1JPS-a38b      0.013     0.043       0.181     0.604      0.134     0.821      0.564     0.685      0.335     0.583    0.515     0.581   0.771     0.073      0.195     0.02129  -1	   0.0624422    -0.0508499
     D1JPS-a38c      0.015     0.042       0.167     0.523     -0.021     0.831      0.582     0.581      0.960     0.537    0.452     0.588   0.717     0.083      0.093     0.01700  -1	   0.0666838     0.0265054
     D1JPS-a38d      0.017     0.034       0.153     0.585      0.074     0.832      0.596     0.708      0.763     0.505    0.474     0.543   0.744     0.089      0.190     0.02221  -1	   0.0091962    -0.0203788
     D1JPS-a39a      0.013     0.036       0.153     0.724      0.098     0.840      0.564     0.645      0.924     0.540    0.490     0.561   0.841     0.092      0.107     0.01478  -1	   0.0494743     0.0275395
     D1JPS-a39b      0.010     0.039       0.163     0.572      0.024     0.823      0.620     0.599      0.141     0.511    0.419     0.592   0.708     0.085      0.307     0.00778  -1	   0.0840489    -0.0153305
     D1JPS-a39c      0.009     0.046       0.195     0.561      0.013     0.841      0.597     0.661      0.171     0.571    0.479     0.599   0.708     0.070      0.208     0.01684  -1	   0.0337798    -0.0821329
     D1JPS-a39d      0.011     0.054       0.212     0.595      0.220     0.827      0.561     0.588      0.588     0.558    0.484     0.582   0.661     0.065      0.249     0.01186  -1	   0.1591464     0.0596896
      D1JPS-a3a      0.016     0.046       0.172     0.622      0.061     0.820      0.542     0.473      0.460     0.520    0.477     0.553   0.761     0.077      0.290     0.02168  -1	   0.0661277     0.0725298
      D1JPS-a3b      0.017     0.050       0.186     0.633      0.070     0.825      0.529     0.396      0.221     0.499    0.461     0.548   0.761     0.083      0.286     0.03703  -1	   0.1344718     0.1796252
      D1JPS-a3c      0.016     0.048       0.174     0.624     -0.117     0.829      0.549     0.495      0.367     0.489    0.447     0.548   0.732     0.091      0.277     0.02201  -1	   0.0401600     0.0278235
      D1JPS-a3d      0.014     0.043       0.147     0.617      0.127     0.828      0.583     0.597      0.867     0.527    0.486     0.553   0.771     0.103      0.177     0.03851  -1	   0.0625275     0.0055134
     D1JPS-a40a      0.016     0.045       0.179     0.548      0.206     0.838      0.626     0.656      0.400     0.560    0.469     0.596   0.705     0.072      0.274     0.01109  -1	   0.1189644    -0.0092703
     D1JPS-a40b      0.012     0.029       0.128     0.670      0.360     0.836      0.573     0.545      0.239     0.491    0.425     0.569   0.903     0.121      0.407     0.00794  -1	   0.2841795     0.1604787
     D1JPS-a40c      0.016     0.049       0.202     0.630      0.185     0.832      0.535     0.614      0.467     0.545    0.445     0.603   0.739     0.067      0.157     0.00874  -1	   0.0969331     0.0167384
     D1JPS-a40d      0.007     0.042       0.167     0.626      0.035     0.826      0.581     0.668      0.725     0.542    0.485     0.568   0.725     0.091      0.262     0.01131  -1	   0.0182655    -0.0313104
     D1JPS-a41a      0.014     0.032       0.137     0.692     -0.046     0.845      0.549     0.581      0.742     0.516    0.473     0.553   0.852     0.123      0.289     0.00741  -1	  -0.0219599    -0.0113859
     D1JPS-a41b      0.013     0.031       0.128     0.668     -0.003     0.836      0.583     0.615      0.425     0.590    0.557     0.553   0.852     0.124      0.253     0.00741  -1	   0.0160790    -0.0232301
     D1JPS-a41c      0.014     0.031       0.137     0.703     -0.009     0.847      0.558     0.580      0.720     0.509    0.463     0.554   0.876     0.117      0.224     0.00747  -1	  -0.0239603    -0.0092184
     D1JPS-a41d      0.011     0.042       0.170     0.645      0.138     0.823      0.554     0.671      0.057     0.531    0.476     0.564   0.771     0.092      0.254     0.00952  -1	   0.1694931    -0.0502119
     D1JPS-a42a      0.014     0.046       0.179     0.603      0.050     0.826      0.547     0.586      0.459     0.581    0.494     0.595   0.761     0.077      0.213     0.01058  -1	   0.0331576    -0.0128997
     D1JPS-a42b      0.015     0.045       0.172     0.634      0.268     0.832      0.562     0.589      0.477     0.570    0.486     0.591   0.816     0.092      0.093     0.00696  -1	   0.1005682     0.0418867
     D1JPS-a42c      0.014     0.035       0.140     0.707     -0.182     0.830      0.574     0.636      0.380     0.507    0.452     0.561   0.781     0.113      0.248     0.00993  -1	   0.0104689    -0.0502518
     D1JPS-a42d      0.014     0.030       0.126     0.742      0.075     0.823      0.587     0.657      0.056     0.487    0.444     0.550   0.841     0.116      0.167     0.00801  -1	   0.1021829     0.0077075
     D1JPS-a43a      0.019     0.063       0.228     0.499     -0.134     0.813      0.548     0.663      0.742     0.543    0.497     0.558   0.192     0.072      0.070     0.00599  -1	   0.0347799     0.0049271
     D1JPS-a43b      0.020     0.046       0.195     0.561     -0.280     0.819      0.571     0.658      0.056     0.515    0.454     0.567   0.653     0.071      0.281     0.00799  -1	   0.1123250    -0.0618230
     D1JPS-a43c      0.020     0.048       0.195     0.574     -0.006     0.822      0.559     0.664      0.807     0.566    0.496     0.581   0.778     0.071      0.244     0.00795  -1	   0.0448406    -0.0044535
     D1JPS-a43d      0.017     0.036       0.135     0.650     -0.067     0.831      0.593     0.635      0.657     0.494    0.479     0.528   0.812     0.109      0.109     0.00638  -1	  -0.0450239    -0.0448432
     D1JPS-a44a      0.016     0.061       0.216     0.543     -0.092     0.811      0.609     0.722      0.231     0.545    0.469     0.582   0.401     0.067     -0.005     0.00583  -1	  -0.0377976    -0.0693666
     D1JPS-a44b      0.019     0.023       0.107     0.720      0.272     0.814      0.607     0.542      0.535     0.522    0.445     0.581   0.896     0.155      0.293     0.00578  -1	   0.0941542     0.0993933
     D1JPS-a44c      0.019     0.044       0.177     0.645     -0.342     0.817      0.548     0.627      0.156     0.559    0.497     0.573   0.756     0.084      0.113     0.00716  -1	   0.0292160    -0.0356593
     D1JPS-a44d      0.020     0.032       0.151     0.559      0.145     0.828      0.585     0.530      0.190     0.683    0.659     0.559   0.753     0.086      0.219     0.00709  -1	   0.1061391     0.1692993
     D1JPS-a45a      0.016     0.049       0.207     0.591      0.252     0.822      0.527     0.508      0.170     0.577    0.513     0.577   0.798     0.066      0.203     0.00772  -1	   0.1794392     0.1169522
     D1JPS-a45b      0.021     0.060       0.240     0.562      0.093     0.810      0.572     0.604      0.080     0.533    0.483     0.561   0.612     0.056      0.092     0.00764  -1	   0.0785519    -0.0143174
     D1JPS-a45c      0.018     0.045       0.186     0.630     -0.120     0.832      0.607     0.573      0.629     0.540    0.438     0.603   0.732     0.065      0.260     0.00744  -1	   0.0011798    -0.0261565
     D1JPS-a45d      0.018     0.040       0.170     0.637      0.130     0.819      0.593     0.655      0.242     0.634    0.612     0.550   0.771     0.090      0.110     0.01112  -1	   0.0572809     0.0127663
     D1JPS-a46a      0.017     0.031       0.126     0.636      0.058     0.819      0.554     0.590      0.910     0.556    0.479     0.584   0.761     0.125      0.128     0.00880  -1	   0.0172286     0.0240333
     D1JPS-a46b      0.016     0.026       0.107     0.629      0.234     0.827      0.588     0.625      0.922     0.516    0.483     0.544   0.784     0.128      0.110     0.00844  -1	   0.0662035     0.0330324
     D1JPS-a46c      0.016     0.035       0.160     0.660      0.219     0.819      0.592     0.596      0.129     0.520    0.463     0.565   0.840     0.068      0.230     0.01020  -1	   0.1563169     0.0697138
     D1JPS-a46d      0.018     0.040       0.165     0.552      0.122     0.811      0.590     0.675      0.570     0.554    0.484     0.579   0.753     0.084      0.111     0.01011  -1	   0.0085196    -0.0362500
     D1JPS-a47a      0.015     0.044       0.163     0.644     -0.051     0.823      0.558     0.531      0.453     0.514    0.464     0.558   0.756     0.100      0.164     0.02558  -1	  -0.0085010    -0.0007345
     D1JPS-a47b      0.019     0.043       0.177     0.583      0.326     0.818      0.589     0.659      0.035     0.542    0.503     0.553   0.798     0.082      0.054     0.00885  -1	   0.1240135     0.0012459
     D1JPS-a47c      0.019     0.024       0.102     0.554     -0.246     0.818      0.638     0.715      0.637     0.525    0.496     0.541   0.700     0.148      0.230     0.00752  -1	  -0.0542679    -0.0548332
     D1JPS-a47d      0.013     0.041       0.158     0.652     -0.038     0.817      0.590     0.708      0.725     0.543    0.487     0.566   0.852     0.076      0.104     0.00593  -1	  -0.0211662    -0.0514413
     D1JPS-a48a      0.017     0.045       0.188     0.643      0.055     0.820      0.548     0.636      0.375     0.562    0.485     0.585   0.761     0.074      0.085     0.00810  -1	   0.0005868    -0.0363593
     D1JPS-a48b      0.018     0.042       0.170     0.692     -0.231     0.815      0.586     0.699      0.917     0.562    0.466     0.600   0.773     0.079      0.171     0.00802  -1	  -0.0012734    -0.0061041
     D1JPS-a48c      0.016     0.042       0.165     0.659     -0.226     0.812      0.579     0.692      0.740     0.559    0.462     0.599   0.773     0.084      0.182     0.00811  -1	  -0.0186011    -0.0368472
     D1JPS-a48d      0.017     0.047       0.181     0.575      0.241     0.824      0.555     0.651      0.052     0.503    0.476     0.539   0.767     0.073      0.138     0.00753  -1	   0.1347506    -0.0446147
     D1JPS-a49a      0.015     0.065       0.251     0.666      0.237     0.790      0.483     0.467      0.004     0.531    0.511     0.536   0.854     0.063      0.144     0.00891  -1	   0.2557820     0.1235565
     D1JPS-a49b      0.019     0.034       0.142     0.577     -0.041     0.812      0.589     0.652      0.459     0.523    0.465     0.565   0.778     0.109      0.332     0.01038  -1	   0.0126172    -0.0650529
     D1JPS-a49c      0.021     0.033       0.140     0.594     -0.177     0.824      0.604     0.677      0.475     0.525    0.484     0.553   0.684     0.101      0.382     0.01024  -1	   0.0108884    -0.0673597
     D1JPS-a49d      0.018     0.053       0.209     0.618      0.231     0.799      0.506     0.559      0.009     0.499    0.491     0.524   0.787     0.060      0.144     0.00894  -1	   0.1908118     0.0394484
      D1JPS-a4a      0.015     0.044       0.156     0.670     -0.183     0.817      0.578     0.512      0.173     0.504    0.446     0.563   0.757     0.102      0.145     0.04082  -1	   0.0355699     0.0537491
      D1JPS-a4b      0.015     0.057       0.193     0.591      0.175     0.816      0.521     0.500      0.274     0.521    0.452     0.574   0.652     0.080      0.147     0.02457  -1	   0.0998465     0.0500392
      D1JPS-a4c      0.011     0.058       0.195     0.623      0.094     0.814      0.516     0.512      0.739     0.526    0.482     0.555   0.738     0.076      0.153     0.02414  -1	   0.0732296     0.0311420
      D1JPS-a4d      0.014     0.058       0.195     0.649      0.116     0.812      0.485     0.446      0.458     0.532    0.496     0.549   0.713     0.080      0.153     0.02432  -1	   0.0781426     0.0743767
     D1JPS-a50a      0.019     0.057       0.228     0.571      0.246     0.801      0.510     0.559      0.071     0.525    0.470     0.563   0.661     0.061      0.103     0.00904  -1	   0.1496291     0.0310752
     D1JPS-a50b      0.020     0.044       0.174     0.717      0.288     0.812      0.552     0.627      0.263     0.558    0.497     0.572   0.896     0.075      0.162     0.00864  -1	   0.1841988     0.0444146
     D1JPS-a50c      0.023     0.063       0.263     0.610      0.093     0.808      0.455     0.473      0.057     0.565    0.477     0.595   0.738     0.053      0.177     0.00888  -1	   0.1627862     0.0611582
     D1JPS-a50d      0.018     0.047       0.200     0.534      0.482     0.807      0.517     0.542      0.017     0.629    0.603     0.553   0.756     0.066      0.095     0.00850  -1	   0.2946191     0.2174201
     D1JPS-a51a      0.014     0.034       0.137     0.584     -0.075     0.805      0.571     0.584      0.866     0.511    0.453     0.565   0.738     0.104      0.408     0.01596  -1	  -0.0188984     0.0069838
     D1JPS-a51b      0.022     0.055       0.186     0.671      0.085     0.828      0.544     0.552      0.003     0.537    0.503     0.547   0.805     0.073      0.225     0.02795  -1	   0.2186534     0.0624170
     D1JPS-a51c      0.017     0.036       0.133     0.653      0.220     0.830      0.587     0.516      0.304     0.510    0.477     0.544   0.840     0.111      0.121     0.06694  -1	   0.0552911     0.0938688
     D1JPS-a51d      0.013     0.033       0.130     0.543     -0.064     0.814      0.576     0.618      0.478     0.501    0.470     0.541   0.677     0.098      0.327     0.01594  -1	  -0.0182768    -0.0307292
     D1JPS-a52a      0.013     0.036       0.128     0.589      0.248     0.816      0.541     0.502      0.256     0.533    0.478     0.565   0.767     0.108      0.233     0.05024  -1	   0.0984097     0.1128517
     D1JPS-a52b      0.016     0.056       0.214     0.574     -0.334     0.812      0.596     0.597      0.257     0.595    0.505     0.599   0.389     0.070      0.108     0.01613  -1	  -0.0150320    -0.0363931
     D1JPS-a52c      0.013     0.041       0.167     0.571      0.290     0.827      0.554     0.577      0.346     0.518    0.445     0.577   0.798     0.082      0.247     0.02224  -1	   0.1420707     0.0468911
     D1JPS-a52d      0.016     0.053       0.198     0.595      0.286     0.833      0.545     0.520      0.027     0.484    0.466     0.529   0.699     0.072      0.156     0.01749  -1	   0.2138970     0.1217337
     D1JPS-a53a      0.014     0.038       0.144     0.662      0.236     0.817      0.560     0.651      0.303     0.534    0.501     0.546   0.840     0.104      0.112     0.01252  -1	   0.0676954    -0.0209872
     D1JPS-a53b      0.013     0.039       0.158     0.609      0.129     0.827      0.609     0.639      0.178     0.530    0.476     0.563   0.771     0.087      0.205     0.01347  -1	   0.0743679    -0.0219883
     D1JPS-a53c      0.015     0.059       0.260     0.549      0.067     0.804      0.580     0.662      0.075     0.517    0.489     0.540   0.459     0.053      0.117     0.00969  -1	   0.0797167    -0.0217343
     D1JPS-a53d      0.014     0.049       0.188     0.665      0.211     0.814      0.513     0.621      0.080     0.522    0.485     0.549   0.840     0.082      0.216     0.00792  -1	   0.2072865    -0.0183980
     D1JPS-a54a      0.017     0.038       0.153     0.533      0.164     0.841      0.601     0.638      0.148     0.521    0.468     0.561   0.659     0.080      0.132     0.00861  -1	   0.0252480    -0.0312148
     D1JPS-a54b      0.010     0.041       0.170     0.581      0.304     0.827      0.555     0.629      0.186     0.539    0.464     0.581   0.798     0.094      0.115     0.00763  -1	   0.1021503    -0.0082663
     D1JPS-a54c      0.015     0.033       0.144     0.625     -0.424     0.834      0.578     0.636      0.337     0.525    0.470     0.563   0.584     0.100      0.197     0.01208  -1	   0.0082255    -0.0251419
     D1JPS-a54d      0.021     0.036       0.151     0.645     -0.521     0.812      0.560     0.657      0.990     0.551    0.516     0.549   0.607     0.103      0.165     0.01043  -1	   0.0401547     0.0474301
     D1JPS-a55a      0.009     0.030       0.128     0.650     -0.044     0.809      0.605     0.703      0.554     0.506    0.464     0.550   0.852     0.104      0.123     0.00777  -1	  -0.0624709    -0.0769958
     D1JPS-a55b      0.009     0.031       0.130     0.658     -0.077     0.811      0.612     0.715      0.252     0.513    0.453     0.566   0.812     0.105      0.148     0.00782  -1	  -0.0226199    -0.0924904
     D1JPS-a55c      0.009     0.030       0.126     0.640     -0.058     0.814      0.624     0.730      0.198     0.511    0.466     0.553   0.756     0.104      0.138     0.00765  -1	  -0.0229850    -0.0890248
     D1JPS-a55d      0.016     0.035       0.149     0.624      0.281     0.836      0.621     0.678      0.380     0.549    0.475     0.581   0.816     0.087      0.099     0.01444  -1	   0.0720759     0.0099602
     D1JPS-a56a      0.009     0.036       0.142     0.544     -0.083     0.807      0.601     0.704      0.609     0.552    0.484     0.577   0.677     0.107      0.137     0.00752  -1	  -0.0565004    -0.0658692
     D1JPS-a56b      0.010     0.040       0.179     0.591      0.370     0.830      0.556     0.634      0.267     0.518    0.451     0.573   0.830     0.073      0.253     0.00779  -1	   0.2212589     0.0463834
     D1JPS-a56c      0.011     0.043       0.165     0.618      0.133     0.830      0.562     0.683      0.126     0.528    0.474     0.564   0.771     0.097      0.190     0.00965  -1	   0.0923139    -0.0814879
     D1JPS-a56d      0.015     0.034       0.135     0.635     -0.064     0.830      0.587     0.621      0.286     0.492    0.462     0.541   0.756     0.105      0.288     0.00609  -1	   0.0353903    -0.0378807
     D1JPS-a57a      0.012     0.042       0.163     0.611      0.146     0.832      0.552     0.667      0.050     0.500    0.463     0.546   0.771     0.093      0.209     0.00957  -1	   0.1288385    -0.0669200
     D1JPS-a57b      0.019     0.040       0.172     0.630      0.044     0.840      0.557     0.579      0.598     0.532    0.477     0.565   0.725     0.078      0.301     0.00891  -1	   0.0434385     0.0121153
     D1JPS-a57c      0.012     0.043       0.165     0.654      0.178     0.824      0.559     0.673      0.152     0.518    0.467     0.560   0.794     0.085      0.211     0.00951  -1	   0.1333290    -0.0507419
     D1JPS-a57d      0.009     0.041       0.172     0.475      0.182     0.824      0.595     0.683      0.288     0.507    0.448     0.565   0.595     0.079      0.110     0.01106  -1	   0.0005816    -0.0665269
     D1JPS-a58a      0.015     0.036       0.135     0.661     -0.070     0.829      0.598     0.639      0.399     0.486    0.481     0.519   0.812     0.106      0.105     0.00644  -1	  -0.0436431    -0.0566792
     D1JPS-a58b      0.015     0.056       0.226     0.542     -0.149     0.815      0.517     0.564      0.467     0.557    0.459     0.600   0.310     0.063      0.169     0.00628  -1	  -0.0131270    -0.0108601
     D1JPS-a58c      0.012     0.064       0.249     0.596     -0.083     0.813      0.470     0.509      0.026     0.570    0.469     0.606   0.554     0.057      0.217     0.00644  -1	   0.1181827     0.0203335
     D1JPS-a58d      0.016     0.037       0.151     0.623     -0.015     0.829      0.579     0.604      0.384     0.692    0.661     0.568   0.796     0.104      0.222     0.00651  -1	   0.0444022     0.0178269
     D1JPS-a59a      0.018     0.052       0.205     0.590      0.025     0.813      0.586     0.699      0.514     0.762    0.747     0.564   0.587     0.075      0.137     0.00483  -1	   0.0841738     0.0402350
     D1JPS-a59b      0.017     0.035       0.137     0.668     -0.076     0.828      0.604     0.645      0.340     0.491    0.487     0.518   0.812     0.109      0.082     0.00640  -1	  -0.0433668    -0.0517857
     D1JPS-a59c      0.011     0.038       0.156     0.715      0.365     0.819      0.523     0.605      0.246     0.536    0.474     0.569   0.928     0.095      0.223     0.00463  -1	   0.2390550     0.0736170
     D1JPS-a59d      0.022     0.048       0.184     0.548      0.035     0.815      0.559     0.579      0.260     0.539    0.481     0.567   0.646     0.076      0.108     0.00608  -1	   0.0032608    -0.0180124
      D1JPS-a5a      0.014     0.057       0.184     0.596      0.172     0.815      0.521     0.495      0.576     0.518    0.485     0.545   0.652     0.086      0.145     0.02433  -1	   0.0898452     0.0519684
      D1JPS-a5b      0.022     0.025       0.093     0.579     -0.128     0.834      0.599     0.508      0.591     0.482    0.441     0.549   0.714     0.116      0.139     0.02224  -1	  -0.0687150     0.0442673
      D1JPS-a5c      0.015     0.057       0.198     0.618      0.196     0.826      0.477     0.435      0.349     0.525    0.482     0.554   0.778     0.080      0.133     0.02473  -1	   0.1082002     0.1016587
      D1JPS-a5d      0.015     0.058       0.193     0.637      0.204     0.818      0.496     0.463      0.994     0.557    0.521     0.552   0.787     0.088      0.165     0.02489  -1	   0.1851307     0.1056657
     D1JPS-a60a      0.020     0.057       0.237     0.598     -0.044     0.821      0.535     0.633      0.350     0.717    0.677     0.580   0.554     0.062      0.215     0.00718  -1	   0.0932979     0.0124244
     D1JPS-a60b      0.020     0.026       0.109     0.678      0.152     0.830      0.611     0.603      0.221     0.475    0.445     0.538   0.794     0.136      0.172     0.00519  -1	   0.0465862     0.0435974
     D1JPS-a60c      0.021     0.047       0.181     0.597      0.024     0.818      0.576     0.613      0.397     0.577    0.459     0.620   0.708     0.080      0.153     0.00606  -1	   0.0141843    -0.0354184
     D1JPS-a60d      0.017     0.056       0.235     0.674      0.055     0.812      0.554     0.599      0.100     0.531    0.459     0.577   0.805     0.060      0.139     0.00729  -1	   0.1096525    -0.0170653
     D1JPS-a61a      0.016     0.038       0.167     0.723      0.015     0.811      0.522     0.554      0.024     0.477    0.440     0.545   0.805     0.099      0.217     0.00420  -1	   0.1513429     0.0652305
     D1JPS-a61b      0.018     0.031       0.135     0.588     -0.678     0.826      0.603     0.622      0.394     0.496    0.458     0.547   0.566     0.111      0.107     0.00462  -1	   0.1200409     0.0119891
     D1JPS-a61c      0.014     0.053       0.207     0.670      0.163     0.817      0.484     0.535      0.559     0.579    0.501     0.588   0.845     0.070      0.221     0.00632  -1	   0.1214824     0.0490564
     D1JPS-a61d      0.022     0.031       0.147     0.670      0.271     0.839      0.597     0.545      0.082     0.509    0.477     0.543   0.872     0.088      0.169     0.00632  -1	   0.1628587     0.1711640
     D1JPS-a62a      0.016     0.077       0.263     0.579      0.070     0.819      0.532     0.585      0.048     0.585    0.511     0.586   0.612     0.059      0.169     0.00610  -1	   0.1693893    -0.0286920
     D1JPS-a62b      0.020     0.036       0.170     0.634      0.095     0.826      0.624     0.569      0.074     0.510    0.460     0.557   0.761     0.087      0.213     0.00697  -1	   0.1097299     0.0857683
     D1JPS-a62c      0.017     0.062       0.233     0.565      0.074     0.823      0.529     0.543      0.269     0.550    0.460     0.594   0.612     0.061      0.166     0.00632  -1	   0.0821820     0.0034539
     D1JPS-a62d      0.017     0.031       0.116     0.673      0.046     0.830      0.586     0.621      0.942     0.552    0.458     0.597   0.781     0.117      0.116     0.00892  -1	   0.0257074     0.0069109
     D1JPS-a63a      0.024     0.049       0.193     0.598     -0.180     0.817      0.552     0.624      0.251     0.543    0.452     0.594   0.684     0.065      0.126     0.00473  -1	  -0.0031477    -0.0544887
     D1JPS-a63b      0.016     0.079       0.265     0.563      0.141     0.804      0.524     0.576      0.805     0.634    0.542     0.607   0.587     0.058      0.155     0.00609  -1	   0.2012545     0.0635918
     D1JPS-a63c      0.020     0.044       0.167     0.588      0.249     0.824      0.593     0.629      0.255     0.544    0.452     0.595   0.767     0.078      0.128     0.00586  -1	   0.0913869    -0.0018801
     D1JPS-a63d      0.016     0.073       0.251     0.483      0.071     0.818      0.492     0.543      0.868     0.559    0.490     0.579   0.341     0.060      0.151     0.00591  -1	   0.1696693     0.0800595
     D1JPS-a64a      0.014     0.038       0.158     0.657      0.168     0.819      0.582     0.623      0.355     0.524    0.453     0.576   0.794     0.083      0.217     0.00543  -1	   0.0769446    -0.0006375
     D1JPS-a64b      0.017     0.036       0.151     0.563     -0.106     0.820      0.589     0.669      0.850     0.496    0.466     0.540   0.714     0.100      0.109     0.00511  -1	  -0.0123099    -0.0109038
     D1JPS-a64c      0.021     0.061       0.237     0.514     -0.269     0.813      0.552     0.606      0.999     0.555    0.493     0.572   0.236     0.054      0.189     0.00529  -1	   0.0606339     0.0113757
     D1JPS-a64d      0.015     0.042       0.165     0.534      0.253     0.811      0.533     0.569      0.068     0.509    0.472     0.547   0.737     0.081      0.211     0.00663  -1	   0.1410280     0.0368532
     D1JPS-a65a      0.018     0.070       0.240     0.558      0.137     0.821      0.528     0.551      0.398     0.562    0.483     0.587   0.587     0.056      0.193     0.00625  -1	   0.1390177     0.0194802
     D1JPS-a65b      0.020     0.034       0.142     0.602     -0.167     0.821      0.602     0.673      0.455     0.532    0.494     0.551   0.701     0.101      0.382     0.01025  -1	   0.0217341    -0.0675340
     D1JPS-a65c      0.019     0.047       0.174     0.670     -0.125     0.808      0.549     0.660      1.000     0.616    0.531     0.599   0.788     0.084      0.267     0.00785  -1	   0.0365487     0.0142286
     D1JPS-a65d      0.018     0.047       0.167     0.625      0.267     0.814      0.544     0.637      0.171     0.509    0.461     0.555   0.816     0.085      0.196     0.00870  -1	   0.1717118    -0.0209848
     D1JPS-a66a      0.022     0.060       0.221     0.636      0.070     0.802      0.488     0.532      0.293     0.506    0.474     0.543   0.738     0.066      0.218     0.00745  -1	   0.1210403     0.0109506
     D1JPS-a66b      0.014     0.054       0.212     0.538     -0.059     0.804      0.555     0.604      0.288     0.682    0.628     0.584   0.401     0.069      0.171     0.00848  -1	   0.0214154    -0.0049584
     D1JPS-a66c      0.014     0.054       0.214     0.534      0.033     0.797      0.548     0.608      0.011     0.534    0.469     0.573   0.434     0.071      0.173     0.00818  -1	   0.0802575    -0.0246857
     D1JPS-a66d      0.014     0.049       0.188     0.621      0.230     0.823      0.562     0.664      0.007     0.496    0.479     0.529   0.784     0.077      0.216     0.00774  -1	   0.2251783    -0.0293155
     D1JPS-a67a      0.021     0.057       0.233     0.642      0.070     0.814      0.507     0.527      0.029     0.552    0.471     0.586   0.738     0.066      0.228     0.00718  -1	   0.1917698     0.0472024
     D1JPS-a67b      0.014     0.046       0.181     0.557      0.070     0.802      0.556     0.674      0.278     0.554    0.492     0.573   0.744     0.077      0.143     0.00650  -1	   0.0120644    -0.0845454
     D1JPS-a67c      0.015     0.052       0.214     0.649      0.044     0.806      0.548     0.627      0.030     0.542    0.486     0.566   0.713     0.065      0.147     0.00895  -1	   0.1087515    -0.0256140
     D1JPS-a67d      0.021     0.062       0.256     0.504      0.138     0.825      0.499     0.521      0.036     0.507    0.448     0.565   0.434     0.058      0.134     0.00893  -1	   0.1232833     0.0336822
     D1JPS-a68a      0.015     0.072       0.277     0.615      0.198     0.820      0.445     0.431      0.025     0.523    0.497     0.540   0.778     0.055      0.170     0.00878  -1	   0.2534364     0.1199891
     D1JPS-a68b      0.022     0.037       0.142     0.673     -0.680     0.830      0.555     0.651      0.972     0.606    0.507     0.610   0.639     0.104      0.142     0.01022  -1	   0.1126900     0.0677401
     D1JPS-a68c      0.022     0.050       0.205     0.606     -0.005     0.822      0.497     0.582      0.171     0.519    0.485     0.546   0.796     0.073      0.187     0.00829  -1	   0.0713218    -0.0371602
     D1JPS-a68d      0.016     0.061       0.230     0.576      0.145     0.794      0.521     0.572      0.183     0.564    0.470     0.599   0.587     0.058      0.131     0.00942  -1	   0.0983856     0.0004196
     D1JPS-a69a      0.020     0.061       0.242     0.562      0.177     0.810      0.451     0.503      0.018     0.539    0.471     0.575   0.652     0.059      0.157     0.00767  -1	   0.1701297     0.0507247
     D1JPS-a69b      0.021     0.069       0.281     0.658     -0.202     0.815      0.514     0.556      1.000     0.605    0.595     0.536   0.637     0.053      0.145     0.01128  -1	   0.0574543     0.0293769
     D1JPS-a69c      0.019     0.065       0.267     0.614     -0.261     0.816      0.544     0.628      0.124     0.552    0.515     0.552   0.515     0.056      0.172     0.01197  -1	   0.0663448    -0.0485031
     D1JPS-a69d      0.022     0.049       0.212     0.507     -0.138     0.823      0.539     0.643      0.257     0.489    0.459     0.539   0.653     0.068      0.180     0.01001  -1	   0.0039583    -0.0678060
      D1JPS-a6a      0.020     0.049       0.184     0.548     -0.113     0.825      0.583     0.537      0.381     0.708    0.698     0.550   0.653     0.075      0.209     0.02245  -1	   0.0403882     0.0649813
      D1JPS-a6b      0.019     0.047       0.179     0.628     -0.209     0.806      0.579     0.525      0.241     0.518    0.468     0.558   0.718     0.081      0.223     0.02237  -1	   0.0496246     0.0286822
      D1JPS-a6c      0.018     0.027       0.119     0.641     -0.093     0.829      0.586     0.474      0.997     0.532    0.493     0.551   0.756     0.104      0.196     0.02613  -1	  -0.0157968     0.0711598
      D1JPS-a6d      0.019     0.029       0.119     0.643     -0.050     0.828      0.560     0.465      0.644     0.494    0.456     0.546   0.796     0.106      0.148     0.02435  -1	  -0.0497225     0.0706399
     D1JPS-a70a      0.013     0.047       0.184     0.576      0.021     0.809      0.533     0.631      0.072     0.528    0.501     0.541   0.708     0.080      0.187     0.00781  -1	   0.0754207    -0.0550199
     D1JPS-a70b      0.009     0.041       0.153     0.589      0.034     0.822      0.569     0.641      0.128     0.526    0.468     0.566   0.708     0.086      0.106     0.00522  -1	  -0.0071165    -0.0641300
     D1JPS-a70c      0.021     0.044       0.177     0.657     -0.020     0.817      0.537     0.593      0.660     0.534    0.491     0.555   0.852     0.076      0.247     0.00568  -1	   0.0193134    -0.0177706
     D1JPS-a70d      0.012     0.039       0.149     0.676      0.165     0.814      0.559     0.615      0.293     0.525    0.473     0.561   0.794     0.099      0.200     0.00801  -1	   0.0825380    -0.0021619
     D1JPS-a71a      0.012     0.049       0.186     0.571      0.321     0.812      0.519     0.576      0.744     0.553    0.471     0.588   0.798     0.080      0.176     0.00480  -1	   0.1843973     0.0914252
     D1JPS-a71b      0.012     0.036       0.156     0.587     -0.083     0.807      0.616     0.706      0.569     0.555    0.495     0.572   0.738     0.099      0.146     0.00684  -1	  -0.0518383    -0.0701677
     D1JPS-a71c      0.020     0.045       0.186     0.597     -0.038     0.817      0.539     0.582      0.035     0.489    0.465     0.534   0.778     0.077      0.209     0.00549  -1	   0.1027637    -0.0091115
     D1JPS-a71d      0.009     0.030       0.130     0.674     -0.058     0.815      0.605     0.709      0.454     0.526    0.462     0.572   0.812     0.107      0.123     0.00776  -1	  -0.0587414    -0.0775783
     D1JPS-a72a      0.009     0.031       0.130     0.670     -0.090     0.804      0.610     0.715      0.215     0.511    0.462     0.557   0.812     0.110      0.136     0.00778  -1	  -0.0137363    -0.0846811
     D1JPS-a72b      0.015     0.025       0.098     0.716      0.050     0.821      0.608     0.709      0.704     0.539    0.493     0.558   0.841     0.142      0.129     0.00729  -1	  -0.0415115    -0.0453394
     D1JPS-a72c      0.009     0.031       0.126     0.563     -0.053     0.803      0.629     0.716      0.920     0.573    0.494     0.588   0.738     0.106      0.147     0.00705  -1	  -0.0132941    -0.0319700
     D1JPS-a72d      0.012     0.042       0.170     0.603      0.347     0.826      0.541     0.617      0.453     0.534    0.465     0.576   0.816     0.098      0.120     0.00761  -1	   0.1355243     0.0390005
     D1JPS-a73a      0.016     0.037       0.149     0.533     -0.294     0.815      0.596     0.693      0.198     0.532    0.463     0.574   0.591     0.108      0.212     0.00667  -1	   0.0171471    -0.0689943
     D1JPS-a73b      0.011     0.037       0.147     0.560      0.077     0.826      0.570     0.645      0.704     0.522    0.458     0.570   0.744     0.104      0.184     0.00565  -1	   0.0017504    -0.0230975
     D1JPS-a73c      0.010     0.055       0.209     0.672      0.050     0.807      0.518     0.642      0.818     0.582    0.519     0.577   0.805     0.076      0.080     0.00641  -1	   0.0523916     0.0049732
     D1JPS-a73d      0.011     0.042       0.170     0.660      0.269     0.822      0.548     0.640      0.744     0.537    0.489     0.560   0.872     0.090      0.166     0.00769  -1	   0.1239254     0.0344440
     D1JPS-a74a      0.009     0.060       0.235     0.631     -0.021     0.818      0.476     0.506      0.125     0.630    0.506     0.632   0.680     0.063      0.232     0.00632  -1	   0.1138875     0.0223242
     D1JPS-a74b      0.017     0.042       0.181     0.622      0.355     0.816      0.572     0.673      0.245     0.528    0.480     0.558   0.848     0.090      0.109     0.00490  -1	   0.1574749     0.0106717
     D1JPS-a74c      0.018     0.040       0.163     0.600      0.094     0.813      0.586     0.680      0.076     0.526    0.481     0.557   0.761     0.087      0.106     0.00469  -1	   0.0349715    -0.0726977
     D1JPS-a74d      0.017     0.043       0.179     0.693      0.328     0.815      0.549     0.659      0.175     0.522    0.476     0.556   0.872     0.088      0.127     0.00488  -1	   0.1885302     0.0180038
     D1JPS-a75a      0.013     0.037       0.151     0.585      0.022     0.822      0.586     0.659      0.402     0.520    0.467     0.561   0.708     0.107      0.177     0.00557  -1	  -0.0177964    -0.0612991
     D1JPS-a75b      0.020     0.033       0.144     0.613      0.103     0.824      0.553     0.533      0.904     0.528    0.483     0.556   0.771     0.114      0.152     0.00390  -1	   0.0402185     0.0559963
     D1JPS-a75c      0.010     0.040       0.158     0.683      0.211     0.812      0.579     0.662      0.148     0.524    0.459     0.572   0.840     0.097      0.138     0.00455  -1	   0.1019151    -0.0243277
     D1JPS-a75d      0.016     0.040       0.170     0.613      0.120     0.813      0.615     0.718      0.342     0.532    0.487     0.557   0.771     0.085      0.115     0.00480  -1	   0.0130089    -0.0636479
     D1JPS-a76a      0.018     0.032       0.142     0.674      0.110     0.819      0.526     0.499      0.438     0.533    0.481     0.562   0.827     0.116      0.159     0.00395  -1	   0.0106264     0.0677286
     D1JPS-a76b      0.022     0.048       0.202     0.661      0.101     0.808      0.567     0.666      0.066     0.529    0.462     0.573   0.827     0.069      0.150     0.00493  -1	   0.1213654    -0.0534754
     D1JPS-a76c      0.021     0.030       0.142     0.618      0.087     0.828      0.551     0.534      0.946     0.535    0.458     0.582   0.761     0.123      0.155     0.00397  -1	   0.0449501     0.0617570
     D1JPS-a76d      0.026     0.038       0.149     0.707     -0.160     0.817      0.574     0.636      0.030     0.531    0.476     0.564   0.781     0.098      0.270     0.00456  -1	   0.1730070     0.0066085
     D1JPS-a77a      0.018     0.035       0.156     0.657      0.087     0.818      0.517     0.575      0.093     0.532    0.513     0.536   0.817     0.104      0.198     0.00452  -1	   0.1031508     0.0304856
     D1JPS-a77b      0.023     0.041       0.156     0.732      0.487     0.815      0.510     0.529      0.238     0.514    0.472     0.552   0.916     0.097      0.149     0.00317  -1	   0.3200376     0.2094473
     D1JPS-a77c      0.023     0.041       0.163     0.702      0.516     0.806      0.520     0.538      0.524     0.508    0.479     0.541   0.921     0.097      0.143     0.00318  -1	   0.3008113     0.1957896
     D1JPS-a77d      0.019     0.036       0.140     0.692      0.243     0.823      0.574     0.677      0.199     0.494    0.452     0.549   0.840     0.106      0.122     0.00363  -1	   0.1009387    -0.0216974
     D1JPS-a78a      0.016     0.048       0.174     0.586     -0.163     0.832      0.558     0.613      0.610     0.475    0.468     0.520   0.684     0.082      0.168     0.00367  -1	  -0.0228607    -0.0364282
     D1JPS-a78b      0.022     0.041       0.181     0.599      0.071     0.825      0.557     0.615      0.068     0.515    0.482     0.545   0.744     0.077      0.149     0.00528  -1	   0.0674574    -0.0196139
     D1JPS-a78c      0.017     0.053       0.184     0.529     -0.213     0.811      0.556     0.617      0.033     0.485    0.455     0.539   0.291     0.079      0.182     0.00352  -1	   0.0606231    -0.0168825
     D1JPS-a78d      0.021     0.049       0.188     0.604     -0.123     0.824      0.535     0.539      0.478     0.527    0.481     0.557   0.732     0.079      0.172     0.00611  -1	  -0.0073736    -0.0078145
     D1JPS-a79a      0.015     0.040       0.172     0.734     -0.202     0.817      0.515     0.660      0.367     0.455    0.439     0.524   0.798     0.086      0.266     0.00383  -1	   0.0354551    -0.0638511
     D1JPS-a79b      0.016     0.038       0.151     0.637      0.006     0.823      0.590     0.669      0.660     0.523    0.484     0.550   0.725     0.093      0.114     0.00512  -1	  -0.0211908    -0.0315761
     D1JPS-a79c      0.018     0.032       0.130     0.717     -0.021     0.813      0.601     0.685      0.498     0.487    0.443     0.551   0.876     0.128      0.289     0.00380  -1	   0.0150560    -0.0802881
     D1JPS-a79d      0.015     0.059       0.233     0.516      0.069     0.824      0.551     0.587      0.541     0.551    0.461     0.594   0.459     0.060      0.123     0.00573  -1	   0.0558349     0.0120379
      D1JPS-a7a      0.013     0.054       0.191     0.594     -0.242     0.812      0.532     0.486      0.023     0.487    0.459     0.537   0.444     0.079      0.344     0.01793  -1	   0.1857980     0.1216677
      D1JPS-a7b      0.016     0.046       0.167     0.607     -0.181     0.813      0.603     0.550      0.196     0.489    0.453     0.544   0.701     0.082      0.156     0.02252  -1	   0.0206418     0.0139414
      D1JPS-a7c      0.015     0.053       0.191     0.641     -0.195     0.807      0.534     0.501      0.003     0.504    0.487     0.531   0.664     0.087      0.311     0.01775  -1	   0.2094838     0.1138839
      D1JPS-a7d      0.020     0.050       0.195     0.671      0.206     0.817      0.579     0.480      0.545     0.531    0.459     0.577   0.840     0.066      0.379     0.01718  -1	   0.1971136     0.1126193
     D1JPS-a80a      0.014     0.049       0.195     0.550      0.126     0.805      0.550     0.635      0.691     0.547    0.483     0.573   0.753     0.077      0.113     0.00486  -1	   0.0534003    -0.0000293
     D1JPS-a80b      0.019     0.043       0.177     0.647      0.198     0.829      0.591     0.627      0.482     0.565    0.477     0.594   0.739     0.072      0.190     0.00604  -1	   0.1019580     0.0332787
     D1JPS-a80c      0.015     0.050       0.193     0.611      0.029     0.816      0.538     0.636      0.179     0.565    0.487     0.586   0.725     0.077      0.126     0.00484  -1	   0.0326824    -0.0630343
     D1JPS-a80d      0.023     0.053       0.240     0.630      0.121     0.814      0.583     0.635      0.202     0.502    0.457     0.552   0.713     0.049      0.140     0.00526  -1	   0.1060220     0.0037779
     D1JPS-a81a      0.017     0.049       0.184     0.566      0.293     0.811      0.566     0.666      0.021     0.552    0.508     0.557   0.798     0.081      0.200     0.00762  -1	   0.2177267    -0.0305106
     D1JPS-a81b      0.018     0.045       0.188     0.626      0.291     0.813      0.533     0.602      0.510     0.711    0.724     0.527   0.816     0.078      0.184     0.00577  -1	   0.2417128     0.1798567
     D1JPS-a81c      0.017     0.045       0.181     0.608      0.286     0.816      0.533     0.601      0.335     0.505    0.516     0.508   0.816     0.079      0.177     0.00575  -1	   0.1458101     0.0302720
     D1JPS-a81d      0.014     0.047       0.193     0.463      0.163     0.812      0.523     0.581      0.224     0.520    0.468     0.561   0.595     0.080      0.079     0.00477  -1	   0.0053437    -0.0203412
     D1JPS-a82a      0.012     0.047       0.188     0.590      0.119     0.811      0.537     0.608      0.217     0.510    0.452     0.563   0.753     0.079      0.098     0.00475  -1	   0.0290420    -0.0431080
     D1JPS-a82b      0.013     0.048       0.191     0.544      0.241     0.822      0.557     0.642      0.155     0.570    0.506     0.576   0.705     0.081      0.145     0.00444  -1	   0.1065654    -0.0236136
     D1JPS-a82c      0.013     0.049       0.191     0.573      0.095     0.814      0.540     0.638      0.120     0.553    0.491     0.573   0.744     0.079      0.115     0.00483  -1	   0.0401960    -0.0730218
     D1JPS-a82d      0.014     0.042       0.184     0.610      0.080     0.820      0.572     0.645      0.378     0.493    0.442     0.557   0.761     0.083      0.163     0.00612  -1	   0.0213441    -0.0467077
     D1JPS-a83a      0.015     0.040       0.160     0.520      0.487     0.813      0.542     0.608      0.114     0.516    0.501     0.530   0.756     0.095      0.183     0.00529  -1	   0.2628243     0.0973822
     D1JPS-a83b      0.014     0.033       0.140     0.540      0.181     0.823      0.596     0.681      0.070     0.517    0.474     0.553   0.659     0.103      0.138     0.00641  -1	   0.0324821    -0.0565401
     D1JPS-a83c      0.015     0.060       0.244     0.617      0.125     0.810      0.506     0.541      0.523     0.539    0.505     0.549   0.713     0.061      0.217     0.00833  -1	   0.1167572     0.0390944
     D1JPS-a83d      0.024     0.064       0.244     0.630      0.072     0.813      0.467     0.451      0.013     0.599    0.478     0.624   0.738     0.056      0.151     0.00817  -1	   0.1515958     0.0820842
     D1JPS-a84a      0.019     0.063       0.267     0.556     -0.241     0.819      0.555     0.631      0.644     0.580    0.484     0.603   0.444     0.052      0.162     0.01189  -1	   0.0016653    -0.0172762
     D1JPS-a84b      0.019     0.039       0.156     0.588     -0.573     0.821      0.558     0.647      0.833     0.565    0.432     0.629   0.590     0.099      0.157     0.01027  -1	   0.0755080     0.0368260
     D1JPS-a84c      0.020     0.052       0.221     0.600     -0.356     0.830      0.550     0.635      0.182     0.533    0.499     0.547   0.471     0.068      0.149     0.01186  -1	   0.0203822    -0.0437709
     D1JPS-a84d      0.020     0.041       0.165     0.683     -0.042     0.816      0.551     0.630      0.088     0.503    0.475     0.539   0.852     0.082      0.239     0.00635  -1	   0.1262628    -0.0378505
     D1JPS-a85a      0.020     0.035       0.147     0.637     -0.723     0.816      0.538     0.624      1.000     0.607    0.560     0.567   0.584     0.104      0.157     0.01073  -1	   0.1242811     0.0893614
     D1JPS-a85b      0.014     0.038       0.153     0.653     -0.083     0.826      0.585     0.673      0.907     0.546    0.501     0.557   0.812     0.088      0.153     0.00608  -1	  -0.0065160    -0.0126760
     D1JPS-a85c      0.012     0.041       0.156     0.599      0.077     0.819      0.574     0.644      0.605     0.552    0.473     0.586   0.744     0.089      0.080     0.00517  -1	  -0.0094815    -0.0322505
     D1JPS-a85d      0.017     0.041       0.179     0.593      0.081     0.821      0.552     0.624      0.147     0.548    0.479     0.577   0.744     0.068      0.148     0.00971  -1	   0.0373778    -0.0366053
     D1JPS-a86a      0.015     0.030       0.130     0.699      0.234     0.829      0.551     0.576      0.476     0.463    0.451     0.522   0.840     0.103      0.146     0.00383  -1	   0.0496522     0.0462333
     D1JPS-a86b      0.011     0.036       0.158     0.655      0.119     0.821      0.583     0.693      0.333     0.539    0.465     0.581   0.827     0.084      0.105     0.00499  -1	   0.0001488    -0.0636338
     D1JPS-a86c      0.009     0.043       0.156     0.637     -0.081     0.833      0.510     0.621      0.735     0.517    0.453     0.569   0.756     0.105      0.164     0.00472  -1	  -0.0185584    -0.0097214
     D1JPS-a86d      0.012     0.035       0.142     0.658      0.084     0.826      0.574     0.638      0.043     0.521    0.454     0.573   0.817     0.101      0.124     0.00474  -1	   0.0500759    -0.0307978
     D1JPS-a87a      0.016     0.035       0.149     0.605      0.132     0.832      0.552     0.562      0.095     0.478    0.454     0.534   0.771     0.096      0.184     0.00410  -1	   0.0758683     0.0400394
     D1JPS-a87b      0.009     0.050       0.181     0.697      0.181     0.829      0.520     0.587      0.519     0.599    0.512     0.598   0.794     0.076      0.245     0.00695  -1	   0.1371039     0.0355333
     D1JPS-a87c      0.014     0.040       0.160     0.641      0.190     0.816      0.536     0.593      0.385     0.621    0.518     0.614   0.739     0.097      0.131     0.00531  -1	   0.0555028     0.0279696
     D1JPS-a87d      0.009     0.050       0.177     0.640      0.251     0.809      0.544     0.599      0.882     0.558    0.487     0.580   0.816     0.083      0.173     0.00493  -1	   0.1576636     0.0529129
     D1JPS-a88a      0.013     0.035       0.151     0.621      0.111     0.820      0.599     0.675      0.637     0.521    0.465     0.564   0.771     0.100      0.131     0.00418  -1	   0.0004906    -0.0292472
     D1JPS-a88b      0.017     0.030       0.126     0.652      0.224     0.828      0.591     0.637      0.654     0.553    0.444     0.610   0.840     0.140      0.209     0.00379  -1	   0.0590711     0.0028213
     D1JPS-a88c      0.016     0.036       0.156     0.606      0.168     0.817      0.584     0.625      0.774     0.566    0.462     0.607   0.739     0.082      0.121     0.00430  -1	   0.0603254     0.0294096
     D1JPS-a88d      0.015     0.041       0.177     0.569      0.107     0.817      0.549     0.585      0.250     0.510    0.457     0.560   0.753     0.073      0.216     0.00875  -1	   0.0544362    -0.0087807
     D1JPS-a89a      0.012     0.043       0.170     0.583      0.333     0.807      0.526     0.626      0.085     0.721    0.670     0.591   0.798     0.087      0.167     0.00500  -1	   0.2314649     0.1008634
     D1JPS-a89b      0.012     0.044       0.172     0.602      0.227     0.809      0.556     0.673      0.057     0.539    0.504     0.549   0.784     0.086      0.211     0.00495  -1	   0.1713252    -0.0465339
     D1JPS-a89c      0.017     0.043       0.172     0.581      0.126     0.808      0.564     0.670      0.553     0.526    0.469     0.565   0.753     0.086      0.092     0.00453  -1	   0.0155321    -0.0350802
     D1JPS-a89d      0.020     0.033       0.135     0.715      0.111     0.808      0.594     0.625      0.229     0.514    0.457     0.564   0.851     0.123      0.348     0.00303  -1	   0.1661608     0.0070215
      D1JPS-a8a      0.013     0.041       0.147     0.669      0.733     0.807      0.526     0.470      0.017     0.481    0.445     0.544   0.788     0.090      0.199     0.64801   1	   0.6028428     0.5216883
      D1JPS-a8b      0.017     0.051       0.188     0.579     -0.186     0.819      0.549     0.511      0.043     0.483    0.465     0.529   0.538     0.082      0.299     0.01791  -1	   0.1429525     0.0848730
      D1JPS-a8c      0.019     0.034       0.133     0.553      0.513     0.825      0.590     0.502      0.891     0.531    0.475     0.565   0.823     0.107      0.307     0.31430   1	   0.3167802     0.2396811
      D1JPS-a8d      0.012     0.037       0.147     0.644      0.562     0.828      0.501     0.414      0.132     0.512    0.471     0.551   0.833     0.098      0.252     0.81198   1	   0.4184019     0.4421152
     D1JPS-a90a      0.019     0.032       0.142     0.704      0.252     0.808      0.568     0.587      0.065     0.523    0.467     0.564   0.896     0.124      0.321     0.00303  -1	   0.2750617     0.1061796
     D1JPS-a90b      0.018     0.032       0.133     0.597      0.149     0.830      0.592     0.635      0.662     0.525    0.460     0.571   0.753     0.099      0.221     0.00397  -1	   0.0278046    -0.0025249
     D1JPS-a90c      0.018     0.047       0.174     0.658      0.318     0.805      0.534     0.669      0.621     0.584    0.498     0.596   0.872     0.091      0.140     0.00442  -1	   0.1609686     0.0272298
     D1JPS-a90d      0.016     0.041       0.172     0.474      0.369     0.803      0.587     0.681      0.166     0.506    0.474     0.543   0.704     0.094      0.132     0.00450  -1	   0.1210785    -0.0330216
     D1JPS-a91a      0.020     0.030       0.135     0.607      0.154     0.826      0.589     0.668      0.137     0.473    0.439     0.541   0.739     0.108      0.105     0.00381  -1	   0.0206717    -0.0397912
     D1JPS-a91b      0.016     0.025       0.105     0.667      0.288     0.833      0.597     0.627      0.493     0.552    0.445     0.608   0.872     0.134      0.451     0.00278  -1	   0.1753318     0.0364722
     D1JPS-a91c      0.022     0.028       0.109     0.687     -0.417     0.820      0.613     0.705      0.536     0.511    0.463     0.556   0.639     0.155      0.190     0.00423  -1	   0.0137443    -0.0274544
     D1JPS-a91d      0.017     0.037       0.144     0.604      0.259     0.818      0.602     0.700      0.273     0.489    0.463     0.536   0.816     0.102      0.089     0.00375  -1	   0.0521456    -0.0578500
     D1JPS-a92a      0.017     0.029       0.105     0.644      0.499     0.827      0.585     0.641      0.715     0.532    0.465     0.574   0.836     0.158      0.229     0.00347  -1	   0.2322041     0.1090472
     D1JPS-a92b      0.018     0.034       0.135     0.652      0.111     0.827      0.574     0.632      0.960     0.539    0.487     0.562   0.827     0.097      0.215     0.00409  -1	   0.0566414     0.0239141
     D1JPS-a92c      0.016     0.034       0.133     0.648      0.092     0.820      0.579     0.625      0.132     0.502    0.464     0.546   0.761     0.110      0.210     0.00367  -1	   0.0816484    -0.0023558
     D1JPS-a92d      0.020     0.039       0.147     0.716      0.326     0.812      0.571     0.655      0.824     0.561    0.481     0.588   0.896     0.088      0.225     0.00400  -1	   0.1862876     0.0657600
     D1JPS-a93a      0.020     0.029       0.133     0.489      0.111     0.815      0.610     0.662      0.084     0.577    0.494     0.592   0.627     0.115      0.109     0.00435  -1	  -0.0400386    -0.0586663
     D1JPS-a93b      0.018     0.057       0.216     0.614     -0.168     0.816      0.488     0.528      0.065     0.481    0.454     0.536   0.664     0.080      0.172     0.00372  -1	   0.0915949     0.0186946
     D1JPS-a93c      0.016     0.029       0.119     0.631      0.086     0.832      0.585     0.599      0.769     0.670    0.619     0.580   0.761     0.116      0.214     0.00271  -1	   0.0326842     0.0531198
     D1JPS-a93d      0.016     0.034       0.128     0.469      0.342     0.819      0.611     0.656      0.742     0.538    0.476     0.570   0.672     0.125      0.266     0.00356  -1	   0.1254254     0.0298525
     D1JPS-a94a      0.015     0.046       0.181     0.660      0.145     0.828      0.561     0.645      0.039     0.496    0.464     0.542   0.827     0.068      0.144     0.00552  -1	   0.1277235    -0.0362203
     D1JPS-a94b      0.012     0.045       0.177     0.459      0.222     0.808      0.600     0.690      0.667     0.559    0.498     0.573   0.641     0.092      0.097     0.00476  -1	   0.0688434    -0.0075331
     D1JPS-a94c      0.017     0.047       0.184     0.631      0.157     0.823      0.527     0.588      0.054     0.692    0.710     0.520   0.739     0.077      0.187     0.00575  -1	   0.2385522     0.1325235
     D1JPS-a94d      0.018     0.028       0.128     0.507      0.144     0.824      0.616     0.666      0.106     0.526    0.460     0.573   0.692     0.110      0.093     0.00427  -1	  -0.0382187    -0.0664427
     D1JPS-a95a      0.014     0.039       0.158     0.627      0.406     0.815      0.541     0.703      0.192     0.475    0.454     0.530   0.822     0.093      0.109     0.00357  -1	   0.1782079    -0.0228709
     D1JPS-a95b      0.014     0.068       0.267     0.653      0.049     0.815      0.461     0.606      0.235     0.555    0.514     0.556   0.780     0.058      0.125     0.00460  -1	   0.0957362    -0.0589607
     D1JPS-a95c      0.014     0.039       0.172     0.553      0.354     0.810      0.563     0.709      0.095     0.518    0.484     0.545   0.830     0.089      0.186     0.00451  -1	   0.1828402    -0.0597949
     D1JPS-a95d      0.014     0.039       0.184     0.586      0.181     0.827      0.567     0.630      0.051     0.481    0.465     0.527   0.721     0.071      0.168     0.00500  -1	   0.1084339    -0.0039535
     D1JPS-a96a      0.015     0.040       0.160     0.578      0.482     0.817      0.547     0.621      0.168     0.532    0.464     0.575   0.818     0.089      0.234     0.00541  -1	   0.3014503     0.1018657
     D1JPS-a96b      0.013     0.053       0.216     0.615      0.136     0.820      0.546     0.627      0.127     0.540    0.481     0.569   0.713     0.061      0.117     0.00512  -1	   0.0866586    -0.0297792
     D1JPS-a96c      0.015     0.050       0.212     0.733     -0.050     0.820      0.561     0.675      0.045     0.501    0.484     0.530   0.876     0.069      0.182     0.00379  -1	   0.1373563    -0.0732010
     D1JPS-a96d      0.015     0.043       0.174     0.639      0.362     0.811      0.522     0.596      0.364     0.520    0.501     0.534   0.848     0.088      0.215     0.00536  -1	   0.2083259     0.0693764
     D1JPS-a97a      0.017     0.044       0.188     0.633      0.231     0.811      0.530     0.574      0.037     0.496    0.499     0.513   0.784     0.073      0.206     0.00533  -1	   0.2085043     0.0699438
     D1JPS-a97b      0.016     0.045       0.170     0.614      0.210     0.827      0.549     0.634      0.798     0.522    0.461     0.568   0.784     0.090      0.289     0.00338  -1	   0.1271702     0.0290013
     D1JPS-a97c      0.015     0.040       0.156     0.718      0.096     0.825      0.552     0.613      0.708     0.537    0.458     0.583   0.841     0.094      0.189     0.00521  -1	   0.0397005    -0.0007506
     D1JPS-a97d      0.015     0.046       0.193     0.610      0.074     0.813      0.562     0.629      0.104     0.497    0.468     0.540   0.761     0.077      0.225     0.00364  -1	   0.1166268    -0.0400674
     D1JPS-a98a      0.014     0.045       0.202     0.630      0.088     0.813      0.562     0.691      0.718     0.578    0.474     0.609   0.761     0.065      0.134     0.00415  -1	   0.0479550     0.0087979
     D1JPS-a98b      0.015     0.049       0.179     0.638      0.212     0.826      0.529     0.628      0.161     0.521    0.488     0.545   0.784     0.099      0.271     0.00342  -1	   0.2090085    -0.0162871
     D1JPS-a98c      0.014     0.043       0.195     0.656     -0.326     0.826      0.550     0.688      0.200     0.478    0.438     0.548   0.812     0.082      0.257     0.00382  -1	   0.0751034    -0.1022843
     D1JPS-a98d      0.011     0.049       0.177     0.669     -0.124     0.808      0.507     0.621      0.028     0.504    0.468     0.546   0.788     0.077      0.104     0.00436  -1	   0.0589397    -0.0513342
     D1JPS-a99a      0.011     0.040       0.140     0.593      0.346     0.826      0.525     0.550      0.343     0.614    0.611     0.532   0.798     0.108      0.165     0.00387  -1	   0.1646078     0.1324073
     D1JPS-a99b      0.016     0.024       0.091     0.631      0.137     0.819      0.620     0.720      0.830     0.532    0.484     0.560   0.771     0.197      0.273     0.00292  -1	  -0.0098980    -0.0537104
     D1JPS-a99c      0.008     0.041       0.144     0.629      0.300     0.829      0.515     0.509      0.194     0.511    0.457     0.561   0.816     0.102      0.138     0.00397  -1	   0.1166492     0.0931112
     D1JPS-a99d      0.013     0.037       0.144     0.623     -0.200     0.835      0.547     0.620      0.345     0.513    0.481     0.543   0.701     0.101      0.106     0.00361  -1	  -0.0505680    -0.0414706
      D1JPS-a9a      0.014     0.040       0.167     0.530      0.160     0.832      0.569     0.559      0.309     0.550    0.467     0.588   0.659     0.084      0.274     0.05739  -1	   0.0755049     0.0354236
      D1JPS-a9b      0.013     0.037       0.149     0.635      0.581     0.825      0.509     0.421      0.494     0.475    0.452     0.531   0.833     0.091      0.226     0.81737   1	   0.3606749     0.3702196
      D1JPS-a9c      0.015     0.039       0.151     0.569     -0.162     0.820      0.599     0.568      0.710     0.484    0.449     0.543   0.684     0.098      0.162     0.03928  -1	  -0.0323930    -0.0137721
      D1JPS-a9d      0.015     0.032       0.144     0.644     -0.285     0.827      0.606     0.572      0.766     0.503    0.496     0.523   0.671     0.098      0.211     0.02290  -1	  -0.0518634    -0.0042766
