      D2OZA-a9d      0.009     0.037       0.179     0.640      0.289     0.850      0.536     0.486      0.991     0.578    0.551     0.548   0.816     0.096      0.249     0.00701  -1	   0.2102293     0.1894000
      D2OZA-a0a      0.008     0.050       0.245     0.605     -0.047     0.857      0.497     0.355      0.120     0.567    0.539     0.547   0.796     0.069      0.223     0.00780  -1	   0.0769574     0.2060721
      D2OZA-a0b      0.011     0.038       0.164     0.589     -0.535     0.844      0.548     0.540      0.398     0.542    0.534     0.528   0.590     0.116      0.362     0.00699  -1	   0.0771673     0.0482988
      D2OZA-a0c      0.012     0.037       0.164     0.614     -0.657     0.842      0.561     0.550      0.803     0.552    0.522     0.547   0.584     0.110      0.250     0.00701  -1	   0.0459468     0.0366603
      D2OZA-a0d      0.012     0.038       0.161     0.611     -0.599     0.849      0.540     0.527      0.680     0.573    0.519     0.568   0.607     0.116      0.250     0.00704  -1	   0.0299262     0.0430862
    D2OZA-a100a      0.001     0.049       0.228     0.646     -0.053     0.831      0.556     0.719      0.946     0.589    0.548     0.560   0.756     0.077      0.151     0.00670  -1	   0.0295461     0.0279485
    D2OZA-a100b      0.009     0.046       0.213     0.634      0.250     0.864      0.491     0.535      0.274     0.546    0.534     0.532   0.816     0.085      0.169     0.00743  -1	   0.1582764     0.0875645
    D2OZA-a100c      0.008     0.044       0.199     0.538      0.126     0.842      0.526     0.515      0.640     0.557    0.522     0.551   0.692     0.085      0.156     0.00606  -1	   0.0432637     0.0714855
    D2OZA-a100d      0.010     0.046       0.236     0.641      0.217     0.858      0.502     0.547      0.186     0.550    0.535     0.534   0.784     0.078      0.142     0.00767  -1	   0.1466300     0.0810190
    D2OZA-a101a      0.010     0.040       0.196     0.704      0.108     0.836      0.578     0.549      0.151     0.568    0.570     0.522   0.851     0.086      0.197     0.00585  -1	   0.1339036     0.1070601
    D2OZA-a101b      0.003     0.041       0.202     0.646      0.086     0.840      0.560     0.570      0.824     0.579    0.542     0.556   0.761     0.081      0.174     0.00621  -1	   0.0490496     0.0522574
    D2OZA-a101c      0.011     0.043       0.205     0.644      0.250     0.859      0.550     0.621      0.621     0.550    0.520     0.546   0.816     0.084      0.225     0.00740  -1	   0.1589096     0.0745154
    D2OZA-a101d      0.010     0.042       0.187     0.634      0.286     0.870      0.539     0.484      0.739     0.578    0.536     0.560   0.816     0.086      0.141     0.00626  -1	   0.1713530     0.1717257
    D2OZA-a102a      0.022     0.033       0.159     0.598      0.355     0.861      0.549     0.573      0.417     0.552    0.525     0.545   0.830     0.117      0.190     0.00462  -1	   0.1723735     0.1216350
    D2OZA-a102b      0.009     0.045       0.228     0.642      0.296     0.834      0.481     0.526      0.868     0.539    0.536     0.523   0.816     0.080      0.226     0.00691  -1	   0.2167442     0.1757518
    D2OZA-a102c      0.005     0.053       0.271     0.670      0.129     0.839      0.531     0.607      0.854     0.596    0.555     0.561   0.780     0.056      0.181     0.00672  -1	   0.1385416     0.1039588
    D2OZA-a102d      0.010     0.035       0.187     0.647     -0.023     0.861      0.616     0.623      0.936     0.563    0.533     0.548   0.796     0.094      0.184     0.00616  -1	   0.0117515     0.0161949
    D2OZA-a103a      0.019     0.034       0.159     0.580      0.061     0.854      0.555     0.574      0.139     0.556    0.532     0.542   0.744     0.120      0.190     0.00472  -1	   0.0451735     0.0209695
    D2OZA-a103b      0.017     0.032       0.141     0.707      0.151     0.862      0.582     0.593      0.886     0.577    0.544     0.553   0.819     0.126      0.293     0.00588  -1	   0.0897216     0.0554496
    D2OZA-a103c      0.014     0.036       0.164     0.570      0.332     0.839      0.593     0.619      0.150     0.518    0.503     0.530   0.798     0.109      0.221     0.00510  -1	   0.1863289     0.0643178
    D2OZA-a103d      0.017     0.029       0.156     0.555      0.323     0.860      0.582     0.572      0.813     0.552    0.524     0.545   0.798     0.130      0.496     0.00846  -1	   0.2126551     0.1411762
    D2OZA-a104a      0.007     0.039       0.193     0.643      0.225     0.864      0.556     0.598      0.346     0.508    0.506     0.519   0.784     0.107      0.126     0.00654  -1	   0.0826719     0.0382132
    D2OZA-a104b      0.016     0.036       0.176     0.667     -0.016     0.864      0.569     0.627      0.678     0.557    0.520     0.553   0.852     0.102      0.397     0.00691  -1	   0.0422608    -0.0290169
    D2OZA-a104c      0.018     0.037       0.193     0.631     -0.097     0.883      0.578     0.522      0.633     0.572    0.525     0.564   0.756     0.094      0.345     0.00648  -1	   0.0087971     0.0216873
    D2OZA-a104d      0.012     0.037       0.167     0.644      0.172     0.863      0.574     0.640      0.434     0.578    0.521     0.572   0.739     0.095      0.304     0.00644  -1	   0.1253427     0.0227010
    D2OZA-a105a      0.009     0.044       0.210     0.661      0.234     0.853      0.537     0.602      0.941     0.577    0.549     0.548   0.840     0.089      0.303     0.00704  -1	   0.2007294     0.1191186
    D2OZA-a105b      0.007     0.048       0.216     0.706      0.022     0.852      0.535     0.566      0.971     0.630    0.555     0.593   0.805     0.099      0.274     0.00759  -1	   0.0903457     0.0511418
    D2OZA-a105c      0.014     0.036       0.167     0.595      0.230     0.869      0.572     0.629      0.623     0.581    0.567     0.536   0.767     0.096      0.346     0.00602  -1	   0.1617374     0.0739393
    D2OZA-a105d      0.011     0.050       0.228     0.715      0.171     0.853      0.486     0.466      0.343     0.583    0.554     0.549   0.819     0.093      0.321     0.00776  -1	   0.2363300     0.1451171
    D2OZA-a106a      0.009     0.031       0.138     0.608      0.251     0.870      0.584     0.534      0.328     0.558    0.528     0.547   0.816     0.122      0.192     0.00827  -1	   0.0837404     0.1129418
    D2OZA-a106b      0.013     0.050       0.248     0.718      0.087     0.844      0.515     0.507      0.836     0.621    0.582     0.563   0.841     0.084      0.351     0.00778  -1	   0.1490506     0.0920352
    D2OZA-a106c      0.013     0.035       0.147     0.699      0.413     0.872      0.525     0.478      0.043     0.569    0.562     0.529   0.878     0.118      0.229     0.00822  -1	   0.3754597     0.3664296
    D2OZA-a106d      0.009     0.035       0.170     0.587      0.035     0.845      0.670     0.680      0.975     0.551    0.548     0.524   0.708     0.103      0.173     0.00802  -1	   0.0358744     0.0057596
    D2OZA-a107a      0.006     0.037       0.184     0.631      0.013     0.857      0.652     0.709      0.837     0.538    0.512     0.541   0.725     0.086      0.230     0.00863  -1	   0.0123770    -0.0094017
    D2OZA-a107b      0.014     0.029       0.135     0.657      0.072     0.859      0.557     0.524      0.418     0.520    0.533     0.509   0.817     0.147      0.272     0.00705  -1	   0.0318398     0.0533496
    D2OZA-a107c      0.011     0.029       0.135     0.635      0.051     0.874      0.603     0.556      0.344     0.519    0.514     0.523   0.761     0.116      0.298     0.00894  -1	   0.0402829     0.0447399
    D2OZA-a107d      0.012     0.031       0.135     0.650      0.266     0.859      0.570     0.521      0.185     0.518    0.509     0.526   0.872     0.123      0.225     0.00767  -1	   0.1492351     0.1516100
    D2OZA-a108a      0.014     0.027       0.127     0.610      0.134     0.867      0.586     0.546      0.343     0.526    0.517     0.527   0.771     0.140      0.263     0.00720  -1	   0.0446994     0.0654962
    D2OZA-a108b      0.008     0.041       0.184     0.619      0.033     0.851      0.512     0.496      0.800     0.564    0.551     0.534   0.725     0.092      0.414     0.00543  -1	   0.0635816     0.0884133
    D2OZA-a108c      0.007     0.039       0.184     0.514     -0.216     0.843      0.571     0.623      0.424     0.543    0.518     0.541   0.639     0.083      0.253     0.00589  -1	  -0.0454458    -0.0501771
    D2OZA-a108d      0.005     0.054       0.262     0.656      0.043     0.843      0.499     0.524      0.986     0.631    0.580     0.574   0.780     0.074      0.188     0.00872  -1	   0.1180917     0.0990366
    D2OZA-a109a      0.011     0.036       0.202     0.596     -0.147     0.859      0.583     0.595      0.180     0.504    0.502     0.518   0.714     0.087      0.350     0.00655  -1	   0.0764523    -0.0264359
    D2OZA-a109b      0.009     0.029       0.153     0.727      0.382     0.867      0.538     0.499      0.844     0.574    0.537     0.554   0.928     0.111      0.202     0.00593  -1	   0.2301748     0.2304178
    D2OZA-a109c      0.006     0.034       0.173     0.515     -0.117     0.851      0.583     0.654      0.304     0.555    0.536     0.539   0.653     0.097      0.347     0.00588  -1	   0.0072444    -0.0693403
    D2OZA-a109d      0.009     0.040       0.179     0.645     -0.172     0.849      0.534     0.526      0.172     0.587    0.531     0.572   0.701     0.092      0.419     0.00553  -1	   0.1533562     0.0551869
     D2OZA-a10a      0.005     0.041       0.196     0.654     -0.102     0.859      0.548     0.528      0.518     0.568    0.513     0.569   0.788     0.076      0.273     0.00653  -1	  -0.0082452     0.0028682
     D2OZA-a10b      0.015     0.031       0.170     0.677      0.029     0.863      0.567     0.503      0.836     0.532    0.523     0.527   0.781     0.104      0.058     0.00763  -1	  -0.0058999     0.0624830
     D2OZA-a10c      0.001     0.040       0.196     0.646     -0.160     0.865      0.587     0.581      0.970     0.562    0.529     0.550   0.701     0.077      0.303     0.00652  -1	  -0.0146148     0.0115169
     D2OZA-a10d      0.008     0.026       0.144     0.687      0.185     0.848      0.561     0.571      0.927     0.564    0.510     0.566   0.794     0.108      0.280     0.00782  -1	   0.0831010     0.0938889
    D2OZA-a110a      0.013     0.032       0.156     0.632     -0.085     0.875      0.591     0.557      0.792     0.539    0.536     0.524   0.756     0.110      0.201     0.00872  -1	  -0.0402924     0.0088097
    D2OZA-a110b      0.008     0.047       0.207     0.593      0.017     0.870      0.510     0.463      0.196     0.564    0.494     0.580   0.708     0.093      0.230     0.00869  -1	   0.0627571     0.0800672
    D2OZA-a110c      0.012     0.051       0.225     0.596     -0.071     0.871      0.515     0.461      0.657     0.577    0.541     0.554   0.554     0.088      0.213     0.00872  -1	   0.0181210     0.0552507
    D2OZA-a110d      0.014     0.030       0.144     0.604     -0.317     0.867      0.577     0.517      0.745     0.554    0.520     0.550   0.756     0.117      0.700     0.00836  -1	   0.0211920     0.0683463
    D2OZA-a111a      0.014     0.037       0.179     0.592     -0.051     0.858      0.571     0.562      0.696     0.582    0.515     0.580   0.738     0.101      0.226     0.00545  -1	  -0.0147262     0.0092012
    D2OZA-a111b      0.007     0.039       0.190     0.660      0.098     0.850      0.605     0.664      0.776     0.550    0.513     0.552   0.817     0.100      0.220     0.00842  -1	   0.0467957     0.0034498
    D2OZA-a111c      0.013     0.049       0.245     0.726      0.131     0.853      0.496     0.481      0.409     0.595    0.559     0.557   0.851     0.090      0.323     0.00776  -1	   0.2036955     0.1138279
    D2OZA-a111d      0.008     0.041       0.207     0.596      0.215     0.848      0.567     0.649      0.903     0.534    0.518     0.533   0.767     0.090      0.191     0.00656  -1	   0.1433964     0.0840197
     D2OZA-a11a      0.012     0.033       0.150     0.643      0.141     0.858      0.603     0.587      0.980     0.567    0.544     0.542   0.771     0.119      0.151     0.00824  -1	   0.0823238     0.0530101
     D2OZA-a11b      0.003     0.038       0.190     0.591     -0.059     0.865      0.594     0.581      0.978     0.545    0.528     0.535   0.738     0.077      0.262     0.00651  -1	   0.0128690     0.0304277
     D2OZA-a11c      0.016     0.029       0.156     0.656      0.353     0.873      0.567     0.519      0.387     0.576    0.535     0.558   0.903     0.106      0.289     0.00840  -1	   0.2388650     0.2292130
     D2OZA-a11d      0.008     0.030       0.150     0.653     -0.004     0.859      0.603     0.639      0.515     0.562    0.536     0.545   0.852     0.127      0.241     0.00837  -1	  -0.0192829    -0.0490009
     D2OZA-a12a      0.016     0.043       0.187     0.498      0.135     0.869      0.530     0.472      0.131     0.537    0.540     0.518   0.627     0.087      0.515     0.01328  -1	   0.2872973     0.1947452
     D2OZA-a12b      0.015     0.042       0.190     0.573      0.128     0.864      0.534     0.465      0.186     0.559    0.518     0.557   0.753     0.089      0.728     0.01306  -1	   0.4502522     0.2020419
     D2OZA-a12c      0.014     0.029       0.138     0.634      0.377     0.872      0.576     0.519      0.781     0.552    0.506     0.559   0.848     0.118      0.068     0.00861  -1	   0.1713794     0.1688713
     D2OZA-a12d      0.010     0.041       0.210     0.604      0.291     0.857      0.554     0.565      0.398     0.544    0.527     0.535   0.816     0.076      0.233     0.01460  -1	   0.1847754     0.1180555
     D2OZA-a13a      0.012     0.029       0.138     0.576      0.294     0.847      0.572     0.584      0.827     0.542    0.498     0.557   0.798     0.129      0.268     0.01660  -1	   0.1203950     0.0878281
     D2OZA-a13b      0.013     0.037       0.161     0.631      0.294     0.849      0.561     0.569      0.829     0.560    0.506     0.567   0.816     0.109      0.265     0.01214  -1	   0.1721881     0.1098206
     D2OZA-a13c      0.015     0.038       0.176     0.577      0.055     0.860      0.548     0.498      0.227     0.525    0.507     0.533   0.744     0.106      0.184     0.01811  -1	   0.0254736     0.0690441
     D2OZA-a13d      0.012     0.040       0.193     0.705     -0.098     0.854      0.565     0.564      0.972     0.575    0.526     0.565   0.836     0.092      0.325     0.01039  -1	   0.0121460     0.0180315
     D2OZA-a14a      0.010     0.026       0.127     0.716      0.144     0.870      0.604     0.604      0.299     0.565    0.498     0.577   0.851     0.148      0.303     0.01866  -1	   0.1148937     0.0501519
     D2OZA-a14b      0.014     0.026       0.124     0.713      0.115     0.870      0.594     0.594      0.311     0.560    0.496     0.574   0.851     0.148      0.311     0.01883  -1	   0.1048465     0.0426601
     D2OZA-a14c      0.014     0.029       0.153     0.629      0.064     0.853      0.600     0.572      0.741     0.526    0.528     0.518   0.761     0.100      0.314     0.01712  -1	   0.0145480     0.0335058
     D2OZA-a14d      0.013     0.030       0.135     0.572      0.245     0.839      0.583     0.615      0.952     0.561    0.509     0.565   0.767     0.135      0.277     0.01536  -1	   0.1127857     0.0629654
     D2OZA-a15a      0.010     0.030       0.144     0.496      0.252     0.853      0.628     0.627      0.423     0.539    0.504     0.549   0.672     0.112      0.192     0.02331  -1	   0.0398816     0.0208008
     D2OZA-a15b      0.013     0.033       0.156     0.653      0.383     0.867      0.572     0.516      0.528     0.539    0.494     0.557   0.903     0.120      0.403     0.02764  -1	   0.2840366     0.2066783
     D2OZA-a15c      0.013     0.036       0.170     0.661      0.159     0.866      0.573     0.512      0.624     0.542    0.492     0.561   0.794     0.108      0.386     0.02823  -1	   0.1219748     0.0905136
     D2OZA-a15d      0.016     0.032       0.159     0.615      0.433     0.866      0.573     0.525      0.521     0.524    0.480     0.554   0.822     0.115      0.461     0.02283  -1	   0.3455810     0.2424849
     D2OZA-a16a      0.018     0.039       0.184     0.686      0.156     0.857      0.577     0.494      0.885     0.574    0.523     0.566   0.794     0.100      0.349     0.01471  -1	   0.1373103     0.1108601
     D2OZA-a16b      0.011     0.043       0.213     0.597     -0.033     0.867      0.610     0.647      0.623     0.583    0.549     0.553   0.778     0.083      0.185     0.01155  -1	  -0.0071704    -0.0281606
     D2OZA-a16c      0.006     0.019       0.086     0.657      0.237     0.860      0.610     0.619      0.680     0.525    0.502     0.538   0.840     0.203      0.394     0.00910  -1	   0.0506805     0.0091616
     D2OZA-a16d      0.010     0.038       0.179     0.598     -0.214     0.863      0.621     0.659      0.910     0.552    0.527     0.542   0.700     0.092      0.278     0.01118  -1	  -0.0299892    -0.0195540
     D2OZA-a17a      0.005     0.028       0.121     0.676      0.088     0.850      0.572     0.596      0.235     0.592    0.558     0.554   0.817     0.133      0.220     0.01343  -1	   0.0544371     0.0314941
     D2OZA-a17b      0.011     0.034       0.153     0.640      0.040     0.862      0.584     0.567      0.498     0.548    0.520     0.545   0.725     0.105      0.434     0.01897  -1	   0.0859132     0.0232618
     D2OZA-a17c      0.005     0.027       0.127     0.632      0.142     0.858      0.573     0.581      0.318     0.537    0.511     0.541   0.771     0.139      0.234     0.01224  -1	   0.0350150     0.0317332
     D2OZA-a17d      0.005     0.028       0.127     0.657      0.166     0.865      0.580     0.602      0.524     0.542    0.518     0.541   0.794     0.134      0.206     0.01261  -1	   0.0221423     0.0189050
     D2OZA-a18a      0.008     0.033       0.159     0.718     -0.222     0.868      0.602     0.678      0.676     0.595    0.540     0.572   0.798     0.101      0.135     0.00928  -1	  -0.0726426    -0.0492688
     D2OZA-a18b      0.007     0.036       0.176     0.482      0.131     0.845      0.585     0.578      0.790     0.554    0.525     0.546   0.627     0.112      0.307     0.00890  -1	   0.0552265     0.0508645
     D2OZA-a18c      0.010     0.030       0.153     0.717      0.017     0.859      0.599     0.666      0.586     0.559    0.520     0.555   0.805     0.103      0.133     0.00962  -1	  -0.0325430    -0.0191713
     D2OZA-a18d      0.007     0.026       0.124     0.583     -0.149     0.859      0.628     0.659      0.718     0.559    0.518     0.557   0.714     0.131      0.125     0.00848  -1	  -0.0840304    -0.0487241
     D2OZA-a19a      0.009     0.040       0.187     0.665     -0.236     0.834      0.565     0.600      0.527     0.547    0.507     0.554   0.773     0.096      0.162     0.00696  -1	  -0.0518999    -0.0467670
     D2OZA-a19b      0.011     0.051       0.233     0.666      0.100     0.851      0.532     0.561      0.565     0.553    0.542     0.532   0.780     0.080      0.358     0.01065  -1	   0.1474287     0.0357202
     D2OZA-a19c      0.013     0.029       0.156     0.592     -0.128     0.878      0.609     0.647      0.926     0.558    0.531     0.545   0.714     0.105      0.174     0.00785  -1	  -0.0292409     0.0030251
     D2OZA-a19d      0.011     0.048       0.222     0.675      0.235     0.860      0.486     0.505      0.392     0.538    0.525     0.531   0.840     0.072      0.326     0.00783  -1	   0.2416953     0.1309457
      D2OZA-a1a      0.008     0.033       0.164     0.723     -0.097     0.848      0.580     0.514      0.865     0.551    0.524     0.544   0.836     0.106      0.500     0.00758  -1	   0.0056834     0.0182957
      D2OZA-a1b      0.002     0.040       0.193     0.707     -0.070     0.862      0.580     0.550      0.934     0.545    0.512     0.548   0.836     0.074      0.323     0.00650  -1	   0.0045864     0.0161657
      D2OZA-a1c      0.018     0.026       0.144     0.490      0.019     0.858      0.582     0.519      0.565     0.518    0.511     0.524   0.582     0.119      0.246     0.00510  -1	  -0.0427873     0.0553233
      D2OZA-a1d      0.013     0.031       0.170     0.652     -0.165     0.861      0.582     0.530      0.805     0.536    0.525     0.530   0.757     0.110      0.162     0.00765  -1	  -0.0598856     0.0121343
     D2OZA-a20a      0.011     0.031       0.153     0.631     -0.076     0.863      0.522     0.454      0.603     0.520    0.522     0.517   0.756     0.101      0.174     0.00632  -1	  -0.0600024     0.0796191
     D2OZA-a20b      0.011     0.034       0.176     0.671      0.074     0.876      0.571     0.559      0.471     0.586    0.539     0.565   0.817     0.099      0.314     0.00721  -1	   0.0785676     0.0464852
     D2OZA-a20c      0.011     0.057       0.242     0.559     -0.324     0.850      0.555     0.446      0.860     0.573    0.522     0.566   0.389     0.076      0.413     0.00799  -1	   0.0031569     0.0181948
     D2OZA-a20d      0.016     0.033       0.173     0.606      0.030     0.870      0.590     0.580      0.236     0.511    0.503     0.524   0.725     0.094      0.289     0.00712  -1	   0.0664745     0.0211739
     D2OZA-a21a      0.007     0.035       0.179     0.635     -0.005     0.856      0.593     0.589      0.373     0.546    0.516     0.545   0.796     0.096      0.150     0.00734  -1	  -0.0314039    -0.0154042
     D2OZA-a21b      0.006     0.030       0.153     0.709     -0.156     0.833      0.568     0.509      0.309     0.588    0.516     0.584   0.781     0.130      0.679     0.00683  -1	   0.2658875     0.0774464
     D2OZA-a21c      0.008     0.039       0.207     0.585     -0.319     0.847      0.591     0.589      0.462     0.509    0.506     0.520   0.738     0.088      0.236     0.00751  -1	  -0.0437400    -0.0520134
     D2OZA-a21d      0.008     0.048       0.242     0.719      0.004     0.848      0.512     0.448      0.392     0.597    0.536     0.577   0.805     0.074      0.173     0.00762  -1	   0.0410401     0.0833799
     D2OZA-a22a      0.012     0.048       0.239     0.571     -0.053     0.847      0.560     0.495      0.472     0.538    0.521     0.534   0.738     0.075      0.134     0.00839  -1	  -0.0224659     0.0241986
     D2OZA-a22b      0.007     0.053       0.242     0.524     -0.301     0.845      0.547     0.618      0.820     0.553    0.515     0.553   0.236     0.068      0.299     0.00766  -1	  -0.0203799    -0.0066906
     D2OZA-a22c      0.004     0.047       0.236     0.581     -0.003     0.832      0.567     0.567      0.407     0.562    0.524     0.554   0.778     0.074      0.066     0.00671  -1	  -0.0434929    -0.0175680
     D2OZA-a22d      0.011     0.037       0.184     0.601      0.319     0.836      0.554     0.517      0.873     0.592    0.549     0.562   0.816     0.089      0.306     0.00695  -1	   0.2218657     0.1912594
     D2OZA-a23a      0.012     0.037       0.184     0.649     -0.030     0.863      0.585     0.506      0.264     0.552    0.547     0.526   0.796     0.087      0.005     0.00800  -1	  -0.0774555     0.0484128
     D2OZA-a23b      0.011     0.027       0.138     0.575      0.189     0.854      0.582     0.526      0.230     0.512    0.517     0.514   0.721     0.114      0.310     0.00684  -1	   0.1062854     0.1292157
     D2OZA-a23c      0.008     0.035       0.161     0.559     -0.220     0.862      0.552     0.542      0.261     0.525    0.522     0.521   0.700     0.103      0.426     0.00698  -1	   0.0688543     0.0329717
     D2OZA-a23d      0.006     0.043       0.205     0.539      0.231     0.854      0.525     0.486      0.951     0.551    0.532     0.537   0.705     0.090      0.138     0.00552  -1	   0.1777243     0.1591468
     D2OZA-a24a      0.008     0.041       0.190     0.606     -0.077     0.845      0.549     0.486      0.694     0.553    0.520     0.549   0.756     0.104      0.383     0.00720  -1	   0.0109711     0.0377489
     D2OZA-a24b      0.008     0.034       0.164     0.670     -0.236     0.846      0.570     0.554      0.928     0.582    0.546     0.555   0.773     0.098      0.316     0.00702  -1	  -0.0379673     0.0189661
     D2OZA-a24c      0.005     0.036       0.173     0.691      0.001     0.847      0.572     0.618      0.785     0.592    0.551     0.561   0.781     0.106      0.119     0.00673  -1	  -0.0153534     0.0028926
     D2OZA-a24d      0.006     0.040       0.202     0.625      0.165     0.854      0.519     0.431      0.641     0.580    0.540     0.559   0.739     0.096      0.353     0.00723  -1	   0.1319248     0.1678340
     D2OZA-a25a      0.009     0.037       0.182     0.664     -0.021     0.873      0.544     0.515      0.774     0.529    0.513     0.532   0.852     0.121      0.256     0.00939  -1	  -0.0071517     0.0215273
     D2OZA-a25b      0.011     0.027       0.141     0.548      0.150     0.844      0.573     0.529      0.630     0.540    0.527     0.532   0.659     0.115      0.209     0.00663  -1	   0.0040939     0.0753296
     D2OZA-a25c      0.008     0.037       0.164     0.695      0.087     0.846      0.543     0.549      0.099     0.622    0.526     0.609   0.817     0.110      0.185     0.00811  -1	   0.0975964     0.0669567
     D2OZA-a25d      0.007     0.040       0.190     0.525      0.248     0.852      0.606     0.601      0.618     0.506    0.530     0.498   0.705     0.084      0.277     0.00949  -1	   0.1246869     0.0653137
     D2OZA-a26a      0.013     0.034       0.144     0.589     -0.291     0.861      0.625     0.652      0.365     0.649    0.514     0.643   0.653     0.141      0.113     0.01659  -1	  -0.0663615    -0.0651122
     D2OZA-a26b      0.008     0.054       0.256     0.640      0.118     0.850      0.575     0.598      0.347     0.556    0.537     0.538   0.713     0.080      0.302     0.01575  -1	   0.1744862     0.0361802
     D2OZA-a26c      0.012     0.041       0.187     0.598     -0.034     0.841      0.536     0.570      0.909     0.537    0.515     0.539   0.778     0.111      0.331     0.00817  -1	   0.0171370     0.0282368
     D2OZA-a26d      0.009     0.035       0.190     0.696     -0.150     0.863      0.587     0.597      0.883     0.523    0.519     0.522   0.788     0.079      0.376     0.00784  -1	  -0.0288687    -0.0069177
     D2OZA-a27a      0.017     0.055       0.268     0.652      0.100     0.852      0.493     0.438      0.987     0.604    0.586     0.543   0.780     0.088      0.469     0.01462  -1	   0.2076922     0.1514624
     D2OZA-a27b      0.019     0.032       0.141     0.555     -0.250     0.868      0.623     0.647      0.617     0.561    0.527     0.551   0.700     0.152      0.133     0.01615  -1	  -0.0661263    -0.0568687
     D2OZA-a27c      0.014     0.047       0.245     0.583     -0.076     0.876      0.594     0.550      0.648     0.523    0.530     0.514   0.738     0.083      0.459     0.01479  -1	   0.0623728    -0.0053691
     D2OZA-a27d      0.016     0.018       0.092     0.564     -0.037     0.868      0.608     0.583      0.618     0.515    0.512     0.520   0.778     0.172      0.405     0.00717  -1	  -0.0470914     0.0000161
     D2OZA-a28a      0.014     0.044       0.193     0.562      0.093     0.861      0.539     0.474      0.320     0.549    0.526     0.541   0.744     0.086      0.562     0.01328  -1	   0.2481491     0.1337832
     D2OZA-a28b      0.015     0.043       0.190     0.549      0.084     0.866      0.532     0.465      0.132     0.538    0.506     0.546   0.682     0.089      0.683     0.01315  -1	   0.4022759     0.1969768
     D2OZA-a28c      0.012     0.042       0.187     0.507      0.030     0.868      0.540     0.473      0.353     0.562    0.543     0.539   0.646     0.086      0.648     0.01270  -1	   0.2277061     0.1410751
     D2OZA-a28d      0.020     0.042       0.210     0.672     -0.157     0.870      0.598     0.563      0.978     0.640    0.557     0.601   0.757     0.084      0.158     0.01687  -1	   0.0223158     0.0278317
     D2OZA-a29a      0.013     0.055       0.268     0.633      0.004     0.855      0.509     0.492      0.091     0.556    0.554     0.524   0.713     0.070      0.249     0.22439  -1	   0.1628590     0.0813270
     D2OZA-a29b      0.009     0.059       0.277     0.535      0.159     0.857      0.548     0.606      0.135     0.577    0.549     0.548   0.499     0.064      0.150     0.03696  -1	   0.1396795     0.0367412
     D2OZA-a29c      0.018     0.048       0.233     0.610      0.353     0.859      0.501     0.443      0.042     0.554    0.550     0.526   0.848     0.083      0.216     0.02373  -1	   0.3393851     0.2947739
     D2OZA-a29d      0.009     0.060       0.265     0.642      0.101     0.852      0.553     0.655      0.161     0.570    0.532     0.555   0.713     0.064      0.173     0.03695  -1	   0.1422559    -0.0199726
      D2OZA-a2a      0.010     0.037       0.176     0.562     -0.093     0.865      0.624     0.653      0.866     0.629    0.591     0.564   0.738     0.092      0.104     0.00775  -1	  -0.0149138    -0.0068682
      D2OZA-a2b      0.009     0.040       0.213     0.559      0.226     0.858      0.563     0.574      0.458     0.533    0.481     0.563   0.767     0.085      0.219     0.01424  -1	   0.1088678     0.0659269
      D2OZA-a2c      0.013     0.041       0.193     0.520      0.103     0.868      0.534     0.471      0.384     0.545    0.515     0.545   0.692     0.086      0.728     0.01277  -1	   0.2967241     0.1557715
      D2OZA-a2d      0.014     0.038       0.182     0.621     -0.193     0.849      0.604     0.698      0.970     0.566    0.537     0.548   0.701     0.103      0.205     0.00812  -1	  -0.0133024    -0.0007515
     D2OZA-a30a      0.009     0.039       0.179     0.579     -0.111     0.859      0.584     0.623      0.509     0.560    0.523     0.553   0.714     0.095      0.286     0.01307  -1	  -0.0184927    -0.0497377
     D2OZA-a30c      0.008     0.060       0.262     0.574      0.080     0.851      0.558     0.634      0.598     0.545    0.533     0.531   0.612     0.065      0.190     0.03697  -1	   0.0939635     0.0247008
     D2OZA-a30d      0.008     0.023       0.101     0.549      0.017     0.880      0.601     0.623      0.714     0.546    0.525     0.538   0.646     0.194      0.149     0.01471  -1	  -0.0648475    -0.0282972
     D2OZA-a31a      0.014     0.034       0.150     0.715      0.106     0.878      0.548     0.552      0.045     0.531    0.524     0.524   0.851     0.119      0.362     0.05660  -1	   0.2784345     0.1284805
     D2OZA-a31b      0.014     0.044       0.202     0.556      0.018     0.859      0.601     0.620      0.681     0.551    0.547     0.525   0.708     0.085      0.250     0.01372  -1	   0.0292739    -0.0042350
     D2OZA-a31c      0.016     0.030       0.138     0.540      0.161     0.858      0.577     0.578      0.124     0.525    0.529     0.516   0.659     0.148      0.363     0.04721  -1	   0.1631740     0.0736609
     D2OZA-a31d      0.018     0.043       0.213     0.571      0.100     0.860      0.566     0.500      0.130     0.573    0.574     0.524   0.753     0.082      0.265     0.02331  -1	   0.1497413     0.1328765
     D2OZA-a32a      0.013     0.037       0.182     0.609      0.145     0.856      0.537     0.483      0.416     0.517    0.523     0.514   0.771     0.097      0.238     0.01903  -1	   0.0694239     0.1076455
     D2OZA-a32b      0.010     0.031       0.173     0.633     -0.087     0.877      0.612     0.666      0.946     0.545    0.531     0.533   0.756     0.088      0.157     0.03540  -1	  -0.0163243     0.0104343
     D2OZA-a32c      0.008     0.042       0.225     0.666      0.183     0.836      0.586     0.571      0.054     0.511    0.501     0.525   0.794     0.071      0.255     0.02329  -1	   0.2248134     0.1183787
     D2OZA-a32d      0.007     0.027       0.127     0.615      0.225     0.852      0.591     0.596      0.301     0.625    0.601     0.551   0.784     0.149      0.206     0.01285  -1	   0.0844656     0.0816742
     D2OZA-a33a      0.013     0.040       0.196     0.573     -0.210     0.864      0.629     0.688      0.512     0.548    0.542     0.527   0.700     0.084      0.119     0.03732  -1	  -0.0758353    -0.0764193
     D2OZA-a33b      0.010     0.043       0.207     0.626      0.055     0.849      0.544     0.506      0.024     0.539    0.504     0.549   0.761     0.073      0.148     0.01125  -1	   0.0757534     0.0890503
     D2OZA-a33c      0.006     0.045       0.207     0.518      0.132     0.836      0.556     0.520      0.266     0.538    0.534     0.524   0.692     0.081      0.278     0.01613  -1	   0.0976427     0.0697904
     D2OZA-a33d      0.011     0.043       0.196     0.661      0.271     0.846      0.516     0.481      0.179     0.531    0.511     0.535   0.872     0.079      0.228     0.01427  -1	   0.2176593     0.1772753
     D2OZA-a34a      0.014     0.045       0.202     0.656     -0.004     0.834      0.550     0.472      0.133     0.525    0.531     0.514   0.852     0.100      0.329     0.00738  -1	   0.1780710     0.1219818
     D2OZA-a34b      0.010     0.049       0.216     0.616      0.241     0.840      0.512     0.479      0.061     0.571    0.540     0.549   0.784     0.082      0.275     0.01194  -1	   0.2751525     0.1876170
     D2OZA-a34c      0.007     0.051       0.239     0.578      0.015     0.839      0.489     0.436      0.751     0.564    0.546     0.538   0.587     0.071      0.268     0.00828  -1	   0.0595541     0.1072710
     D2OZA-a34d      0.005     0.046       0.213     0.607      0.043     0.841      0.483     0.519      0.370     0.607    0.560     0.567   0.725     0.081      0.432     0.00682  -1	   0.1621400     0.0675726
     D2OZA-a35a      0.008     0.041       0.193     0.644     -0.069     0.841      0.519     0.599      0.567     0.530    0.518     0.528   0.756     0.086      0.287     0.00659  -1	   0.0005750    -0.0206272
     D2OZA-a35b      0.007     0.056       0.265     0.688     -0.090     0.836      0.478     0.446      0.372     0.588    0.544     0.561   0.747     0.071      0.196     0.00873  -1	   0.0335417     0.0450418
     D2OZA-a35c      0.007     0.039       0.199     0.634      0.142     0.853      0.570     0.522      0.050     0.512    0.510     0.519   0.771     0.087      0.298     0.01079  -1	   0.2085406     0.1427001
     D2OZA-a35d      0.010     0.045       0.216     0.515     -0.100     0.838      0.526     0.507      0.609     0.552    0.535     0.536   0.677     0.078      0.271     0.00793  -1	  -0.0130516     0.0411712
     D2OZA-a36a      0.010     0.044       0.222     0.617      0.063     0.860      0.537     0.437      0.338     0.560    0.518     0.557   0.761     0.078      0.134     0.00746  -1	   0.0184015     0.1100219
     D2OZA-a36b      0.005     0.062       0.271     0.655      0.108     0.859      0.498     0.505      0.194     0.559    0.534     0.544   0.780     0.060      0.272     0.00751  -1	   0.2109909     0.0665534
     D2OZA-a36c      0.007     0.056       0.277     0.671      0.015     0.836      0.449     0.395      0.441     0.614    0.577     0.560   0.780     0.062      0.210     0.00865  -1	   0.0749910     0.1176479
     D2OZA-a36d      0.014     0.027       0.147     0.672     -0.177     0.858      0.587     0.571      0.794     0.561    0.550     0.533   0.757     0.145      0.346     0.00493  -1	  -0.0452899    -0.0047489
     D2OZA-a37a      0.008     0.049       0.231     0.654     -0.337     0.849      0.539     0.593      0.374     0.559    0.509     0.564   0.812     0.067      0.289     0.00713  -1	   0.0172930    -0.0723636
     D2OZA-a37b      0.015     0.026       0.130     0.558     -0.224     0.859      0.582     0.586      0.439     0.556    0.518     0.553   0.700     0.133      0.373     0.00458  -1	  -0.0158114    -0.0044250
     D2OZA-a37c      0.008     0.054       0.254     0.591      0.046     0.852      0.515     0.496      0.057     0.577    0.552     0.546   0.587     0.058      0.141     0.00621  -1	   0.0831100     0.0779769
     D2OZA-a37d      0.009     0.070       0.320     0.665     -0.273     0.835      0.440     0.512      0.575     0.605    0.540     0.583   0.582     0.051      0.273     0.00799  -1	   0.0185183    -0.0025589
     D2OZA-a38a      0.006     0.042       0.202     0.623      0.297     0.854      0.494     0.457      0.693     0.533    0.519     0.532   0.816     0.084      0.181     0.00550  -1	   0.1666689     0.1869152
     D2OZA-a38b      0.006     0.051       0.239     0.601      0.172     0.836      0.522     0.499      0.983     0.558    0.553     0.527   0.778     0.069      0.131     0.00660  -1	   0.1660064     0.1299464
     D2OZA-a38c      0.006     0.053       0.242     0.658     -0.024     0.834      0.553     0.683      0.379     0.591    0.530     0.577   0.747     0.071      0.117     0.00711  -1	   0.0007235    -0.0567934
     D2OZA-a38d      0.007     0.061       0.280     0.626      0.145     0.858      0.497     0.421      0.247     0.536    0.514     0.538   0.713     0.065      0.196     0.00669  -1	   0.1660579     0.1472488
     D2OZA-a39a      0.007     0.033       0.176     0.666      0.002     0.873      0.579     0.554      0.675     0.557    0.531     0.544   0.781     0.102      0.185     0.00926  -1	  -0.0205721     0.0225305
     D2OZA-a39b      0.011     0.050       0.216     0.670     -0.205     0.851      0.546     0.511      0.867     0.579    0.520     0.574   0.773     0.092      0.077     0.00846  -1	  -0.0140685     0.0027244
     D2OZA-a39c      0.004     0.034       0.170     0.732     -0.048     0.843      0.597     0.647      0.410     0.585    0.544     0.560   0.876     0.101      0.116     0.00652  -1	  -0.0436049    -0.0426415
     D2OZA-a39d     -0.000     0.046       0.239     0.624     -0.149     0.846      0.639     0.732      0.281     0.577    0.541     0.555   0.732     0.076      0.186     0.00628  -1	  -0.0194851    -0.0939216
      D2OZA-a3a      0.009     0.036       0.159     0.487      0.286     0.852      0.599     0.601      0.504     0.546    0.546     0.522   0.672     0.098      0.320     0.01163  -1	   0.1363755     0.0742799
      D2OZA-a3b      0.011     0.038       0.167     0.606      0.278     0.846      0.581     0.602      0.618     0.559    0.525     0.549   0.816     0.110      0.308     0.01324  -1	   0.1595636     0.0712033
      D2OZA-a3c      0.014     0.048       0.219     0.566     -0.088     0.862      0.586     0.586      0.818     0.558    0.522     0.551   0.738     0.086      0.344     0.00944  -1	   0.0295530    -0.0003541
      D2OZA-a3d      0.013     0.038       0.161     0.592      0.289     0.848      0.584     0.599      0.593     0.561    0.535     0.545   0.798     0.110      0.370     0.01326  -1	   0.1889286     0.0792378
     D2OZA-a40a      0.001     0.037       0.179     0.658     -0.152     0.854      0.541     0.480      0.848     0.587    0.532     0.571   0.757     0.106      0.101     0.00665  -1	  -0.0463542     0.0309627
     D2OZA-a40b      0.004     0.044       0.213     0.631      0.155     0.858      0.549     0.570      0.398     0.590    0.546     0.563   0.739     0.069      0.116     0.00678  -1	   0.0541101     0.0548328
     D2OZA-a40c      0.007     0.039       0.182     0.611      0.135     0.851      0.561     0.500      0.354     0.541    0.510     0.546   0.771     0.104      0.332     0.00705  -1	   0.1165690     0.0950403
     D2OZA-a40d      0.002     0.041       0.196     0.651      0.151     0.846      0.528     0.459      0.509     0.585    0.537     0.565   0.794     0.096      0.353     0.00720  -1	   0.1345097     0.1349453
     D2OZA-a41a      0.012     0.030       0.161     0.627      0.053     0.862      0.579     0.512      0.433     0.534    0.520     0.532   0.761     0.108      0.106     0.00788  -1	  -0.0419535     0.0561928
     D2OZA-a41b      0.010     0.039       0.182     0.561      0.009     0.851      0.566     0.599      0.624     0.551    0.536     0.534   0.708     0.113      0.254     0.00823  -1	   0.0006066    -0.0088079
     D2OZA-a41c      0.007     0.037       0.187     0.693     -0.031     0.875      0.553     0.539      0.591     0.534    0.517     0.534   0.852     0.111      0.269     0.00899  -1	  -0.0007640    -0.0008459
     D2OZA-a41d      0.006     0.050       0.236     0.501     -0.034     0.847      0.606     0.499      0.924     0.573    0.526     0.563   0.717     0.075      0.096     0.00830  -1	   0.0624785     0.0498303
     D2OZA-a42a      0.008     0.049       0.242     0.503     -0.076     0.853      0.589     0.476      0.863     0.575    0.532     0.560   0.677     0.075      0.086     0.00817  -1	   0.0302020     0.0524998
     D2OZA-a42b      0.006     0.040       0.190     0.487      0.245     0.854      0.588     0.574      0.407     0.496    0.521     0.496   0.641     0.080      0.262     0.00945  -1	   0.1108157     0.0680674
     D2OZA-a42c      0.003     0.036       0.184     0.683     -0.173     0.851      0.536     0.505      0.325     0.551    0.541     0.529   0.757     0.098      0.312     0.00733  -1	   0.0333089     0.0398428
     D2OZA-a42d      0.016     0.029       0.141     0.597      0.001     0.866      0.578     0.539      0.597     0.572    0.525     0.563   0.708     0.111      0.442     0.00886  -1	   0.0374624     0.0492104
     D2OZA-a43a      0.013     0.047       0.216     0.597      0.136     0.852      0.547     0.514      0.252     0.549    0.509     0.554   0.753     0.078      0.341     0.02101  -1	   0.1819878     0.0887439
     D2OZA-a43b      0.019     0.036       0.176     0.482      0.117     0.862      0.559     0.596      0.175     0.625    0.511     0.623   0.627     0.092      0.197     0.01403  -1	   0.0179098    -0.0041442
     D2OZA-a43c      0.009     0.055       0.265     0.597      0.046     0.851      0.532     0.522      0.847     0.587    0.505     0.593   0.587     0.068      0.243     0.01456  -1	   0.1154557     0.0838020
     D2OZA-a43d      0.012     0.065       0.311     0.634      0.251     0.839      0.491     0.514      0.669     0.635    0.571     0.584   0.825     0.060      0.260     0.01713  -1	   0.2930302     0.1882108
     D2OZA-a44a      0.018     0.058       0.256     0.604     -0.131     0.867      0.536     0.425      0.564     0.545    0.552     0.515   0.589     0.072      0.365     0.01649  -1	   0.0665910     0.0617675
     D2OZA-a44b      0.016     0.051       0.239     0.579      0.165     0.851      0.505     0.480      0.998     0.542    0.548     0.516   0.652     0.068      0.208     0.01862  -1	   0.1955912     0.1634691
     D2OZA-a44c      0.018     0.042       0.207     0.455     -0.038     0.870      0.590     0.529      0.076     0.489    0.511     0.498   0.652     0.075      0.267     0.01917  -1	   0.0551367     0.0454087
     D2OZA-a44d      0.021     0.053       0.256     0.659     -0.075     0.859      0.564     0.468      0.054     0.544    0.549     0.516   0.747     0.066      0.399     0.01646  -1	   0.2774569     0.1519398
     D2OZA-a45a      0.023     0.080       0.378     0.649      0.042     0.859      0.550     0.485      0.007     0.566    0.537     0.547   0.713     0.048      0.209     0.02151  -1	   0.2708794     0.1315236
     D2OZA-a45b      0.009     0.047       0.259     0.552     -0.386     0.865      0.604     0.592      0.362     0.560    0.524     0.553   0.626     0.061      0.137     0.02236  -1	  -0.0725491    -0.0631345
     D2OZA-a45c      0.016     0.044       0.207     0.593      0.399     0.864      0.498     0.446      0.049     0.539    0.509     0.545   0.830     0.088      0.120     0.04382  -1	   0.2559417     0.2596473
     D2OZA-a45d      0.011     0.047       0.233     0.626     -0.072     0.853      0.548     0.583      0.069     0.529    0.498     0.545   0.756     0.083      0.167     0.06110  -1	   0.0527093    -0.0279202
     D2OZA-a46a      0.009     0.060       0.268     0.627      0.117     0.860      0.532     0.612      0.143     0.580    0.557     0.543   0.713     0.062      0.168     0.03687  -1	   0.1542894     0.0077446
     D2OZA-a46b      0.016     0.061       0.277     0.596      0.242     0.854      0.450     0.471      0.218     0.565    0.564     0.524   0.661     0.068      0.183     0.22553  -1	   0.2434934     0.1559047
     D2OZA-a46c      0.014     0.064       0.297     0.598      0.189     0.854      0.457     0.477      0.797     0.571    0.564     0.530   0.652     0.065      0.179     0.22137  -1	   0.2270622     0.1779420
     D2OZA-a46d      0.019     0.055       0.262     0.662      0.098     0.865      0.503     0.510      0.052     0.562    0.574     0.513   0.805     0.067      0.285     0.22208   1	   0.2781793     0.1129465
     D2OZA-a47a      0.014     0.046       0.213     0.720      0.051     0.866      0.558     0.521      0.015     0.575    0.533     0.559   0.841     0.091      0.224     0.02309  -1	   0.1955895     0.1232969
     D2OZA-a47b      0.015     0.046       0.216     0.649      0.227     0.869      0.568     0.550      0.075     0.542    0.540     0.523   0.784     0.094      0.214     0.02240  -1	   0.2373991     0.1399570
     D2OZA-a47c      0.011     0.062       0.294     0.662      0.179     0.875      0.501     0.483      0.025     0.544    0.537     0.527   0.845     0.059      0.204     0.23255  -1	   0.2777260     0.1408469
     D2OZA-a47d      0.014     0.046       0.216     0.663      0.106     0.874      0.548     0.540      0.179     0.563    0.539     0.542   0.827     0.094      0.198     0.02286  -1	   0.1277059     0.0617263
     D2OZA-a48a      0.014     0.051       0.254     0.559      0.335     0.856      0.538     0.578      0.227     0.518    0.502     0.532   0.727     0.075      0.183     0.11043  -1	   0.2473253     0.1149441
     D2OZA-a48b      0.007     0.048       0.225     0.638     -0.009     0.848      0.579     0.635      0.268     0.548    0.526     0.541   0.796     0.071      0.244     0.01549  -1	   0.0665727    -0.0560121
     D2OZA-a48c      0.013     0.052       0.265     0.609      0.373     0.859      0.490     0.519      0.221     0.551    0.524     0.543   0.831     0.075      0.191     0.10322  -1	   0.3156993     0.1899801
     D2OZA-a48d      0.008     0.030       0.159     0.707      0.074     0.847      0.593     0.579      0.504     0.549    0.516     0.548   0.841     0.081      0.205     0.01545  -1	   0.0105977     0.0358942
     D2OZA-a49a      0.008     0.030       0.138     0.652      0.310     0.851      0.588     0.639      0.167     0.520    0.515     0.523   0.872     0.114      0.219     0.01757  -1	   0.1727250     0.0534751
     D2OZA-a49b      0.011     0.047       0.210     0.623      0.199     0.850      0.490     0.443      0.361     0.568    0.523     0.560   0.739     0.086      0.284     0.01790  -1	   0.1739774     0.1673183
     D2OZA-a49c      0.005     0.027       0.121     0.632      0.179     0.858      0.580     0.604      0.226     0.571    0.533     0.556   0.739     0.142      0.188     0.01259  -1	   0.0478342     0.0384093
     D2OZA-a49d      0.006     0.030       0.138     0.647      0.196     0.848      0.597     0.653      0.995     0.552    0.551     0.524   0.739     0.117      0.248     0.01770  -1	   0.0948458     0.0551528
      D2OZA-a4a      0.009     0.025       0.098     0.706     -0.220     0.854      0.610     0.615      0.857     0.539    0.518     0.537   0.798     0.175      0.478     0.01186  -1	  -0.0456228    -0.0240961
      D2OZA-a4b      0.016     0.038       0.173     0.636      0.310     0.865      0.585     0.496      0.400     0.558    0.507     0.564   0.816     0.099      0.366     0.01835  -1	   0.2595321     0.2112517
      D2OZA-a4c      0.008     0.025       0.098     0.656     -0.171     0.851      0.628     0.657      0.948     0.534    0.521     0.532   0.757     0.170      0.478     0.01188  -1	  -0.0594724    -0.0276314
      D2OZA-a4d      0.009     0.035       0.176     0.525     -0.194     0.856      0.622     0.649      0.979     0.571    0.566     0.528   0.622     0.099      0.567     0.00939  -1	  -0.0154891     0.0259943
     D2OZA-a50a      0.008     0.043       0.199     0.677      0.152     0.846      0.537     0.479      0.282     0.511    0.512     0.517   0.794     0.084      0.470     0.01172  -1	   0.2724736     0.1479737
     D2OZA-a50b      0.015     0.046       0.222     0.650     -0.022     0.876      0.571     0.542      0.614     0.583    0.545     0.557   0.852     0.078      0.403     0.01566  -1	   0.0894900     0.0132202
     D2OZA-a50c      0.006     0.047       0.213     0.613      0.183     0.852      0.526     0.506      0.381     0.531    0.508     0.538   0.739     0.082      0.263     0.01845  -1	   0.1375093     0.0945212
     D2OZA-a50d      0.012     0.048       0.199     0.647     -0.024     0.836      0.518     0.490      0.984     0.548    0.540     0.528   0.796     0.091      0.246     0.00687  -1	   0.0454496     0.0586681
     D2OZA-a51a      0.006     0.036       0.164     0.556      0.024     0.854      0.500     0.419      0.493     0.543    0.514     0.545   0.708     0.106      0.131     0.00664  -1	  -0.0473762     0.1115246
     D2OZA-a51b      0.004     0.037       0.164     0.663     -0.006     0.855      0.510     0.448      0.473     0.541    0.517     0.541   0.852     0.106      0.133     0.00661  -1	  -0.0414632     0.0652069
     D2OZA-a51c      0.009     0.034       0.161     0.653     -0.280     0.848      0.566     0.601      0.800     0.549    0.512     0.551   0.726     0.101      0.190     0.00604  -1	  -0.0563693    -0.0099800
     D2OZA-a51d      0.008     0.042       0.182     0.659      0.052     0.841      0.584     0.652      0.219     0.524    0.507     0.532   0.817     0.088      0.240     0.00709  -1	   0.0869837    -0.0518675
     D2OZA-a52a      0.009     0.037       0.184     0.587     -0.314     0.847      0.582     0.530      0.503     0.526    0.503     0.538   0.738     0.092      0.173     0.00616  -1	  -0.0610373    -0.0096114
     D2OZA-a52b      0.006     0.034       0.159     0.664     -0.241     0.855      0.573     0.605      0.574     0.547    0.513     0.549   0.773     0.102      0.196     0.00590  -1	  -0.0643348    -0.0430359
     D2OZA-a52c      0.008     0.041       0.179     0.516     -0.009     0.862      0.496     0.428      0.321     0.529    0.534     0.515   0.717     0.104      0.120     0.00702  -1	  -0.0486984     0.0994156
     D2OZA-a52d      0.011     0.047       0.225     0.670     -0.014     0.879      0.554     0.426      0.039     0.529    0.494     0.548   0.852     0.069      0.048     0.00716  -1	   0.0050902     0.1386097
     D2OZA-a53a      0.009     0.035       0.179     0.616      0.013     0.855      0.554     0.540      0.857     0.537    0.527     0.528   0.725     0.104      0.405     0.00531  -1	   0.0278750     0.0497835
     D2OZA-a53b      0.007     0.042       0.213     0.665     -0.384     0.856      0.639     0.618      0.679     0.578    0.518     0.574   0.699     0.068      0.084     0.00693  -1	  -0.0730429    -0.0412565
     D2OZA-a53c      0.009     0.049       0.239     0.582      0.264     0.829      0.525     0.483      0.152     0.583    0.539     0.561   0.798     0.068      0.189     0.00669  -1	   0.1909415     0.1639771
     D2OZA-a53d      0.009     0.041       0.207     0.613     -0.084     0.844      0.549     0.606      0.885     0.552    0.521     0.547   0.756     0.082      0.231     0.00637  -1	  -0.0007427     0.0197184
     D2OZA-a54a      0.002     0.044       0.222     0.607     -0.120     0.850      0.552     0.608      0.406     0.566    0.514     0.566   0.732     0.072      0.205     0.00735  -1	  -0.0302532    -0.0518639
     D2OZA-a54b      0.007     0.053       0.251     0.658      0.085     0.832      0.520     0.529      0.899     0.615    0.567     0.569   0.805     0.071      0.162     0.00671  -1	   0.1084044     0.0847244
     D2OZA-a54c      0.006     0.056       0.274     0.482     -0.332     0.857      0.580     0.598      0.847     0.552    0.506     0.559   0.118     0.059      0.241     0.00772  -1	  -0.0124683    -0.0271462
     D2OZA-a54d      0.007     0.038       0.193     0.574     -0.246     0.854      0.610     0.683      0.946     0.541    0.512     0.545   0.700     0.075      0.262     0.00709  -1	  -0.0291189    -0.0047476
     D2OZA-a55a      0.007     0.050       0.239     0.631      0.131     0.829      0.533     0.545      0.405     0.562    0.514     0.562   0.771     0.072      0.074     0.00679  -1	   0.0372716     0.0364996
     D2OZA-a55b      0.003     0.052       0.262     0.632      0.196     0.844      0.526     0.499      0.453     0.558    0.521     0.553   0.778     0.060      0.282     0.00667  -1	   0.1830700     0.1249461
     D2OZA-a55c      0.002     0.054       0.254     0.694      0.068     0.839      0.505     0.491      0.175     0.621    0.564     0.577   0.805     0.074      0.123     0.00679  -1	   0.0811125     0.0709973
     D2OZA-a55d      0.002     0.044       0.207     0.633      0.228     0.843      0.555     0.633      0.186     0.587    0.554     0.553   0.784     0.080      0.170     0.00656  -1	   0.1426296     0.0310121
     D2OZA-a56a      0.012     0.034       0.156     0.706     -0.041     0.872      0.584     0.637      0.339     0.524    0.527     0.517   0.876     0.086      0.080     0.00658  -1	  -0.0514179    -0.0518061
     D2OZA-a56b      0.007     0.041       0.216     0.562      0.006     0.835      0.559     0.550      0.435     0.562    0.543     0.540   0.708     0.075      0.042     0.00688  -1	  -0.0620089     0.0057060
     D2OZA-a56c      0.006     0.046       0.222     0.715     -0.103     0.845      0.577     0.584      0.570     0.575    0.532     0.561   0.812     0.083      0.192     0.00629  -1	  -0.0167561    -0.0275413
     D2OZA-a56d      0.008     0.042       0.207     0.615     -0.157     0.848      0.614     0.650      0.626     0.561    0.545     0.536   0.701     0.085      0.256     0.00621  -1	  -0.0301750    -0.0494059
     D2OZA-a57a      0.010     0.048       0.219     0.529      0.111     0.848      0.597     0.595      0.240     0.547    0.548     0.521   0.692     0.083      0.346     0.00670  -1	   0.1578808     0.0154713
     D2OZA-a57b      0.009     0.043       0.199     0.606      0.028     0.843      0.588     0.632      0.555     0.549    0.530     0.538   0.725     0.086      0.309     0.00571  -1	   0.0453265    -0.0247734
     D2OZA-a57c      0.008     0.052       0.239     0.472      0.117     0.836      0.608     0.645      0.107     0.543    0.534     0.528   0.316     0.074      0.153     0.00654  -1	   0.0688770    -0.0072798
     D2OZA-a57d      0.004     0.049       0.233     0.539     -0.025     0.841      0.611     0.496      0.817     0.579    0.534     0.561   0.717     0.074      0.094     0.00832  -1	   0.0221840     0.0417669
     D2OZA-a58a      0.005     0.049       0.233     0.484     -0.024     0.846      0.618     0.538      0.723     0.550    0.527     0.541   0.652     0.080      0.090     0.00825  -1	   0.0033818     0.0167303
     D2OZA-a58b      0.009     0.053       0.233     0.540      0.035     0.836      0.562     0.439      0.154     0.553    0.551     0.524   0.434     0.083      0.161     0.00820  -1	   0.0584741     0.1201686
     D2OZA-a58c      0.011     0.053       0.259     0.554      0.009     0.870      0.664     0.659      0.496     0.572    0.539     0.551   0.587     0.058      0.275     0.01024  -1	   0.0713105     0.0021531
     D2OZA-a58d      0.009     0.054       0.236     0.632     -0.018     0.844      0.560     0.416      0.465     0.589    0.557     0.553   0.680     0.078      0.146     0.00840  -1	   0.0173344     0.0902898
     D2OZA-a59a      0.010     0.058       0.274     0.655      0.031     0.863      0.631     0.653      0.957     0.620    0.568     0.573   0.780     0.056      0.363     0.01063  -1	   0.1570367     0.0666338
     D2OZA-a59b      0.020     0.037       0.182     0.628      0.130     0.872      0.589     0.539      0.287     0.553    0.540     0.532   0.771     0.079      0.223     0.00850  -1	   0.0969978     0.0988767
     D2OZA-a59c      0.012     0.041       0.196     0.570      0.239     0.870      0.554     0.496      0.063     0.525    0.519     0.524   0.767     0.085      0.305     0.00840  -1	   0.2463560     0.1892464
     D2OZA-a59d      0.008     0.050       0.231     0.783      0.095     0.851      0.472     0.468      0.014     0.590    0.527     0.577   0.821     0.072      0.251     0.01195  -1	   0.2736851     0.1740187
      D2OZA-a5a      0.014     0.028       0.130     0.666      0.229     0.888      0.600     0.583      0.912     0.581    0.554     0.548   0.840     0.150      0.185     0.01980  -1	   0.1111720     0.0814395
      D2OZA-a5b      0.009     0.039       0.187     0.541      0.122     0.855      0.585     0.593      0.328     0.552    0.546     0.526   0.692     0.102      0.260     0.00893  -1	   0.0687852     0.0177214
      D2OZA-a5c      0.011     0.028       0.135     0.635      0.215     0.874      0.568     0.550      0.390     0.523    0.522     0.519   0.784     0.132      0.417     0.01113  -1	   0.1701938     0.1045976
      D2OZA-a5d      0.007     0.025       0.098     0.698     -0.174     0.858      0.599     0.599      0.740     0.556    0.538     0.537   0.757     0.175      0.502     0.01183  -1	  -0.0146658    -0.0185286
     D2OZA-a60a      0.013     0.040       0.199     0.568      0.255     0.856      0.555     0.497      0.081     0.505    0.507     0.515   0.798     0.081      0.346     0.00842  -1	   0.2752159     0.1934823
     D2OZA-a60b      0.009     0.055       0.262     0.536      0.004     0.863      0.545     0.579      0.739     0.614    0.529     0.598   0.434     0.062      0.322     0.01048  -1	   0.0979791     0.0577708
     D2OZA-a60c      0.008     0.057       0.274     0.559      0.095     0.860      0.516     0.545      0.179     0.606    0.535     0.588   0.612     0.061      0.306     0.01042  -1	   0.1837007     0.0482865
     D2OZA-a60d      0.014     0.051       0.239     0.617     -0.022     0.871      0.535     0.468      0.984     0.615    0.606     0.536   0.680     0.083      0.266     0.01271  -1	   0.0994947     0.0993217
     D2OZA-a61a      0.015     0.045       0.207     0.605     -0.034     0.853      0.591     0.587      0.337     0.508    0.500     0.524   0.796     0.081      0.348     0.01332  -1	   0.0832967    -0.0346608
     D2OZA-a61b      0.013     0.044       0.213     0.620     -0.060     0.853      0.589     0.584      0.238     0.506    0.499     0.523   0.756     0.081      0.314     0.01299  -1	   0.0861571    -0.0208837
     D2OZA-a61c      0.023     0.092       0.389     0.669      0.049     0.860      0.500     0.474      0.004     0.629    0.563     0.586   0.780     0.048      0.144     0.02143  -1	   0.2548064     0.0840923
     D2OZA-a61d      0.008     0.052       0.256     0.502      0.004     0.873      0.549     0.583      0.071     0.558    0.522     0.552   0.434     0.063      0.345     0.01021  -1	   0.1539560     0.0028029
     D2OZA-a62a      0.015     0.054       0.259     0.680      0.193     0.864      0.504     0.458      0.076     0.595    0.557     0.557   0.845     0.072      0.191     0.02431  -1	   0.2451162     0.1931664
     D2OZA-a62b      0.023     0.081       0.372     0.622      0.166     0.853      0.557     0.483      0.054     0.550    0.535     0.533   0.778     0.045      0.199     0.02140  -1	   0.3239576     0.1756467
     D2OZA-a62c      0.020     0.051       0.259     0.649     -0.215     0.857      0.575     0.525      0.056     0.559    0.545     0.534   0.570     0.080      0.195     0.02992  -1	   0.0812040     0.0534811
     D2OZA-a62d      0.020     0.048       0.245     0.542      0.009     0.857      0.544     0.517      0.457     0.525    0.515     0.527   0.646     0.066      0.165     0.02191  -1	   0.0193580     0.0417614
     D2OZA-a63a      0.018     0.052       0.265     0.578      0.111     0.858      0.536     0.516      0.404     0.553    0.553     0.523   0.587     0.064      0.222     0.01952  -1	   0.1233404     0.0952731
     D2OZA-a63b      0.021     0.050       0.245     0.677      0.140     0.872      0.486     0.367      0.056     0.576    0.533     0.560   0.827     0.066      0.181     0.03567  -1	   0.1950762     0.2778555
     D2OZA-a63c      0.015     0.037       0.182     0.691     -0.146     0.872      0.588     0.569      0.141     0.554    0.538     0.536   0.788     0.099      0.223     0.02292  -1	   0.0589237     0.0216997
     D2OZA-a63d      0.024     0.086       0.401     0.599      0.030     0.858      0.549     0.484      0.081     0.588    0.555     0.553   0.587     0.045      0.243     0.02146  -1	   0.2761002     0.1236847
     D2OZA-a64a      0.015     0.045       0.210     0.665      0.060     0.866      0.572     0.553      0.061     0.582    0.500     0.592   0.817     0.097      0.226     0.02365  -1	   0.1463362     0.0559192
     D2OZA-a64b      0.015     0.043       0.207     0.603      0.143     0.870      0.586     0.559      0.081     0.588    0.526     0.576   0.771     0.095      0.234     0.02204  -1	   0.1584583     0.0817122
     D2OZA-a64c      0.014     0.048       0.245     0.604      0.310     0.862      0.489     0.515      0.376     0.532    0.511     0.536   0.816     0.076      0.166     0.11318  -1	   0.2085723     0.1468146
     D2OZA-a64d      0.013     0.041       0.199     0.580      0.062     0.860      0.554     0.592      0.496     0.552    0.523     0.546   0.744     0.087      0.143     0.04099  -1	   0.0027920    -0.0003569
     D2OZA-a65a      0.014     0.034       0.156     0.651      0.000     0.870      0.551     0.509      0.532     0.536    0.516     0.536   0.781     0.101      0.282     0.02292  -1	   0.0111375     0.0507873
     D2OZA-a65b      0.009     0.049       0.231     0.699      0.223     0.852      0.580     0.494      0.029     0.557    0.522     0.550   0.840     0.064      0.078     0.03910  -1	   0.1611454     0.2107479
     D2OZA-a65c      0.009     0.041       0.184     0.654      0.070     0.856      0.600     0.641      0.673     0.564    0.558     0.528   0.817     0.092      0.158     0.03079  -1	   0.0209229    -0.0062348
     D2OZA-a65d      0.014     0.050       0.265     0.600      0.355     0.860      0.490     0.511      0.489     0.565    0.559     0.528   0.848     0.072      0.198     0.11177  -1	   0.2845320     0.2156749
     D2OZA-a66a      0.014     0.034       0.164     0.587      0.013     0.865      0.566     0.527      0.795     0.534    0.522     0.530   0.708     0.102      0.237     0.02201  -1	   0.0017077     0.0501484
     D2OZA-a66b      0.014     0.043       0.193     0.567      0.093     0.873      0.491     0.441      0.196     0.513    0.513     0.518   0.744     0.089      0.241     0.01278  -1	   0.0901302     0.1427506
     D2OZA-a66c      0.011     0.042       0.205     0.594      0.294     0.837      0.591     0.583      0.639     0.530    0.526     0.523   0.798     0.074      0.206     0.01214  -1	   0.1634054     0.1112946
     D2OZA-a66d      0.013     0.041       0.173     0.539      0.127     0.858      0.507     0.465      0.107     0.538    0.524     0.532   0.692     0.088      0.316     0.01489  -1	   0.1525301     0.1657374
     D2OZA-a67a      0.014     0.042       0.170     0.570      0.120     0.867      0.514     0.481      0.065     0.570    0.569     0.524   0.753     0.090      0.393     0.01470  -1	   0.2580711     0.1908008
     D2OZA-a67b      0.008     0.040       0.207     0.644     -0.013     0.844      0.579     0.547      0.045     0.510    0.514     0.515   0.796     0.083      0.342     0.01045  -1	   0.1912070     0.0717960
     D2OZA-a67c      0.013     0.040       0.193     0.594      0.117     0.866      0.496     0.450      0.138     0.517    0.536     0.502   0.753     0.090      0.245     0.01338  -1	   0.1265423     0.1673632
     D2OZA-a67d      0.010     0.041       0.187     0.507      0.193     0.857      0.578     0.561      0.924     0.565    0.522     0.558   0.659     0.086      0.193     0.01132  -1	   0.1448215     0.1001604
     D2OZA-a68a      0.007     0.041       0.225     0.507     -0.275     0.849      0.512     0.539      0.948     0.565    0.543     0.541   0.591     0.074      0.198     0.00749  -1	  -0.0151953     0.0770308
     D2OZA-a68b      0.007     0.041       0.207     0.546      0.312     0.853      0.554     0.504      0.114     0.531    0.526     0.524   0.737     0.079      0.356     0.00630  -1	   0.3050273     0.2143031
     D2OZA-a68c      0.006     0.040       0.199     0.620      0.277     0.850      0.576     0.517      0.742     0.554    0.530     0.542   0.816     0.082      0.369     0.00623  -1	   0.2044970     0.1565230
     D2OZA-a68d      0.004     0.037       0.202     0.642     -0.002     0.867      0.597     0.617      0.672     0.555    0.523     0.549   0.796     0.080      0.152     0.00787  -1	  -0.0227789    -0.0045237
     D2OZA-a69a      0.007     0.041       0.207     0.479      0.395     0.856      0.566     0.520      0.176     0.539    0.522     0.535   0.704     0.079      0.343     0.00636  -1	   0.3124290     0.2236287
     D2OZA-a69b      0.007     0.041       0.207     0.528      0.359     0.848      0.579     0.519      0.273     0.539    0.528     0.529   0.769     0.081      0.376     0.00630  -1	   0.3032188     0.2135703
     D2OZA-a69c      0.008     0.033       0.159     0.604     -0.117     0.857      0.581     0.663      0.818     0.511    0.489     0.535   0.732     0.113      0.236     0.00599  -1	  -0.0443752    -0.0242314
     D2OZA-a69d      0.005     0.035       0.170     0.600      0.006     0.855      0.512     0.442      0.427     0.532    0.511     0.536   0.725     0.107      0.145     0.00664  -1	  -0.0426497     0.0893685
      D2OZA-a6a      0.013     0.027       0.138     0.601     -0.066     0.877      0.604     0.576      0.323     0.519    0.525     0.514   0.756     0.123      0.458     0.01772  -1	   0.0803684     0.0107903
      D2OZA-a6b      0.011     0.028       0.127     0.595      0.179     0.864      0.572     0.567      0.473     0.538    0.527     0.530   0.721     0.153      0.503     0.01037  -1	   0.1482931     0.0648624
      D2OZA-a6c      0.006     0.047       0.222     0.603      0.054     0.848      0.532     0.467      0.834     0.583    0.546     0.556   0.761     0.078      0.320     0.00629  -1	   0.0821417     0.0976892
      D2OZA-a6d      0.009     0.023       0.104     0.686     -0.099     0.865      0.593     0.602      0.407     0.509    0.511     0.515   0.812     0.150      0.287     0.00829  -1	  -0.0177877    -0.0194535
     D2OZA-a70a      0.006     0.034       0.156     0.698     -0.099     0.842      0.594     0.668      0.692     0.572    0.532     0.557   0.812     0.107      0.179     0.00589  -1	  -0.0487140    -0.0460807
     D2OZA-a70b     -0.002     0.031       0.179     0.570     -0.136     0.787      0.554     0.609      0.821     0.703    0.442     0.742   0.714     0.085      0.244     0.00761  -1	  -0.0194929     0.0229488
     D2OZA-a70c      0.009     0.041       0.210     0.542      0.346     0.863      0.523     0.433      0.461     0.555    0.526     0.546   0.737     0.087      0.420     0.00696  -1	   0.3020153     0.2899266
     D2OZA-a70d      0.002     0.034       0.164     0.609     -0.095     0.857      0.529     0.510      0.722     0.588    0.552     0.557   0.756     0.098      0.235     0.00612  -1	  -0.0453113     0.0446785
     D2OZA-a71a      0.006     0.040       0.193     0.688      0.109     0.849      0.505     0.497      0.542     0.564    0.560     0.526   0.827     0.095      0.286     0.00498  -1	   0.0884957     0.0847580
     D2OZA-a71b      0.002     0.042       0.202     0.606      0.075     0.834      0.579     0.606      0.581     0.559    0.525     0.551   0.761     0.079      0.171     0.00621  -1	   0.0104051     0.0002025
     D2OZA-a71c      0.005     0.042       0.213     0.637      0.044     0.835      0.545     0.550      0.575     0.589    0.557     0.552   0.725     0.077      0.146     0.00614  -1	   0.0055445     0.0378021
     D2OZA-a71d      0.002     0.052       0.265     0.629      0.203     0.842      0.530     0.510      0.404     0.570    0.534     0.553   0.787     0.060      0.282     0.00668  -1	   0.1955881     0.1258052
     D2OZA-a72a      0.009     0.034       0.167     0.616      0.261     0.846      0.627     0.672      0.832     0.539    0.522     0.535   0.816     0.088      0.239     0.00497  -1	   0.1312501     0.0600498
     D2OZA-a72b      0.005     0.040       0.199     0.583     -0.212     0.849      0.616     0.652      0.439     0.531    0.524     0.525   0.700     0.090      0.282     0.00588  -1	  -0.0263588    -0.0794023
     D2OZA-a72c      0.004     0.044       0.205     0.683     -0.121     0.839      0.585     0.619      0.606     0.601    0.568     0.556   0.788     0.076      0.214     0.00627  -1	  -0.0213118    -0.0359863
     D2OZA-a72d      0.003     0.056       0.280     0.634      0.228     0.838      0.484     0.627      0.307     0.583    0.537     0.563   0.787     0.063      0.170     0.00627  -1	   0.1796961     0.0414755
     D2OZA-a73a      0.007     0.039       0.196     0.624      0.130     0.847      0.603     0.659      0.411     0.532    0.519     0.532   0.771     0.093      0.121     0.00551  -1	   0.0172670    -0.0146268
     D2OZA-a73b      0.014     0.053       0.242     0.623     -0.127     0.838      0.558     0.546      0.076     0.562    0.543     0.538   0.589     0.065      0.247     0.00551  -1	   0.1139503     0.0346910
     D2OZA-a73c      0.007     0.036       0.173     0.548      0.237     0.867      0.585     0.525      0.230     0.539    0.530     0.528   0.705     0.106      0.115     0.00540  -1	   0.0528209     0.1042859
     D2OZA-a73d      0.005     0.036       0.184     0.618     -0.043     0.855      0.613     0.641      0.550     0.551    0.540     0.531   0.796     0.097      0.220     0.00569  -1	  -0.0312036    -0.0480448
     D2OZA-a74a      0.006     0.035       0.170     0.615     -0.087     0.859      0.628     0.659      0.611     0.531    0.516     0.532   0.756     0.095      0.227     0.00567  -1	  -0.0462531    -0.0575800
     D2OZA-a74b      0.009     0.035       0.164     0.602      0.118     0.861      0.582     0.535      0.656     0.574    0.554     0.541   0.771     0.094      0.090     0.00531  -1	   0.0050115     0.0574181
     D2OZA-a74c      0.009     0.036       0.182     0.645      0.249     0.849      0.582     0.602      0.655     0.553    0.522     0.548   0.784     0.081      0.240     0.00561  -1	   0.1324375     0.0921668
     D2OZA-a74d      0.010     0.050       0.239     0.587      0.161     0.838      0.576     0.595      0.128     0.609    0.589     0.545   0.721     0.086      0.354     0.00649  -1	   0.2769312     0.0729711
     D2OZA-a75a      0.018     0.043       0.219     0.663     -0.117     0.865      0.561     0.488      0.159     0.554    0.534     0.540   0.788     0.080      0.266     0.00849  -1	   0.0881992     0.0779367
     D2OZA-a75b      0.011     0.048       0.225     0.670      0.018     0.861      0.551     0.530      0.208     0.554    0.536     0.537   0.781     0.082      0.276     0.00716  -1	   0.1330066     0.0491922
     D2OZA-a75c      0.020     0.043       0.216     0.638     -0.116     0.868      0.556     0.486      0.222     0.537    0.512     0.541   0.732     0.084      0.158     0.00837  -1	   0.0023394     0.0512357
     D2OZA-a75d      0.011     0.049       0.228     0.623      0.157     0.863      0.541     0.505      0.043     0.544    0.541     0.524   0.739     0.076      0.355     0.00738  -1	   0.3085749     0.1620512
     D2OZA-a76a      0.014     0.051       0.242     0.676     -0.042     0.872      0.534     0.479      0.036     0.571    0.541     0.549   0.747     0.081      0.257     0.01246  -1	   0.1722736     0.1150875
     D2OZA-a76b      0.016     0.051       0.245     0.596     -0.116     0.882      0.563     0.514      0.160     0.619    0.562     0.577   0.463     0.081      0.325     0.01308  -1	   0.1222842     0.0493276
     D2OZA-a76c      0.014     0.050       0.228     0.613      0.034     0.869      0.537     0.486      0.280     0.629    0.589     0.565   0.725     0.086      0.249     0.01258  -1	   0.1084204     0.0902861
     D2OZA-a76d      0.015     0.050       0.233     0.622     -0.001     0.860      0.526     0.483      0.014     0.582    0.556     0.546   0.796     0.086      0.255     0.01269  -1	   0.1735333     0.1112604
     D2OZA-a77a      0.016     0.050       0.242     0.702     -0.003     0.862      0.519     0.460      0.012     0.559    0.542     0.537   0.876     0.088      0.252     0.01247  -1	   0.2072610     0.1437793
     D2OZA-a77b      0.014     0.051       0.236     0.598     -0.037     0.866      0.556     0.519      0.414     0.610    0.591     0.545   0.554     0.085      0.255     0.01249  -1	   0.0643994     0.0445490
     D2OZA-a77c      0.014     0.051       0.236     0.645     -0.054     0.870      0.579     0.545      0.029     0.620    0.585     0.561   0.680     0.083      0.268     0.01233  -1	   0.1740984     0.0732028
     D2OZA-a77d      0.015     0.051       0.242     0.706      0.023     0.862      0.514     0.443      0.296     0.601    0.592     0.534   0.834     0.085      0.246     0.01257  -1	   0.1340996     0.1221738
     D2OZA-a78a      0.020     0.038       0.167     0.689      0.107     0.872      0.539     0.484      0.412     0.566    0.527     0.556   0.827     0.139      0.299     0.01194  -1	   0.1160790     0.0984618
     D2OZA-a78b      0.021     0.045       0.216     0.666     -0.043     0.860      0.551     0.509      0.044     0.501    0.505     0.513   0.852     0.080      0.300     0.02246  -1	   0.1881559     0.0879866
     D2OZA-a78c      0.023     0.040       0.176     0.630      0.250     0.874      0.538     0.483      0.560     0.589    0.571     0.541   0.816     0.126      0.320     0.01223  -1	   0.2022352     0.1720604
     D2OZA-a78d      0.019     0.037       0.164     0.669      0.205     0.871      0.550     0.491      0.512     0.539    0.521     0.535   0.840     0.135      0.311     0.01221  -1	   0.1434701     0.1193319
     D2OZA-a79a      0.021     0.053       0.248     0.580      0.081     0.860      0.486     0.450      0.156     0.540    0.526     0.532   0.612     0.070      0.145     0.02386  -1	   0.0928593     0.1123424
     D2OZA-a79b      0.019     0.055       0.262     0.551      0.025     0.857      0.535     0.504      0.020     0.547    0.540     0.528   0.587     0.069      0.160     0.02347  -1	   0.1025229     0.0716427
     D2OZA-a79c      0.015     0.052       0.268     0.623      0.102     0.874      0.515     0.425      0.152     0.573    0.524     0.565   0.713     0.063      0.162     0.03614  -1	   0.1178210     0.1598621
     D2OZA-a79d      0.020     0.049       0.251     0.569      0.018     0.857      0.545     0.542      0.755     0.517    0.501     0.531   0.708     0.064      0.221     0.02337  -1	   0.0619604     0.0572261
      D2OZA-a7a      0.010     0.049       0.207     0.575     -0.173     0.875      0.574     0.500      0.969     0.577    0.551     0.547   0.684     0.091      0.316     0.00830  -1	   0.0189890     0.0374073
      D2OZA-a7b      0.003     0.039       0.196     0.559     -0.425     0.852      0.536     0.515      0.810     0.532    0.514     0.534   0.566     0.085      0.345     0.00828  -1	  -0.0453104     0.0404664
      D2OZA-a7c      0.007     0.029       0.138     0.628     -0.067     0.849      0.546     0.507      0.551     0.529    0.514     0.532   0.756     0.133      0.529     0.00677  -1	   0.0455960     0.0534587
      D2OZA-a7d      0.006     0.037       0.184     0.561     -0.371     0.852      0.574     0.567      0.796     0.525    0.514     0.527   0.626     0.091      0.258     0.00832  -1	  -0.0507067     0.0022718
     D2OZA-a80a      0.009     0.053       0.245     0.659      0.138     0.854      0.556     0.564      0.044     0.571    0.547     0.544   0.780     0.072      0.208     0.02671  -1	   0.2074904     0.0791538
     D2OZA-a80b      0.010     0.053       0.262     0.665      0.017     0.862      0.470     0.414      0.086     0.549    0.536     0.532   0.780     0.056      0.204     0.02013  -1	   0.1334265     0.1521952
     D2OZA-a80c      0.010     0.055       0.277     0.628      0.132     0.870      0.487     0.422      0.009     0.557    0.524     0.549   0.713     0.064      0.167     0.02533  -1	   0.1811124     0.1841056
     D2OZA-a80d      0.018     0.049       0.254     0.630      0.072     0.867      0.538     0.471      0.113     0.542    0.528     0.533   0.761     0.067      0.166     0.04124  -1	   0.1100975     0.1217604
     D2OZA-a81a      0.011     0.036       0.176     0.562     -0.180     0.844      0.592     0.630      0.838     0.539    0.527     0.530   0.684     0.099      0.161     0.01941  -1	  -0.0403758    -0.0107094
     D2OZA-a81b      0.012     0.033       0.167     0.748      0.230     0.871      0.572     0.491      0.985     0.557    0.548     0.530   0.864     0.113      0.357     0.03352  -1	   0.1726814     0.1504923
     D2OZA-a81c      0.011     0.035       0.193     0.483      0.236     0.872      0.546     0.426      0.924     0.590    0.571     0.542   0.641     0.090      0.372     0.03174  -1	   0.1938584     0.2520525
     D2OZA-a81d      0.013     0.034       0.170     0.609     -0.062     0.867      0.590     0.569      0.396     0.523    0.509     0.530   0.756     0.132      0.259     0.03924  -1	  -0.0060734    -0.0167568
     D2OZA-a82a      0.012     0.032       0.159     0.681      0.178     0.857      0.532     0.511      0.514     0.544    0.520     0.540   0.794     0.112      0.235     0.00717  -1	   0.0779796     0.1048430
     D2OZA-a82b      0.002     0.059       0.259     0.720      0.108     0.842      0.502     0.629      0.196     0.581    0.543     0.557   0.834     0.072      0.188     0.01169  -1	   0.1608565    -0.0284468
     D2OZA-a82c      0.009     0.032       0.164     0.660      0.031     0.849      0.610     0.681      0.811     0.634    0.599     0.561   0.781     0.106      0.093     0.01503  -1	  -0.0027273     0.0105680
     D2OZA-a82d      0.011     0.030       0.150     0.614      0.203     0.862      0.579     0.581      0.459     0.536    0.528     0.527   0.784     0.115      0.153     0.00715  -1	   0.0354644     0.0493581
     D2OZA-a83a      0.010     0.030       0.147     0.568      0.443     0.856      0.556     0.623      0.539     0.539    0.528     0.528   0.804     0.152      0.224     0.01176  -1	   0.2096967     0.1210481
     D2OZA-a83b      0.010     0.036       0.210     0.666      0.052     0.851      0.586     0.503      0.146     0.600    0.560     0.561   0.817     0.068      0.244     0.05452  -1	   0.1123483     0.1448403
     D2OZA-a83c      0.007     0.038       0.193     0.657     -0.057     0.860      0.554     0.560      0.738     0.574    0.552     0.543   0.812     0.082      0.278     0.00732  -1	  -0.0047410     0.0141413
     D2OZA-a83d      0.008     0.031       0.156     0.619      0.439     0.859      0.548     0.595      0.657     0.552    0.524     0.545   0.822     0.152      0.264     0.01165  -1	   0.2471831     0.1643584
     D2OZA-a84a      0.009     0.045       0.216     0.658     -0.018     0.859      0.517     0.619      0.731     0.532    0.529     0.523   0.852     0.083      0.305     0.00607  -1	   0.0277428    -0.0143728
     D2OZA-a84b      0.007     0.047       0.231     0.701     -0.009     0.852      0.566     0.604      0.299     0.579    0.551     0.549   0.876     0.070      0.215     0.00746  -1	   0.0633435    -0.0274004
     D2OZA-a84c      0.003     0.034       0.156     0.648     -0.345     0.849      0.625     0.628      0.273     0.575    0.526     0.565   0.756     0.117      0.350     0.00538  -1	   0.0650584    -0.0459346
     D2OZA-a84d      0.006     0.038       0.199     0.511      0.296     0.859      0.545     0.489      0.243     0.546    0.528     0.536   0.737     0.087      0.378     0.00625  -1	   0.2426494     0.2031120
     D2OZA-a85a      0.013     0.043       0.222     0.461      0.378     0.870      0.483     0.382      0.492     0.552    0.524     0.545   0.704     0.088      0.461     0.00708  -1	   0.3410383     0.3789353
     D2OZA-a85b      0.007     0.031       0.179     0.607      0.122     0.861      0.600     0.642      0.724     0.564    0.523     0.557   0.771     0.100      0.070     0.00515  -1	   0.0084609     0.0251179
     D2OZA-a85c      0.007     0.047       0.233     0.627      0.261     0.847      0.485     0.527      0.226     0.565    0.541     0.545   0.816     0.081      0.192     0.00763  -1	   0.1890537     0.1051155
     D2OZA-a85d      0.004     0.034       0.179     0.540     -0.033     0.851      0.622     0.680      0.578     0.552    0.532     0.538   0.717     0.094      0.027     0.00524  -1	  -0.0844818    -0.0533048
     D2OZA-a86a      0.004     0.044       0.207     0.675      0.009     0.838      0.545     0.547      0.475     0.574    0.549     0.545   0.781     0.076      0.222     0.00623  -1	   0.0282796     0.0181671
     D2OZA-a86b      0.006     0.042       0.196     0.662      0.022     0.845      0.547     0.540      0.176     0.564    0.534     0.548   0.781     0.075      0.197     0.00616  -1	   0.0641246     0.0438896
     D2OZA-a86c      0.006     0.042       0.205     0.653      0.029     0.839      0.558     0.561      0.361     0.549    0.515     0.550   0.781     0.080      0.163     0.00617  -1	   0.0092448     0.0067100
     D2OZA-a86d      0.005     0.044       0.213     0.661     -0.028     0.832      0.582     0.604      0.683     0.578    0.536     0.560   0.852     0.078      0.222     0.00624  -1	   0.0015180    -0.0198874
     D2OZA-a87a      0.007     0.043       0.199     0.667     -0.122     0.862      0.555     0.556      0.283     0.532    0.524     0.527   0.788     0.081      0.257     0.00635  -1	   0.0331487    -0.0149614
     D2OZA-a87b      0.006     0.041       0.193     0.658     -0.079     0.834      0.571     0.588      0.859     0.590    0.561     0.550   0.812     0.077      0.227     0.00617  -1	  -0.0060075     0.0068969
     D2OZA-a87c      0.004     0.041       0.199     0.673      0.106     0.844      0.555     0.567      0.681     0.588    0.554     0.554   0.827     0.083      0.186     0.00623  -1	   0.0488362     0.0456492
     D2OZA-a87d      0.005     0.044       0.205     0.752     -0.022     0.847      0.545     0.553      0.408     0.583    0.564     0.541   0.855     0.077      0.225     0.00634  -1	   0.0505311     0.0135177
     D2OZA-a88a      0.003     0.047       0.231     0.630      0.331     0.856      0.551     0.535      0.457     0.590    0.569     0.544   0.816     0.079      0.192     0.00676  -1	   0.2322935     0.1885353
     D2OZA-a88b      0.007     0.038       0.190     0.660      0.061     0.832      0.576     0.604      0.783     0.554    0.545     0.529   0.817     0.086      0.361     0.00526  -1	   0.0537231     0.0148621
     D2OZA-a88c      0.012     0.040       0.193     0.622      0.446     0.855      0.564     0.602      0.633     0.565    0.539     0.545   0.822     0.097      0.166     0.00571  -1	   0.2900866     0.2024473
     D2OZA-a88d      0.011     0.035       0.176     0.642      0.097     0.859      0.565     0.619      0.237     0.559    0.528     0.548   0.761     0.098      0.303     0.00536  -1	   0.1216599     0.0072354
     D2OZA-a89a      0.004     0.064       0.294     0.617      0.265     0.848      0.522     0.524      0.034     0.559    0.534     0.543   0.825     0.062      0.228     0.00694  -1	   0.3274323     0.1340369
     D2OZA-a89b      0.009     0.038       0.176     0.555      0.239     0.850      0.564     0.635      0.338     0.534    0.505     0.544   0.767     0.088      0.254     0.00612  -1	   0.1151240     0.0058256
     D2OZA-a89c     -0.001     0.066       0.291     0.645      0.180     0.850      0.501     0.492      0.493     0.580    0.556     0.545   0.778     0.065      0.235     0.00693  -1	   0.1990387     0.1070453
     D2OZA-a89d      0.012     0.031       0.138     0.507      0.283     0.863      0.618     0.649      0.734     0.556    0.522     0.551   0.737     0.125      0.074     0.00604  -1	   0.0795728     0.0289490
      D2OZA-a8a      0.006     0.031       0.153     0.665     -0.066     0.850      0.516     0.461      0.707     0.553    0.536     0.536   0.812     0.134      0.474     0.00682  -1	   0.0140226     0.0772679
      D2OZA-a8b      0.015     0.044       0.210     0.568     -0.274     0.865      0.527     0.423      0.547     0.511    0.502     0.526   0.653     0.076      0.273     0.00713  -1	  -0.0344208     0.0696516
      D2OZA-a8c      0.012     0.030       0.144     0.663     -0.154     0.875      0.620     0.588      0.157     0.528    0.514     0.531   0.757     0.146      0.490     0.00662  -1	   0.1975212     0.0262063
      D2OZA-a8d      0.012     0.038       0.179     0.590      0.181     0.846      0.542     0.499      0.815     0.579    0.545     0.553   0.721     0.096      0.270     0.00699  -1	   0.1108053     0.1259667
     D2OZA-a90a      0.012     0.032       0.150     0.543      0.293     0.868      0.602     0.641      0.497     0.583    0.556     0.547   0.737     0.122      0.071     0.00605  -1	   0.0619889     0.0437821
     D2OZA-a90b      0.012     0.032       0.150     0.555      0.303     0.868      0.596     0.635      0.710     0.548    0.513     0.550   0.798     0.122      0.037     0.00606  -1	   0.0945517     0.0469940
     D2OZA-a90c      0.010     0.043       0.207     0.583      0.127     0.846      0.559     0.613      0.957     0.579    0.554     0.546   0.753     0.092      0.342     0.00611  -1	   0.1265266     0.0775559
     D2OZA-a90d      0.011     0.038       0.182     0.705      0.106     0.859      0.588     0.617      0.162     0.539    0.544     0.516   0.851     0.090      0.208     0.00571  -1	   0.1261540     0.0328387
     D2OZA-a91a      0.015     0.028       0.150     0.607      0.181     0.868      0.610     0.581      0.616     0.528    0.502     0.541   0.739     0.111      0.278     0.00863  -1	   0.0620570     0.0600652
     D2OZA-a91b      0.016     0.033       0.153     0.631      0.349     0.856      0.586     0.596      0.583     0.580    0.529     0.567   0.816     0.120      0.443     0.00873  -1	   0.2747086     0.1402470
     D2OZA-a91c      0.015     0.036       0.179     0.647      0.302     0.863      0.558     0.592      0.089     0.533    0.529     0.524   0.816     0.098      0.268     0.00643  -1	   0.2777551     0.1288639
     D2OZA-a91d      0.015     0.032       0.159     0.593      0.245     0.850      0.598     0.617      0.788     0.534    0.538     0.516   0.767     0.130      0.170     0.00522  -1	   0.0932324     0.0587003
     D2OZA-a92a      0.017     0.049       0.225     0.596     -0.017     0.868      0.549     0.497      0.109     0.602    0.592     0.536   0.778     0.087      0.301     0.01267  -1	   0.1640102     0.0967790
     D2OZA-a92b      0.009     0.033       0.164     0.654     -0.080     0.853      0.638     0.689      0.826     0.622    0.544     0.595   0.812     0.104      0.310     0.00895  -1	  -0.0068826    -0.0302200
     D2OZA-a92c      0.016     0.031       0.153     0.597      0.376     0.853      0.585     0.586      0.934     0.564    0.532     0.549   0.830     0.128      0.463     0.00882  -1	   0.2638807     0.1637603
     D2OZA-a92d      0.013     0.038       0.167     0.621      0.170     0.842      0.583     0.637      0.968     0.600    0.559     0.561   0.739     0.110      0.273     0.00537  -1	   0.1272431     0.0653501
     D2OZA-a93a      0.016     0.045       0.207     0.565      0.006     0.851      0.635     0.631      0.923     0.592    0.543     0.566   0.708     0.097      0.210     0.00904  -1	   0.0653298     0.0166992
     D2OZA-a93b      0.014     0.035       0.164     0.664      0.200     0.855      0.583     0.572      0.458     0.547    0.516     0.546   0.840     0.111      0.200     0.00996  -1	   0.0844379     0.0608420
     D2OZA-a93c      0.011     0.040       0.205     0.651      0.259     0.854      0.550     0.588      0.468     0.569    0.561     0.530   0.872     0.105      0.139     0.00669  -1	   0.1221388     0.0765129
     D2OZA-a93d      0.017     0.028       0.141     0.536      0.217     0.870      0.610     0.623      0.948     0.582    0.537     0.562   0.705     0.127      0.511     0.00927  -1	   0.1454104     0.0915503
     D2OZA-a94a      0.022     0.039       0.170     0.676      0.302     0.869      0.530     0.481      0.409     0.569    0.562     0.529   0.872     0.134      0.279     0.01178  -1	   0.2385044     0.1986715
     D2OZA-a94b      0.014     0.026       0.138     0.621     -0.084     0.853      0.614     0.537      0.517     0.561    0.509     0.565   0.756     0.113      0.371     0.00932  -1	  -0.0060275     0.0281761
     D2OZA-a94c      0.018     0.030       0.144     0.627      0.257     0.879      0.587     0.583      0.492     0.562    0.540     0.542   0.816     0.143      0.281     0.01270  -1	   0.1352268     0.0863945
     D2OZA-a94d      0.014     0.052       0.236     0.586     -0.077     0.860      0.584     0.561      0.227     0.552    0.570     0.507   0.554     0.084      0.167     0.01653  -1	   0.0308257     0.0107899
     D2OZA-a95a      0.012     0.026       0.127     0.534     -0.016     0.872      0.610     0.540      0.773     0.523    0.513     0.528   0.717     0.137      0.313     0.01017  -1	  -0.0412876     0.0255127
     D2OZA-a95b      0.011     0.037       0.176     0.722      0.083     0.859      0.609     0.576      0.715     0.539    0.513     0.541   0.841     0.092      0.458     0.00980  -1	   0.1080917     0.0230077
     D2OZA-a95c      0.011     0.031       0.159     0.696      0.023     0.871      0.605     0.589      0.258     0.537    0.536     0.520   0.781     0.112      0.204     0.01262  -1	   0.0395492     0.0378426
     D2OZA-a95d      0.013     0.039       0.187     0.526      0.378     0.865      0.501     0.491      0.645     0.542    0.521     0.537   0.769     0.088      0.204     0.03595  -1	   0.2201083     0.2246233
     D2OZA-a96a      0.014     0.029       0.156     0.615      0.234     0.866      0.563     0.552      0.448     0.560    0.541     0.539   0.784     0.119      0.209     0.00731  -1	   0.0862034     0.1017757
     D2OZA-a96b      0.013     0.047       0.219     0.570      0.211     0.862      0.535     0.465      0.504     0.546    0.534     0.531   0.767     0.080      0.335     0.01464  -1	   0.1820300     0.1576836
     D2OZA-a96c      0.007     0.036       0.176     0.639      0.022     0.857      0.663     0.721      0.862     0.563    0.554     0.531   0.725     0.087      0.230     0.00856  -1	   0.0199573     0.0000122
     D2OZA-a96d      0.012     0.029       0.144     0.680      0.252     0.866      0.565     0.542      0.258     0.533    0.520     0.531   0.872     0.133      0.138     0.00794  -1	   0.0880756     0.1108824
     D2OZA-a97a      0.012     0.032       0.159     0.649      0.297     0.866      0.529     0.513      0.244     0.561    0.543     0.538   0.816     0.106      0.159     0.00693  -1	   0.1437523     0.1702025
     D2OZA-a97b      0.016     0.043       0.207     0.622     -0.127     0.867      0.609     0.618      0.457     0.534    0.533     0.521   0.732     0.111      0.311     0.02822  -1	   0.0212422    -0.0556617
     D2OZA-a97c      0.012     0.030       0.156     0.624      0.201     0.874      0.560     0.554      0.287     0.548    0.545     0.524   0.784     0.110      0.187     0.00733  -1	   0.0785120     0.0920461
     D2OZA-a97d      0.012     0.031       0.159     0.656      0.290     0.863      0.548     0.535      0.242     0.553    0.531     0.541   0.872     0.108      0.133     0.00708  -1	   0.1160926     0.1338293
     D2OZA-a98a      0.012     0.030       0.135     0.667      0.199     0.859      0.565     0.512      0.432     0.510    0.515     0.513   0.794     0.130      0.282     0.00727  -1	   0.0952623     0.1132860
     D2OZA-a98b      0.008     0.047       0.228     0.625      0.288     0.848      0.524     0.576      0.564     0.550    0.533     0.536   0.816     0.074      0.211     0.00744  -1	   0.1921692     0.1130820
     D2OZA-a98c      0.013     0.026       0.141     0.602      0.288     0.866      0.565     0.565      0.529     0.569    0.550     0.539   0.816     0.135      0.116     0.00619  -1	   0.0647231     0.0965710
     D2OZA-a98d      0.009     0.040       0.182     0.641      0.231     0.858      0.616     0.660      0.744     0.541    0.515     0.541   0.784     0.083      0.228     0.00973  -1	   0.1332743     0.0574334
     D2OZA-a99a      0.008     0.036       0.182     0.595      0.230     0.861      0.568     0.549      0.146     0.545    0.531     0.533   0.767     0.082      0.129     0.00607  -1	   0.0861709     0.0999389
     D2OZA-a99b      0.001     0.047       0.216     0.655     -0.132     0.834      0.584     0.752      0.563     0.571    0.515     0.569   0.788     0.076      0.126     0.00668  -1	  -0.0494518    -0.0734481
     D2OZA-a99c      0.010     0.037       0.179     0.643      0.176     0.859      0.526     0.384      0.088     0.546    0.535     0.531   0.739     0.103      0.281     0.00640  -1	   0.2034260     0.3261699
     D2OZA-a99d      0.009     0.049       0.219     0.662      0.281     0.861      0.494     0.546      0.770     0.605    0.562     0.564   0.872     0.084      0.228     0.00761  -1	   0.2299208     0.1543615
      D2OZA-a9a      0.010     0.040       0.193     0.612      0.337     0.854      0.506     0.442      0.319     0.643    0.589     0.579   0.816     0.099      0.218     0.00707  -1	   0.2315766     0.2784173
      D2OZA-a9b      0.008     0.040       0.184     0.604      0.236     0.836      0.527     0.482      0.664     0.567    0.557     0.532   0.784     0.098      0.260     0.00691  -1	   0.1272594     0.1426449
      D2OZA-a9c      0.004     0.043       0.193     0.633     -0.168     0.844      0.565     0.555      0.952     0.625    0.534     0.605   0.701     0.083      0.253     0.00657  -1	   0.0015498     0.0202474
      D2OZA-a9d      0.009     0.037       0.179     0.640      0.289     0.850      0.536     0.486      0.991     0.578    0.551     0.548   0.816     0.096      0.249     0.00701  -1	   0.2102293     0.1894000
