      D1T6B-a9d      0.030     0.021       0.066     0.629      0.365     0.721      0.636     0.659      0.497     0.496    0.497     0.515   0.848     0.135      0.192     0.01363  -1	   0.0438015     0.0165188
      D1T6B-a0a      0.031     0.033       0.100     0.666     -0.225     0.726      0.627     0.631      0.809     0.530    0.504     0.540   0.773     0.080      0.192     0.05445  -1	   0.0002155     0.0153831
      D1T6B-a0b      0.032     0.025       0.087     0.663     -0.197     0.731      0.587     0.591      0.872     0.508    0.508     0.517   0.757     0.104      0.192     0.08001  -1	  -0.0234900     0.0463269
      D1T6B-a0c      0.030     0.032       0.111     0.556      0.147     0.730      0.588     0.600      0.271     0.528    0.501     0.541   0.753     0.080      0.192     0.03648  -1	   0.0305032     0.0220664
      D1T6B-a0d      0.034     0.024       0.076     0.583     -0.009     0.721      0.607     0.612      0.429     0.521    0.533     0.509   0.778     0.102      0.192     0.05969  -1	  -0.0189190     0.0282734
    D1T6B-a100a      0.032     0.021       0.076     0.688     -0.100     0.724      0.620     0.711      0.823     0.503    0.520     0.502   0.812     0.119      0.192     0.00169  -1	  -0.0456345    -0.0081578
    D1T6B-a100b      0.033     0.017       0.054     0.637      0.060     0.736      0.652     0.682      0.903     0.518    0.505     0.529   0.761     0.138      0.192     0.00209  -1	  -0.0435705    -0.0195195
    D1T6B-a100c      0.031     0.016       0.054     0.568     -0.070     0.742      0.633     0.665      0.513     0.491    0.484     0.521   0.738     0.148      0.192     0.00173  -1	  -0.0579015    -0.0137805
    D1T6B-a100d      0.032     0.016       0.051     0.544     -0.135     0.732      0.659     0.702      0.618     0.496    0.496     0.515   0.653     0.162      0.192     0.00172  -1	  -0.0564064    -0.0193083
    D1T6B-a101a      0.034     0.025       0.084     0.614      0.182     0.720      0.610     0.657      0.402     0.524    0.500     0.538   0.739     0.094      0.192     0.00271  -1	   0.0161276     0.0065607
    D1T6B-a101b      0.036     0.028       0.087     0.640     -0.147     0.726      0.629     0.716      0.902     0.493    0.501     0.509   0.732     0.089      0.192     0.00177  -1	  -0.0144536     0.0059504
    D1T6B-a101c      0.034     0.023       0.078     0.740     -0.048     0.724      0.645     0.723      0.916     0.515    0.508     0.524   0.876     0.117      0.192     0.00276  -1	  -0.0334269    -0.0156124
    D1T6B-a101d      0.034     0.026       0.081     0.671      0.197     0.722      0.592     0.634      0.498     0.553    0.517     0.552   0.794     0.100      0.192     0.00268  -1	   0.0297745     0.0232261
    D1T6B-a102a      0.034     0.024       0.073     0.551      0.283     0.724      0.569     0.592      0.149     0.504    0.515     0.508   0.798     0.132      0.192     0.00183  -1	   0.0712801     0.0605774
    D1T6B-a102b      0.037     0.025       0.085     0.717      0.445     0.731      0.599     0.613      0.171     0.489    0.497     0.510   0.902     0.099      0.192     0.00203  -1	   0.2350709     0.1731032
    D1T6B-a102c      0.036     0.027       0.082     0.659      0.237     0.719      0.603     0.651      0.558     0.525    0.505     0.535   0.840     0.102      0.192     0.00170  -1	   0.0339952     0.0020127
    D1T6B-a102d      0.035     0.028       0.088     0.678      0.300     0.728      0.606     0.651      0.192     0.493    0.488     0.519   0.872     0.105      0.192     0.00172  -1	   0.1373654     0.0464936
    D1T6B-a103a      0.034     0.023       0.073     0.661     -0.511     0.734      0.637     0.712      0.306     0.489    0.490     0.514   0.663     0.109      0.192     0.00165  -1	   0.1825297     0.0776800
    D1T6B-a103b      0.034     0.026       0.084     0.691      0.026     0.739      0.611     0.700      0.099     0.535    0.495     0.552   0.781     0.108      0.192     0.00176  -1	   0.1048860     0.0107829
    D1T6B-a103c      0.037     0.032       0.100     0.716      0.260     0.726      0.546     0.598      0.202     0.540    0.526     0.532   0.896     0.086      0.192     0.00202  -1	   0.1624783     0.0794549
    D1T6B-a103d      0.036     0.024       0.079     0.551     -0.118     0.732      0.646     0.710      0.902     0.504    0.520     0.504   0.714     0.117      0.192     0.00178  -1	  -0.0254205    -0.0054758
    D1T6B-a104a      0.034     0.032       0.092     0.619     -0.117     0.735      0.578     0.625      0.617     0.504    0.513     0.510   0.732     0.095      0.192     0.00184  -1	  -0.0159425     0.0109025
    D1T6B-a104b      0.034     0.033       0.091     0.600     -0.208     0.732      0.581     0.622      0.433     0.518    0.512     0.524   0.718     0.098      0.192     0.00184  -1	   0.0222362     0.0276694
    D1T6B-a104c      0.032     0.020       0.066     0.592      0.071     0.731      0.634     0.647      0.974     0.511    0.528     0.502   0.744     0.117      0.192     0.00179  -1	  -0.0249874     0.0036116
    D1T6B-a104d      0.035     0.024       0.070     0.676     -0.059     0.742      0.594     0.672      0.086     0.488    0.497     0.507   0.812     0.138      0.192     0.00163  -1	   0.1147097     0.0353296
    D1T6B-a105a      0.034     0.027       0.081     0.678     -0.144     0.732      0.632     0.659      0.674     0.518    0.492     0.539   0.788     0.101      0.192     0.00177  -1	  -0.0169778    -0.0019136
    D1T6B-a105b      0.035     0.028       0.085     0.644     -0.070     0.739      0.572     0.604      0.261     0.493    0.493     0.515   0.756     0.113      0.192     0.00185  -1	   0.0425679     0.0472197
    D1T6B-a105c      0.034     0.026       0.079     0.568     -0.160     0.735      0.625     0.661      0.693     0.520    0.495     0.539   0.684     0.110      0.192     0.00175  -1	  -0.0279323    -0.0018563
    D1T6B-a105d      0.035     0.027       0.076     0.688      0.334     0.731      0.604     0.626      0.157     0.483    0.499     0.502   0.872     0.120      0.192     0.00185  -1	   0.1622430     0.0932533
    D1T6B-a106a      0.033     0.021       0.066     0.625      0.304     0.728      0.590     0.647      0.783     0.509    0.516     0.512   0.816     0.144      0.192     0.00184  -1	   0.0160169    -0.0011632
    D1T6B-a106b      0.033     0.025       0.075     0.646      0.065     0.726      0.578     0.630      0.526     0.511    0.519     0.511   0.761     0.128      0.192     0.00197  -1	  -0.0188714     0.0012664
    D1T6B-a106c      0.035     0.026       0.082     0.609     -0.144     0.733      0.635     0.647      0.504     0.478    0.486     0.507   0.732     0.099      0.192     0.00177  -1	  -0.0126173     0.0090827
    D1T6B-a106d      0.035     0.021       0.066     0.727      0.059     0.725      0.602     0.661      0.690     0.503    0.495     0.523   0.841     0.141      0.192     0.00184  -1	  -0.0321802    -0.0149553
    D1T6B-a107a      0.034     0.026       0.075     0.630      0.073     0.730      0.573     0.620      0.654     0.513    0.499     0.529   0.761     0.135      0.192     0.00199  -1	  -0.0279658    -0.0043996
    D1T6B-a107b      0.035     0.024       0.066     0.618      0.103     0.729      0.599     0.675      0.521     0.487    0.520     0.488   0.771     0.160      0.192     0.00196  -1	  -0.0260309    -0.0386940
    D1T6B-a107c      0.034     0.020       0.062     0.561      0.361     0.730      0.599     0.643      0.249     0.478    0.489     0.506   0.830     0.137      0.192     0.00178  -1	   0.0593833     0.0123980
    D1T6B-a107d      0.032     0.021       0.065     0.782      0.128     0.728      0.610     0.667      0.410     0.482    0.518     0.485   0.831     0.139      0.192     0.00191  -1	   0.0363420     0.0326978
    D1T6B-a108a      0.032     0.020       0.067     0.720     -0.323     0.722      0.619     0.695      0.607     0.496    0.493     0.517   0.836     0.141      0.192     0.00162  -1	   0.0308050     0.0264165
    D1T6B-a108b      0.036     0.027       0.084     0.574      0.432     0.727      0.571     0.624      0.895     0.539    0.522     0.534   0.804     0.109      0.192     0.00244  -1	   0.1393059     0.0683717
    D1T6B-a108c      0.035     0.018       0.065     0.631     -0.026     0.730      0.620     0.691      0.722     0.487    0.501     0.503   0.796     0.159      0.192     0.00161  -1	  -0.0587938    -0.0284227
    D1T6B-a108d      0.034     0.023       0.078     0.686     -0.096     0.723      0.613     0.708      0.636     0.499    0.492     0.522   0.812     0.110      0.192     0.00168  -1	  -0.0281454    -0.0200828
    D1T6B-a109a      0.029     0.028       0.097     0.722      0.218     0.728      0.578     0.557      0.189     0.505    0.502     0.519   0.864     0.092      0.192     0.49347   1	   0.1259055     0.1389880
    D1T6B-a109b      0.029     0.031       0.100     0.668      0.006     0.730      0.581     0.587      0.335     0.517    0.504     0.528   0.781     0.094      0.192     0.14618  -1	   0.0286827     0.0415079
    D1T6B-a109c      0.033     0.032       0.100     0.614      0.164     0.735      0.582     0.552      0.615     0.525    0.525     0.519   0.739     0.085      0.192     0.14756  -1	   0.0181456     0.0585465
    D1T6B-a109d      0.032     0.027       0.094     0.616      0.110     0.737      0.584     0.571      0.110     0.482    0.486     0.511   0.771     0.087      0.192     0.25522   1	   0.0788796     0.1039172
     D1T6B-a10a      0.024     0.030       0.098     0.651      0.278     0.719      0.603     0.626      0.686     0.539    0.534     0.525   0.872     0.095      0.192     0.01200  -1	   0.0442357     0.0159594
     D1T6B-a10b      0.023     0.022       0.072     0.582      0.120     0.720      0.654     0.725      0.472     0.533    0.506     0.542   0.753     0.127      0.192     0.01595  -1	  -0.0407516    -0.0605112
     D1T6B-a10c      0.027     0.024       0.085     0.620      0.075     0.730      0.646     0.656      0.768     0.519    0.522     0.516   0.761     0.109      0.192     0.01370  -1	  -0.0367377    -0.0137555
     D1T6B-a10d      0.028     0.022       0.067     0.682      0.362     0.720      0.637     0.662      0.444     0.492    0.510     0.501   0.903     0.128      0.192     0.01384  -1	   0.0683972     0.0318742
    D1T6B-a110a      0.035     0.026       0.081     0.565     -0.152     0.733      0.638     0.645      0.507     0.487    0.488     0.514   0.684     0.106      0.192     0.00177  -1	  -0.0190025     0.0068231
    D1T6B-a110b      0.035     0.024       0.076     0.705      0.083     0.724      0.611     0.715      0.736     0.488    0.492     0.511   0.841     0.121      0.192     0.00178  -1	  -0.0255120    -0.0344102
    D1T6B-a110c      0.032     0.020       0.066     0.617     -0.103     0.734      0.628     0.709      0.358     0.498    0.491     0.522   0.732     0.134      0.192     0.00163  -1	  -0.0067192    -0.0218741
    D1T6B-a110d      0.035     0.024       0.076     0.671     -0.025     0.740      0.579     0.655      0.158     0.502    0.495     0.523   0.852     0.116      0.192     0.00163  -1	   0.0765008     0.0149119
     D1T6B-a11a      0.026     0.028       0.095     0.682      0.062     0.724      0.603     0.636      0.563     0.504    0.482     0.534   0.817     0.078      0.192     0.01181  -1	  -0.0119896    -0.0023179
     D1T6B-a11b      0.029     0.024       0.081     0.733      0.031     0.734      0.599     0.619      0.968     0.513    0.511     0.519   0.805     0.115      0.192     0.01985  -1	  -0.0248250     0.0117061
     D1T6B-a11c      0.025     0.022       0.070     0.591      0.171     0.715      0.646     0.714      0.698     0.553    0.528     0.543   0.721     0.121      0.192     0.01579  -1	  -0.0325642    -0.0375362
     D1T6B-a11d      0.026     0.024       0.073     0.491      0.139     0.723      0.639     0.674      0.550     0.489    0.489     0.515   0.627     0.110      0.192     0.01312  -1	  -0.0545480    -0.0383245
     D1T6B-a12a      0.029     0.020       0.065     0.615      0.261     0.732      0.630     0.649      0.511     0.482    0.500     0.499   0.816     0.116      0.192     0.01484  -1	  -0.0003558     0.0071775
     D1T6B-a12b      0.030     0.026       0.082     0.591      0.092     0.736      0.600     0.647      0.122     0.501    0.496     0.520   0.744     0.090      0.192     0.01256  -1	   0.0546781     0.0215648
     D1T6B-a12c      0.029     0.024       0.084     0.708      0.009     0.729      0.598     0.614      0.998     0.530    0.526     0.523   0.805     0.123      0.192     0.01971  -1	  -0.0249957     0.0096675
     D1T6B-a13a      0.030     0.022       0.066     0.570      0.151     0.740      0.618     0.660      0.627     0.507    0.527     0.501   0.721     0.122      0.192     0.01535  -1	  -0.0370191    -0.0151882
     D1T6B-a13b      0.032     0.022       0.066     0.647      0.165     0.729      0.632     0.661      0.908     0.511    0.500     0.528   0.739     0.102      0.192     0.01104  -1	  -0.0033559    -0.0007426
     D1T6B-a13c      0.027     0.029       0.081     0.668      0.232     0.736      0.586     0.633      0.588     0.500    0.514     0.505   0.840     0.104      0.192     0.01452  -1	   0.0251414    -0.0003654
     D1T6B-a13d      0.030     0.022       0.066     0.684     -0.033     0.729      0.637     0.680      0.517     0.499    0.502     0.514   0.852     0.121      0.192     0.01230  -1	  -0.0238962    -0.0206376
     D1T6B-a14a      0.025     0.033       0.110     0.629      0.220     0.723      0.571     0.625      0.120     0.523    0.529     0.514   0.784     0.077      0.192     0.03346  -1	   0.1225724     0.0470866
     D1T6B-a14b      0.031     0.024       0.081     0.551      0.121     0.736      0.616     0.602      0.750     0.507    0.493     0.529   0.753     0.104      0.192     0.04226  -1	  -0.0286502     0.0094689
     D1T6B-a14c      0.031     0.022       0.089     0.470      0.105     0.730      0.625     0.665      0.792     0.523    0.492     0.545   0.627     0.096      0.192     0.03057  -1	  -0.0332310    -0.0104973
     D1T6B-a14d      0.028     0.022       0.073     0.584     -0.045     0.721      0.622     0.648      0.806     0.608    0.480     0.631   0.778     0.118      0.192     0.01961  -1	  -0.0306220    -0.0124726
     D1T6B-a15a      0.027     0.033       0.108     0.544      0.218     0.728      0.591     0.639      0.415     0.505    0.521     0.505   0.705     0.075      0.192     0.03305  -1	   0.0257861     0.0001037
     D1T6B-a15b      0.028     0.035       0.110     0.629      0.203     0.728      0.590     0.639      0.247     0.507    0.511     0.514   0.784     0.083      0.192     0.03231  -1	   0.0847216     0.0114183
     D1T6B-a15c      0.029     0.034       0.108     0.623      0.167     0.724      0.597     0.647      0.451     0.525    0.520     0.524   0.739     0.086      0.192     0.03255  -1	   0.0310664    -0.0035131
     D1T6B-a15d      0.027     0.036       0.119     0.679      0.195     0.715      0.550     0.595      0.180     0.525    0.502     0.538   0.794     0.078      0.192     0.03998  -1	   0.1207830     0.0549163
     D1T6B-a16a      0.031     0.026       0.085     0.646      0.030     0.731      0.613     0.690      0.815     0.518    0.491     0.539   0.725     0.115      0.192     0.05152  -1	  -0.0275681    -0.0203005
     D1T6B-a16b      0.030     0.025       0.079     0.734      0.165     0.731      0.606     0.646      0.320     0.504    0.501     0.519   0.819     0.097      0.192     0.02122  -1	   0.0651179     0.0480942
     D1T6B-a16c      0.032     0.024       0.087     0.507      0.238     0.728      0.630     0.643      0.665     0.553    0.542     0.531   0.705     0.094      0.192     0.04590  -1	   0.0019831     0.0156873
     D1T6B-a16d      0.030     0.033       0.106     0.552      0.452     0.733      0.566     0.534      0.731     0.524    0.511     0.529   0.818     0.079      0.192     0.13175  -1	   0.1573941     0.1364130
     D1T6B-a17a      0.031     0.018       0.062     0.680      0.102     0.733      0.600     0.607      0.321     0.508    0.513     0.514   0.827     0.148      0.192     0.03024  -1	   0.0132725     0.0508656
     D1T6B-a17b      0.034     0.031       0.100     0.536      0.274     0.731      0.578     0.539      0.646     0.505    0.503     0.519   0.737     0.079      0.192     0.14915  -1	   0.0408207     0.0786387
     D1T6B-a17c      0.033     0.019       0.059     0.483     -0.075     0.727      0.618     0.623      0.484     0.500    0.513     0.506   0.612     0.147      0.192     0.03249  -1	  -0.0598794     0.0213212
     D1T6B-a17d      0.032     0.022       0.067     0.576     -0.214     0.732      0.588     0.604      0.833     0.502    0.504     0.515   0.700     0.133      0.192     0.02443  -1	  -0.0237480     0.0539104
     D1T6B-a18a      0.033     0.021       0.072     0.698     -0.079     0.731      0.617     0.674      0.526     0.539    0.535     0.524   0.812     0.142      0.192     0.01564  -1	  -0.0175532    -0.0086857
     D1T6B-a18b      0.034     0.022       0.075     0.583     -0.266     0.716      0.591     0.621      0.888     0.524    0.520     0.522   0.653     0.135      0.192     0.01664  -1	  -0.0053245     0.0568048
     D1T6B-a18c      0.032     0.024       0.076     0.507     -0.480     0.717      0.609     0.651      0.613     0.492    0.510     0.501   0.548     0.128      0.192     0.01730  -1	   0.0923982     0.0868585
     D1T6B-a18d      0.032     0.022       0.076     0.557     -0.353     0.720      0.617     0.657      0.704     0.504    0.511     0.511   0.626     0.131      0.192     0.01689  -1	   0.0184846     0.0480078
     D1T6B-a19a      0.032     0.024       0.078     0.612     -0.393     0.727      0.629     0.680      0.811     0.517    0.517     0.518   0.644     0.108      0.192     0.00971  -1	   0.0309119     0.0473930
     D1T6B-a19b      0.031     0.021       0.078     0.666     -0.515     0.725      0.613     0.668      0.751     0.504    0.503     0.518   0.663     0.117      0.192     0.01048  -1	   0.0861062     0.0759291
     D1T6B-a19c      0.033     0.021       0.066     0.649     -0.128     0.727      0.595     0.631      0.404     0.521    0.528     0.512   0.732     0.153      0.192     0.02444  -1	   0.0036236     0.0326889
     D1T6B-a19d      0.032     0.023       0.076     0.623     -0.291     0.718      0.594     0.633      0.779     0.534    0.523     0.529   0.671     0.126      0.192     0.01702  -1	  -0.0032573     0.0465742
      D1T6B-a1a      0.031     0.028       0.095     0.738      0.256     0.724      0.581     0.555      0.192     0.523    0.495     0.541   0.896     0.089      0.192     0.50431   1	   0.1465301     0.1538968
      D1T6B-a1b      0.031     0.019       0.065     0.634     -0.366     0.724      0.632     0.627      0.512     0.515    0.508     0.524   0.644     0.139      0.192     0.02214  -1	   0.0437455     0.0692017
      D1T6B-a1c      0.031     0.021       0.066     0.678     -0.318     0.731      0.609     0.591      0.759     0.493    0.503     0.507   0.812     0.132      0.192     0.02100  -1	   0.0052099     0.0669902
      D1T6B-a1d      0.032     0.014       0.048     0.722     -0.278     0.728      0.629     0.645      0.410     0.506    0.516     0.509   0.750     0.160      0.192     0.01475  -1	   0.0474145     0.0785267
     D1T6B-a20a      0.030     0.021       0.076     0.625     -0.471     0.731      0.628     0.686      0.856     0.522    0.514     0.526   0.627     0.113      0.192     0.01040  -1	   0.0559451     0.0627923
     D1T6B-a20b      0.029     0.020       0.069     0.703      0.077     0.728      0.617     0.640      0.576     0.504    0.478     0.538   0.841     0.128      0.192     0.00942  -1	  -0.0304507    -0.0033162
     D1T6B-a20c      0.031     0.019       0.070     0.737     -0.520     0.725      0.621     0.643      0.937     0.512    0.519     0.512   0.688     0.125      0.192     0.01018  -1	   0.0740433     0.0949172
     D1T6B-a20d      0.030     0.021       0.069     0.638     -0.101     0.725      0.625     0.647      0.399     0.491    0.495     0.511   0.732     0.144      0.192     0.00932  -1	  -0.0081016     0.0165675
     D1T6B-a21a      0.024     0.030       0.097     0.586      0.283     0.721      0.612     0.625      0.927     0.524    0.513     0.528   0.798     0.101      0.192     0.01201  -1	   0.0570044     0.0089045
     D1T6B-a21b      0.025     0.027       0.091     0.658      0.294     0.722      0.608     0.615      0.863     0.505    0.489     0.530   0.872     0.103      0.192     0.01214  -1	   0.0445780     0.0135932
     D1T6B-a21c      0.030     0.021       0.073     0.700      0.101     0.723      0.595     0.617      0.427     0.498    0.484     0.528   0.851     0.113      0.192     0.00940  -1	   0.0004205     0.0241780
     D1T6B-a21d      0.031     0.021       0.070     0.650     -0.135     0.724      0.626     0.649      0.676     0.495    0.484     0.524   0.788     0.143      0.192     0.00933  -1	  -0.0374977    -0.0015684
     D1T6B-a22a      0.026     0.021       0.069     0.620      0.292     0.719      0.633     0.698      0.594     0.523    0.517     0.524   0.816     0.118      0.192     0.01543  -1	   0.0079589    -0.0184903
     D1T6B-a22b      0.026     0.036       0.107     0.582      0.035     0.722      0.562     0.588      0.136     0.511    0.519     0.511   0.708     0.080      0.192     0.00798  -1	   0.0674566     0.0550116
     D1T6B-a22c      0.027     0.038       0.123     0.580     -0.082     0.736      0.597     0.599      0.974     0.537    0.523     0.532   0.738     0.075      0.192     0.00852  -1	   0.0134481     0.0195122
     D1T6B-a22d      0.030     0.031       0.097     0.583      0.161     0.733      0.620     0.654      0.659     0.534    0.530     0.524   0.721     0.088      0.192     0.00804  -1	   0.0045600    -0.0073393
     D1T6B-a23a      0.030     0.032       0.100     0.610     -0.082     0.735      0.610     0.620      0.515     0.525    0.514     0.528   0.756     0.095      0.192     0.00751  -1	  -0.0140005    -0.0009903
     D1T6B-a23b      0.028     0.037       0.119     0.576      0.102     0.741      0.575     0.561      0.901     0.576    0.551     0.546   0.753     0.076      0.192     0.00832  -1	   0.0370924     0.0450413
     D1T6B-a23c      0.027     0.037       0.119     0.603     -0.115     0.734      0.601     0.595      0.984     0.551    0.549     0.524   0.732     0.080      0.192     0.00853  -1	   0.0069989     0.0227265
     D1T6B-a23d      0.027     0.037       0.116     0.597     -0.066     0.734      0.601     0.595      0.960     0.547    0.534     0.532   0.738     0.080      0.192     0.00851  -1	   0.0075545     0.0163029
     D1T6B-a24a      0.026     0.037       0.117     0.591     -0.006     0.734      0.599     0.602      0.980     0.552    0.551     0.524   0.778     0.076      0.192     0.00846  -1	   0.0164350     0.0166430
     D1T6B-a24b      0.033     0.032       0.101     0.648     -0.115     0.727      0.616     0.673      0.069     0.487    0.506     0.498   0.732     0.079      0.192     0.01160  -1	   0.1275967     0.0484417
     D1T6B-a24d      0.028     0.034       0.108     0.629      0.144     0.735      0.592     0.558      0.989     0.558    0.536     0.541   0.771     0.082      0.192     0.00816  -1	   0.0509266     0.0417001
     D1T6B-a25a      0.029     0.023       0.073     0.691     -0.094     0.745      0.643     0.702      0.294     0.506    0.495     0.526   0.812     0.109      0.192     0.00785  -1	   0.0293888    -0.0068687
     D1T6B-a25b      0.029     0.033       0.097     0.556     -0.002     0.718      0.638     0.699      0.370     0.525    0.500     0.540   0.778     0.090      0.192     0.01306  -1	  -0.0022401    -0.0613348
     D1T6B-a25c      0.028     0.023       0.066     0.665      0.282     0.733      0.606     0.632      0.253     0.542    0.506     0.550   0.872     0.138      0.192     0.00926  -1	   0.0786684     0.0434688
     D1T6B-a25d      0.027     0.033       0.111     0.741     -0.164     0.734      0.610     0.722      0.386     0.530    0.501     0.543   0.781     0.083      0.192     0.00651  -1	   0.0384713    -0.0244594
     D1T6B-a26a      0.031     0.019       0.066     0.693     -0.159     0.731      0.646     0.697      0.954     0.497    0.498     0.515   0.757     0.123      0.192     0.01050  -1	  -0.0379204     0.0119244
     D1T6B-a26b      0.032     0.019       0.069     0.724     -0.341     0.738      0.644     0.696      0.830     0.507    0.494     0.528   0.836     0.121      0.192     0.01038  -1	   0.0056330     0.0365304
     D1T6B-a26c      0.030     0.025       0.084     0.656      0.208     0.730      0.593     0.646      0.158     0.532    0.503     0.543   0.840     0.123      0.192     0.00814  -1	   0.0919279     0.0268899
     D1T6B-a26d      0.031     0.024       0.067     0.660      0.140     0.738      0.617     0.673      0.743     0.482    0.494     0.505   0.827     0.129      0.192     0.01360  -1	  -0.0268769    -0.0333481
     D1T6B-a27a      0.031     0.020       0.069     0.731     -0.317     0.737      0.634     0.678      0.986     0.518    0.500     0.533   0.836     0.121      0.192     0.01064  -1	   0.0026042     0.0484727
     D1T6B-a27b      0.032     0.019       0.067     0.737     -0.199     0.735      0.641     0.693      0.482     0.494    0.496     0.514   0.781     0.125      0.192     0.01041  -1	   0.0064300     0.0195613
     D1T6B-a27c      0.031     0.018       0.065     0.717     -0.092     0.736      0.637     0.689      0.815     0.507    0.514     0.511   0.836     0.130      0.192     0.01037  -1	  -0.0524789    -0.0059347
     D1T6B-a27d      0.032     0.019       0.066     0.765     -0.184     0.733      0.631     0.676      0.695     0.520    0.514     0.524   0.761     0.115      0.192     0.01070  -1	  -0.0270081     0.0240412
     D1T6B-a28a      0.030     0.020       0.065     0.517      0.117     0.735      0.632     0.676      0.583     0.505    0.488     0.531   0.692     0.141      0.192     0.01727  -1	  -0.0601943    -0.0417244
     D1T6B-a28b      0.028     0.021       0.070     0.653      0.072     0.734      0.636     0.673      0.767     0.494    0.501     0.510   0.817     0.116      0.192     0.01817  -1	  -0.0457043    -0.0227017
     D1T6B-a28c      0.034     0.028       0.088     0.656      0.259     0.728      0.601     0.610      0.264     0.529    0.496     0.547   0.872     0.103      0.192     0.05412  -1	   0.0908687     0.0531797
     D1T6B-a28d      0.033     0.030       0.095     0.555      0.148     0.727      0.598     0.653      0.687     0.513    0.513     0.518   0.753     0.085      0.192     0.03372  -1	  -0.0043140    -0.0110235
     D1T6B-a29a      0.031     0.023       0.078     0.639      0.209     0.732      0.617     0.690      0.740     0.549    0.536     0.533   0.784     0.121      0.192     0.04023  -1	   0.0038231    -0.0118009
     D1T6B-a29b      0.031     0.024       0.081     0.692      0.186     0.726      0.603     0.644      0.149     0.497    0.495     0.518   0.794     0.107      0.192     0.02168  -1	   0.1035701     0.0670045
     D1T6B-a29c      0.032     0.030       0.100     0.607      0.273     0.731      0.589     0.585      0.771     0.510    0.516     0.513   0.816     0.095      0.192     0.02307  -1	   0.0486946     0.0395814
     D1T6B-a29d      0.032     0.031       0.107     0.628      0.288     0.729      0.586     0.577      0.243     0.504    0.501     0.520   0.816     0.089      0.192     0.02320  -1	   0.1086557     0.0897988
      D1T6B-a2a      0.029     0.017       0.059     0.673     -0.030     0.729      0.658     0.693      0.816     0.501    0.490     0.525   0.852     0.141      0.192     0.01437  -1	  -0.0596221    -0.0268263
      D1T6B-a2b      0.026     0.021       0.070     0.617      0.258     0.718      0.640     0.711      0.901     0.521    0.514     0.525   0.816     0.113      0.192     0.01549  -1	   0.0090280    -0.0248621
      D1T6B-a2c      0.033     0.018       0.059     0.696      0.051     0.730      0.599     0.607      0.284     0.492    0.496     0.512   0.817     0.154      0.192     0.03432  -1	   0.0272776     0.0626715
      D1T6B-a2d      0.026     0.023       0.079     0.669      0.228     0.723      0.629     0.645      0.921     0.559    0.517     0.557   0.840     0.123      0.192     0.01548  -1	   0.0202552    -0.0007796
     D1T6B-a30a      0.022     0.044       0.122     0.582      0.173     0.717      0.570     0.603      0.219     0.539    0.533     0.526   0.721     0.068      0.192     0.01790  -1	   0.0832830     0.0175520
     D1T6B-a30b      0.026     0.041       0.128     0.599      0.175     0.703      0.572     0.619      0.294     0.520    0.522     0.517   0.721     0.070      0.192     0.01589  -1	   0.0694401     0.0093133
     D1T6B-a30c      0.029     0.031       0.104     0.606      0.223     0.723      0.605     0.636      0.108     0.529    0.536     0.514   0.784     0.081      0.192     0.02237  -1	   0.1172144     0.0555189
     D1T6B-a30d      0.024     0.040       0.128     0.599      0.204     0.716      0.587     0.642      0.575     0.532    0.515     0.533   0.767     0.064      0.192     0.01574  -1	   0.0440027    -0.0081751
     D1T6B-a31a      0.032     0.022       0.070     0.700     -0.274     0.730      0.580     0.583      0.833     0.536    0.506     0.545   0.750     0.146      0.192     0.02313  -1	  -0.0082890     0.0549722
     D1T6B-a31b      0.030     0.022       0.075     0.541     -0.294     0.724      0.626     0.635      0.938     0.499    0.514     0.505   0.591     0.109      0.192     0.01811  -1	   0.0015226     0.0528484
     D1T6B-a31c      0.032     0.021       0.073     0.678     -0.491     0.723      0.612     0.635      0.582     0.506    0.494     0.528   0.683     0.128      0.192     0.02308  -1	   0.1038281     0.0858827
     D1T6B-a31d      0.026     0.028       0.087     0.681     -0.368     0.725      0.654     0.711      0.506     0.546    0.514     0.547   0.699     0.090      0.192     0.01514  -1	   0.0513903     0.0174975
     D1T6B-a32a      0.031     0.020       0.078     0.628     -0.523     0.722      0.618     0.675      0.999     0.545    0.540     0.525   0.607     0.123      0.192     0.01017  -1	   0.0881669     0.0916318
     D1T6B-a32b      0.029     0.022       0.076     0.628     -0.150     0.725      0.606     0.662      0.427     0.511    0.502     0.525   0.732     0.119      0.192     0.00968  -1	  -0.0096297     0.0066958
     D1T6B-a32c      0.032     0.025       0.081     0.697     -0.377     0.720      0.589     0.619      0.511     0.520    0.505     0.531   0.699     0.116      0.192     0.01707  -1	   0.0651330     0.0721733
     D1T6B-a32d      0.028     0.022       0.073     0.655     -0.025     0.726      0.588     0.616      0.778     0.618    0.546     0.590   0.852     0.114      0.192     0.01548  -1	  -0.0307856     0.0140753
     D1T6B-a33a      0.029     0.023       0.072     0.635     -0.158     0.723      0.616     0.675      0.938     0.503    0.525     0.498   0.701     0.125      0.192     0.01006  -1	  -0.0342903     0.0149678
     D1T6B-a33b      0.033     0.021       0.066     0.710      0.004     0.726      0.588     0.606      0.365     0.543    0.505     0.552   0.805     0.117      0.192     0.01195  -1	   0.0172814     0.0533129
     D1T6B-a33c      0.033     0.019       0.066     0.631     -0.214     0.735      0.624     0.649      0.514     0.495    0.489     0.520   0.718     0.132      0.192     0.01093  -1	  -0.0116556     0.0255380
     D1T6B-a33d      0.033     0.021       0.063     0.726      0.057     0.733      0.610     0.630      0.228     0.525    0.509     0.532   0.841     0.135      0.192     0.01180  -1	   0.0671139     0.0658122
     D1T6B-a34a      0.032     0.021       0.065     0.681      0.097     0.731      0.607     0.627      0.380     0.523    0.510     0.529   0.817     0.138      0.192     0.01175  -1	   0.0088262     0.0254786
     D1T6B-a34b      0.030     0.024       0.078     0.531     -0.253     0.726      0.610     0.681      0.606     0.481    0.483     0.512   0.591     0.110      0.192     0.00920  -1	  -0.0160987     0.0164324
     D1T6B-a34c      0.033     0.021       0.065     0.699      0.116     0.731      0.603     0.623      0.696     0.541    0.520     0.538   0.827     0.134      0.192     0.01181  -1	  -0.0217058     0.0077834
     D1T6B-a34d      0.027     0.046       0.155     0.592     -0.216     0.723      0.608     0.622      0.930     0.518    0.515     0.520   0.700     0.057      0.192     0.00656  -1	   0.0223825     0.0116298
     D1T6B-a35a      0.027     0.034       0.111     0.559     -0.422     0.719      0.606     0.674      0.348     0.500    0.514     0.506   0.566     0.075      0.192     0.00706  -1	   0.0934858     0.0427645
     D1T6B-a35b      0.024     0.028       0.092     0.575      0.231     0.718      0.616     0.628      0.829     0.511    0.520     0.511   0.767     0.089      0.192     0.00755  -1	   0.0136240     0.0070469
     D1T6B-a35c      0.027     0.029       0.094     0.687      0.018     0.726      0.611     0.641      0.337     0.535    0.521     0.532   0.781     0.079      0.192     0.00867  -1	   0.0296042     0.0231606
     D1T6B-a35d      0.024     0.029       0.091     0.610      0.297     0.715      0.598     0.612      0.880     0.500    0.503     0.514   0.816     0.107      0.192     0.00734  -1	   0.0417403     0.0088872
     D1T6B-a36a      0.025     0.035       0.107     0.654      0.292     0.715      0.563     0.640      0.195     0.500    0.518     0.502   0.872     0.080      0.192     0.00766  -1	   0.1385940     0.0120881
     D1T6B-a36b      0.025     0.034       0.119     0.623      0.051     0.729      0.591     0.611      0.574     0.550    0.530     0.538   0.761     0.069      0.192     0.00842  -1	  -0.0052136     0.0072865
     D1T6B-a36c      0.029     0.020       0.075     0.628      0.058     0.726      0.617     0.678      0.407     0.489    0.514     0.496   0.761     0.124      0.192     0.00459  -1	  -0.0238476    -0.0155845
     D1T6B-a36d      0.028     0.033       0.104     0.544     -0.368     0.721      0.606     0.668      0.705     0.490    0.495     0.511   0.564     0.077      0.192     0.00721  -1	   0.0280963     0.0345707
     D1T6B-a37a      0.031     0.031       0.094     0.564      0.200     0.726      0.621     0.659      0.334     0.507    0.515     0.511   0.767     0.081      0.192     0.00804  -1	   0.0329473    -0.0116507
     D1T6B-a37b      0.030     0.033       0.098     0.589     -0.136     0.736      0.612     0.627      0.543     0.525    0.506     0.534   0.714     0.091      0.192     0.00749  -1	  -0.0140609    -0.0005717
     D1T6B-a37c      0.030     0.036       0.106     0.617     -0.120     0.727      0.593     0.624      1.000     0.583    0.558     0.546   0.732     0.098      0.192     0.00736  -1	   0.0131270     0.0164105
     D1T6B-a37d      0.028     0.034       0.104     0.556      0.211     0.729      0.573     0.597      0.423     0.507    0.502     0.521   0.767     0.085      0.192     0.00766  -1	   0.0265966     0.0125900
     D1T6B-a38a      0.030     0.034       0.098     0.618     -0.174     0.725      0.605     0.615      0.789     0.526    0.498     0.542   0.701     0.093      0.192     0.00739  -1	  -0.0092614     0.0114077
     D1T6B-a38b      0.031     0.031       0.094     0.529      0.254     0.726      0.606     0.630      0.445     0.513    0.522     0.511   0.737     0.083      0.192     0.00816  -1	   0.0268012     0.0088924
     D1T6B-a38c      0.030     0.037       0.104     0.604     -0.153     0.723      0.610     0.615      0.857     0.540    0.505     0.550   0.701     0.096      0.192     0.00727  -1	  -0.0003910     0.0028330
     D1T6B-a38d      0.030     0.033       0.100     0.639     -0.198     0.727      0.590     0.577      0.987     0.555    0.539     0.536   0.701     0.100      0.192     0.00741  -1	   0.0037042     0.0394751
     D1T6B-a39a      0.030     0.033       0.104     0.637      0.057     0.736      0.599     0.654      0.916     0.534    0.507     0.543   0.761     0.078      0.192     0.00602  -1	   0.0119941    -0.0010273
     D1T6B-a39b      0.029     0.038       0.122     0.660     -0.157     0.741      0.572     0.590      0.209     0.497    0.501     0.513   0.757     0.072      0.192     0.00648  -1	   0.0794211     0.0535085
     D1T6B-a39c      0.029     0.034       0.113     0.646      0.077     0.743      0.613     0.663      0.313     0.491    0.508     0.502   0.761     0.075      0.192     0.00504  -1	   0.0426784    -0.0078469
     D1T6B-a39d      0.029     0.033       0.106     0.551      0.077     0.738      0.602     0.637      0.200     0.487    0.499     0.505   0.744     0.088      0.192     0.00599  -1	   0.0358160    -0.0079965
      D1T6B-a3a      0.032     0.035       0.108     0.584      0.511     0.734      0.536     0.487      0.609     0.507    0.505     0.519   0.823     0.071      0.192     0.13362  -1	   0.2077681     0.2082585
      D1T6B-a3b      0.028     0.024       0.081     0.729      0.029     0.732      0.599     0.618      0.978     0.532    0.522     0.527   0.805     0.111      0.192     0.02005  -1	  -0.0205279     0.0146837
      D1T6B-a3c      0.029     0.032       0.100     0.623      0.108     0.724      0.581     0.609      0.239     0.518    0.505     0.529   0.771     0.095      0.192     0.01646  -1	   0.0516717     0.0262178
      D1T6B-a3d      0.029     0.024       0.084     0.720      0.025     0.732      0.605     0.619      0.992     0.518    0.526     0.512   0.805     0.116      0.192     0.01949  -1	  -0.0245973     0.0110527
     D1T6B-a40a      0.030     0.031       0.106     0.558      0.054     0.743      0.608     0.646      0.423     0.502    0.489     0.526   0.744     0.076      0.192     0.00605  -1	  -0.0110787    -0.0219140
     D1T6B-a40b      0.028     0.031       0.110     0.561     -0.126     0.740      0.644     0.683      0.854     0.494    0.502     0.509   0.714     0.076      0.192     0.00546  -1	  -0.0206455    -0.0097911
     D1T6B-a40c      0.026     0.031       0.101     0.711      0.150     0.729      0.571     0.611      0.099     0.511    0.517     0.512   0.819     0.095      0.192     0.00596  -1	   0.1430422     0.0840121
     D1T6B-a40d      0.029     0.036       0.120     0.585     -0.003     0.748      0.618     0.652      0.262     0.521    0.526     0.515   0.778     0.080      0.192     0.00640  -1	   0.0323012    -0.0229495
     D1T6B-a41a      0.031     0.026       0.082     0.594      0.258     0.750      0.599     0.649      0.151     0.525    0.526     0.517   0.798     0.118      0.192     0.00828  -1	   0.0927955     0.0270471
     D1T6B-a41b      0.030     0.021       0.065     0.680     -0.421     0.750      0.606     0.659      0.475     0.504    0.491     0.528   0.639     0.143      0.192     0.00672  -1	   0.0728094     0.0570740
     D1T6B-a41c      0.030     0.021       0.065     0.698     -0.221     0.748      0.602     0.645      0.184     0.496    0.492     0.519   0.773     0.140      0.192     0.00671  -1	   0.0967683     0.0736569
     D1T6B-a41d      0.031     0.023       0.082     0.662      0.193     0.737      0.611     0.671      0.446     0.506    0.509     0.514   0.794     0.117      0.192     0.00840  -1	   0.0176290    -0.0008324
     D1T6B-a42a      0.032     0.026       0.084     0.560      0.306     0.745      0.580     0.625      0.131     0.515    0.522     0.512   0.798     0.117      0.192     0.00827  -1	   0.1005394     0.0408674
     D1T6B-a42b      0.032     0.030       0.094     0.558      0.323     0.737      0.593     0.640      0.832     0.525    0.514     0.528   0.798     0.096      0.192     0.00791  -1	   0.0781476     0.0222689
     D1T6B-a42c      0.032     0.025       0.084     0.603      0.263     0.746      0.596     0.649      0.131     0.507    0.521     0.506   0.816     0.122      0.192     0.00831  -1	   0.1021370     0.0284440
     D1T6B-a42d      0.031     0.026       0.087     0.679      0.127     0.745      0.595     0.650      0.290     0.539    0.546     0.515   0.827     0.118      0.192     0.00836  -1	   0.0565291     0.0169502
     D1T6B-a43a      0.030     0.019       0.056     0.601      0.067     0.739      0.612     0.656      0.941     0.518    0.519     0.518   0.761     0.188      0.192     0.01070  -1	  -0.0498584    -0.0296579
     D1T6B-a43c      0.031     0.025       0.078     0.643     -0.293     0.734      0.633     0.686      0.704     0.512    0.519     0.512   0.671     0.123      0.192     0.00658  -1	  -0.0041389     0.0130596
     D1T6B-a43d      0.028     0.022       0.070     0.694      0.035     0.736      0.625     0.666      0.408     0.509    0.511     0.515   0.781     0.122      0.192     0.00904  -1	  -0.0022839     0.0061732
     D1T6B-a44a      0.032     0.020       0.059     0.613      0.022     0.738      0.638     0.686      0.554     0.509    0.496     0.528   0.725     0.134      0.192     0.01360  -1	  -0.0471044    -0.0276199
     D1T6B-a44b      0.028     0.026       0.087     0.609     -0.368     0.733      0.654     0.749      0.701     0.509    0.499     0.525   0.644     0.092      0.192     0.01252  -1	   0.0169686     0.0065934
     D1T6B-a44c      0.031     0.021       0.060     0.630     -0.101     0.738      0.627     0.644      0.629     0.484    0.507     0.496   0.732     0.131      0.192     0.00853  -1	  -0.0462288     0.0058355
     D1T6B-a44d      0.030     0.014       0.050     0.747      0.059     0.734      0.625     0.653      0.605     0.510    0.512     0.515   0.841     0.178      0.192     0.00880  -1	  -0.0456320     0.0010457
     D1T6B-a45a      0.034     0.037       0.119     0.689      0.206     0.728      0.545     0.579      0.296     0.599    0.535     0.579   0.840     0.071      0.192     0.01308  -1	   0.1201016     0.0695062
     D1T6B-a45b      0.025     0.049       0.135     0.611      0.072     0.721      0.534     0.585      0.036     0.558    0.532     0.544   0.761     0.070      0.192     0.01924  -1	   0.1489310     0.0349012
     D1T6B-a45c      0.032     0.035       0.116     0.671      0.274     0.736      0.558     0.571      0.047     0.554    0.529     0.543   0.872     0.076      0.192     0.01239  -1	   0.2064429     0.1337749
     D1T6B-a45d      0.031     0.039       0.117     0.617      0.116     0.721      0.586     0.618      0.867     0.551    0.543     0.528   0.771     0.063      0.192     0.01394  -1	   0.0389882     0.0157432
     D1T6B-a46a      0.026     0.041       0.135     0.700      0.246     0.717      0.573     0.627      0.905     0.586    0.569     0.540   0.864     0.069      0.192     0.01428  -1	   0.1073563     0.0363884
     D1T6B-a46b      0.027     0.045       0.131     0.620      0.154     0.715      0.597     0.628      0.099     0.518    0.505     0.530   0.739     0.062      0.192     0.02663  -1	   0.1348385     0.0255267
     D1T6B-a46c      0.026     0.038       0.119     0.533      0.247     0.725      0.586     0.561      0.830     0.538    0.513     0.541   0.705     0.079      0.192     0.02169  -1	   0.0654221     0.0435776
     D1T6B-a46d      0.031     0.039       0.132     0.628      0.106     0.718      0.610     0.644      0.197     0.530    0.525     0.524   0.771     0.068      0.192     0.02501  -1	   0.0918731     0.0147654
     D1T6B-a47a      0.026     0.053       0.161     0.600     -0.163     0.723      0.573     0.578      1.000     0.571    0.595     0.503   0.664     0.057      0.192     0.00666  -1	   0.0392667     0.0268537
     D1T6B-a47b      0.028     0.038       0.142     0.652     -0.059     0.726      0.562     0.568      0.672     0.582    0.531     0.567   0.812     0.073      0.192     0.00580  -1	  -0.0030340     0.0166683
     D1T6B-a47d      0.030     0.037       0.128     0.589      0.156     0.729      0.592     0.593      0.408     0.518    0.511     0.524   0.721     0.068      0.192     0.00659  -1	   0.0386723     0.0302126
     D1T6B-a48a      0.017     0.054       0.154     0.601      0.218     0.712      0.563     0.574      0.242     0.511    0.487     0.536   0.787     0.051      0.192     0.00612  -1	   0.1212400     0.0117084
     D1T6B-a48b      0.025     0.044       0.148     0.651     -0.150     0.720      0.603     0.639      0.563     0.539    0.541     0.519   0.788     0.059      0.192     0.00572  -1	   0.0091994    -0.0192305
     D1T6B-a48c      0.027     0.048       0.157     0.629      0.009     0.721      0.558     0.599      0.557     0.516    0.501     0.530   0.725     0.060      0.192     0.00542  -1	   0.0240295    -0.0090535
     D1T6B-a48d      0.025     0.046       0.150     0.583     -0.054     0.724      0.594     0.635      0.404     0.515    0.509     0.523   0.738     0.058      0.192     0.00536  -1	   0.0213850    -0.0306750
     D1T6B-a49a      0.025     0.048       0.161     0.611     -0.096     0.708      0.607     0.606      0.387     0.565    0.535     0.549   0.756     0.049      0.192     0.00687  -1	   0.0355627    -0.0026909
     D1T6B-a49b      0.025     0.045       0.152     0.551     -0.048     0.718      0.599     0.632      0.350     0.514    0.513     0.519   0.778     0.058      0.192     0.00542  -1	   0.0248010    -0.0333404
     D1T6B-a49c      0.020     0.049       0.154     0.570      0.251     0.711      0.562     0.557      0.080     0.484    0.490     0.510   0.798     0.058      0.192     0.00599  -1	   0.1589637     0.0576670
     D1T6B-a49d      0.029     0.021       0.067     0.573      0.173     0.735      0.608     0.653      0.655     0.499    0.504     0.512   0.721     0.119      0.192     0.00848  -1	  -0.0362031    -0.0103362
      D1T6B-a4a      0.028     0.039       0.120     0.641      0.094     0.731      0.554     0.552      0.280     0.532    0.526     0.524   0.761     0.075      0.192     0.09777  -1	   0.0669231     0.0665449
      D1T6B-a4b      0.029     0.033       0.100     0.687      0.088     0.725      0.540     0.520      0.418     0.516    0.520     0.515   0.817     0.087      0.192     0.15104  -1	   0.0326934     0.0849624
      D1T6B-a4c      0.032     0.033       0.101     0.586     -0.083     0.726      0.554     0.523      0.598     0.519    0.511     0.525   0.738     0.094      0.192     0.13360  -1	  -0.0184602     0.0677426
      D1T6B-a4d      0.033     0.031       0.095     0.622     -0.033     0.738      0.551     0.527      0.673     0.502    0.523     0.499   0.796     0.090      0.192     0.11871  -1	  -0.0225989     0.0654502
     D1T6B-a50a      0.028     0.025       0.084     0.545      0.050     0.718      0.657     0.683      0.693     0.542    0.529     0.532   0.682     0.108      0.192     0.00379  -1	  -0.0458006    -0.0313340
     D1T6B-a50b      0.026     0.029       0.095     0.667     -0.013     0.719      0.612     0.697      0.877     0.502    0.504     0.515   0.852     0.097      0.192     0.00354  -1	  -0.0285736    -0.0268544
     D1T6B-a50c      0.032     0.021       0.076     0.665     -0.081     0.729      0.620     0.681      0.541     0.477    0.500     0.495   0.812     0.122      0.192     0.00462  -1	  -0.0313256    -0.0153512
     D1T6B-a50d      0.029     0.030       0.100     0.580      0.075     0.736      0.590     0.620      0.939     0.518    0.517     0.519   0.744     0.089      0.192     0.00768  -1	   0.0049321     0.0169115
     D1T6B-a51a      0.030     0.019       0.070     0.566      0.113     0.727      0.634     0.695      0.545     0.489    0.490     0.513   0.753     0.124      0.192     0.00446  -1	  -0.0506774    -0.0404377
     D1T6B-a51b      0.030     0.020       0.075     0.586      0.059     0.725      0.644     0.678      0.718     0.502    0.508     0.511   0.744     0.104      0.192     0.00382  -1	  -0.0514401    -0.0175775
     D1T6B-a51c      0.031     0.020       0.075     0.568      0.065     0.728      0.625     0.691      0.471     0.479    0.506     0.492   0.744     0.130      0.192     0.00465  -1	  -0.0456426    -0.0372866
     D1T6B-a52a      0.033     0.019       0.060     0.641     -0.265     0.730      0.645     0.708      0.757     0.507    0.498     0.524   0.671     0.143      0.192     0.00401  -1	  -0.0165097     0.0118619
     D1T6B-a52b      0.026     0.029       0.091     0.566      0.318     0.729      0.594     0.621      0.602     0.503    0.488     0.528   0.798     0.096      0.192     0.00298  -1	   0.0405153     0.0124735
     D1T6B-a52c      0.027     0.032       0.103     0.639     -0.076     0.730      0.629     0.711      0.896     0.530    0.518     0.529   0.756     0.080      0.192     0.00337  -1	  -0.0152828    -0.0155133
     D1T6B-a52d      0.028     0.033       0.108     0.587     -0.335     0.728      0.607     0.669      0.778     0.496    0.497     0.515   0.738     0.077      0.192     0.00720  -1	   0.0225151     0.0306608
     D1T6B-a53a      0.027     0.025       0.078     0.650     -0.178     0.729      0.643     0.721      0.999     0.509    0.518     0.510   0.757     0.114      0.192     0.00351  -1	  -0.0204592     0.0062964
     D1T6B-a53b      0.030     0.025       0.078     0.677     -0.045     0.728      0.640     0.720      0.891     0.489    0.491     0.513   0.852     0.104      0.192     0.00362  -1	  -0.0334858    -0.0238840
     D1T6B-a53c      0.032     0.020       0.063     0.639     -0.307     0.738      0.645     0.705      0.735     0.487    0.489     0.512   0.756     0.114      0.192     0.00465  -1	  -0.0003140     0.0231659
     D1T6B-a53d      0.026     0.027       0.082     0.628     -0.152     0.728      0.639     0.719      0.999     0.510    0.501     0.524   0.701     0.112      0.192     0.00355  -1	  -0.0158175    -0.0021120
     D1T6B-a54a      0.028     0.033       0.107     0.551      0.130     0.737      0.604     0.643      0.179     0.489    0.500     0.506   0.753     0.083      0.192     0.00589  -1	   0.0481883    -0.0098091
     D1T6B-a54b      0.030     0.033       0.111     0.650      0.029     0.741      0.628     0.683      0.333     0.493    0.517     0.496   0.781     0.079      0.192     0.00504  -1	   0.0326119    -0.0197380
     D1T6B-a54c      0.027     0.033       0.108     0.547      0.054     0.742      0.602     0.635      0.295     0.504    0.505     0.516   0.682     0.086      0.192     0.00589  -1	   0.0048418    -0.0100476
     D1T6B-a54d      0.029     0.019       0.054     0.699      0.147     0.732      0.620     0.652      0.621     0.518    0.513     0.522   0.827     0.134      0.192     0.00566  -1	  -0.0254689    -0.0009597
     D1T6B-a55a      0.029     0.034       0.119     0.543     -0.088     0.731      0.623     0.663      0.378     0.504    0.506     0.515   0.677     0.075      0.192     0.00562  -1	  -0.0071387    -0.0233393
     D1T6B-a55b      0.029     0.029       0.092     0.589      0.228     0.727      0.622     0.637      0.409     0.500    0.490     0.524   0.767     0.088      0.192     0.00521  -1	   0.0265762     0.0077621
     D1T6B-a55c      0.028     0.034       0.117     0.563     -0.083     0.740      0.615     0.654      0.387     0.510    0.508     0.519   0.738     0.074      0.192     0.00559  -1	  -0.0058864    -0.0252059
     D1T6B-a55d      0.026     0.031       0.097     0.707      0.154     0.737      0.565     0.604      0.073     0.505    0.512     0.511   0.819     0.098      0.192     0.00595  -1	   0.1508800     0.0911062
     D1T6B-a56a      0.030     0.034       0.110     0.619      0.054     0.733      0.597     0.637      0.315     0.495    0.512     0.502   0.761     0.083      0.192     0.00597  -1	   0.0325993    -0.0017066
     D1T6B-a56c      0.032     0.027       0.103     0.643      0.357     0.739      0.574     0.611      0.109     0.504    0.498     0.522   0.848     0.092      0.192     0.00625  -1	   0.1768085     0.0999976
     D1T6B-a56d      0.029     0.021       0.063     0.702     -0.106     0.746      0.607     0.651      0.279     0.490    0.496     0.510   0.812     0.147      0.192     0.00666  -1	   0.0391667     0.0287732
     D1T6B-a57a      0.032     0.026       0.081     0.593      0.016     0.738      0.626     0.660      0.269     0.496    0.500     0.512   0.708     0.121      0.192     0.00602  -1	   0.0122614    -0.0008801
     D1T6B-a57b      0.032     0.025       0.084     0.584     -0.004     0.741      0.632     0.668      0.248     0.506    0.507     0.516   0.778     0.112      0.192     0.00599  -1	   0.0135120    -0.0131107
     D1T6B-a57c      0.031     0.030       0.091     0.667      0.244     0.736      0.588     0.651      0.754     0.553    0.542     0.532   0.840     0.100      0.192     0.00728  -1	   0.0492723     0.0091703
     D1T6B-a57d      0.030     0.026       0.081     0.611      0.317     0.739      0.597     0.648      0.090     0.508    0.531     0.498   0.816     0.118      0.192     0.00831  -1	   0.1427055     0.0576294
     D1T6B-a58a      0.030     0.019       0.066     0.759     -0.026     0.741      0.608     0.619      0.963     0.503    0.528     0.496   0.855     0.144      0.192     0.00882  -1	  -0.0528651     0.0097968
     D1T6B-a58b      0.030     0.030       0.094     0.649     -0.203     0.730      0.589     0.675      0.139     0.501    0.498     0.519   0.718     0.109      0.192     0.00701  -1	   0.1075200     0.0297809
     D1T6B-a58c      0.033     0.016       0.047     0.768     -0.200     0.735      0.636     0.655      0.814     0.509    0.496     0.527   0.761     0.185      0.192     0.00564  -1	  -0.0361846     0.0205402
     D1T6B-a59a      0.032     0.027       0.092     0.643      0.128     0.740      0.601     0.643      0.674     0.518    0.514     0.523   0.771     0.081      0.192     0.00551  -1	  -0.0034810     0.0072928
     D1T6B-a59b      0.032     0.030       0.087     0.591      0.126     0.742      0.593     0.651      0.092     0.480    0.492     0.504   0.753     0.103      0.192     0.00634  -1	   0.0845836     0.0099720
     D1T6B-a59c      0.034     0.028       0.087     0.564      0.185     0.739      0.600     0.659      0.108     0.473    0.489     0.500   0.721     0.106      0.192     0.00628  -1	   0.0755269     0.0051930
     D1T6B-a59d      0.031     0.029       0.084     0.538      0.267     0.741      0.596     0.668      0.105     0.492    0.509     0.502   0.737     0.108      0.192     0.00628  -1	   0.0866794    -0.0113646
      D1T6B-a5a      0.033     0.035       0.111     0.668      0.210     0.726      0.606     0.629      0.701     0.546    0.533     0.532   0.840     0.085      0.192     0.03662  -1	   0.0526455     0.0132678
      D1T6B-a5b      0.029     0.029       0.092     0.571     -0.115     0.727      0.578     0.560      0.705     0.510    0.518     0.511   0.714     0.105      0.192     0.12134  -1	  -0.0345926     0.0462853
      D1T6B-a5c      0.032     0.032       0.103     0.623     -0.085     0.732      0.548     0.522      0.511     0.529    0.504     0.539   0.756     0.094      0.192     0.13954  -1	  -0.0080552     0.0715055
      D1T6B-a5d      0.030     0.030       0.089     0.559     -0.092     0.725      0.586     0.570      0.199     0.503    0.497     0.521   0.738     0.100      0.192     0.12267  -1	   0.0383791     0.0803160
     D1T6B-a60a      0.035     0.027       0.082     0.693      0.088     0.743      0.609     0.647      0.537     0.517    0.499     0.532   0.817     0.099      0.192     0.00647  -1	   0.0060334     0.0003807
     D1T6B-a60b      0.035     0.025       0.082     0.715      0.224     0.741      0.592     0.637      0.575     0.491    0.488     0.517   0.864     0.096      0.192     0.00627  -1	   0.0365545     0.0207596
     D1T6B-a60c      0.032     0.027       0.097     0.636      0.079     0.740      0.596     0.641      0.878     0.539    0.523     0.534   0.761     0.079      0.192     0.00551  -1	   0.0007243     0.0180591
     D1T6B-a60d      0.036     0.025       0.085     0.729      0.148     0.739      0.584     0.623      0.372     0.504    0.514     0.509   0.851     0.092      0.192     0.00623  -1	   0.0571092     0.0479844
     D1T6B-a61a      0.026     0.043       0.145     0.585      0.211     0.717      0.553     0.563      0.411     0.506    0.535     0.493   0.767     0.055      0.192     0.00600  -1	   0.0729481     0.0483532
     D1T6B-a61b      0.025     0.043       0.138     0.534     -0.140     0.717      0.598     0.674      0.982     0.545    0.527     0.536   0.653     0.063      0.192     0.00666  -1	   0.0267709     0.0117123
     D1T6B-a61c      0.033     0.028       0.085     0.550      0.171     0.738      0.619     0.676      0.186     0.488    0.492     0.511   0.721     0.105      0.192     0.00616  -1	   0.0416062    -0.0213109
     D1T6B-a61d      0.019     0.048       0.148     0.541      0.307     0.705      0.565     0.572      0.120     0.508    0.494     0.528   0.737     0.057      0.192     0.00593  -1	   0.1474381     0.0488374
     D1T6B-a62a      0.029     0.040       0.129     0.600      0.124     0.723      0.602     0.608      0.677     0.516    0.512     0.521   0.771     0.069      0.192     0.00672  -1	   0.0228166    -0.0000050
     D1T6B-a62b      0.026     0.038       0.133     0.657     -0.096     0.722      0.605     0.647      0.436     0.507    0.517     0.510   0.812     0.071      0.192     0.00536  -1	   0.0147029    -0.0216586
     D1T6B-a62c      0.020     0.050       0.154     0.572      0.232     0.715      0.563     0.560      0.478     0.504    0.494     0.526   0.767     0.056      0.192     0.00612  -1	   0.0773185     0.0193924
     D1T6B-a62d      0.025     0.045       0.154     0.527      0.175     0.713      0.587     0.562      0.036     0.535    0.535     0.520   0.659     0.058      0.192     0.00591  -1	   0.1255975     0.0903826
     D1T6B-a63a      0.026     0.048       0.155     0.642     -0.023     0.720      0.561     0.597      0.728     0.513    0.523     0.509   0.796     0.058      0.192     0.00540  -1	   0.0135415    -0.0080858
     D1T6B-a63b      0.028     0.050       0.166     0.582     -0.198     0.720      0.597     0.615      0.999     0.532    0.557     0.499   0.684     0.052      0.192     0.00679  -1	   0.0351682     0.0215795
     D1T6B-a63c      0.027     0.046       0.151     0.675      0.101     0.715      0.578     0.628      0.215     0.542    0.522     0.537   0.827     0.057      0.192     0.00535  -1	   0.1168869     0.0031109
     D1T6B-a63d      0.023     0.054       0.169     0.588     -0.061     0.713      0.533     0.535      0.965     0.545    0.533     0.531   0.554     0.055      0.192     0.00676  -1	   0.0410149     0.0316478
     D1T6B-a64a      0.031     0.023       0.076     0.643     -0.016     0.721      0.637     0.691      0.938     0.497    0.511     0.505   0.796     0.106      0.192     0.00347  -1	  -0.0343451    -0.0101683
     D1T6B-a64b      0.035     0.018       0.060     0.626     -0.256     0.722      0.629     0.666      0.855     0.546    0.550     0.519   0.671     0.138      0.192     0.00298  -1	  -0.0188477     0.0346407
     D1T6B-a64c      0.034     0.020       0.054     0.609     -0.368     0.731      0.652     0.724      0.534     0.495    0.496     0.515   0.644     0.158      0.192     0.00300  -1	   0.0510346     0.0258389
     D1T6B-a64d      0.033     0.021       0.062     0.630     -0.232     0.728      0.637     0.706      0.987     0.500    0.507     0.511   0.718     0.140      0.192     0.00301  -1	  -0.0110623     0.0245269
     D1T6B-a65a      0.034     0.023       0.073     0.589     -0.075     0.723      0.637     0.725      0.970     0.502    0.517     0.504   0.738     0.106      0.192     0.00280  -1	  -0.0236410    -0.0004430
     D1T6B-a65b      0.035     0.026       0.085     0.633     -0.414     0.727      0.587     0.617      0.852     0.516    0.508     0.524   0.584     0.088      0.192     0.00266  -1	   0.0385844     0.0790040
     D1T6B-a65c      0.034     0.028       0.094     0.653     -0.374     0.724      0.570     0.598      0.549     0.518    0.502     0.531   0.699     0.090      0.192     0.00268  -1	   0.0514746     0.0785294
     D1T6B-a65d      0.030     0.032       0.116     0.587     -0.119     0.721      0.639     0.661      0.754     0.538    0.513     0.541   0.714     0.085      0.192     0.00291  -1	  -0.0220554    -0.0135171
     D1T6B-a66b      0.029     0.038       0.117     0.610      0.192     0.736      0.577     0.652      0.990     0.568    0.523     0.561   0.739     0.067      0.192     0.00334  -1	   0.0916438     0.0267232
     D1T6B-a66c      0.031     0.038       0.120     0.602      0.176     0.726      0.599     0.680      0.991     0.545    0.509     0.549   0.739     0.069      0.192     0.00331  -1	   0.0800694     0.0073451
     D1T6B-a66d      0.033     0.034       0.111     0.671     -0.153     0.733      0.604     0.595      0.291     0.564    0.542     0.541   0.757     0.087      0.192     0.00293  -1	   0.0596002     0.0586497
     D1T6B-a67a      0.031     0.026       0.089     0.569     -0.279     0.716      0.626     0.660      0.134     0.509    0.506     0.520   0.653     0.089      0.192     0.00287  -1	   0.1024144     0.0708449
     D1T6B-a67b      0.031     0.040       0.125     0.567     -0.111     0.723      0.607     0.660      0.968     0.532    0.511     0.537   0.714     0.070      0.192     0.00297  -1	   0.0232240     0.0062883
     D1T6B-a67c      0.031     0.028       0.104     0.613      0.197     0.731      0.610     0.623      0.815     0.497    0.493     0.519   0.739     0.072      0.192     0.00327  -1	   0.0245441     0.0268639
     D1T6B-a67d      0.030     0.028       0.103     0.556     -0.194     0.728      0.657     0.686      0.174     0.505    0.496     0.524   0.684     0.083      0.192     0.00291  -1	   0.0507584     0.0080651
     D1T6B-a68a      0.027     0.024       0.076     0.545     -0.174     0.732      0.651     0.743      0.823     0.501    0.491     0.524   0.622     0.107      0.192     0.00322  -1	  -0.0344396    -0.0173989
     D1T6B-a68b      0.029     0.017       0.054     0.490      0.228     0.722      0.649     0.699      0.948     0.499    0.502     0.514   0.641     0.138      0.192     0.00312  -1	  -0.0163495    -0.0352605
     D1T6B-a68c      0.026     0.023       0.072     0.523     -0.202     0.734      0.658     0.748      0.879     0.504    0.497     0.522   0.639     0.117      0.192     0.00321  -1	  -0.0249064    -0.0101651
     D1T6B-a68d      0.030     0.026       0.089     0.587     -0.402     0.730      0.637     0.689      0.848     0.502    0.498     0.519   0.566     0.085      0.192     0.00279  -1	   0.0293447     0.0371611
     D1T6B-a69a      0.027     0.033       0.106     0.537     -0.128     0.724      0.609     0.677      0.748     0.548    0.552     0.519   0.653     0.085      0.192     0.00332  -1	  -0.0273796    -0.0066701
     D1T6B-a69b      0.031     0.019       0.065     0.585      0.121     0.736      0.647     0.702      0.710     0.492    0.508     0.502   0.753     0.132      0.192     0.00321  -1	  -0.0505155    -0.0377415
     D1T6B-a69c      0.030     0.032       0.101     0.559     -0.057     0.740      0.586     0.628      0.952     0.536    0.509     0.542   0.738     0.078      0.192     0.00606  -1	   0.0044775     0.0273527
     D1T6B-a69d      0.031     0.025       0.088     0.628     -0.275     0.728      0.644     0.681      0.157     0.508    0.509     0.517   0.671     0.107      0.192     0.00290  -1	   0.1053621     0.0578152
      D1T6B-a6a      0.033     0.027       0.081     0.504     -0.046     0.735      0.595     0.617      0.730     0.515    0.514     0.519   0.717     0.094      0.192     0.04523  -1	  -0.0380532     0.0221745
      D1T6B-a6b      0.032     0.028       0.081     0.523     -0.051     0.731      0.605     0.627      0.635     0.511    0.496     0.530   0.677     0.098      0.192     0.04524  -1	  -0.0401953     0.0031939
      D1T6B-a6c      0.032     0.030       0.085     0.486      0.068     0.727      0.595     0.619      0.619     0.532    0.511     0.536   0.618     0.092      0.192     0.04532  -1	  -0.0355120     0.0048318
      D1T6B-a6d      0.030     0.028       0.094     0.705      0.212     0.733      0.581     0.554      0.076     0.500    0.492     0.523   0.864     0.091      0.192     0.52135   1	   0.1572338     0.1667832
     D1T6B-a70a      0.029     0.035       0.116     0.665     -0.006     0.742      0.604     0.635      0.053     0.515    0.514     0.519   0.852     0.084      0.192     0.00640  -1	   0.1318310     0.0389765
     D1T6B-a70b      0.029     0.036       0.111     0.640      0.090     0.736      0.588     0.604      0.542     0.565    0.526     0.555   0.761     0.076      0.192     0.00536  -1	   0.0182734     0.0132377
     D1T6B-a70c      0.029     0.032       0.108     0.575      0.073     0.737      0.602     0.637      0.296     0.488    0.517     0.491   0.744     0.085      0.192     0.00596  -1	   0.0204538    -0.0027719
     D1T6B-a70d      0.030     0.034       0.114     0.678     -0.122     0.735      0.599     0.623      0.210     0.511    0.509     0.519   0.788     0.080      0.192     0.00640  -1	   0.0778617     0.0391890
     D1T6B-a71a      0.031     0.032       0.108     0.576      0.082     0.734      0.607     0.628      0.302     0.516    0.501     0.530   0.744     0.064      0.192     0.00531  -1	   0.0203254     0.0068696
     D1T6B-a71b      0.029     0.029       0.100     0.654      0.047     0.738      0.605     0.619      0.331     0.504    0.499     0.520   0.781     0.088      0.192     0.00518  -1	   0.0230849     0.0238045
     D1T6B-a71c      0.025     0.037       0.123     0.571     -0.148     0.733      0.625     0.714      0.269     0.509    0.506     0.519   0.714     0.072      0.192     0.00474  -1	   0.0301532    -0.0520052
     D1T6B-a71d      0.029     0.029       0.107     0.509      0.011     0.734      0.620     0.657      0.501     0.539    0.526     0.532   0.646     0.076      0.192     0.00477  -1	  -0.0395820    -0.0181719
     D1T6B-a72a      0.031     0.019       0.059     0.614      0.291     0.735      0.621     0.671      0.898     0.510    0.492     0.532   0.816     0.128      0.192     0.00470  -1	   0.0210985    -0.0087654
     D1T6B-a72b      0.030     0.019       0.060     0.630      0.371     0.733      0.612     0.659      0.864     0.500    0.491     0.523   0.848     0.135      0.192     0.00476  -1	   0.0480488     0.0056519
     D1T6B-a72c      0.031     0.019       0.057     0.612      0.319     0.735      0.620     0.670      0.852     0.503    0.495     0.523   0.816     0.134      0.192     0.00469  -1	   0.0222239    -0.0087148
     D1T6B-a72d      0.030     0.027       0.104     0.616      0.034     0.733      0.624     0.673      0.808     0.521    0.512     0.526   0.725     0.075      0.192     0.00480  -1	  -0.0211209    -0.0037675
     D1T6B-a73a      0.031     0.028       0.089     0.545     -0.134     0.723      0.641     0.714      0.488     0.506    0.500     0.523   0.653     0.090      0.192     0.00481  -1	  -0.0250780    -0.0333273
     D1T6B-a73b      0.031     0.036       0.114     0.581     -0.100     0.715      0.596     0.668      0.692     0.538    0.527     0.529   0.738     0.078      0.192     0.00340  -1	  -0.0125488    -0.0138602
     D1T6B-a73c      0.031     0.026       0.079     0.462     -0.063     0.732      0.651     0.713      0.604     0.501    0.497     0.519   0.612     0.099      0.192     0.00481  -1	  -0.0535129    -0.0425878
     D1T6B-a73d      0.030     0.025       0.082     0.573      0.049     0.724      0.621     0.636      0.711     0.505    0.499     0.522   0.708     0.096      0.192     0.00325  -1	  -0.0403655    -0.0041161
     D1T6B-a74a      0.033     0.031       0.095     0.651     -0.087     0.741      0.596     0.581      0.512     0.505    0.489     0.530   0.812     0.093      0.192     0.00529  -1	  -0.0050900     0.0249996
     D1T6B-a74b      0.033     0.031       0.100     0.770      0.017     0.736      0.605     0.590      0.431     0.502    0.494     0.523   0.785     0.090      0.192     0.00514  -1	   0.0381858     0.0616563
     D1T6B-a74c      0.033     0.032       0.104     0.689      0.048     0.735      0.591     0.576      0.321     0.509    0.515     0.513   0.781     0.088      0.192     0.00525  -1	   0.0505250     0.0679966
     D1T6B-a74d      0.033     0.030       0.095     0.630     -0.074     0.741      0.622     0.640      0.903     0.522    0.490     0.545   0.756     0.088      0.192     0.00546  -1	  -0.0093753     0.0013091
     D1T6B-a75a      0.031     0.030       0.098     0.610     -0.090     0.738      0.616     0.627      0.634     0.510    0.523     0.506   0.756     0.083      0.192     0.00554  -1	  -0.0267240     0.0049695
     D1T6B-a75b      0.033     0.027       0.095     0.555     -0.528     0.734      0.615     0.619      0.397     0.502    0.500     0.518   0.590     0.107      0.192     0.00493  -1	   0.1416523     0.0994593
     D1T6B-a75c      0.031     0.028       0.088     0.592     -0.414     0.734      0.622     0.620      0.242     0.474    0.489     0.500   0.566     0.100      0.192     0.00471  -1	   0.1269973     0.1053892
     D1T6B-a75d      0.034     0.028       0.089     0.602     -0.511     0.734      0.648     0.662      0.136     0.486    0.501     0.502   0.607     0.097      0.192     0.00461  -1	   0.2316211     0.1298433
     D1T6B-a76a      0.034     0.026       0.087     0.561     -0.298     0.738      0.628     0.638      0.275     0.479    0.490     0.505   0.653     0.101      0.192     0.00462  -1	   0.0603943     0.0581373
     D1T6B-a76b      0.029     0.039       0.128     0.652     -0.260     0.717      0.577     0.637      0.900     0.545    0.528     0.535   0.726     0.065      0.192     0.00607  -1	   0.0130872     0.0301387
     D1T6B-a76c      0.023     0.042       0.136     0.621      0.106     0.719      0.576     0.605      0.776     0.502    0.537     0.489   0.771     0.065      0.192     0.00573  -1	   0.0175067     0.0026558
     D1T6B-a76d      0.030     0.033       0.095     0.529     -0.112     0.714      0.605     0.671      1.000     0.592    0.554     0.558   0.653     0.090      0.192     0.00286  -1	   0.0148288     0.0173126
     D1T6B-a77a      0.033     0.034       0.101     0.605      0.318     0.717      0.598     0.652      0.957     0.525    0.515     0.527   0.816     0.096      0.192     0.00294  -1	   0.1013063     0.0097416
     D1T6B-a77b      0.034     0.023       0.079     0.671      0.278     0.721      0.623     0.668      0.898     0.503    0.504     0.515   0.872     0.113      0.192     0.00288  -1	   0.0345412    -0.0012498
     D1T6B-a77c      0.033     0.025       0.079     0.656      0.387     0.718      0.619     0.666      0.534     0.500    0.532     0.490   0.903     0.102      0.192     0.00294  -1	   0.0905633     0.0301474
     D1T6B-a77d      0.037     0.028       0.091     0.598      0.022     0.721      0.606     0.648      0.432     0.494    0.493     0.515   0.708     0.100      0.192     0.00285  -1	  -0.0056931    -0.0018574
     D1T6B-a78a      0.034     0.023       0.079     0.657     -0.263     0.726      0.638     0.704      0.790     0.493    0.493     0.515   0.726     0.097      0.192     0.00259  -1	  -0.0103052     0.0195291
     D1T6B-a78b      0.036     0.027       0.078     0.653      0.328     0.721      0.605     0.642      0.533     0.501    0.492     0.523   0.872     0.115      0.192     0.00291  -1	   0.0630181     0.0099743
     D1T6B-a78c      0.035     0.025       0.081     0.601     -0.280     0.711      0.631     0.705      0.581     0.532    0.512     0.536   0.671     0.094      0.192     0.00245  -1	   0.0121610     0.0138793
     D1T6B-a78d      0.035     0.020       0.069     0.672      0.492     0.717      0.611     0.637      0.650     0.466    0.487     0.496   0.891     0.110      0.192     0.00215  -1	   0.1222923     0.0778739
     D1T6B-a79a      0.033     0.025       0.082     0.656     -0.216     0.732      0.592     0.627      0.465     0.532    0.502     0.545   0.773     0.100      0.192     0.00216  -1	   0.0116366     0.0327316
     D1T6B-a79b      0.033     0.020       0.066     0.617      0.132     0.725      0.618     0.668      0.926     0.508    0.516     0.511   0.771     0.137      0.192     0.00236  -1	  -0.0270116    -0.0153975
     D1T6B-a79c      0.031     0.019       0.072     0.615      0.151     0.725      0.620     0.677      0.920     0.522    0.508     0.530   0.739     0.141      0.192     0.00248  -1	  -0.0226706    -0.0158758
     D1T6B-a79d      0.033     0.025       0.081     0.632     -0.177     0.721      0.620     0.673      0.573     0.547    0.514     0.549   0.701     0.106      0.192     0.00229  -1	  -0.0150032     0.0016456
      D1T6B-a7a      0.031     0.020       0.066     0.569     -0.169     0.736      0.610     0.632      0.324     0.502    0.498     0.519   0.684     0.145      0.192     0.02903  -1	   0.0022091     0.0376335
      D1T6B-a7b      0.032     0.021       0.065     0.638     -0.148     0.731      0.606     0.633      0.426     0.495    0.503     0.509   0.732     0.150      0.192     0.02963  -1	  -0.0037060     0.0275830
      D1T6B-a7c      0.032     0.020       0.067     0.521     -0.264     0.732      0.616     0.639      0.250     0.498    0.506     0.510   0.591     0.148      0.192     0.02788  -1	   0.0410407     0.0660560
      D1T6B-a7d      0.030     0.021       0.067     0.734     -0.326     0.725      0.608     0.648      0.996     0.537    0.538     0.519   0.836     0.138      0.192     0.02362  -1	   0.0051595     0.0578182
     D1T6B-a80a      0.033     0.025       0.081     0.642     -0.291     0.728      0.592     0.628      0.617     0.546    0.511     0.551   0.671     0.096      0.192     0.00217  -1	   0.0053481     0.0452940
     D1T6B-a80b      0.033     0.024       0.076     0.658     -0.234     0.726      0.599     0.641      0.423     0.527    0.506     0.536   0.773     0.111      0.192     0.00227  -1	   0.0289920     0.0362171
     D1T6B-a80c      0.032     0.023       0.079     0.737     -0.097     0.733      0.595     0.629      0.595     0.544    0.512     0.547   0.836     0.106      0.192     0.00218  -1	  -0.0157872     0.0173858
     D1T6B-a80d      0.034     0.025       0.084     0.635     -0.118     0.721      0.606     0.658      0.853     0.557    0.511     0.560   0.732     0.101      0.192     0.00230  -1	  -0.0221282     0.0102099
     D1T6B-a81a      0.033     0.032       0.107     0.544     -0.055     0.722      0.588     0.608      0.502     0.522    0.512     0.527   0.677     0.077      0.192     0.00285  -1	  -0.0210186     0.0167033
     D1T6B-a81b      0.031     0.037       0.133     0.537     -0.062     0.723      0.570     0.648      0.976     0.547    0.538     0.529   0.677     0.068      0.192     0.00323  -1	   0.0199066     0.0351421
     D1T6B-a81c      0.033     0.032       0.107     0.651     -0.056     0.730      0.608     0.617      0.720     0.502    0.507     0.512   0.812     0.081      0.192     0.00290  -1	  -0.0181702     0.0026101
     D1T6B-a81d      0.031     0.034       0.117     0.617     -0.162     0.727      0.618     0.631      0.247     0.507    0.498     0.524   0.701     0.076      0.192     0.00298  -1	   0.0518364     0.0299993
     D1T6B-a82a      0.032     0.027       0.087     0.548      0.042     0.727      0.588     0.645      0.235     0.487    0.499     0.505   0.646     0.103      0.192     0.00219  -1	   0.0088183     0.0072868
     D1T6B-a82b      0.027     0.038       0.123     0.554      0.070     0.728      0.600     0.693      0.961     0.572    0.517     0.569   0.744     0.072      0.192     0.00297  -1	   0.0421601    -0.0073759
     D1T6B-a82c      0.036     0.024       0.082     0.712      0.005     0.727      0.626     0.667      1.000     0.556    0.559     0.519   0.805     0.108      0.192     0.00241  -1	  -0.0087405     0.0108185
     D1T6B-a82d      0.029     0.030       0.101     0.614     -0.328     0.729      0.635     0.681      0.603     0.503    0.496     0.522   0.756     0.072      0.192     0.00295  -1	   0.0224894     0.0121388
     D1T6B-a83a      0.033     0.026       0.092     0.629     -0.253     0.720      0.626     0.683      0.280     0.481    0.484     0.511   0.671     0.096      0.192     0.00251  -1	   0.0633871     0.0309082
     D1T6B-a83b      0.028     0.026       0.095     0.567     -0.188     0.726      0.643     0.670      0.530     0.506    0.496     0.525   0.684     0.092      0.192     0.00291  -1	  -0.0245924    -0.0073360
     D1T6B-a83c      0.030     0.029       0.106     0.574     -0.241     0.721      0.637     0.666      0.744     0.505    0.498     0.523   0.700     0.081      0.192     0.00297  -1	  -0.0110029     0.0081199
     D1T6B-a83d      0.030     0.029       0.097     0.537     -0.499     0.731      0.637     0.694      0.357     0.532    0.502     0.544   0.548     0.083      0.192     0.00283  -1	   0.1180173     0.0446136
     D1T6B-a84a      0.032     0.026       0.082     0.654      0.066     0.715      0.620     0.680      0.828     0.500    0.512     0.506   0.817     0.121      0.192     0.00295  -1	  -0.0307398    -0.0286929
     D1T6B-a84b      0.031     0.031       0.097     0.658     -0.035     0.714      0.563     0.643      0.202     0.497    0.528     0.490   0.852     0.090      0.192     0.00243  -1	   0.0790619     0.0116050
     D1T6B-a84c      0.030     0.025       0.088     0.629     -0.004     0.725      0.620     0.681      0.333     0.475    0.486     0.505   0.796     0.094      0.192     0.00322  -1	   0.0051183    -0.0209287
     D1T6B-a84d      0.030     0.021       0.072     0.632     -0.163     0.742      0.616     0.689      0.658     0.516    0.507     0.525   0.701     0.124      0.192     0.00229  -1	  -0.0411927    -0.0062942
     D1T6B-a85a      0.030     0.030       0.100     0.546      0.091     0.742      0.629     0.676      0.164     0.493    0.498     0.511   0.682     0.075      0.192     0.00492  -1	   0.0343423    -0.0154244
     D1T6B-a85b      0.033     0.029       0.092     0.626      0.288     0.723      0.557     0.627      0.372     0.498    0.509     0.506   0.816     0.088      0.192     0.00280  -1	   0.0743242     0.0247324
     D1T6B-a85c      0.034     0.031       0.097     0.633      0.393     0.720      0.554     0.638      0.181     0.500    0.510     0.508   0.848     0.085      0.192     0.00272  -1	   0.1792968     0.0489749
     D1T6B-a85d      0.031     0.034       0.113     0.540     -0.018     0.711      0.618     0.682      0.827     0.508    0.506     0.519   0.717     0.084      0.192     0.00320  -1	  -0.0119576    -0.0187227
     D1T6B-a86a      0.029     0.037       0.113     0.575      0.178     0.709      0.578     0.614      0.849     0.513    0.486     0.540   0.721     0.079      0.192     0.00326  -1	   0.0346237     0.0059531
     D1T6B-a86b      0.029     0.037       0.110     0.557      0.002     0.713      0.609     0.656      0.206     0.537    0.484     0.563   0.708     0.085      0.192     0.00313  -1	   0.0373168    -0.0266374
     D1T6B-a86c      0.034     0.036       0.110     0.679      0.095     0.716      0.563     0.613      0.192     0.511    0.520     0.510   0.817     0.099      0.192     0.00342  -1	   0.1076639     0.0328632
     D1T6B-a86d      0.034     0.027       0.085     0.608      0.282     0.720      0.598     0.666      0.999     0.542    0.545     0.518   0.816     0.120      0.192     0.00252  -1	   0.0657947     0.0053998
     D1T6B-a87a      0.031     0.029       0.091     0.628      0.043     0.721      0.595     0.631      0.711     0.486    0.513     0.493   0.725     0.086      0.192     0.00333  -1	  -0.0261881     0.0064416
     D1T6B-a87b      0.031     0.032       0.103     0.571     -0.008     0.708      0.613     0.674      0.923     0.534    0.526     0.527   0.778     0.085      0.192     0.00320  -1	  -0.0035929    -0.0081825
     D1T6B-a87c      0.029     0.040       0.123     0.637      0.218     0.709      0.557     0.621      0.848     0.520    0.515     0.523   0.784     0.078      0.192     0.00319  -1	   0.0599162     0.0104005
     D1T6B-a87d      0.031     0.034       0.114     0.573     -0.112     0.718      0.543     0.547      0.345     0.516    0.482     0.545   0.714     0.076      0.192     0.00290  -1	   0.0138691     0.0692017
     D1T6B-a88a      0.031     0.018       0.054     0.728      0.009     0.732      0.613     0.666      0.771     0.498    0.487     0.524   0.805     0.169      0.192     0.00197  -1	  -0.0551618    -0.0174451
     D1T6B-a88b      0.032     0.012       0.043     0.645      0.458     0.738      0.625     0.637      0.839     0.495    0.504     0.507   0.836     0.188      0.192     0.00213  -1	   0.0557900     0.0347557
     D1T6B-a88c      0.033     0.014       0.047     0.658     -0.284     0.729      0.665     0.700      0.930     0.495    0.492     0.518   0.726     0.218      0.192     0.00199  -1	  -0.0140515     0.0205416
     D1T6B-a88d      0.032     0.012       0.044     0.629      0.465     0.735      0.633     0.647      0.735     0.475    0.484     0.506   0.836     0.178      0.192     0.00214  -1	   0.0475686     0.0320617
     D1T6B-a89a      0.032     0.024       0.079     0.669      0.210     0.718      0.614     0.653      0.550     0.535    0.508     0.542   0.840     0.103      0.192     0.00266  -1	   0.0159910     0.0056563
     D1T6B-a89b      0.034     0.025       0.079     0.556      0.005     0.721      0.660     0.681      0.931     0.518    0.503     0.530   0.708     0.113      0.192     0.00331  -1	  -0.0187940    -0.0227365
     D1T6B-a89c      0.035     0.026       0.081     0.694      0.235     0.718      0.594     0.639      0.727     0.540    0.501     0.553   0.840     0.097      0.192     0.00266  -1	   0.0330917     0.0156466
     D1T6B-a89d      0.035     0.025       0.078     0.561     -0.071     0.732      0.646     0.661      0.909     0.510    0.499     0.526   0.738     0.121      0.192     0.00331  -1	  -0.0221128    -0.0088310
      D1T6B-a8a      0.032     0.018       0.065     0.587     -0.552     0.723      0.622     0.651      0.676     0.497    0.498     0.515   0.590     0.136      0.192     0.01640  -1	   0.1233650     0.0959734
      D1T6B-a8b      0.028     0.018       0.056     0.681      0.178     0.731      0.602     0.621      0.597     0.490    0.485     0.519   0.794     0.166      0.192     0.01545  -1	  -0.0341764     0.0018671
      D1T6B-a8c      0.030     0.021       0.072     0.591     -0.587     0.720      0.650     0.682      0.786     0.483    0.495     0.505   0.590     0.135      0.192     0.01654  -1	   0.1424454     0.0822967
      D1T6B-a8d      0.033     0.022       0.075     0.579     -0.378     0.722      0.606     0.644      0.624     0.516    0.500     0.532   0.626     0.130      0.192     0.01690  -1	   0.0359690     0.0569641
     D1T6B-a90a      0.034     0.024       0.081     0.641      0.189     0.719      0.592     0.622      0.711     0.522    0.504     0.533   0.739     0.106      0.192     0.00265  -1	  -0.0009838     0.0204686
     D1T6B-a90b      0.033     0.034       0.103     0.614      0.344     0.715      0.590     0.640      0.982     0.550    0.528     0.540   0.816     0.098      0.192     0.00294  -1	   0.1258699     0.0280924
     D1T6B-a90c      0.033     0.037       0.108     0.633      0.238     0.721      0.584     0.651      0.999     0.544    0.542     0.524   0.784     0.088      0.192     0.00299  -1	   0.0896376     0.0138967
     D1T6B-a90d      0.034     0.035       0.101     0.582      0.119     0.723      0.596     0.668      0.997     0.539    0.516     0.540   0.753     0.085      0.192     0.00299  -1	   0.0457178    -0.0015363
     D1T6B-a91a      0.033     0.028       0.079     0.698      0.301     0.721      0.582     0.627      0.503     0.607    0.578     0.553   0.872     0.115      0.192     0.00196  -1	   0.0969559     0.0590434
     D1T6B-a91b      0.039     0.031       0.097     0.668      0.110     0.724      0.642     0.722      0.591     0.546    0.500     0.559   0.827     0.086      0.192     0.00199  -1	   0.0192260    -0.0363410
     D1T6B-a91c      0.039     0.032       0.100     0.703      0.243     0.730      0.565     0.621      0.561     0.524    0.520     0.522   0.864     0.086      0.192     0.00202  -1	   0.0750628     0.0288994
     D1T6B-a91d      0.035     0.024       0.081     0.618      0.258     0.718      0.609     0.645      0.608     0.531    0.511     0.536   0.816     0.105      0.192     0.00267  -1	   0.0207935     0.0097157
     D1T6B-a92a      0.034     0.023       0.079     0.567     -0.095     0.722      0.637     0.715      0.988     0.527    0.524     0.522   0.738     0.117      0.192     0.00200  -1	  -0.0168751    -0.0001244
     D1T6B-a92b      0.036     0.024       0.078     0.613     -0.114     0.736      0.645     0.712      0.882     0.520    0.518     0.520   0.732     0.121      0.192     0.00178  -1	  -0.0284779    -0.0113717
     D1T6B-a92c      0.032     0.020       0.073     0.609      0.123     0.724      0.609     0.673      0.770     0.537    0.494     0.555   0.771     0.140      0.192     0.00250  -1	  -0.0354193    -0.0247549
     D1T6B-a92d      0.035     0.024       0.075     0.708     -0.107     0.739      0.586     0.661      0.386     0.513    0.514     0.517   0.812     0.112      0.192     0.00163  -1	   0.0231787     0.0110455
     D1T6B-a93a      0.034     0.024       0.075     0.567      0.036     0.736      0.600     0.671      0.174     0.483    0.486     0.512   0.708     0.110      0.192     0.00173  -1	   0.0257836    -0.0063289
     D1T6B-a93b      0.034     0.023       0.081     0.621     -0.337     0.731      0.602     0.644      0.382     0.523    0.486     0.549   0.756     0.096      0.192     0.00216  -1	   0.0612066     0.0552163
     D1T6B-a93c      0.033     0.020       0.063     0.623      0.133     0.724      0.613     0.664      0.859     0.499    0.489     0.524   0.771     0.144      0.192     0.00237  -1	  -0.0347657    -0.0218068
     D1T6B-a94a      0.032     0.027       0.088     0.644      0.234     0.723      0.586     0.653      0.949     0.545    0.519     0.542   0.784     0.102      0.192     0.00221  -1	   0.0488437     0.0165325
     D1T6B-a94b      0.034     0.031       0.091     0.632     -0.220     0.734      0.590     0.627      0.519     0.494    0.492     0.517   0.718     0.107      0.192     0.00186  -1	   0.0113653     0.0217946
     D1T6B-a94c      0.032     0.028       0.088     0.548     -0.172     0.729      0.654     0.749      0.797     0.539    0.504     0.549   0.622     0.100      0.192     0.00244  -1	  -0.0217012    -0.0244821
     D1T6B-a94d      0.035     0.027       0.088     0.675     -0.460     0.733      0.598     0.715      0.969     0.501    0.504     0.514   0.683     0.105      0.192     0.00214  -1	   0.0645198     0.0804921
     D1T6B-a95a      0.033     0.028       0.092     0.537      0.392     0.735      0.602     0.606      0.452     0.506    0.496     0.525   0.769     0.090      0.192     0.00284  -1	   0.0854025     0.0616450
     D1T6B-a95b      0.034     0.031       0.095     0.647      0.204     0.721      0.583     0.680      0.013     0.522    0.515     0.524   0.784     0.088      0.192     0.00189  -1	   0.1675072     0.0242398
     D1T6B-a95c      0.034     0.027       0.084     0.667     -0.221     0.725      0.584     0.675      0.525     0.493    0.506     0.506   0.773     0.102      0.192     0.00189  -1	   0.0109236     0.0102580
     D1T6B-a95d      0.032     0.027       0.087     0.592      0.218     0.730      0.594     0.658      0.403     0.493    0.490     0.518   0.767     0.105      0.192     0.00220  -1	   0.0204440    -0.0158854
     D1T6B-a96a      0.033     0.024       0.078     0.594      0.257     0.727      0.607     0.637      0.874     0.496    0.501     0.511   0.798     0.112      0.192     0.00187  -1	   0.0222246     0.0056294
     D1T6B-a96b      0.032     0.025       0.081     0.651      0.453     0.726      0.598     0.643      0.766     0.524    0.515     0.527   0.891     0.111      0.192     0.00189  -1	   0.1285169     0.0566664
     D1T6B-a96c      0.036     0.027       0.087     0.699     -0.164     0.732      0.572     0.605      0.198     0.493    0.498     0.511   0.757     0.114      0.192     0.00187  -1	   0.0965613     0.0881086
     D1T6B-a96d      0.033     0.024       0.079     0.519     -0.166     0.735      0.626     0.650      0.753     0.521    0.540     0.504   0.622     0.103      0.192     0.00174  -1	  -0.0390356     0.0184634
     D1T6B-a97a      0.032     0.033       0.101     0.632     -0.028     0.709      0.590     0.664      0.783     0.515    0.496     0.534   0.796     0.087      0.192     0.00243  -1	  -0.0141998    -0.0159895
     D1T6B-a97b      0.030     0.033       0.101     0.627      0.061     0.715      0.572     0.652      0.464     0.512    0.520     0.511   0.761     0.086      0.192     0.00254  -1	   0.0059794    -0.0164983
     D1T6B-a97c      0.032     0.022       0.072     0.673     -0.051     0.729      0.625     0.657      0.185     0.486    0.488     0.513   0.812     0.115      0.192     0.00243  -1	   0.0632060     0.0422357
     D1T6B-a97d      0.029     0.032       0.098     0.556     -0.101     0.723      0.597     0.676      0.303     0.498    0.505     0.511   0.714     0.087      0.192     0.00250  -1	   0.0130721    -0.0225607
     D1T6B-a98a      0.032     0.023       0.078     0.641      0.155     0.713      0.604     0.695      0.990     0.519    0.523     0.515   0.739     0.131      0.192     0.00271  -1	  -0.0039734    -0.0117445
     D1T6B-a98b      0.031     0.019       0.063     0.633      0.371     0.727      0.611     0.641      0.855     0.490    0.504     0.504   0.848     0.150      0.192     0.00217  -1	   0.0364532     0.0055345
     D1T6B-a98c      0.031     0.027       0.079     0.589      0.197     0.720      0.591     0.640      0.463     0.515    0.517     0.516   0.721     0.099      0.192     0.00249  -1	   0.0056072     0.0058526
     D1T6B-a98d      0.031     0.022       0.067     0.701      0.239     0.725      0.610     0.668      0.873     0.491    0.508     0.502   0.864     0.140      0.192     0.00188  -1	  -0.0023539    -0.0211432
     D1T6B-a99a      0.032     0.027       0.082     0.604      0.363     0.723      0.580     0.646      0.983     0.511    0.524     0.508   0.848     0.103      0.192     0.00258  -1	   0.0979260     0.0278161
     D1T6B-a99c      0.034     0.015       0.057     0.669     -0.388     0.733      0.658     0.706      0.896     0.497    0.520     0.498   0.699     0.150      0.192     0.00215  -1	   0.0154433     0.0535711
     D1T6B-a99d      0.033     0.021       0.062     0.731      0.214     0.725      0.610     0.659      0.252     0.493    0.502     0.508   0.864     0.145      0.192     0.00192  -1	   0.0838077     0.0437153
      D1T6B-a9a      0.032     0.017       0.054     0.596     -0.310     0.729      0.629     0.651      0.944     0.482    0.505     0.496   0.738     0.164      0.192     0.01409  -1	   0.0035077     0.0583563
      D1T6B-a9b      0.027     0.018       0.060     0.746      0.090     0.731      0.619     0.642      0.705     0.506    0.493     0.528   0.841     0.181      0.192     0.01579  -1	  -0.0500254    -0.0173751
      D1T6B-a9c      0.027     0.021       0.065     0.627      0.345     0.721      0.636     0.662      0.484     0.495    0.481     0.527   0.816     0.132      0.192     0.01401  -1	   0.0310189     0.0094387
      D1T6B-a9d      0.030     0.021       0.066     0.629      0.365     0.721      0.636     0.659      0.497     0.496    0.497     0.515   0.848     0.135      0.192     0.01363  -1	   0.0438015     0.0165188
