      D1GL1-a9d      0.040     0.041       0.131     0.643     -0.209     0.914      0.524     0.597      0.859     0.615    0.523     0.605   0.718     0.187      0.228     0.01319  -1	   0.0195114     0.0236156
      D1GL1-a0a      0.051     0.045       0.155     0.688     -0.601     0.913      0.409     0.356      0.471     0.599    0.510     0.599   0.608     0.172      0.134     0.01323  -1	   0.0804967     0.1862057
      D1GL1-a0b      0.043     0.047       0.118     0.619      0.112     0.922      0.494     0.573      0.612     0.625    0.526     0.612   0.771     0.243      0.200     0.01366  -1	   0.1032018     0.0127630
      D1GL1-a0c      0.053     0.045       0.147     0.727     -0.573     0.926      0.440     0.389      0.298     0.574    0.515     0.573   0.688     0.164      0.129     0.01321  -1	   0.0998573     0.1720167
      D1GL1-a0d      0.044     0.048       0.151     0.518     -0.567     0.910      0.621     0.724      0.996     0.654    0.485     0.670   0.528     0.135      0.084     0.01450  -1	   0.1398220     0.0409109
    D1GL1-a100a      0.041     0.057       0.167     0.649     -0.291     0.912      0.547     0.670      0.750     0.571    0.491     0.588   0.515     0.161      0.197     0.02384  -1	   0.0385514    -0.0166488
    D1GL1-a100b      0.037     0.054       0.159     0.653     -0.107     0.915      0.548     0.680      0.762     0.606    0.495     0.618   0.656     0.155      0.178     0.02390  -1	   0.0547269    -0.0184008
    D1GL1-a100c      0.041     0.044       0.151     0.675     -0.397     0.916      0.572     0.678      0.983     0.658    0.545     0.629   0.699     0.151      0.079     0.02616  -1	   0.0467275     0.0208269
    D1GL1-a100d      0.039     0.058       0.163     0.691     -0.160     0.923      0.525     0.668      0.449     0.590    0.481     0.613   0.730     0.183      0.042     0.02557  -1	   0.0145435    -0.0771974
    D1GL1-a101a      0.042     0.037       0.135     0.653     -0.010     0.890      0.582     0.633      0.995     0.680    0.571     0.629   0.852     0.163      0.087     0.02511  -1	   0.0857011     0.0198255
    D1GL1-a101b      0.051     0.056       0.180     0.718     -0.126     0.915      0.433     0.503      0.383     0.731    0.574     0.679   0.711     0.142      0.007     0.02326  -1	   0.0121184     0.0220132
    D1GL1-a101c      0.044     0.051       0.167     0.672      0.304     0.908      0.513     0.567      0.942     0.697    0.554     0.658   0.920     0.149      0.157     0.03374  -1	   0.3266161     0.1631839
    D1GL1-a101d      0.046     0.051       0.184     0.668      0.105     0.915      0.477     0.494      0.307     0.591    0.494     0.605   0.780     0.123      0.166     0.02367  -1	   0.1338499     0.0767591
    D1GL1-a102a      0.038     0.047       0.151     0.726     -0.135     0.913      0.492     0.483      0.545     0.600    0.534     0.581   0.812     0.179      0.344     0.05175  -1	   0.0866881     0.0346506
    D1GL1-a102b      0.045     0.043       0.147     0.693      0.048     0.903      0.578     0.635      0.894     0.579    0.514     0.577   0.781     0.222      0.143     0.03336  -1	   0.0903561    -0.0073792
    D1GL1-a102c      0.037     0.060       0.192     0.727     -0.059     0.908      0.460     0.585      0.744     0.650    0.508     0.648   0.802     0.137      0.174     0.02122  -1	   0.0904484     0.0183048
    D1GL1-a102d      0.049     0.036       0.122     0.669      0.415     0.925      0.538     0.528      0.626     0.629    0.536     0.607   0.878     0.182      0.159     0.03263  -1	   0.2981656     0.2186002
    D1GL1-a103a      0.037     0.049       0.147     0.737     -0.225     0.913      0.504     0.517      0.294     0.589    0.509     0.592   0.798     0.183      0.359     0.04955  -1	   0.1570304     0.0244624
    D1GL1-a103b      0.038     0.046       0.143     0.791      0.195     0.916      0.520     0.535      0.534     0.585    0.519     0.581   0.798     0.194      0.330     0.07439  -1	   0.2471394     0.0912402
    D1GL1-a103c      0.045     0.075       0.212     0.745     -0.581     0.935      0.349     0.284      0.415     0.595    0.534     0.577   0.518     0.143      0.207     0.25108   1	   0.1188873     0.1917854
    D1GL1-a103d      0.040     0.047       0.147     0.730     -0.194     0.905      0.508     0.505      0.332     0.590    0.510     0.592   0.781     0.177      0.344     0.04970  -1	   0.1349648     0.0364708
    D1GL1-a104a      0.039     0.046       0.139     0.637     -0.178     0.913      0.628     0.650      0.950     0.625    0.562     0.583   0.701     0.193      0.168     0.24788  -1	   0.0460115    -0.0273618
    D1GL1-a104b      0.043     0.045       0.147     0.548     -0.137     0.916      0.627     0.668      0.929     0.610    0.524     0.599   0.653     0.192      0.195     0.25133   1	   0.0603352    -0.0179239
    D1GL1-a104c      0.041     0.045       0.143     0.566     -0.193     0.912      0.617     0.651      0.645     0.625    0.541     0.599   0.684     0.193      0.195     0.25234   1	   0.0082610    -0.0557671
    D1GL1-a104d      0.056     0.065       0.192     0.674      0.010     0.927      0.395     0.243      0.442     0.636    0.565     0.591   0.780     0.144      0.174     0.32835   1	   0.1447297     0.2722657
    D1GL1-a105a      0.040     0.047       0.151     0.745     -0.431     0.921      0.513     0.561      0.825     0.535    0.505     0.545   0.664     0.175      0.158     0.11235  -1	   0.0114653     0.0032242
    D1GL1-a105b      0.053     0.065       0.188     0.674      0.106     0.922      0.397     0.240      0.400     0.639    0.552     0.605   0.780     0.141      0.174     0.32258   1	   0.1902783     0.3076243
    D1GL1-a105c      0.041     0.045       0.147     0.693     -0.355     0.930      0.533     0.586      0.527     0.595    0.518     0.590   0.699     0.175      0.226     0.12783  -1	   0.0209474    -0.0272383
    D1GL1-a105d      0.041     0.046       0.135     0.598     -0.153     0.909      0.616     0.650      0.965     0.623    0.542     0.598   0.684     0.182      0.191     0.23973  -1	   0.0590136    -0.0160081
    D1GL1-a106a      0.031     0.048       0.135     0.739      0.051     0.915      0.572     0.624      0.516     0.625    0.508     0.626   0.841     0.193      0.299     0.04913  -1	   0.1338222    -0.0345112
    D1GL1-a106b      0.048     0.065       0.180     0.547      0.169     0.928      0.444     0.340      0.206     0.552    0.505     0.561   0.499     0.163      0.147     0.30265   1	   0.1884437     0.2092020
    D1GL1-a106c      0.041     0.053       0.167     0.679     -0.167     0.919      0.522     0.554      0.688     0.600    0.489     0.616   0.730     0.158      0.351     0.12335  -1	   0.0713396    -0.0027708
    D1GL1-a106d      0.037     0.045       0.155     0.690     -0.459     0.936      0.545     0.591      0.765     0.596    0.503     0.603   0.683     0.161      0.273     0.12014  -1	   0.0130425    -0.0062680
    D1GL1-a107a      0.030     0.045       0.131     0.740     -0.344     0.929      0.542     0.660      0.658     0.575    0.489     0.595   0.836     0.207      0.107     0.04240  -1	  -0.0098667    -0.0635898
    D1GL1-a107b      0.030     0.048       0.131     0.711      0.004     0.918      0.591     0.653      0.513     0.618    0.487     0.635   0.805     0.194      0.272     0.04928  -1	   0.0934956    -0.0604912
    D1GL1-a107c      0.029     0.050       0.143     0.727     -0.062     0.926      0.545     0.586      0.692     0.611    0.499     0.620   0.836     0.163      0.345     0.05140  -1	   0.0831555    -0.0298859
    D1GL1-a107d      0.031     0.044       0.127     0.731     -0.318     0.918      0.528     0.647      0.695     0.589    0.488     0.607   0.836     0.222      0.110     0.04351  -1	  -0.0017437    -0.0482469
    D1GL1-a108a      0.031     0.071       0.192     0.650     -0.456     0.906      0.555     0.743      0.837     0.590    0.494     0.604   0.613     0.135      0.196     0.02569  -1	   0.0651996    -0.0045264
    D1GL1-a108b      0.040     0.060       0.176     0.731      0.222     0.931      0.462     0.619      0.432     0.651    0.522     0.638   0.909     0.163      0.080     0.02557  -1	   0.1946896    -0.0019625
    D1GL1-a108c      0.040     0.061       0.176     0.669     -0.282     0.926      0.448     0.581      0.621     0.618    0.491     0.632   0.582     0.150      0.038     0.02498  -1	   0.0159432     0.0140831
    D1GL1-a108d      0.040     0.052       0.151     0.698     -0.218     0.932      0.504     0.676      0.639     0.656    0.499     0.661   0.637     0.174      0.119     0.02164  -1	   0.0237270    -0.0112937
    D1GL1-a109a      0.040     0.058       0.163     0.636     -0.406     0.907      0.521     0.669      0.817     0.591    0.503     0.598   0.000     0.137      0.197     0.02395  -1	   0.0403631     0.0215059
    D1GL1-a109b      0.046     0.042       0.143     0.762      0.059     0.908      0.572     0.615      0.469     0.570    0.496     0.584   0.821     0.199      0.099     0.02450  -1	   0.0668919    -0.0089068
    D1GL1-a109c      0.037     0.057       0.176     0.697      0.277     0.922      0.492     0.642      0.302     0.594    0.495     0.606   0.892     0.176      0.103     0.02557  -1	   0.2182542    -0.0212987
    D1GL1-a109d      0.039     0.063       0.171     0.612     -0.375     0.915      0.505     0.615      0.784     0.580    0.476     0.609   0.471     0.169      0.153     0.02472  -1	   0.0597371     0.0153047
     D1GL1-a10a      0.052     0.045       0.151     0.715     -0.625     0.912      0.479     0.432      0.540     0.556    0.484     0.581   0.633     0.174      0.093     0.01315  -1	   0.0863643     0.0790521
     D1GL1-a10b      0.050     0.051       0.159     0.641     -0.568     0.924      0.497     0.473      0.701     0.639    0.552     0.605   0.397     0.152      0.318     0.01351  -1	   0.0680238     0.0856233
     D1GL1-a10c      0.048     0.054       0.163     0.752     -0.589     0.905      0.436     0.513      0.813     0.711    0.571     0.661   0.510     0.185      0.146     0.01474  -1	   0.0897728     0.0778820
     D1GL1-a10d      0.052     0.052       0.159     0.587     -0.563     0.926      0.512     0.498      0.711     0.613    0.539     0.590   0.271     0.152      0.304     0.01352  -1	   0.0601192     0.0693283
    D1GL1-a110a      0.044     0.045       0.131     0.656      0.044     0.912      0.428     0.487      0.525     0.586    0.499     0.596   0.781     0.210      0.113     0.01340  -1	   0.0484889     0.0593692
    D1GL1-a110b      0.048     0.068       0.204     0.598     -0.525     0.918      0.458     0.598      1.000     0.758    0.655     0.646   0.389     0.154     -0.009     0.01485  -1	   0.1272417     0.0840253
    D1GL1-a110c      0.042     0.047       0.135     0.727     -0.074     0.919      0.598     0.766      0.456     0.592    0.484     0.613   0.836     0.201      0.313     0.01444  -1	   0.1090943    -0.1129237
    D1GL1-a110d      0.042     0.045       0.135     0.732     -0.024     0.921      0.597     0.758      0.389     0.602    0.484     0.623   0.876     0.200      0.253     0.01434  -1	   0.1056537    -0.1116701
    D1GL1-a111a      0.046     0.064       0.188     0.571      0.103     0.928      0.508     0.368      0.550     0.553    0.477     0.584   0.587     0.135      0.213     0.33161   1	   0.1627148     0.1432426
    D1GL1-a111b      0.044     0.057       0.184     0.645      0.279     0.928      0.480     0.429      0.163     0.552    0.489     0.573   0.825     0.124      0.198     0.08038  -1	   0.2914057     0.2110766
    D1GL1-a111c      0.036     0.036       0.094     0.686     -0.654     0.922      0.550     0.618      0.844     0.616    0.498     0.626   0.639     0.199      0.242     0.05223  -1	   0.0962848     0.0687817
    D1GL1-a111d      0.037     0.042       0.135     0.734     -0.204     0.904      0.533     0.577      0.723     0.569    0.508     0.573   0.798     0.197      0.249     0.06482  -1	   0.0114006    -0.0259146
     D1GL1-a11a      0.049     0.062       0.204     0.655     -0.312     0.920      0.367     0.375      0.996     0.699    0.580     0.641   0.582     0.153     -0.004     0.01471  -1	   0.1038000     0.1573695
     D1GL1-a11b      0.052     0.051       0.151     0.684     -0.517     0.913      0.477     0.450      0.502     0.642    0.545     0.613   0.582     0.147      0.327     0.01353  -1	   0.1082906     0.1157811
     D1GL1-a11c      0.053     0.049       0.151     0.606     -0.693     0.928      0.525     0.514      0.609     0.584    0.515     0.583   0.584     0.149      0.326     0.01355  -1	   0.1231269     0.0849769
     D1GL1-a11d      0.049     0.050       0.176     0.588     -0.625     0.908      0.464     0.450      0.496     0.606    0.502     0.613   0.535     0.146      0.183     0.01364  -1	   0.0820232     0.1090485
     D1GL1-a12a      0.042     0.048       0.127     0.614      0.140     0.926      0.536     0.572      0.757     0.561    0.483     0.586   0.771     0.187      0.087     0.01370  -1	   0.1099440     0.0118625
     D1GL1-a12b      0.035     0.052       0.151     0.674      0.494     0.910      0.531     0.614      0.359     0.630    0.484     0.649   0.915     0.156      0.097     0.01582  -1	   0.3575505     0.1378799
     D1GL1-a12c      0.040     0.050       0.159     0.623      0.193     0.909      0.462     0.483      0.993     0.637    0.562     0.594   0.739     0.160      0.118     0.01587  -1	   0.2315724     0.1605338
     D1GL1-a12d      0.043     0.047       0.135     0.795     -0.024     0.941      0.526     0.542      0.377     0.650    0.547     0.619   0.855     0.202      0.108     0.01420  -1	   0.0765763     0.0099682
     D1GL1-a13a      0.036     0.052       0.147     0.693      0.471     0.914      0.484     0.553      0.449     0.616    0.521     0.607   0.915     0.162      0.144     0.01552  -1	   0.3715549     0.1761650
     D1GL1-a13b      0.034     0.057       0.155     0.716     -0.024     0.924      0.451     0.498      0.351     0.663    0.514     0.656   0.802     0.155      0.147     0.01469  -1	   0.0802010     0.0249334
     D1GL1-a13c      0.037     0.058       0.155     0.672     -0.520     0.932      0.521     0.646      0.824     0.602    0.516     0.598   0.582     0.187      0.204     0.01462  -1	   0.0623259     0.0123519
     D1GL1-a13d      0.034     0.054       0.151     0.669      0.524     0.914      0.509     0.583      0.718     0.606    0.474     0.635   0.908     0.163      0.111     0.01576  -1	   0.4328562     0.1920566
     D1GL1-a14a      0.040     0.051       0.167     0.712      0.078     0.940      0.581     0.649      0.768     0.610    0.495     0.622   0.859     0.171      0.081     0.01782  -1	   0.1115799    -0.0089022
     D1GL1-a14b      0.034     0.059       0.159     0.731      0.381     0.907      0.456     0.522      0.376     0.603    0.502     0.610   0.952     0.156      0.144     0.01410  -1	   0.3150885     0.1068512
     D1GL1-a14c      0.043     0.046       0.139     0.677      0.273     0.942      0.505     0.550      0.973     0.718    0.542     0.688   0.872     0.200      0.109     0.01617  -1	   0.2998099     0.1511588
     D1GL1-a14d      0.041     0.043       0.143     0.629      0.209     0.935      0.521     0.535      0.881     0.586    0.481     0.610   0.784     0.199      0.277     0.02062  -1	   0.2005445     0.1089603
     D1GL1-a15a      0.035     0.050       0.176     0.641      0.236     0.919      0.541     0.584      0.948     0.565    0.488     0.586   0.784     0.150      0.082     0.02180  -1	   0.2418236     0.0921758
     D1GL1-a15b      0.041     0.065       0.180     0.627      0.310     0.933      0.392     0.356      0.680     0.584    0.540     0.563   0.853     0.156      0.139     0.02717  -1	   0.2869704     0.2444373
     D1GL1-a15c      0.035     0.060       0.171     0.635     -0.459     0.918      0.580     0.721      0.802     0.589    0.507     0.593   0.546     0.150      0.067     0.01984  -1	   0.0460671    -0.0193359
     D1GL1-a15d      0.038     0.064       0.192     0.690      0.447     0.913      0.378     0.372      0.602     0.615    0.519     0.609   0.945     0.144      0.359     0.03656  -1	   0.5131210     0.3726642
     D1GL1-a16a      0.046     0.062       0.184     0.668     -0.055     0.937      0.414     0.445      0.355     0.630    0.538     0.606   0.747     0.134      0.308     0.06073  -1	   0.1677698     0.1081309
     D1GL1-a16b      0.045     0.063       0.192     0.679     -0.107     0.935      0.428     0.469      0.401     0.638    0.525     0.625   0.656     0.136      0.325     0.06053  -1	   0.1544717     0.0769311
     D1GL1-a16c      0.047     0.060       0.180     0.669     -0.065     0.935      0.407     0.432      0.600     0.595    0.504     0.600   0.747     0.139      0.322     0.06032  -1	   0.1230917     0.1251547
     D1GL1-a16d      0.037     0.063       0.192     0.693     -0.341     0.935      0.466     0.578      0.651     0.610    0.484     0.630   0.582     0.146      0.183     0.02683  -1	   0.0339189     0.0030389
     D1GL1-a17a      0.041     0.063       0.167     0.601      0.239     0.943      0.445     0.433      0.687     0.605    0.519     0.598   0.787     0.164      0.183     0.02729  -1	   0.2425007     0.1636182
     D1GL1-a17b      0.043     0.060       0.188     0.662      0.311     0.920      0.377     0.386      0.503     0.749    0.565     0.703   0.920     0.136      0.114     0.06729  -1	   0.2840099     0.2680786
     D1GL1-a17c      0.047     0.062       0.188     0.668     -0.025     0.942      0.423     0.458      0.705     0.615    0.525     0.603   0.747     0.128      0.322     0.06041  -1	   0.1487904     0.1202795
     D1GL1-a17d      0.045     0.063       0.188     0.690      0.069     0.939      0.412     0.444      0.989     0.687    0.569     0.638   0.805     0.136      0.240     0.06030  -1	   0.2376449     0.1921245
     D1GL1-a18a      0.046     0.065       0.188     0.656      0.412     0.921      0.378     0.401      0.514     0.686    0.577     0.630   0.945     0.138      0.101     0.06770  -1	   0.3793502     0.2854516
     D1GL1-a18b      0.040     0.044       0.147     0.689      0.355     0.893      0.473     0.527      0.865     0.610    0.507     0.613   0.903     0.164      0.263     0.02767  -1	   0.3000846     0.1802936
     D1GL1-a18c      0.045     0.062       0.180     0.706      0.044     0.940      0.413     0.436      0.634     0.630    0.515     0.625   0.834     0.132      0.318     0.05995  -1	   0.1872255     0.1319140
     D1GL1-a18d      0.046     0.063       0.192     0.686     -0.115     0.940      0.404     0.429      0.563     0.617    0.518     0.610   0.656     0.134      0.372     0.06061  -1	   0.1454177     0.1246118
     D1GL1-a19a      0.047     0.039       0.110     0.694      0.213     0.929      0.579     0.683      0.497     0.609    0.508     0.610   0.840     0.225      0.086     0.02745  -1	   0.1128326    -0.0186367
     D1GL1-a19b      0.041     0.058       0.196     0.548      0.522     0.926      0.475     0.471      0.520     0.585    0.517     0.581   0.562     0.137      0.217     0.09139  -1	   0.5143920     0.3449019
     D1GL1-a19c      0.035     0.049       0.147     0.729     -0.139     0.893      0.525     0.614      0.275     0.585    0.494     0.599   0.812     0.163      0.147     0.02391  -1	   0.0539503    -0.0569841
     D1GL1-a19d      0.049     0.061       0.200     0.527      0.133     0.940      0.518     0.433      0.464     0.620    0.490     0.635   0.434     0.135      0.238     0.08223  -1	   0.1932628     0.1254483
      D1GL1-a1a      0.044     0.061       0.196     0.609     -0.352     0.911      0.372     0.398      0.998     0.724    0.608     0.646   0.471     0.158     -0.004     0.01496  -1	   0.1042446     0.1605019
      D1GL1-a1b      0.048     0.069       0.204     0.644     -0.498     0.920      0.449     0.614      1.000     0.884    0.789     0.703   0.546     0.152      0.038     0.01505  -1	   0.1363853     0.1149418
      D1GL1-a1c      0.034     0.053       0.151     0.681      0.498     0.902      0.489     0.559      0.813     0.629    0.514     0.625   0.915     0.158      0.100     0.01563  -1	   0.4198775     0.2052028
      D1GL1-a1d      0.053     0.050       0.147     0.563     -0.533     0.923      0.504     0.491      0.762     0.607    0.515     0.603   0.590     0.151      0.316     0.01345  -1	   0.0667178     0.1199127
     D1GL1-a20a      0.044     0.064       0.204     0.608      0.417     0.906      0.456     0.481      0.274     0.623    0.521     0.613   0.879     0.128      0.157     0.09612  -1	   0.3793749     0.1943339
     D1GL1-a20b      0.040     0.055       0.171     0.716     -0.177     0.930      0.572     0.625      0.543     0.615    0.537     0.593   0.785     0.170      0.064     0.04124  -1	   0.0043252    -0.0693725
     D1GL1-a20c      0.042     0.075       0.216     0.679      0.347     0.947      0.335     0.263      0.099     0.663    0.557     0.623   0.920     0.129      0.205     0.10871  -1	   0.4676486     0.4470071
     D1GL1-a20d      0.039     0.055       0.167     0.726     -0.175     0.924      0.587     0.657      0.441     0.620    0.546     0.591   0.785     0.187      0.133     0.04105  -1	   0.0365890    -0.0816349
     D1GL1-a21a      0.047     0.057       0.176     0.652     -0.312     0.898      0.434     0.500      0.269     0.590    0.476     0.618   0.582     0.153      0.154     0.01533  -1	   0.0643874     0.0524221
     D1GL1-a21b      0.044     0.053       0.163     0.534      0.210     0.925      0.554     0.546      0.697     0.634    0.538     0.611   0.508     0.158      0.235     0.06574  -1	   0.2198101     0.1028167
     D1GL1-a21c      0.030     0.043       0.127     0.542     -0.372     0.902      0.653     0.780      0.874     0.596    0.471     0.627   0.564     0.204      0.317     0.01664  -1	   0.0300198    -0.0161329
     D1GL1-a21d      0.029     0.055       0.155     0.707     -0.043     0.905      0.482     0.633      0.513     0.611    0.487     0.628   0.802     0.169      0.099     0.01385  -1	   0.0332266    -0.0567688
     D1GL1-a22a      0.032     0.039       0.114     0.626     -0.229     0.908      0.618     0.761      0.838     0.616    0.489     0.632   0.718     0.200      0.272     0.01708  -1	   0.0106993    -0.0379140
     D1GL1-a22b      0.049     0.059       0.188     0.676     -0.361     0.916      0.444     0.461      0.937     0.652    0.555     0.615   0.538     0.139      0.117     0.01516  -1	   0.0664063     0.0847470
     D1GL1-a22c      0.032     0.055       0.184     0.700     -0.293     0.909      0.477     0.607      0.785     0.628    0.493     0.640   0.636     0.176      0.115     0.01358  -1	   0.0261898     0.0114041
     D1GL1-a22d      0.045     0.057       0.184     0.715     -0.262     0.915      0.430     0.481      0.417     0.603    0.506     0.606   0.636     0.153      0.151     0.01547  -1	   0.0435077     0.0380054
     D1GL1-a23a      0.030     0.060       0.196     0.583     -0.399     0.891      0.493     0.625      0.603     0.612    0.479     0.635   0.345     0.149      0.095     0.01613  -1	   0.0183493     0.0023466
     D1GL1-a23b      0.049     0.069       0.208     0.597     -0.490     0.909      0.457     0.581      0.841     0.673    0.512     0.667   0.420     0.142     -0.000     0.01489  -1	   0.0995458     0.0653233
     D1GL1-a23c      0.047     0.057       0.180     0.718     -0.263     0.916      0.411     0.465      0.348     0.589    0.488     0.609   0.636     0.155      0.151     0.01538  -1	   0.0559923     0.0601742
     D1GL1-a23d      0.046     0.060       0.188     0.728     -0.232     0.904      0.422     0.459      0.682     0.637    0.538     0.613   0.691     0.154      0.131     0.01558  -1	   0.0430951     0.0477011
     D1GL1-a24b      0.046     0.071       0.208     0.651     -0.513     0.908      0.485     0.670      1.000     0.917    0.837     0.722   0.582     0.150     -0.000     0.01495  -1	   0.1454507     0.0904609
     D1GL1-a24c      0.046     0.054       0.167     0.764     -0.587     0.919      0.434     0.506      0.780     0.633    0.541     0.607   0.510     0.197      0.167     0.01468  -1	   0.0750830     0.0549864
     D1GL1-a24d      0.049     0.067       0.204     0.595     -0.483     0.923      0.459     0.564      1.000     0.664    0.572     0.612   0.420     0.142      0.045     0.01488  -1	   0.1167294     0.0846756
     D1GL1-a25a      0.054     0.052       0.155     0.571     -0.587     0.917      0.476     0.459      0.656     0.587    0.507     0.591   0.271     0.140      0.339     0.01343  -1	   0.0729236     0.1277525
     D1GL1-a25b      0.052     0.052       0.155     0.593     -0.572     0.916      0.499     0.489      0.735     0.607    0.534     0.588   0.271     0.152      0.283     0.01352  -1	   0.0654761     0.0808788
     D1GL1-a25c      0.053     0.050       0.155     0.616     -0.618     0.910      0.497     0.480      0.595     0.588    0.505     0.593   0.553     0.156      0.318     0.01347  -1	   0.1093306     0.1023425
     D1GL1-a25d      0.053     0.045       0.147     0.726     -0.509     0.912      0.438     0.389      0.368     0.584    0.513     0.584   0.688     0.172      0.129     0.01321  -1	   0.0746456     0.1511941
     D1GL1-a26a      0.052     0.051       0.155     0.603     -0.539     0.927      0.508     0.491      0.782     0.618    0.542     0.592   0.515     0.150      0.318     0.01350  -1	   0.0601342     0.0940289
     D1GL1-a26b      0.051     0.046       0.143     0.721     -0.553     0.906      0.418     0.373      0.500     0.623    0.545     0.595   0.688     0.178      0.139     0.01328  -1	   0.0769272     0.1679113
     D1GL1-a26c      0.052     0.053       0.155     0.608     -0.591     0.923      0.512     0.500      0.547     0.615    0.531     0.599   0.397     0.152      0.283     0.01360  -1	   0.0901552     0.0692668
     D1GL1-a26d      0.053     0.052       0.155     0.618     -0.577     0.914      0.498     0.479      0.650     0.615    0.538     0.592   0.397     0.150      0.304     0.01358  -1	   0.0811350     0.0901590
     D1GL1-a27a      0.051     0.045       0.143     0.680     -0.530     0.919      0.449     0.394      0.380     0.608    0.522     0.599   0.663     0.172      0.089     0.01316  -1	   0.0554158     0.1448950
     D1GL1-a27b      0.053     0.051       0.155     0.590     -0.571     0.912      0.502     0.488      0.705     0.589    0.522     0.581   0.271     0.148      0.358     0.01354  -1	   0.0687531     0.0913086
     D1GL1-a27c      0.052     0.050       0.159     0.648     -0.555     0.910      0.490     0.462      0.479     0.609    0.529     0.594   0.607     0.148      0.284     0.01351  -1	   0.0992181     0.0985534
     D1GL1-a27d      0.049     0.055       0.196     0.698     -0.522     0.896      0.418     0.443      0.787     0.579    0.539     0.558   0.582     0.124      0.055     0.01551  -1	   0.0335526     0.0786019
     D1GL1-a28a      0.047     0.066       0.212     0.606     -0.348     0.917      0.360     0.383      0.997     0.670    0.547     0.638   0.515     0.148      0.009     0.01495  -1	   0.1192272     0.1795124
     D1GL1-a28b      0.038     0.049       0.147     0.722     -0.160     0.933      0.430     0.517      0.973     0.635    0.504     0.638   0.781     0.178      0.045     0.01482  -1	   0.0709779     0.0869814
     D1GL1-a28d      0.047     0.050       0.167     0.789     -0.577     0.907      0.437     0.495      0.779     0.702    0.549     0.667   0.667     0.175      0.155     0.01424  -1	   0.0703374     0.0698586
     D1GL1-a29a      0.039     0.047       0.131     0.794     -0.089     0.939      0.514     0.532      0.443     0.689    0.554     0.652   0.815     0.202      0.142     0.01428  -1	   0.0662164     0.0104014
     D1GL1-a29b      0.040     0.052       0.159     0.637      0.163     0.918      0.464     0.498      0.833     0.607    0.530     0.592   0.778     0.162      0.121     0.01593  -1	   0.1679743     0.1076215
     D1GL1-a29c      0.035     0.061       0.163     0.649     -0.438     0.922      0.476     0.575      0.944     0.646    0.533     0.626   0.000     0.176      0.195     0.01492  -1	   0.0752813     0.0581570
     D1GL1-a29d      0.035     0.053       0.147     0.682      0.468     0.913      0.486     0.564      0.354     0.622    0.520     0.613   0.915     0.160      0.140     0.01567  -1	   0.3655850     0.1553802
      D1GL1-a2a      0.042     0.054       0.159     0.710     -0.047     0.936      0.488     0.610      0.332     0.555    0.465     0.595   0.802     0.152      0.177     0.01682  -1	   0.0826087    -0.0538768
      D1GL1-a2b      0.038     0.055       0.147     0.669      0.500     0.917      0.516     0.604      0.742     0.622    0.505     0.624   0.908     0.150      0.086     0.01579  -1	   0.4207471     0.1759846
      D1GL1-a2c      0.036     0.056       0.155     0.649      0.501     0.901      0.454     0.525      0.614     0.607    0.483     0.628   0.842     0.172      0.092     0.01422  -1	   0.3851065     0.1920550
      D1GL1-a2d      0.039     0.054       0.151     0.680      0.452     0.913      0.536     0.619      0.522     0.619    0.509     0.619   0.915     0.158      0.097     0.01579  -1	   0.3393641     0.1163616
     D1GL1-a30a      0.042     0.045       0.143     0.573      0.162     0.939      0.483     0.473      0.648     0.559    0.470     0.595   0.721     0.178      0.103     0.01431  -1	   0.1071268     0.1035026
     D1GL1-a30b      0.044     0.043       0.139     0.695      0.153     0.925      0.549     0.625      0.806     0.551    0.474     0.584   0.794     0.200      0.148     0.01549  -1	   0.1323144     0.0208321
     D1GL1-a30c      0.042     0.054       0.147     0.676      0.505     0.917      0.530     0.625      0.451     0.595    0.483     0.617   0.908     0.158      0.123     0.01571  -1	   0.3973458     0.1376772
     D1GL1-a30d      0.041     0.049       0.159     0.638      0.087     0.928      0.455     0.460      0.188     0.601    0.486     0.620   0.761     0.171      0.125     0.01462  -1	   0.0953180     0.0874713
     D1GL1-a31a      0.044     0.051       0.159     0.707      0.018     0.931      0.519     0.660      0.508     0.583    0.479     0.610   0.834     0.149      0.129     0.01705  -1	   0.0678915    -0.0519580
     D1GL1-a31b      0.044     0.047       0.139     0.624     -0.016     0.939      0.500     0.567      0.999     0.671    0.555     0.632   0.796     0.222      0.091     0.01712  -1	   0.1243123     0.0528330
     D1GL1-a31c      0.044     0.050       0.163     0.717     -0.021     0.930      0.509     0.642      0.628     0.565    0.484     0.588   0.876     0.151      0.129     0.01684  -1	   0.0511003    -0.0428546
     D1GL1-a31d      0.044     0.050       0.159     0.693      0.010     0.929      0.493     0.625      0.405     0.539    0.452     0.591   0.781     0.147      0.137     0.01682  -1	   0.0655716    -0.0392936
     D1GL1-a32a      0.044     0.045       0.135     0.659      0.151     0.925      0.529     0.613      0.845     0.619    0.546     0.590   0.794     0.181      0.070     0.02070  -1	   0.1403306     0.0370160
     D1GL1-a32b      0.037     0.043       0.135     0.662      0.346     0.928      0.466     0.501      0.773     0.595    0.483     0.616   0.872     0.174      0.040     0.02282  -1	   0.2360690     0.1521052
     D1GL1-a32c      0.047     0.064       0.188     0.671      0.412     0.915      0.363     0.375      0.633     0.710    0.590     0.645   0.945     0.143      0.132     0.06740  -1	   0.4129831     0.3429895
     D1GL1-a32d      0.044     0.046       0.139     0.677      0.350     0.926      0.505     0.570      0.448     0.559    0.490     0.578   0.903     0.166      0.079     0.02006  -1	   0.2123963     0.0679589
     D1GL1-a33a      0.047     0.046       0.143     0.575      0.194     0.919      0.492     0.562      0.549     0.570    0.468     0.606   0.721     0.156      0.102     0.08283  -1	   0.1143229     0.0542087
     D1GL1-a33b      0.046     0.059       0.176     0.683      0.433     0.925      0.435     0.456      0.490     0.634    0.512     0.631   0.945     0.138      0.267     0.06026  -1	   0.4557495     0.2820525
     D1GL1-a33c      0.049     0.061       0.176     0.635      0.367     0.917      0.384     0.413      0.343     0.679    0.549     0.644   0.831     0.129      0.128     0.07063  -1	   0.3249139     0.2583618
     D1GL1-a33d      0.046     0.061       0.188     0.621      0.253     0.916      0.413     0.424      0.964     0.655    0.571     0.605   0.825     0.140      0.208     0.06844  -1	   0.3294510     0.2589707
     D1GL1-a34a      0.047     0.064       0.188     0.658      0.471     0.936      0.386     0.396      0.325     0.669    0.559     0.627   0.915     0.139      0.216     0.06974  -1	   0.5156239     0.3816193
     D1GL1-a34b      0.044     0.061       0.184     0.668      0.338     0.930      0.359     0.363      0.581     0.755    0.560     0.712   0.920     0.138      0.122     0.06707  -1	   0.3323576     0.3283514
     D1GL1-a34c      0.044     0.060       0.192     0.677      0.043     0.933      0.497     0.462      0.375     0.610    0.509     0.610   0.780     0.155      0.259     0.08461  -1	   0.1748278     0.0718344
     D1GL1-a34d      0.049     0.063       0.192     0.674     -0.061     0.937      0.418     0.455      0.773     0.615    0.528     0.601   0.747     0.131      0.372     0.06038  -1	   0.1500977     0.1263861
     D1GL1-a35a      0.050     0.058       0.184     0.675      0.382     0.937      0.424     0.365      0.268     0.620    0.532     0.603   0.898     0.154      0.073     0.09653  -1	   0.3171848     0.2876491
     D1GL1-a35b      0.047     0.065       0.196     0.726     -0.017     0.933      0.412     0.325      0.081     0.552    0.501     0.565   0.802     0.134      0.302     0.18802  -1	   0.2892062     0.2793734
     D1GL1-a35c      0.044     0.057       0.192     0.597      0.084     0.937      0.546     0.555      0.263     0.634    0.497     0.641   0.612     0.135      0.215     0.07984  -1	   0.1552040     0.0326441
     D1GL1-a35d      0.045     0.076       0.220     0.669      0.388     0.944      0.338     0.256      0.129     0.639    0.582     0.581   0.898     0.138      0.193     0.10834  -1	   0.5043215     0.4743737
     D1GL1-a36a      0.045     0.070       0.196     0.683     -0.134     0.943      0.446     0.412      0.809     0.596    0.554     0.562   0.656     0.129      0.155     0.08213  -1	   0.0967716     0.0758130
     D1GL1-a36b      0.051     0.064       0.204     0.626      0.105     0.952      0.504     0.484      0.173     0.622    0.492     0.635   0.713     0.128      0.238     0.07854  -1	   0.2335562     0.0907174
     D1GL1-a36c      0.043     0.059       0.192     0.577      0.516     0.925      0.448     0.438      0.356     0.592    0.519     0.586   0.715     0.140      0.177     0.09187  -1	   0.4777532     0.3398950
     D1GL1-a36d      0.045     0.058       0.192     0.608      0.050     0.943      0.509     0.466      0.287     0.599    0.489     0.616   0.738     0.142      0.238     0.07801  -1	   0.1498559     0.0765414
     D1GL1-a37a      0.047     0.066       0.192     0.623      0.119     0.918      0.419     0.312      0.049     0.653    0.547     0.623   0.713     0.129      0.310     0.16833  -1	   0.3312281     0.3427260
     D1GL1-a37b      0.050     0.071       0.212     0.559      0.176     0.928      0.421     0.305      0.525     0.625    0.546     0.596   0.652     0.136      0.197     0.10623  -1	   0.2408553     0.2534843
     D1GL1-a37c      0.044     0.055       0.188     0.596      0.161     0.944      0.520     0.464      0.203     0.636    0.486     0.651   0.652     0.138      0.238     0.07827  -1	   0.2124328     0.1388942
     D1GL1-a37d      0.042     0.058       0.196     0.585      0.509     0.930      0.467     0.461      0.423     0.579    0.524     0.570   0.715     0.133      0.177     0.09002  -1	   0.4788124     0.3298292
     D1GL1-a38a      0.043     0.058       0.192     0.587      0.551     0.929      0.467     0.449      0.492     0.620    0.530     0.604   0.697     0.138      0.245     0.08895  -1	   0.5725002     0.4135378
     D1GL1-a38b      0.049     0.065       0.188     0.698     -0.056     0.926      0.384     0.272      0.052     0.574    0.516     0.572   0.747     0.133      0.315     0.18298  -1	   0.2913331     0.3832450
     D1GL1-a38c      0.050     0.058       0.188     0.623      0.107     0.936      0.517     0.501      0.256     0.618    0.495     0.629   0.713     0.137      0.218     0.07880  -1	   0.1850877     0.0743159
     D1GL1-a38d      0.050     0.061       0.192     0.532      0.567     0.914      0.446     0.373      0.817     0.655    0.534     0.635   0.544     0.140      0.223     0.07310  -1	   0.6429423     0.4750294
     D1GL1-a39a      0.037     0.039       0.110     0.526      0.129     0.917      0.585     0.658      0.860     0.594    0.486     0.613   0.692     0.229      0.577     0.02544  -1	   0.1367483     0.0283888
     D1GL1-a39b      0.038     0.052       0.135     0.628     -0.261     0.907      0.529     0.618      0.792     0.560    0.470     0.596   0.515     0.197      0.243     0.02758  -1	   0.0396080     0.0043999
     D1GL1-a39c      0.045     0.038       0.114     0.558      0.066     0.916      0.602     0.696      0.503     0.575    0.462     0.615   0.744     0.229      0.097     0.02657  -1	   0.0184232    -0.0772326
     D1GL1-a39d      0.047     0.068       0.204     0.602     -0.482     0.910      0.428     0.583      1.000     0.889    0.792     0.711   0.546     0.167      0.017     0.01491  -1	   0.1383399     0.1295732
      D1GL1-a3a      0.040     0.044       0.127     0.733     -0.426     0.935      0.521     0.573      0.588     0.539    0.496     0.556   0.664     0.218      0.128     0.02208  -1	   0.0196277    -0.0176249
      D1GL1-a3b      0.040     0.069       0.196     0.743     -0.103     0.918      0.417     0.582      0.266     0.579    0.499     0.590   0.711     0.153      0.066     0.06675  -1	   0.0787844    -0.0446397
      D1GL1-a3c      0.039     0.045       0.151     0.606      0.047     0.934      0.533     0.586      0.962     0.632    0.542     0.605   0.725     0.158      0.135     0.01459  -1	   0.1327840     0.0684425
      D1GL1-a3d      0.044     0.060       0.184     0.700      0.388     0.913      0.395     0.413      0.980     0.640    0.572     0.589   0.952     0.147      0.134     0.06372  -1	   0.4215691     0.2908228
     D1GL1-a40a      0.045     0.043       0.127     0.608     -0.041     0.931      0.547     0.569      0.662     0.599    0.504     0.605   0.796     0.229      0.149     0.02076  -1	   0.0290609    -0.0218758
     D1GL1-a40b      0.042     0.043       0.127     0.666      0.035     0.923      0.534     0.555      0.694     0.638    0.547     0.608   0.781     0.241      0.158     0.02084  -1	   0.0673147     0.0026882
     D1GL1-a40c      0.032     0.045       0.143     0.605     -0.573     0.896      0.651     0.787      0.945     0.647    0.506     0.647   0.607     0.204      0.277     0.01705  -1	   0.0887766     0.0368885
     D1GL1-a40d      0.039     0.043       0.122     0.692     -0.229     0.929      0.583     0.617      0.904     0.583    0.489     0.602   0.773     0.193      0.163     0.02018  -1	   0.0234539    -0.0209610
     D1GL1-a41a      0.048     0.061       0.192     0.717     -0.239     0.911      0.393     0.424      0.419     0.589    0.494     0.603   0.691     0.149      0.148     0.01563  -1	   0.0549347     0.0758089
     D1GL1-a41b      0.032     0.060       0.200     0.583     -0.263     0.885      0.468     0.599      0.559     0.601    0.468     0.635   0.389     0.154      0.081     0.01612  -1	   0.0145752     0.0112818
     D1GL1-a41c      0.050     0.061       0.188     0.639     -0.415     0.928      0.488     0.529      0.541     0.602    0.500     0.610   0.000     0.151      0.118     0.01523  -1	   0.0414516     0.0060048
     D1GL1-a41d      0.050     0.068       0.204     0.618     -0.500     0.926      0.466     0.620      1.000     0.850    0.814     0.615   0.546     0.153      0.038     0.01498  -1	   0.1347554     0.0962436
     D1GL1-a42a      0.046     0.057       0.180     0.713     -0.231     0.899      0.410     0.461      0.293     0.592    0.489     0.610   0.691     0.149      0.151     0.01542  -1	   0.0674858     0.0643327
     D1GL1-a42b      0.047     0.069       0.208     0.652     -0.498     0.921      0.466     0.602      0.830     0.637    0.514     0.632   0.613     0.142      0.001     0.01498  -1	   0.0787381     0.0353007
     D1GL1-a42c      0.047     0.056       0.176     0.693     -0.240     0.893      0.432     0.481      0.388     0.599    0.491     0.614   0.637     0.160      0.136     0.01537  -1	   0.0477749     0.0447511
     D1GL1-a42d      0.049     0.065       0.200     0.581     -0.296     0.914      0.360     0.380      0.993     0.738    0.584     0.679   0.389     0.146     -0.023     0.01472  -1	   0.1349774     0.1867250
     D1GL1-a43a      0.048     0.056       0.176     0.678     -0.237     0.898      0.444     0.502      0.187     0.597    0.486     0.616   0.637     0.158      0.145     0.01532  -1	   0.0827367     0.0439220
     D1GL1-a43b      0.047     0.069       0.204     0.603     -0.470     0.913      0.438     0.588      1.000     0.887    0.847     0.641   0.546     0.154      0.047     0.01498  -1	   0.1496772     0.1289089
     D1GL1-a43c      0.045     0.058       0.184     0.672     -0.213     0.921      0.441     0.490      0.236     0.601    0.507     0.604   0.637     0.155      0.154     0.01539  -1	   0.0682323     0.0371136
     D1GL1-a43d      0.046     0.057       0.176     0.685     -0.229     0.904      0.448     0.504      0.205     0.610    0.498     0.620   0.637     0.157      0.136     0.01534  -1	   0.0725428     0.0333786
     D1GL1-a44a      0.054     0.051       0.155     0.597     -0.597     0.920      0.509     0.494      0.611     0.607    0.526     0.595   0.271     0.150      0.318     0.01349  -1	   0.0810802     0.0770012
     D1GL1-a44b      0.043     0.066       0.204     0.588     -0.439     0.908      0.390     0.433      0.996     0.666    0.571     0.616   0.000     0.143      0.020     0.01496  -1	   0.1156309     0.1169875
     D1GL1-a44c      0.047     0.058       0.176     0.665     -0.337     0.901      0.403     0.456      0.638     0.626    0.488     0.641   0.582     0.151      0.143     0.01545  -1	   0.0391384     0.0986067
     D1GL1-a44d      0.051     0.052       0.163     0.624     -0.548     0.917      0.507     0.488      0.602     0.603    0.526     0.591   0.515     0.150      0.304     0.01357  -1	   0.0751395     0.0678241
     D1GL1-a45b      0.047     0.066       0.204     0.596     -0.239     0.918      0.394     0.456      1.000     0.749    0.629     0.655   0.444     0.156     -0.025     0.01484  -1	   0.1397316     0.1292063
     D1GL1-a45c      0.052     0.048       0.159     0.554     -0.537     0.920      0.499     0.480      0.864     0.697    0.544     0.666   0.590     0.181      0.046     0.01352  -1	   0.0938306     0.0970075
     D1GL1-a45d      0.053     0.051       0.155     0.614     -0.593     0.914      0.505     0.486      0.561     0.587    0.532     0.571   0.397     0.152      0.318     0.01355  -1	   0.0961589     0.0854890
     D1GL1-a46a      0.051     0.052       0.155     0.565     -0.567     0.925      0.509     0.502      0.772     0.617    0.532     0.599   0.271     0.147      0.318     0.01351  -1	   0.0590980     0.0885990
     D1GL1-a46b      0.051     0.052       0.159     0.678     -0.571     0.917      0.502     0.496      0.436     0.625    0.535     0.604   0.464     0.150      0.289     0.01358  -1	   0.1164575     0.0683632
     D1GL1-a46c      0.050     0.050       0.184     0.703     -0.668     0.906      0.446     0.433      0.903     0.683    0.544     0.653   0.664     0.146      0.102     0.01536  -1	   0.0982343     0.1124420
     D1GL1-a46d      0.053     0.051       0.155     0.679     -0.521     0.917      0.486     0.460      0.502     0.622    0.532     0.603   0.582     0.149      0.326     0.01354  -1	   0.1042580     0.0983734
     D1GL1-a47a      0.052     0.050       0.159     0.649     -0.553     0.923      0.520     0.502      0.844     0.666    0.527     0.650   0.607     0.172     -0.000     0.01367  -1	   0.0844638     0.0398643
     D1GL1-a47b      0.037     0.056       0.139     0.694      0.010     0.914      0.586     0.671      0.965     0.662    0.490     0.673   0.780     0.174      0.055     0.01815  -1	   0.1425968    -0.0165881
     D1GL1-a47c      0.048     0.060       0.171     0.675     -0.267     0.912      0.435     0.504      0.379     0.657    0.513     0.651   0.582     0.139     -0.005     0.02307  -1	  -0.0039077     0.0226536
     D1GL1-a47d      0.024     0.063       0.167     0.613     -0.075     0.911      0.558     0.697      0.972     0.814    0.588     0.758   0.680     0.139      0.059     0.01794  -1	   0.1370324     0.0211007
     D1GL1-a48a      0.047     0.061       0.192     0.754     -0.117     0.918      0.433     0.464      0.339     0.590    0.460     0.630   0.703     0.125      0.102     0.02414  -1	   0.0682177     0.0435560
     D1GL1-a48b      0.044     0.047       0.139     0.682      0.040     0.930      0.509     0.569      0.993     0.681    0.542     0.653   0.781     0.225      0.091     0.01728  -1	   0.1490693     0.0462067
     D1GL1-a48c      0.041     0.044       0.147     0.692      0.112     0.934      0.539     0.618      0.638     0.559    0.477     0.588   0.827     0.182      0.143     0.01521  -1	   0.0937508    -0.0046593
     D1GL1-a48d      0.045     0.046       0.135     0.768     -0.222     0.941      0.492     0.526      0.538     0.626    0.492     0.639   0.777     0.209      0.112     0.01413  -1	   0.0201240    -0.0014403
     D1GL1-a49a      0.042     0.054       0.151     0.680      0.520     0.913      0.491     0.573      0.640     0.589    0.473     0.618   0.908     0.157      0.111     0.01578  -1	   0.4267181     0.1914814
     D1GL1-a49b      0.051     0.054       0.159     0.703      0.035     0.912      0.498     0.507      0.414     0.604    0.563     0.561   0.834     0.179      0.099     0.02982  -1	   0.0880616     0.0153356
     D1GL1-a49c      0.041     0.051       0.151     0.652      0.350     0.930      0.439     0.481      0.116     0.553    0.466     0.592   0.898     0.152      0.179     0.01586  -1	   0.3017608     0.1566616
     D1GL1-a49d      0.044     0.047       0.135     0.795      0.009     0.940      0.509     0.519      0.519     0.660    0.544     0.631   0.785     0.199      0.110     0.01423  -1	   0.0870518     0.0370332
      D1GL1-a4a      0.037     0.067       0.196     0.703     -0.150     0.936      0.398     0.554      0.169     0.604    0.491     0.619   0.711     0.143      0.069     0.07534  -1	   0.0557074    -0.0303103
      D1GL1-a4b      0.041     0.053       0.176     0.760      0.362     0.904      0.484     0.608      0.866     0.634    0.540     0.609   0.944     0.183      0.219     0.02293  -1	   0.3572790     0.1371839
      D1GL1-a4c      0.039     0.054       0.176     0.628      0.254     0.913      0.568     0.672      0.995     0.724    0.562     0.680   0.825     0.190      0.168     0.02316  -1	   0.3153169     0.1075868
      D1GL1-a4d      0.041     0.054       0.176     0.751      0.347     0.914      0.518     0.642      0.853     0.616    0.516     0.610   0.966     0.177      0.222     0.02281  -1	   0.3428345     0.1038259
     D1GL1-a50a      0.046     0.055       0.147     0.669      0.102     0.912      0.505     0.606      0.275     0.633    0.527     0.618   0.780     0.165      0.121     0.02705  -1	   0.1216649    -0.0271071
     D1GL1-a50b      0.044     0.052       0.176     0.691     -0.010     0.904      0.488     0.559      0.727     0.614    0.488     0.630   0.747     0.148      0.354     0.02851  -1	   0.1290988     0.0425352
     D1GL1-a50c      0.047     0.041       0.118     0.756      0.292     0.915      0.554     0.611      0.296     0.602    0.484     0.623   0.875     0.156      0.078     0.02593  -1	   0.1867332     0.0748325
     D1GL1-a50d      0.048     0.053       0.147     0.618      0.229     0.912      0.512     0.582      0.943     0.608    0.543     0.581   0.787     0.200      0.118     0.02548  -1	   0.2338077     0.0680635
     D1GL1-a51a      0.044     0.044       0.131     0.776      0.119     0.920      0.553     0.617      0.522     0.558    0.478     0.586   0.831     0.169      0.083     0.02506  -1	   0.0904876     0.0030020
     D1GL1-a51b      0.053     0.058       0.171     0.635     -0.262     0.934      0.443     0.419      0.569     0.609    0.519     0.602   0.515     0.138      0.079     0.16918  -1	   0.0193391     0.0827920
     D1GL1-a51d      0.041     0.049       0.143     0.706     -0.163     0.919      0.547     0.610      0.401     0.577    0.490     0.596   0.781     0.171      0.104     0.02547  -1	   0.0124657    -0.0607438
     D1GL1-a52a      0.056     0.070       0.208     0.610     -0.381     0.931      0.430     0.395      0.727     0.617    0.512     0.615   0.471     0.132      0.156     0.16777  -1	   0.0660842     0.0979583
     D1GL1-a52b      0.051     0.061       0.192     0.546     -0.447     0.930      0.469     0.433      0.752     0.651    0.540     0.626   0.000     0.119      0.410     0.17562  -1	   0.0519754     0.1145091
     D1GL1-a52c      0.053     0.070       0.208     0.622     -0.190     0.930      0.424     0.375      0.623     0.610    0.527     0.597   0.664     0.132      0.142     0.16867  -1	   0.0670861     0.0997940
     D1GL1-a52d      0.050     0.060       0.180     0.627      0.078     0.941      0.400     0.370      0.691     0.615    0.499     0.623   0.738     0.130      0.151     0.14677  -1	   0.1514355     0.2019733
     D1GL1-a53a      0.047     0.063       0.184     0.688      0.417     0.922      0.392     0.414      0.968     0.696    0.606     0.618   0.945     0.139      0.213     0.06883  -1	   0.5117134     0.3763059
     D1GL1-a53b      0.047     0.050       0.139     0.553      0.278     0.922      0.482     0.537      0.694     0.610    0.513     0.608   0.798     0.155      0.030     0.08604  -1	   0.1826554     0.0937100
     D1GL1-a53c      0.053     0.061       0.171     0.598     -0.002     0.936      0.418     0.314      0.508     0.656    0.528     0.639   0.554     0.139      0.075     0.15356  -1	   0.0801046     0.1838947
     D1GL1-a53d      0.045     0.063       0.184     0.693      0.432     0.911      0.379     0.392      0.955     0.680    0.598     0.607   0.945     0.144      0.208     0.06736  -1	   0.5036672     0.3788426
     D1GL1-a54a      0.048     0.068       0.196     0.570     -0.427     0.925      0.459     0.443      0.767     0.626    0.517     0.620   0.000     0.128      0.102     0.17426  -1	   0.0613035     0.0498959
     D1GL1-a54b      0.054     0.066       0.188     0.704      0.014     0.921      0.375     0.219      0.244     0.654    0.580     0.596   0.834     0.144      0.407     0.32539   1	   0.3447439     0.4378994
     D1GL1-a54c      0.051     0.062       0.180     0.693      0.435     0.922      0.436     0.310      0.641     0.702    0.584     0.641   0.945     0.134      0.114     0.33805   1	   0.4381283     0.4222067
     D1GL1-a54d      0.049     0.060       0.192     0.664      0.148     0.934      0.514     0.507      0.161     0.624    0.524     0.612   0.780     0.137      0.073     0.08669  -1	   0.1569034     0.0654953
     D1GL1-a55a      0.056     0.065       0.188     0.658      0.005     0.927      0.388     0.232      0.314     0.654    0.575     0.601   0.780     0.149      0.188     0.32275   1	   0.1601896     0.3202721
     D1GL1-a55b      0.050     0.073       0.216     0.649      0.085     0.935      0.429     0.366      0.459     0.593    0.515     0.590   0.738     0.145      0.176     0.09212  -1	   0.1920421     0.1336189
     D1GL1-a55c      0.045     0.057       0.192     0.590      0.219     0.945      0.523     0.488      0.265     0.621    0.478     0.644   0.661     0.140      0.217     0.07858  -1	   0.2380477     0.1304490
     D1GL1-a55d      0.041     0.072       0.192     0.689     -0.070     0.938      0.437     0.419      0.941     0.623    0.532     0.604   0.747     0.144      0.106     0.08280  -1	   0.1450096     0.0833204
     D1GL1-a56a      0.045     0.066       0.192     0.609      0.146     0.920      0.437     0.291      0.560     0.583    0.521     0.577   0.713     0.139      0.212     0.31227   1	   0.1962791     0.2405901
     D1GL1-a56b      0.046     0.057       0.196     0.603      0.570     0.924      0.472     0.458      0.238     0.559    0.478     0.588   0.823     0.140      0.221     0.08730  -1	   0.5666636     0.3746030
     D1GL1-a56c      0.049     0.059       0.192     0.520      0.119     0.941      0.516     0.449      0.306     0.599    0.491     0.614   0.434     0.145      0.347     0.08368  -1	   0.2283734     0.1337060
     D1GL1-a56d      0.044     0.055       0.176     0.733      0.290     0.909      0.455     0.375      0.388     0.630    0.500     0.636   0.946     0.142      0.174     0.09530  -1	   0.2753444     0.2459086
     D1GL1-a57a      0.047     0.057       0.184     0.607      0.134     0.929      0.522     0.483      0.454     0.663    0.492     0.673   0.713     0.147      0.238     0.08323  -1	   0.1853096     0.0970745
     D1GL1-a57b      0.042     0.055       0.163     0.611      0.010     0.929      0.525     0.480      0.515     0.700    0.619     0.611   0.713     0.178      0.245     0.06692  -1	   0.1286200     0.0764618
     D1GL1-a57c      0.045     0.061       0.200     0.604      0.326     0.919      0.462     0.478      0.396     0.571    0.481     0.596   0.853     0.126      0.137     0.09359  -1	   0.2736918     0.1390239
     D1GL1-a57d      0.044     0.056       0.196     0.606      0.502     0.921      0.482     0.468      0.422     0.600    0.526     0.588   0.842     0.141      0.212     0.08784  -1	   0.4786327     0.3263929
     D1GL1-a58a      0.049     0.065       0.192     0.627      0.175     0.929      0.459     0.403      0.586     0.623    0.545     0.594   0.778     0.138      0.226     0.09280  -1	   0.2366263     0.1703546
     D1GL1-a58b      0.046     0.058       0.192     0.559      0.568     0.913      0.468     0.408      0.378     0.671    0.550     0.637   0.697     0.133      0.250     0.07542  -1	   0.5849154     0.4778149
     D1GL1-a58c      0.045     0.079       0.233     0.683      0.093     0.914      0.326     0.235      0.061     0.593    0.524     0.584   0.805     0.130      0.146     0.13394  -1	   0.2546963     0.3146541
     D1GL1-a58d      0.038     0.052       0.143     0.569     -0.198     0.919      0.501     0.576      0.806     0.576    0.491     0.594   0.538     0.189      0.134     0.02764  -1	   0.0412971     0.0315867
     D1GL1-a59a      0.045     0.044       0.122     0.603     -0.019     0.924      0.543     0.576      0.624     0.599    0.507     0.602   0.796     0.246      0.133     0.02095  -1	   0.0306977    -0.0330040
     D1GL1-a59b      0.043     0.044       0.122     0.639      0.001     0.938      0.548     0.580      0.689     0.610    0.505     0.613   0.725     0.229      0.146     0.02077  -1	   0.0553829    -0.0090259
     D1GL1-a59c      0.040     0.056       0.163     0.708     -0.178     0.926      0.550     0.617      0.479     0.631    0.536     0.610   0.785     0.179      0.130     0.04088  -1	   0.0307846    -0.0714677
     D1GL1-a59d      0.044     0.047       0.131     0.616     -0.096     0.926      0.575     0.625      0.890     0.569    0.481     0.595   0.756     0.212      0.065     0.02361  -1	   0.0642714    -0.0255545
      D1GL1-a5a      0.029     0.061       0.188     0.701      0.220     0.911      0.560     0.750      0.485     0.644    0.530     0.626   0.909     0.139      0.056     0.01667  -1	   0.1599831    -0.0410758
      D1GL1-a5b      0.038     0.051       0.171     0.761      0.300     0.913      0.549     0.662      0.943     0.644    0.546     0.615   0.966     0.174      0.177     0.02280  -1	   0.3012937     0.0916368
      D1GL1-a5c      0.040     0.054       0.176     0.747      0.361     0.903      0.457     0.560      0.807     0.604    0.517     0.599   0.952     0.181      0.219     0.02285  -1	   0.3353734     0.1313403
      D1GL1-a5d      0.040     0.053       0.176     0.599      0.177     0.907      0.577     0.676      0.998     0.709    0.570     0.659   0.652     0.182      0.184     0.02345  -1	   0.2654122     0.0921858
     D1GL1-a60a      0.040     0.062       0.180     0.611      0.005     0.930      0.470     0.386      0.393     0.638    0.523     0.626   0.713     0.184      0.515     0.05774  -1	   0.2739125     0.1751562
     D1GL1-a60b      0.044     0.048       0.127     0.782      0.195     0.931      0.479     0.545      0.403     0.544    0.478     0.574   0.798     0.188      0.034     0.02289  -1	   0.1304594     0.0420192
     D1GL1-a60c      0.036     0.052       0.135     0.645     -0.236     0.916      0.520     0.609      0.690     0.588    0.497     0.599   0.570     0.196      0.267     0.02772  -1	   0.0383943    -0.0068020
     D1GL1-a60d      0.045     0.043       0.127     0.733     -0.038     0.930      0.529     0.586      0.454     0.573    0.475     0.603   0.876     0.208     -0.017     0.02341  -1	  -0.0082941    -0.0539455
     D1GL1-a61a      0.047     0.058       0.184     0.733     -0.342     0.914      0.423     0.476      0.738     0.625    0.509     0.624   0.636     0.154      0.149     0.01541  -1	   0.0387667     0.0586249
     D1GL1-a61b      0.046     0.057       0.180     0.673     -0.275     0.901      0.433     0.487      0.172     0.607    0.499     0.616   0.582     0.154      0.138     0.01539  -1	   0.0777355     0.0599921
     D1GL1-a61c      0.048     0.067       0.200     0.667     -0.529     0.915      0.418     0.562      1.000     0.787    0.700     0.641   0.582     0.154      0.002     0.01487  -1	   0.1124030     0.0968546
     D1GL1-a61d      0.048     0.067       0.204     0.606     -0.414     0.918      0.436     0.547      1.000     0.848    0.745     0.685   0.000     0.163     -0.005     0.01495  -1	   0.1502946     0.1043844
     D1GL1-a62a      0.047     0.067       0.204     0.593     -0.392     0.917      0.446     0.572      1.000     0.869    0.762     0.704   0.345     0.163      0.038     0.01483  -1	   0.1413357     0.1160811
     D1GL1-a62b      0.047     0.070       0.204     0.660     -0.463     0.913      0.445     0.613      1.000     0.863    0.767     0.689   0.613     0.150      0.038     0.01502  -1	   0.1266082     0.0982222
     D1GL1-a62c      0.047     0.056       0.176     0.691     -0.241     0.900      0.450     0.506      0.245     0.603    0.497     0.613   0.637     0.155      0.135     0.01541  -1	   0.0658596     0.0321396
     D1GL1-a62d      0.047     0.067       0.204     0.607     -0.268     0.903      0.427     0.507      0.987     0.673    0.560     0.632   0.515     0.159     -0.001     0.01483  -1	   0.1260426     0.0884281
     D1GL1-a63a      0.041     0.056       0.171     0.733     -0.573     0.908      0.493     0.513      0.880     0.632    0.550     0.599   0.518     0.158      0.154     0.01459  -1	   0.0639951     0.0302338
     D1GL1-a63b      0.045     0.054       0.171     0.613     -0.441     0.938      0.495     0.569      0.988     0.661    0.531     0.641   0.000     0.157      0.047     0.01590  -1	   0.0956025     0.0456587
     D1GL1-a63c      0.046     0.059       0.184     0.689     -0.277     0.913      0.423     0.477      0.399     0.598    0.503     0.604   0.582     0.151      0.143     0.01552  -1	   0.0443478     0.0483770
     D1GL1-a63d      0.042     0.059       0.180     0.669     -0.224     0.912      0.431     0.484      0.345     0.618    0.509     0.618   0.637     0.150      0.128     0.01550  -1	   0.0375159     0.0362262
     D1GL1-a64a      0.041     0.058       0.192     0.722     -0.247     0.898      0.429     0.471      0.408     0.626    0.508     0.626   0.691     0.161      0.145     0.01551  -1	   0.0460112     0.0291754
     D1GL1-a64b      0.054     0.056       0.188     0.641     -0.005     0.920      0.545     0.558      0.444     0.562    0.459     0.606   0.680     0.135      0.026     0.01588  -1	   0.0519796    -0.0078712
     D1GL1-a64c      0.050     0.047       0.143     0.625     -0.742     0.932      0.493     0.459      0.484     0.582    0.492     0.598   0.584     0.174      0.110     0.01358  -1	   0.1435545     0.0986603
     D1GL1-a64d      0.051     0.056       0.184     0.658     -0.546     0.915      0.415     0.387      0.811     0.628    0.521     0.619   0.582     0.140      0.233     0.01388  -1	   0.0629427     0.1555757
     D1GL1-a65a      0.042     0.061       0.192     0.733     -0.239     0.914      0.408     0.451      0.593     0.626    0.523     0.615   0.691     0.149      0.136     0.01564  -1	   0.0361280     0.0487116
     D1GL1-a65b      0.041     0.055       0.196     0.677     -0.613     0.884      0.434     0.522      0.774     0.876    0.480     0.874   0.464     0.133     -0.001     0.01502  -1	   0.0921574     0.1310907
     D1GL1-a65c      0.044     0.071       0.184     0.761     -0.169     0.922      0.477     0.600      0.564     0.625    0.498     0.632   0.777     0.146      0.095     0.02027  -1	   0.0664132    -0.0490480
     D1GL1-a65d      0.051     0.052       0.155     0.612     -0.593     0.929      0.500     0.484      0.621     0.612    0.527     0.599   0.397     0.154      0.304     0.01354  -1	   0.0792842     0.0837985
     D1GL1-a66a      0.028     0.071       0.176     0.747     -0.230     0.902      0.418     0.597      0.204     0.695    0.526     0.677   0.691     0.139      0.011     0.01694  -1	   0.0267545    -0.0489115
     D1GL1-a66b      0.025     0.057       0.151     0.611      0.037     0.898      0.583     0.719      0.991     0.717    0.581     0.659   0.713     0.145      0.094     0.01768  -1	   0.1521251     0.0092586
     D1GL1-a66c      0.037     0.055       0.135     0.652      0.059     0.907      0.599     0.678      0.952     0.641    0.489     0.653   0.805     0.171      0.055     0.01804  -1	   0.1478577    -0.0269721
     D1GL1-a66d      0.024     0.072       0.184     0.601      0.028     0.907      0.475     0.669      0.688     0.653    0.518     0.644   0.713     0.146      0.027     0.01666  -1	   0.0932527    -0.0206267
     D1GL1-a67a      0.044     0.050       0.176     0.723      0.108     0.917      0.501     0.521      0.253     0.586    0.501     0.595   0.851     0.143      0.175     0.02355  -1	   0.1608773     0.0564643
     D1GL1-a67b      0.034     0.054       0.180     0.712      0.255     0.902      0.527     0.595      0.465     0.673    0.509     0.669   0.946     0.137      0.094     0.01921  -1	   0.1886413     0.0442601
     D1GL1-a67c      0.037     0.058       0.143     0.714      0.062     0.920      0.573     0.655      0.950     0.657    0.507     0.656   0.859     0.168      0.259     0.01818  -1	   0.1714822    -0.0070420
     D1GL1-a67d      0.042     0.056       0.171     0.722      0.547     0.905      0.509     0.557      0.699     0.610    0.506     0.613   0.963     0.132      0.149     0.02405  -1	   0.5118419     0.2729979
     D1GL1-a68a      0.044     0.059       0.163     0.744     -0.142     0.942      0.438     0.476      0.154     0.634    0.521     0.623   0.711     0.148      0.095     0.02316  -1	   0.0814924     0.0562396
     D1GL1-a68b      0.054     0.056       0.196     0.627      0.210     0.912      0.488     0.501      0.611     0.671    0.524     0.656   0.787     0.118      0.231     0.02403  -1	   0.2532124     0.1535902
     D1GL1-a68c      0.038     0.068       0.192     0.671     -0.064     0.908      0.396     0.428      0.914     0.647    0.535     0.625   0.747     0.135      0.302     0.02106  -1	   0.1448275     0.1478888
     D1GL1-a68d      0.050     0.064       0.188     0.725     -0.001     0.921      0.428     0.468      0.654     0.680    0.528     0.662   0.802     0.141      0.105     0.02466  -1	   0.1205728     0.0656598
     D1GL1-a69a      0.042     0.055       0.176     0.714      0.578     0.902      0.497     0.537      0.772     0.617    0.522     0.606   0.944     0.140      0.149     0.02408  -1	   0.5607713     0.3282116
     D1GL1-a69b      0.049     0.061       0.192     0.666      0.213     0.929      0.430     0.542      0.731     0.654    0.527     0.638   0.854     0.129      0.183     0.02316  -1	   0.2632686     0.1390520
     D1GL1-a69c      0.042     0.054       0.171     0.710      0.584     0.904      0.494     0.540      0.636     0.606    0.537     0.585   0.944     0.145      0.138     0.02410  -1	   0.5348684     0.3132458
     D1GL1-a69d      0.045     0.056       0.176     0.695     -0.442     0.914      0.497     0.629      0.328     0.596    0.480     0.620   0.000     0.139      0.348     0.02682  -1	   0.1229366     0.0102177
      D1GL1-a6a      0.046     0.064       0.184     0.692      0.385     0.929      0.405     0.414      0.958     0.688    0.606     0.610   0.898     0.146      0.157     0.06912  -1	   0.4694424     0.3240108
      D1GL1-a6b      0.040     0.053       0.171     0.688      0.310     0.910      0.532     0.662      0.751     0.634    0.524     0.622   0.920     0.176      0.177     0.02265  -1	   0.2751783     0.0640958
      D1GL1-a6c      0.031     0.044       0.122     0.659     -0.349     0.912      0.595     0.752      0.637     0.617    0.491     0.631   0.812     0.174      0.061     0.01608  -1	  -0.0122626    -0.0698514
      D1GL1-a6d      0.044     0.057       0.180     0.641     -0.246     0.904      0.408     0.419      0.752     0.649    0.538     0.625   0.570     0.138      0.144     0.01573  -1	   0.0392201     0.1220388
     D1GL1-a70a      0.052     0.054       0.163     0.674      0.166     0.901      0.515     0.524      0.584     0.626    0.537     0.604   0.845     0.181      0.091     0.03021  -1	   0.1423658     0.0374227
     D1GL1-a70b      0.052     0.054       0.159     0.715      0.072     0.918      0.529     0.557      0.482     0.619    0.546     0.590   0.859     0.165      0.092     0.03037  -1	   0.1008121    -0.0024524
     D1GL1-a70c      0.048     0.055       0.167     0.658     -0.145     0.914      0.518     0.604      0.894     0.658    0.554     0.621   0.656     0.161      0.058     0.03274  -1	   0.0808939     0.0200601
     D1GL1-a70d      0.052     0.058       0.159     0.688     -0.124     0.931      0.505     0.559      0.980     0.666    0.575     0.612   0.656     0.157      0.085     0.03138  -1	   0.1231890     0.0469863
     D1GL1-a71a      0.053     0.043       0.135     0.793     -0.086     0.916      0.537     0.568      0.509     0.612    0.506     0.615   0.815     0.185      0.147     0.03555  -1	   0.0576589    -0.0010725
     D1GL1-a71b      0.051     0.057       0.176     0.706     -0.169     0.914      0.503     0.541      0.992     0.655    0.589     0.591   0.785     0.151      0.097     0.03176  -1	   0.0915417     0.0319200
     D1GL1-a71c      0.049     0.067       0.184     0.609     -0.537     0.924      0.488     0.462      0.483     0.610    0.519     0.603   0.515     0.129      0.383     0.18799  -1	   0.1294835     0.0888678
     D1GL1-a71d      0.053     0.054       0.163     0.764     -0.001     0.923      0.479     0.486      0.712     0.646    0.568     0.598   0.793     0.174      0.090     0.02897  -1	   0.1006445     0.0437714
     D1GL1-a72a      0.040     0.043       0.135     0.699     -0.211     0.917      0.572     0.648      0.865     0.620    0.520     0.612   0.773     0.189      0.352     0.04406  -1	   0.0376777    -0.0179052
     D1GL1-a72b      0.046     0.063       0.188     0.694      0.401     0.941      0.380     0.388      0.634     0.658    0.575     0.604   0.945     0.143      0.216     0.06924  -1	   0.4465060     0.3439329
     D1GL1-a72c      0.054     0.066       0.216     0.624     -0.051     0.930      0.448     0.387      0.643     0.589    0.509     0.591   0.680     0.113      0.219     0.07951  -1	   0.1215583     0.1219363
     D1GL1-a72d      0.044     0.059       0.180     0.661      0.314     0.921      0.398     0.426      0.561     0.761    0.564     0.716   0.920     0.135      0.099     0.06609  -1	   0.2836410     0.2405980
     D1GL1-a73a      0.053     0.065       0.188     0.668     -0.006     0.928      0.387     0.228      0.412     0.634    0.550     0.601   0.747     0.149      0.422     0.31815   1	   0.2610506     0.3641196
     D1GL1-a73b      0.051     0.064       0.192     0.556     -0.629     0.929      0.483     0.457      0.752     0.622    0.522     0.612   0.271     0.131      0.416     0.17357  -1	   0.0903882     0.1250833
     D1GL1-a73c      0.052     0.066       0.188     0.681      0.003     0.920      0.365     0.208      0.498     0.648    0.573     0.596   0.780     0.141      0.162     0.33001   1	   0.1331244     0.3057633
     D1GL1-a73d      0.046     0.065       0.188     0.581      0.130     0.921      0.492     0.341      0.826     0.606    0.545     0.579   0.587     0.132      0.159     0.33748   1	   0.2164257     0.1736128
     D1GL1-a74a      0.048     0.067       0.192     0.632      0.144     0.936      0.400     0.246      0.415     0.600    0.528     0.587   0.713     0.148      0.412     0.33107   1	   0.3211807     0.3746485
     D1GL1-a74b      0.046     0.071       0.208     0.654      0.152     0.932      0.389     0.229      0.138     0.605    0.509     0.606   0.845     0.141      0.493     0.33649   1	   0.4914172     0.4924773
     D1GL1-a74c      0.049     0.065       0.192     0.615      0.097     0.933      0.498     0.410      0.643     0.647    0.532     0.628   0.738     0.135      0.245     0.09350  -1	   0.1980738     0.1340492
     D1GL1-a74d      0.051     0.066       0.184     0.644     -0.021     0.919      0.408     0.256      0.637     0.663    0.587     0.599   0.680     0.154      0.167     0.32492   1	   0.1276932     0.2264242
     D1GL1-a75a      0.044     0.057       0.184     0.644      0.073     0.940      0.530     0.508      0.168     0.581    0.496     0.594   0.738     0.142      0.205     0.08101  -1	   0.1723554     0.0610912
     D1GL1-a75b      0.048     0.060       0.184     0.632      0.061     0.925      0.505     0.485      0.291     0.634    0.530     0.616   0.738     0.141      0.222     0.08008  -1	   0.1674519     0.0701243
     D1GL1-a75c      0.042     0.063       0.184     0.673      0.446     0.924      0.412     0.281      0.578     0.625    0.530     0.608   0.945     0.133      0.036     0.32441   1	   0.3725902     0.3804731
     D1GL1-a75d      0.049     0.066       0.204     0.742     -0.024     0.931      0.389     0.294      0.103     0.552    0.510     0.556   0.802     0.130      0.331     0.19054  -1	   0.3162820     0.3230227
     D1GL1-a76a      0.040     0.062       0.192     0.562      0.201     0.914      0.446     0.351      0.581     0.646    0.513     0.641   0.661     0.147      0.186     0.08971  -1	   0.2090025     0.2152961
     D1GL1-a76b      0.045     0.065       0.196     0.670      0.037     0.939      0.414     0.337      0.048     0.624    0.516     0.618   0.780     0.129      0.237     0.09794  -1	   0.2448855     0.2583168
     D1GL1-a76c      0.047     0.060       0.200     0.583      0.170     0.944      0.485     0.471      0.153     0.627    0.518     0.619   0.652     0.138      0.214     0.08590  -1	   0.2343773     0.1289540
     D1GL1-a76d      0.049     0.060       0.192     0.630      0.112     0.948      0.509     0.499      0.141     0.613    0.519     0.606   0.713     0.138      0.215     0.08007  -1	   0.2209185     0.0893973
     D1GL1-a77a      0.050     0.059       0.184     0.686      0.203     0.932      0.452     0.401      0.356     0.640    0.556     0.602   0.854     0.146      0.073     0.09678  -1	   0.1843487     0.1617912
     D1GL1-a77b      0.045     0.056       0.188     0.561      0.637     0.924      0.466     0.441      0.146     0.559    0.504     0.569   0.703     0.140      0.251     0.08590  -1	   0.6623127     0.4714785
     D1GL1-a77c      0.029     0.055       0.163     0.642      0.252     0.922      0.485     0.561      0.466     0.613    0.516     0.608   0.825     0.160      0.313     0.03151  -1	   0.2614260     0.0727925
     D1GL1-a77d      0.043     0.063       0.204     0.619      0.483     0.912      0.440     0.441      0.406     0.599    0.533     0.581   0.848     0.125      0.141     0.09087  -1	   0.4433515     0.2932983
     D1GL1-a78a      0.034     0.048       0.151     0.717      0.149     0.903      0.452     0.510      0.424     0.615    0.502     0.620   0.851     0.176      0.090     0.03477  -1	   0.0959988     0.0409389
     D1GL1-a78b      0.045     0.048       0.147     0.610      0.095     0.925      0.596     0.615      0.406     0.569    0.482     0.594   0.761     0.186      0.201     0.02591  -1	   0.1028639    -0.0297525
     D1GL1-a78c      0.041     0.049       0.135     0.558     -0.172     0.905      0.531     0.599      0.738     0.576    0.478     0.603   0.684     0.203      0.100     0.02724  -1	   0.0285139    -0.0091558
     D1GL1-a78d      0.039     0.049       0.139     0.568     -0.207     0.916      0.516     0.583      0.809     0.577    0.480     0.604   0.700     0.203      0.129     0.02749  -1	   0.0344390     0.0138195
     D1GL1-a79a      0.047     0.042       0.131     0.581      0.007     0.925      0.528     0.543      0.346     0.616    0.518     0.609   0.708     0.252      0.133     0.02127  -1	   0.0395917     0.0024035
     D1GL1-a79b      0.038     0.052       0.135     0.615     -0.264     0.911      0.548     0.625      0.808     0.567    0.478     0.596   0.515     0.203      0.254     0.02765  -1	   0.0414019    -0.0046552
     D1GL1-a79c      0.042     0.042       0.122     0.592      0.098     0.931      0.514     0.531      0.557     0.614    0.539     0.591   0.744     0.237      0.167     0.02092  -1	   0.0694003     0.0325246
     D1GL1-a79d      0.047     0.041       0.122     0.627      0.000     0.925      0.515     0.520      0.622     0.582    0.492     0.597   0.725     0.248      0.162     0.02110  -1	   0.0458526     0.0225605
      D1GL1-a7a      0.049     0.068       0.204     0.629     -0.530     0.916      0.453     0.587      0.859     0.689    0.516     0.679   0.515     0.136      0.025     0.01495  -1	   0.0987302     0.0737638
      D1GL1-a7b      0.028     0.041       0.122     0.700     -0.177     0.908      0.662     0.810      0.936     0.642    0.475     0.664   0.781     0.193      0.261     0.01715  -1	   0.0362631    -0.0277602
      D1GL1-a7c      0.043     0.049       0.167     0.695     -0.164     0.928      0.453     0.498      0.905     0.642    0.519     0.633   0.757     0.159      0.112     0.06025  -1	   0.0568186     0.0775780
      D1GL1-a7d      0.052     0.050       0.159     0.703     -0.499     0.921      0.500     0.478      0.660     0.613    0.509     0.613   0.707     0.150      0.327     0.01353  -1	   0.0696526     0.0603807
     D1GL1-a80a      0.043     0.041       0.122     0.604      0.066     0.924      0.539     0.554      0.617     0.589    0.494     0.602   0.761     0.248      0.162     0.02102  -1	   0.0564131     0.0019307
     D1GL1-a80b      0.043     0.047       0.131     0.618     -0.011     0.931      0.599     0.643      0.927     0.608    0.520     0.600   0.796     0.215      0.084     0.02328  -1	   0.0900478    -0.0310407
     D1GL1-a80c      0.038     0.050       0.143     0.628     -0.275     0.909      0.527     0.610      0.825     0.552    0.459     0.596   0.671     0.182      0.241     0.02741  -1	   0.0325799     0.0075524
     D1GL1-a80d      0.042     0.047       0.122     0.670     -0.271     0.918      0.509     0.604      0.877     0.669    0.524     0.655   0.726     0.241      0.201     0.02545  -1	   0.0537843     0.0243932
     D1GL1-a81a      0.046     0.059       0.176     0.687     -0.198     0.910      0.397     0.443      0.223     0.612    0.490     0.627   0.730     0.147      0.143     0.01551  -1	   0.0734733     0.0845025
     D1GL1-a81b      0.038     0.054       0.159     0.681     -0.392     0.907      0.486     0.625      0.900     0.642    0.508     0.641   0.538     0.159      0.176     0.01470  -1	   0.0511049     0.0525067
     D1GL1-a81c      0.053     0.067       0.200     0.749      0.123     0.910      0.513     0.531      0.317     0.634    0.482     0.653   0.834     0.128      0.043     0.01614  -1	   0.1587907     0.0281689
     D1GL1-a81d      0.050     0.050       0.196     0.736     -0.583     0.896      0.465     0.447      0.867     0.681    0.560     0.638   0.688     0.136      0.061     0.01550  -1	   0.0528283     0.0617547
     D1GL1-a82a      0.051     0.057       0.180     0.687      0.157     0.920      0.530     0.547      0.678     0.569    0.479     0.596   0.845     0.145      0.054     0.01593  -1	   0.1565996     0.0339241
     D1GL1-a82b      0.041     0.045       0.151     0.656     -0.303     0.920      0.518     0.566      0.587     0.595    0.516     0.591   0.812     0.216      0.139     0.01356  -1	  -0.0004269    -0.0351743
     D1GL1-a82c      0.042     0.051       0.159     0.747     -0.079     0.916      0.508     0.593      0.793     0.616    0.471     0.644   0.802     0.154      0.166     0.01467  -1	   0.0701349     0.0079007
     D1GL1-a82d      0.047     0.058       0.176     0.653     -0.248     0.914      0.431     0.476      0.193     0.611    0.501     0.618   0.637     0.154      0.178     0.01542  -1	   0.0860473     0.0680370
     D1GL1-a83a      0.042     0.055       0.180     0.741     -0.657     0.916      0.537     0.621      0.985     0.642    0.513     0.637   0.593     0.130     -0.025     0.01555  -1	   0.1162365     0.0287605
     D1GL1-a83b      0.049     0.053       0.184     0.668     -0.421     0.932      0.478     0.527      1.000     0.750    0.648     0.642   0.000     0.149      0.079     0.01561  -1	   0.0937600     0.0644319
     D1GL1-a83c      0.046     0.058       0.176     0.723     -0.183     0.913      0.420     0.463      0.361     0.612    0.484     0.631   0.785     0.167      0.153     0.01549  -1	   0.0670391     0.0404189
     D1GL1-a83d      0.048     0.061       0.196     0.746     -0.238     0.905      0.377     0.420      0.184     0.565    0.490     0.584   0.691     0.147      0.138     0.01564  -1	   0.1049224     0.1038494
     D1GL1-a84a      0.040     0.062       0.192     0.609     -0.134     0.904      0.562     0.704      0.940     0.724    0.620     0.637   0.589     0.121      0.186     0.02002  -1	   0.1193596     0.0417483
     D1GL1-a84b      0.038     0.052       0.184     0.623      0.004     0.919      0.523     0.610      0.956     0.686    0.572     0.635   0.713     0.147      0.200     0.02095  -1	   0.1460075     0.0735465
     D1GL1-a84c      0.035     0.063       0.192     0.631     -0.290     0.900      0.580     0.742      0.852     0.628    0.506     0.629   0.515     0.139      0.221     0.01992  -1	   0.0583642    -0.0010226
     D1GL1-a84d      0.034     0.051       0.167     0.609     -0.700     0.899      0.588     0.719      0.975     0.682    0.541     0.654   0.471     0.142      0.032     0.01829  -1	   0.1452759     0.0361183
     D1GL1-a85a      0.038     0.067       0.188     0.653     -0.153     0.913      0.379     0.418      0.946     0.630    0.515     0.624   0.730     0.139      0.158     0.02114  -1	   0.1062539     0.1575092
     D1GL1-a85b      0.046     0.056       0.176     0.729     -0.015     0.919      0.464     0.488      0.237     0.652    0.528     0.635   0.802     0.143      0.149     0.02360  -1	   0.1208466     0.0509938
     D1GL1-a85c      0.026     0.071       0.188     0.754     -0.176     0.901      0.462     0.644      0.288     0.610    0.518     0.603   0.777     0.140      0.016     0.01673  -1	   0.0245220    -0.1008500
     D1GL1-a85d      0.037     0.064       0.192     0.635     -0.326     0.894      0.574     0.739      0.967     0.658    0.553     0.622   0.515     0.142      0.193     0.01989  -1	   0.0771660     0.0239364
     D1GL1-a86a      0.048     0.057       0.188     0.771     -0.089     0.917      0.447     0.471      0.247     0.619    0.493     0.631   0.793     0.140      0.102     0.02437  -1	   0.0852650     0.0431012
     D1GL1-a86b      0.041     0.072       0.196     0.488     -0.191     0.929      0.519     0.635      0.982     0.658    0.510     0.655   0.267     0.144      0.070     0.02135  -1	   0.1707727     0.0634740
     D1GL1-a86c      0.046     0.057       0.188     0.718     -0.041     0.918      0.446     0.473      0.240     0.610    0.499     0.619   0.802     0.137      0.117     0.02424  -1	   0.0874756     0.0413369
     D1GL1-a86d      0.038     0.065       0.188     0.648     -0.004     0.931      0.414     0.459      0.920     0.646    0.532     0.627   0.680     0.142      0.187     0.02102  -1	   0.1631940     0.1414488
     D1GL1-a87a      0.043     0.049       0.159     0.664      0.413     0.907      0.503     0.534      0.960     0.615    0.514     0.612   0.878     0.147      0.108     0.03105  -1	   0.3895646     0.2065160
     D1GL1-a87b      0.040     0.054       0.180     0.710      0.515     0.913      0.504     0.552      0.652     0.590    0.505     0.596   0.963     0.151      0.141     0.02414  -1	   0.4562696     0.2360345
     D1GL1-a87c      0.044     0.057       0.188     0.745     -0.163     0.910      0.424     0.458      0.633     0.614    0.503     0.619   0.785     0.133      0.104     0.02409  -1	   0.0318888     0.0464271
     D1GL1-a87d      0.049     0.036       0.118     0.598      0.342     0.916      0.562     0.564      0.760     0.620    0.532     0.603   0.798     0.197      0.105     0.03224  -1	   0.2170895     0.1191050
     D1GL1-a88a      0.047     0.055       0.171     0.735     -0.049     0.934      0.436     0.454      0.402     0.608    0.507     0.611   0.802     0.141      0.085     0.02366  -1	   0.0531283     0.0536307
     D1GL1-a88b      0.043     0.055       0.167     0.727      0.562     0.908      0.497     0.535      0.681     0.618    0.527     0.604   0.944     0.139      0.149     0.02415  -1	   0.5320598     0.3105885
     D1GL1-a88c      0.047     0.053       0.155     0.715      0.000     0.914      0.535     0.547      0.917     0.698    0.609     0.617   0.834     0.165      0.070     0.03041  -1	   0.1220216     0.0288399
     D1GL1-a88d      0.053     0.052       0.159     0.702      0.143     0.912      0.501     0.517      0.348     0.595    0.538     0.574   0.834     0.181      0.077     0.02948  -1	   0.1272734     0.0390402
     D1GL1-a89a      0.050     0.058       0.180     0.685     -0.363     0.952      0.448     0.437      0.629     0.638    0.539     0.613   0.538     0.138      0.411     0.16841  -1	   0.0893500     0.1061360
     D1GL1-a89b      0.047     0.042       0.127     0.719     -0.102     0.916      0.599     0.687      0.982     0.600    0.544     0.573   0.812     0.203      0.028     0.05120  -1	   0.0594712    -0.0187868
     D1GL1-a89c      0.045     0.049       0.159     0.750     -0.181     0.928      0.508     0.588      0.968     0.618    0.510     0.618   0.761     0.158      0.026     0.07526  -1	   0.0661684     0.0289204
     D1GL1-a89d      0.050     0.042       0.131     0.715     -0.294     0.930      0.499     0.517      0.560     0.647    0.548     0.615   0.750     0.188      0.265     0.06573  -1	   0.0475287     0.0366300
      D1GL1-a8a      0.034     0.053       0.151     0.725     -0.061     0.906      0.514     0.662      0.320     0.628    0.470     0.656   0.802     0.172      0.087     0.01359  -1	   0.0406372    -0.0785175
      D1GL1-a8b      0.047     0.068       0.208     0.604     -0.487     0.924      0.437     0.571      1.000     0.723    0.650     0.610   0.546     0.136     -0.012     0.01496  -1	   0.1080349     0.0937992
      D1GL1-a8c      0.037     0.041       0.139     0.754     -0.420     0.919      0.559     0.673      0.425     0.583    0.481     0.608   0.643     0.154      0.041     0.01280  -1	  -0.0122616    -0.0401311
      D1GL1-a8d      0.052     0.054       0.167     0.676     -0.550     0.934      0.394     0.390      0.916     0.659    0.551     0.625   0.582     0.153      0.151     0.01418  -1	   0.0728868     0.1829281
     D1GL1-a90a      0.044     0.050       0.159     0.701     -0.270     0.921      0.472     0.460      0.667     0.647    0.534     0.626   0.750     0.150      0.145     0.07010  -1	   0.0128320     0.0503388
     D1GL1-a90b      0.048     0.052       0.147     0.672     -0.229     0.899      0.538     0.546      0.824     0.678    0.578     0.621   0.637     0.197      0.309     0.06018  -1	   0.0778076     0.0208938
     D1GL1-a90c      0.043     0.046       0.135     0.685     -0.159     0.912      0.606     0.631      0.943     0.639    0.548     0.608   0.757     0.197      0.245     0.24976  -1	   0.0571589    -0.0195694
     D1GL1-a90d      0.041     0.045       0.143     0.534     -0.312     0.921      0.654     0.700      0.995     0.663    0.590     0.598   0.677     0.193      0.223     0.24605   1	   0.0538274    -0.0001290
     D1GL1-a91a      0.048     0.065       0.196     0.619      0.090     0.928      0.451     0.292      0.734     0.586    0.500     0.596   0.738     0.132      0.188     0.30962   1	   0.1771266     0.2120244
     D1GL1-a91b      0.045     0.066       0.188     0.564      0.087     0.933      0.503     0.361      0.615     0.572    0.514     0.572   0.612     0.135      0.190     0.33770   1	   0.1566715     0.1431261
     D1GL1-a91c      0.046     0.067       0.196     0.633      0.214     0.942      0.409     0.262      0.291     0.579    0.526     0.569   0.787     0.149      0.421     0.31692   1	   0.4046670     0.4157061
     D1GL1-a91d      0.044     0.072       0.208     0.696     -0.680     0.944      0.390     0.282      0.726     0.688    0.510     0.682   0.538     0.144      0.104     0.24652   1	   0.0978776     0.1530166
     D1GL1-a92a      0.048     0.067       0.192     0.599      0.174     0.933      0.456     0.295      0.115     0.534    0.473     0.569   0.652     0.141      0.479     0.31657   1	   0.4468181     0.4069656
     D1GL1-a92b      0.050     0.069       0.196     0.627      0.106     0.927      0.378     0.220      0.357     0.594    0.462     0.632   0.713     0.143      0.203     0.33796   1	   0.1956784     0.3257279
     D1GL1-a92c      0.044     0.070       0.208     0.640      0.155     0.935      0.387     0.227      0.455     0.616    0.505     0.620   0.778     0.137      0.381     0.33293   1	   0.3119784     0.3765386
     D1GL1-a92d      0.052     0.077       0.212     0.622     -0.626     0.941      0.435     0.333      0.888     0.753    0.529     0.732   0.397     0.135      0.096     0.27358   1	   0.1328851     0.1278748
     D1GL1-a93a      0.044     0.065       0.188     0.590      0.147     0.929      0.457     0.320      0.775     0.584    0.501     0.592   0.587     0.144      0.221     0.31877   1	   0.2258136     0.2087062
     D1GL1-a93b      0.048     0.072       0.224     0.645      0.216     0.926      0.410     0.322      0.167     0.584    0.505     0.591   0.787     0.134      0.208     0.11859  -1	   0.3177204     0.2656036
     D1GL1-a93c      0.032     0.048       0.131     0.725      0.117     0.917      0.572     0.629      0.597     0.611    0.495     0.623   0.851     0.193      0.299     0.04870  -1	   0.1482476    -0.0243365
     D1GL1-a93d      0.039     0.058       0.176     0.518      0.299     0.902      0.499     0.394      0.187     0.598    0.503     0.604   0.546     0.166      0.273     0.09333  -1	   0.2891250     0.2412734
     D1GL1-a94a      0.030     0.050       0.143     0.679     -0.189     0.908      0.575     0.636      0.649     0.595    0.486     0.613   0.757     0.173      0.253     0.05086  -1	   0.0276531    -0.0621931
     D1GL1-a94b      0.048     0.045       0.155     0.639      0.016     0.913      0.455     0.461      0.678     0.839    0.610     0.774   0.725     0.169      0.252     0.03612  -1	   0.1365351     0.1636916
     D1GL1-a94c      0.050     0.053       0.184     0.651      0.476     0.914      0.482     0.375      0.554     0.727    0.555     0.688   0.915     0.127      0.295     0.06673  -1	   0.5303729     0.4912769
     D1GL1-a94d      0.041     0.053       0.163     0.676     -0.050     0.934      0.464     0.390      0.207     0.601    0.491     0.616   0.747     0.170      0.462     0.07618  -1	   0.2747434     0.2082645
     D1GL1-a95a      0.031     0.048       0.131     0.726      0.095     0.920      0.572     0.641      0.462     0.620    0.498     0.628   0.841     0.181      0.260     0.04879  -1	   0.1385115    -0.0340409
     D1GL1-a95b      0.045     0.042       0.127     0.622     -0.004     0.929      0.517     0.529      0.481     0.613    0.516     0.608   0.796     0.232      0.180     0.02107  -1	   0.0444062     0.0097955
     D1GL1-a95c      0.030     0.051       0.147     0.735     -0.185     0.924      0.561     0.615      0.720     0.623    0.524     0.611   0.785     0.163      0.331     0.05126  -1	   0.0535967    -0.0454176
     D1GL1-a95d      0.034     0.054       0.155     0.634      0.209     0.916      0.514     0.600      0.481     0.583    0.483     0.606   0.787     0.160      0.313     0.03161  -1	   0.2163440     0.0203900
     D1GL1-a96a      0.031     0.068       0.188     0.599     -0.393     0.907      0.530     0.728      0.692     0.588    0.490     0.605   0.345     0.138      0.229     0.02501  -1	   0.0464559    -0.0008870
     D1GL1-a96b      0.028     0.051       0.143     0.713     -0.117     0.915      0.590     0.653      0.675     0.599    0.486     0.618   0.711     0.167      0.253     0.05088  -1	   0.0454779    -0.0558260
     D1GL1-a96c      0.041     0.069       0.192     0.610     -0.011     0.932      0.429     0.580      0.713     0.647    0.529     0.630   0.680     0.156      0.055     0.02488  -1	   0.1099797     0.0444849
     D1GL1-a96d      0.030     0.072       0.188     0.635     -0.484     0.913      0.550     0.753      0.788     0.572    0.468     0.608   0.546     0.127      0.205     0.02550  -1	   0.0673236    -0.0024792
     D1GL1-a97a      0.043     0.062       0.176     0.601     -0.271     0.910      0.463     0.648      0.562     0.679    0.554     0.642   0.515     0.143      0.041     0.02328  -1	   0.0083050     0.0069829
     D1GL1-a97b      0.040     0.059       0.171     0.619     -0.358     0.912      0.540     0.673      0.807     0.581    0.478     0.608   0.471     0.145      0.176     0.02404  -1	   0.0461752     0.0036551
     D1GL1-a97c      0.032     0.068       0.192     0.644     -0.378     0.909      0.540     0.723      0.975     0.613    0.514     0.610   0.471     0.136      0.213     0.02545  -1	   0.0744938     0.0381055
     D1GL1-a97d      0.046     0.065       0.208     0.597     -0.364     0.906      0.424     0.530      1.000     0.854    0.745     0.695   0.345     0.141      0.048     0.01477  -1	   0.1291285     0.1319322
     D1GL1-a98a      0.033     0.068       0.188     0.625     -0.423     0.910      0.520     0.719      0.832     0.615    0.515     0.610   0.000     0.144      0.236     0.02503  -1	   0.0580463     0.0426751
     D1GL1-a98b      0.041     0.056       0.176     0.681      0.111     0.914      0.568     0.635      0.547     0.613    0.520     0.605   0.780     0.152      0.151     0.02203  -1	   0.1329246    -0.0094984
     D1GL1-a98c      0.048     0.055       0.176     0.619     -0.517     0.936      0.503     0.532      0.820     0.616    0.504     0.620   0.515     0.143      0.102     0.01551  -1	   0.0545663     0.0383442
     D1GL1-a98d      0.038     0.060       0.171     0.698     -0.029     0.915      0.564     0.670      0.859     0.673    0.587     0.610   0.747     0.154      0.164     0.02215  -1	   0.1182287    -0.0055432
     D1GL1-a99a      0.041     0.055       0.167     0.658     -0.248     0.918      0.513     0.623      0.754     0.594    0.490     0.611   0.637     0.170      0.182     0.02381  -1	   0.0371003    -0.0052029
     D1GL1-a99b      0.047     0.057       0.180     0.654     -0.537     0.928      0.492     0.576      0.942     0.698    0.562     0.654   0.582     0.156      0.052     0.01569  -1	   0.0874045     0.0558785
     D1GL1-a99c      0.042     0.055       0.180     0.677     -0.617     0.919      0.543     0.613      0.975     0.684    0.573     0.632   0.464     0.136     -0.030     0.01547  -1	   0.1011337     0.0172072
     D1GL1-a99d      0.053     0.058       0.180     0.658      0.049     0.914      0.525     0.543      0.719     0.589    0.480     0.613   0.780     0.138      0.056     0.01594  -1	   0.1164953     0.0221527
      D1GL1-a9a      0.038     0.053       0.159     0.597     -0.570     0.906      0.464     0.452      0.747     0.651    0.507     0.650   0.271     0.152      0.047     0.01250  -1	   0.0616220     0.0707012
      D1GL1-a9b      0.040     0.049       0.139     0.765      0.028     0.912      0.466     0.590      0.539     0.618    0.508     0.618   0.785     0.208      0.174     0.01363  -1	   0.0985218    -0.0027572
      D1GL1-a9c      0.047     0.068       0.208     0.592     -0.332     0.902      0.404     0.487      1.000     0.878    0.758     0.723   0.389     0.157     -0.005     0.01478  -1	   0.1436062     0.1317954
      D1GL1-a9d      0.040     0.041       0.131     0.643     -0.209     0.914      0.524     0.597      0.859     0.615    0.523     0.605   0.718     0.187      0.228     0.01319  -1	   0.0195114     0.0236156
