      D2J0T-a9d     -0.009     0.066       0.353     0.562     -0.193     0.753      0.451     0.509      0.317     0.781    0.498     0.778   0.538     0.119      0.245     0.01931  -1	   0.0269529     0.0064979
      D2J0T-a0a     -0.011     0.056       0.295     0.626      0.252     0.749      0.465     0.444      0.853     0.835    0.535     0.810   0.825     0.128      0.103     0.01696  -1	   0.1988204     0.1807224
      D2J0T-a0b     -0.013     0.053       0.314     0.590      0.217     0.760      0.454     0.454      0.861     0.814    0.524     0.795   0.661     0.128      0.108     0.01695  -1	   0.1878478     0.1869924
      D2J0T-a0c     -0.015     0.058       0.295     0.657      0.281     0.762      0.436     0.403      0.290     0.818    0.481     0.820   0.892     0.137      0.133     0.01636  -1	   0.1616148     0.1566338
      D2J0T-a0d     -0.016     0.063       0.346     0.640      0.125     0.732      0.484     0.554      0.424     0.796    0.509     0.785   0.713     0.112      0.215     0.01449  -1	   0.1132615     0.0772005
    D2J0T-a100a     -0.025     0.058       0.321     0.631     -0.271     0.743      0.461     0.438      0.562     0.808    0.509     0.796   0.515     0.116      0.187     0.01819  -1	  -0.0432588     0.0090362
    D2J0T-a100b     -0.022     0.060       0.333     0.616     -0.300     0.740      0.447     0.444      0.706     0.798    0.481     0.802   0.515     0.109      0.167     0.01835  -1	  -0.0269830     0.0334467
    D2J0T-a100c     -0.029     0.062       0.282     0.676     -0.333     0.732      0.512     0.638      0.740     0.794    0.509     0.783   0.582     0.153      0.352     0.01471  -1	   0.0274784    -0.0050998
    D2J0T-a100d     -0.019     0.070       0.365     0.667      0.344     0.758      0.322     0.219      0.027     0.798    0.479     0.803   0.920     0.145      0.251     0.01414  -1	   0.3938380     0.3296009
    D2J0T-a101a     -0.023     0.075       0.378     0.520     -0.364     0.760      0.468     0.516      0.719     0.803    0.505     0.794   0.192     0.103      0.085     0.01610  -1	  -0.0214445     0.0408303
    D2J0T-a101b     -0.026     0.068       0.365     0.551     -0.330     0.753      0.437     0.468      0.805     0.768    0.483     0.774   0.389     0.106      0.103     0.01601  -1	  -0.0066646     0.0550950
    D2J0T-a101c     -0.016     0.067       0.340     0.625     -0.347     0.727      0.527     0.572      0.979     0.821    0.541     0.793   0.515     0.120      0.236     0.03939  -1	   0.0289165     0.0246513
    D2J0T-a101d     -0.031     0.060       0.282     0.667     -0.311     0.751      0.482     0.599      0.780     0.826    0.540     0.799   0.582     0.139      0.327     0.01433  -1	   0.0110341     0.0084809
    D2J0T-a102a     -0.020     0.063       0.359     0.687     -0.408     0.760      0.441     0.453      0.372     0.784    0.458     0.801   0.000     0.106      0.066     0.01501  -1	  -0.0854523    -0.0137092
    D2J0T-a102b     -0.019     0.081       0.410     0.629     -0.472     0.694      0.487     0.698      0.647     0.851    0.517     0.835   0.546     0.109      0.135     0.02656  -1	  -0.0065062     0.1215740
    D2J0T-a102c     -0.028     0.078       0.365     0.591     -0.245     0.755      0.497     0.572      0.808     0.855    0.473     0.857   0.444     0.123      0.084     0.01695  -1	   0.0363317     0.0722062
    D2J0T-a102d     -0.025     0.088       0.429     0.667     -0.330     0.756      0.356     0.364      0.199     0.799    0.521     0.781   0.582     0.095      0.222     0.04054  -1	   0.0483362     0.0058431
    D2J0T-a103a     -0.024     0.063       0.308     0.653     -0.184     0.755      0.451     0.496      0.798     0.781    0.514     0.768   0.730     0.139      0.215     0.01532  -1	   0.0125272     0.0211355
    D2J0T-a103b     -0.019     0.085       0.429     0.530     -0.400     0.714      0.380     0.417      0.433     0.842    0.583     0.792   0.192     0.089      0.060     0.05426  -1	  -0.0796077     0.0266426
    D2J0T-a103c     -0.021     0.071       0.372     0.654     -0.338     0.753      0.534     0.583      0.483     0.806    0.517     0.791   0.582     0.100      0.080     0.01620  -1	  -0.0678615     0.0123588
    D2J0T-a103d     -0.022     0.061       0.288     0.641     -0.432     0.738      0.492     0.635      0.875     0.815    0.515     0.801   0.000     0.133      0.270     0.01966  -1	  -0.0134547     0.0159028
    D2J0T-a104a     -0.029     0.062       0.308     0.683     -0.110     0.732      0.538     0.771      0.841     0.879    0.521     0.862   0.656     0.121      0.210     0.01118  -1	   0.0374237     0.1073508
    D2J0T-a104b     -0.030     0.056       0.263     0.606     -0.309     0.699      0.502     0.633      0.773     0.845    0.557     0.809   0.515     0.153      0.161     0.01271  -1	  -0.0248042     0.0096509
    D2J0T-a104c     -0.025     0.058       0.327     0.648     -0.006     0.749      0.429     0.547      0.911     0.766    0.454     0.788   0.680     0.120      0.312     0.01349  -1	   0.1044865     0.1195279
    D2J0T-a104d     -0.020     0.055       0.308     0.702     -0.076     0.737      0.482     0.533      0.946     0.844    0.515     0.830   0.802     0.140      0.081     0.01613  -1	   0.0404205     0.0553853
    D2J0T-a105a     -0.025     0.077       0.372     0.681     -0.460     0.726      0.346     0.433      0.026     0.832    0.519     0.815   0.613     0.114      0.169     0.01109  -1	   0.0865099     0.0312983
    D2J0T-a105b     -0.028     0.060       0.276     0.646     -0.200     0.745      0.445     0.444      0.459     0.791    0.514     0.778   0.664     0.132      0.202     0.01190  -1	  -0.0152050     0.0020240
    D2J0T-a105c     -0.024     0.091       0.410     0.739     -0.358     0.721      0.246     0.222      0.060     0.823    0.505     0.812   0.593     0.097      0.224     0.01097  -1	   0.1286499     0.0993834
    D2J0T-a105d     -0.021     0.073       0.353     0.639     -0.414     0.728      0.355     0.446      0.041     0.793    0.528     0.772   0.000     0.110      0.113     0.01085  -1	   0.0054407     0.0125196
    D2J0T-a106a     -0.021     0.077       0.372     0.730     -0.463     0.764      0.367     0.301      0.999     0.867    0.619     0.803   0.667     0.110      0.203     0.01074  -1	   0.0091729     0.0390540
    D2J0T-a106b     -0.031     0.066       0.314     0.717     -0.397     0.760      0.428     0.448      0.976     0.820    0.562     0.780   0.593     0.112      0.237     0.01052  -1	   0.0015193     0.0197491
    D2J0T-a106c     -0.027     0.060       0.314     0.566     -0.371     0.731      0.622     0.831      0.934     0.783    0.458     0.800   0.345     0.113      0.207     0.01137  -1	   0.0186403     0.1119771
    D2J0T-a106d     -0.031     0.071       0.327     0.703     -0.404     0.751      0.410     0.414      0.502     0.812    0.494     0.808   0.000     0.111      0.204     0.01055  -1	  -0.0304102    -0.0280574
    D2J0T-a107a     -0.011     0.072       0.340     0.699      0.281     0.753      0.355     0.410      0.393     0.770    0.555     0.731   0.892     0.116      0.300     0.02008  -1	   0.3257366     0.1598536
    D2J0T-a107b     -0.009     0.060       0.301     0.648      0.266     0.757      0.438     0.419      0.997     0.865    0.599     0.811   0.825     0.126      0.099     0.01684  -1	   0.2711658     0.2105977
    D2J0T-a107c     -0.005     0.055       0.314     0.659      0.258     0.762      0.513     0.555      0.946     0.806    0.512     0.793   0.892     0.118      0.155     0.02719  -1	   0.2635813     0.2081439
    D2J0T-a107d     -0.012     0.059       0.340     0.572      0.362     0.747      0.405     0.424      0.788     0.831    0.532     0.808   0.705     0.121      0.133     0.01840  -1	   0.3099257     0.3020062
    D2J0T-a108a     -0.032     0.071       0.333     0.741     -0.506     0.754      0.435     0.448      0.637     0.803    0.528     0.781   0.636     0.112      0.239     0.01054  -1	   0.0041748    -0.0096895
    D2J0T-a108b     -0.035     0.067       0.327     0.703     -0.468     0.754      0.449     0.463      0.905     0.795    0.506     0.786   0.667     0.119      0.242     0.01053  -1	   0.0068443     0.0184929
    D2J0T-a108c     -0.031     0.064       0.314     0.650     -0.541     0.756      0.463     0.488      0.745     0.806    0.495     0.802   0.582     0.118      0.222     0.01048  -1	   0.0157679     0.0297779
    D2J0T-a108d     -0.031     0.072       0.340     0.701     -0.453     0.751      0.393     0.398      0.991     0.845    0.613     0.779   0.667     0.113      0.227     0.01059  -1	   0.0073624     0.0381419
     D2J0T-a10a     -0.013     0.056       0.295     0.700      0.165     0.752      0.482     0.508      0.526     0.796    0.479     0.801   0.900     0.150      0.120     0.01160  -1	   0.0918583     0.0814194
     D2J0T-a10b     -0.009     0.062       0.314     0.726      0.166     0.721      0.444     0.502      0.880     0.797    0.546     0.765   0.900     0.135      0.210     0.01399  -1	   0.1599306     0.0984912
     D2J0T-a10c     -0.007     0.061       0.327     0.695      0.233     0.733      0.488     0.547      0.655     0.792    0.453     0.811   0.854     0.138      0.202     0.01402  -1	   0.2080687     0.1556610
     D2J0T-a10d     -0.011     0.067       0.340     0.659      0.368     0.712      0.371     0.438      0.228     0.783    0.451     0.804   0.898     0.110      0.198     0.01186  -1	   0.3007447     0.1535520
     D2J0T-a11a     -0.010     0.053       0.288     0.748      0.187     0.747      0.487     0.494      0.890     0.794    0.542     0.764   0.900     0.141      0.143     0.01154  -1	   0.1468210     0.1162451
     D2J0T-a11b     -0.010     0.059       0.333     0.576      0.400     0.753      0.422     0.437      0.208     0.819    0.516     0.804   0.752     0.114      0.131     0.01813  -1	   0.2445199     0.2120408
     D2J0T-a11c     -0.002     0.067       0.333     0.664      0.074     0.760      0.437     0.396      0.574     0.844    0.539     0.817   0.805     0.121      0.336     0.01650  -1	   0.1864860     0.1079793
     D2J0T-a11d     -0.009     0.068       0.346     0.700      0.374     0.715      0.390     0.463      0.148     0.760    0.483     0.767   0.952     0.107      0.116     0.01189  -1	   0.2691918     0.1177499
     D2J0T-a12a     -0.010     0.050       0.288     0.503     -0.289     0.749      0.653     0.681      0.875     0.794    0.495     0.791   0.591     0.120      0.189     0.01727  -1	   0.0190683     0.0355234
     D2J0T-a12b     -0.010     0.047       0.250     0.623      0.010     0.777      0.568     0.522      0.998     0.813    0.534     0.788   0.725     0.156      0.210     0.01347  -1	   0.0956250     0.0500998
     D2J0T-a12c     -0.015     0.057       0.295     0.651     -0.666     0.735      0.580     0.661      1.000     0.843    0.545     0.813   0.538     0.140      0.220     0.01625  -1	   0.0886627     0.0667688
     D2J0T-a12d     -0.011     0.050       0.288     0.514     -0.229     0.761      0.624     0.644      0.558     0.770    0.476     0.779   0.639     0.138      0.186     0.01730  -1	  -0.0265926     0.0061009
     D2J0T-a13a     -0.012     0.054       0.269     0.533      0.085     0.755      0.513     0.329      0.487     0.810    0.516     0.796   0.459     0.148      0.102     0.01489  -1	   0.0011503     0.0735096
     D2J0T-a13b     -0.010     0.060       0.308     0.673     -0.032     0.776      0.480     0.371      0.310     0.816    0.513     0.802   0.747     0.125      0.351     0.08465  -1	   0.1495249     0.0871521
     D2J0T-a13c      0.004     0.065       0.333     0.647     -0.492     0.770      0.473     0.390      0.432     0.793    0.484     0.796   0.546     0.115      0.284     0.03910  -1	   0.0609193     0.0363885
     D2J0T-a13d     -0.014     0.055       0.269     0.494     -0.009     0.763      0.538     0.372      0.166     0.763    0.490     0.764   0.283     0.148      0.165     0.01482  -1	  -0.0181378     0.0379615
     D2J0T-a14a     -0.013     0.072       0.333     0.679     -0.186     0.768      0.550     0.333      0.130     0.787    0.500     0.781   0.730     0.119      0.319     0.02121  -1	   0.1632633     0.1256613
     D2J0T-a14b      0.003     0.065       0.333     0.663     -0.462     0.762      0.435     0.349      0.783     0.794    0.482     0.798   0.613     0.121      0.281     0.03855  -1	   0.0419308     0.0559098
     D2J0T-a14c     -0.005     0.076       0.333     0.634     -0.201     0.761      0.480     0.233      0.086     0.798    0.524     0.779   0.570     0.109      0.223     0.02321  -1	   0.0969059     0.1533255
     D2J0T-a14d     -0.001     0.066       0.333     0.622     -0.396     0.748      0.429     0.340      0.430     0.787    0.482     0.791   0.471     0.116      0.347     0.03825  -1	   0.0716509     0.0586126
     D2J0T-a15a     -0.005     0.071       0.346     0.635     -0.300     0.753      0.437     0.329      0.207     0.823    0.507     0.812   0.515     0.119      0.340     0.03868  -1	   0.1244787     0.0574853
     D2J0T-a15b      0.005     0.064       0.340     0.606     -0.344     0.759      0.473     0.394      0.398     0.774    0.457     0.793   0.515     0.110      0.284     0.03916  -1	   0.0474737     0.0369459
     D2J0T-a15c     -0.022     0.060       0.314     0.677      0.102     0.743      0.469     0.345      0.792     0.827    0.524     0.807   0.780     0.121      0.441     0.04547  -1	   0.1982066     0.1366925
     D2J0T-a15d     -0.016     0.060       0.333     0.613     -0.250     0.748      0.486     0.500      0.737     0.794    0.496     0.791   0.570     0.116      0.603     0.03634  -1	   0.1035053     0.0261907
     D2J0T-a16a     -0.016     0.062       0.321     0.674      0.314     0.758      0.485     0.424      0.215     0.816    0.497     0.811   0.920     0.114      0.188     0.16060  -1	   0.2474272     0.2126559
     D2J0T-a16b     -0.014     0.057       0.288     0.632     -0.273     0.754      0.467     0.355      0.100     0.781    0.485     0.784   0.515     0.152      0.246     0.03264  -1	   0.0780489     0.0842166
     D2J0T-a16c     -0.018     0.085       0.397     0.683      0.566     0.766      0.268     0.128      0.326     0.795    0.536     0.770   0.890     0.097      0.192     0.05131  -1	   0.6199772     0.5826617
     D2J0T-a16d     -0.005     0.067       0.340     0.617      0.158     0.740      0.472     0.506      0.703     0.795    0.511     0.784   0.778     0.114      0.189     0.31371   1	   0.1636439     0.1246345
     D2J0T-a17a     -0.017     0.084       0.391     0.651     -0.263     0.738      0.427     0.379      0.355     0.834    0.525     0.814   0.582     0.108      0.119     0.07139  -1	  -0.0161101    -0.0012848
     D2J0T-a17b     -0.016     0.089       0.417     0.640     -0.202     0.748      0.358     0.309      0.327     0.864    0.630     0.792   0.570     0.102      0.116     0.07268  -1	  -0.0176951    -0.0003758
     D2J0T-a17c     -0.009     0.073       0.340     0.617      0.196     0.736      0.365     0.361      0.465     0.764    0.526     0.744   0.778     0.125      0.218     0.36570   1	   0.1816062     0.1313267
     D2J0T-a17d     -0.009     0.056       0.308     0.719      0.098     0.736      0.457     0.412      0.755     0.772    0.515     0.758   0.859     0.117      0.247     0.07351  -1	   0.1120158     0.1025274
     D2J0T-a18a     -0.018     0.089       0.417     0.632     -0.097     0.744      0.367     0.281      0.097     0.829    0.613     0.759   0.680     0.102      0.142     0.07782  -1	   0.0568611     0.0436940
     D2J0T-a18b     -0.005     0.062       0.321     0.717      0.292     0.747      0.416     0.390      0.301     0.844    0.576     0.799   0.946     0.134      0.230     0.03090  -1	   0.2734987     0.1948596
     D2J0T-a18c     -0.009     0.053       0.263     0.685      0.088     0.762      0.442     0.427      0.930     0.818    0.523     0.800   0.805     0.155      0.233     0.04400  -1	   0.1312770     0.1083478
     D2J0T-a18d     -0.006     0.058       0.295     0.566      0.213     0.766      0.404     0.434      0.219     0.800    0.518     0.784   0.661     0.135      0.123     0.03564  -1	   0.0899723     0.0796896
     D2J0T-a19a     -0.009     0.057       0.288     0.379      0.311     0.756      0.511     0.529      0.632     0.783    0.498     0.779   0.000     0.125      0.170     0.03054  -1	   0.1876367     0.0951076
     D2J0T-a19b     -0.006     0.058       0.295     0.521      0.330     0.758      0.464     0.499      0.488     0.812    0.516     0.797   0.574     0.128      0.132     0.03206  -1	   0.1864704     0.1640304
     D2J0T-a19c     -0.006     0.057       0.276     0.515      0.169     0.761      0.458     0.479      0.308     0.774    0.517     0.759   0.499     0.153      0.166     0.03428  -1	   0.0700888     0.0519328
     D2J0T-a19d     -0.009     0.057       0.276     0.529      0.088     0.769      0.423     0.479      0.294     0.773    0.518     0.758   0.459     0.138      0.161     0.03433  -1	   0.0288539     0.0323044
      D2J0T-a1a     -0.009     0.058       0.308     0.610      0.269     0.761      0.428     0.392      0.439     0.800    0.507     0.790   0.825     0.137      0.135     0.01652  -1	   0.1554102     0.1739875
      D2J0T-a1b     -0.009     0.068       0.327     0.677      0.123     0.762      0.403     0.323      0.222     0.833    0.527     0.812   0.780     0.123      0.252     0.01614  -1	   0.1899336     0.1318623
      D2J0T-a1c     -0.003     0.057       0.282     0.619      0.568     0.770      0.457     0.317      0.268     0.786    0.501     0.780   0.823     0.139      0.252     0.01564  -1	   0.5030599     0.5119262
      D2J0T-a1d     -0.010     0.063       0.333     0.692      0.124     0.731      0.517     0.593      0.780     0.827    0.492     0.823   0.780     0.139      0.197     0.01398  -1	   0.1509877     0.1248196
     D2J0T-a20a     -0.006     0.058       0.308     0.531      0.192     0.758      0.415     0.461      0.326     0.797    0.523     0.779   0.499     0.134      0.150     0.03606  -1	   0.0887555     0.0837166
     D2J0T-a20b     -0.005     0.061       0.282     0.550      0.130     0.759      0.455     0.499      0.550     0.825    0.509     0.813   0.587     0.143      0.144     0.03278  -1	   0.0819979     0.0715031
     D2J0T-a20c     -0.007     0.058       0.295     0.558      0.177     0.775      0.473     0.512      0.457     0.801    0.475     0.807   0.652     0.137      0.128     0.03290  -1	   0.0967754     0.0924208
     D2J0T-a20d     -0.008     0.059       0.276     0.592      0.069     0.758      0.418     0.453      0.352     0.765    0.526     0.746   0.612     0.136      0.145     0.03531  -1	   0.0320578     0.0355704
     D2J0T-a21a     -0.017     0.051       0.308     0.697      0.021     0.752      0.481     0.590      0.847     0.809    0.521     0.792   0.780     0.132      0.235     0.02449  -1	   0.0734969     0.0859128
     D2J0T-a21b     -0.010     0.058       0.295     0.407      0.195     0.769      0.519     0.540      0.638     0.795    0.496     0.792   0.000     0.134      0.170     0.03040  -1	   0.1280032     0.0634066
     D2J0T-a21c     -0.014     0.072       0.365     0.620     -0.021     0.727      0.422     0.506      0.677     0.817    0.567     0.774   0.680     0.111      0.084     0.02108  -1	   0.0231411     0.0566813
     D2J0T-a21d     -0.008     0.054       0.276     0.539      0.180     0.760      0.443     0.506      0.219     0.767    0.509     0.758   0.499     0.138      0.155     0.03443  -1	   0.0642942     0.0367506
     D2J0T-a22a     -0.010     0.059       0.308     0.625      0.123     0.793      0.507     0.443      0.708     0.839    0.506     0.828   0.713     0.160      0.205     0.01213  -1	   0.1532208     0.1285376
     D2J0T-a22b     -0.023     0.063       0.314     0.487      0.284     0.733      0.531     0.473      0.782     0.799    0.521     0.781   0.428     0.116      0.448     0.01422  -1	   0.2943831     0.1628492
     D2J0T-a22c     -0.014     0.059       0.276     0.659      0.325     0.776      0.481     0.491      0.733     0.795    0.469     0.806   0.920     0.138      0.277     0.01369  -1	   0.3003314     0.2016926
     D2J0T-a22d     -0.016     0.049       0.282     0.686     -0.105     0.751      0.484     0.571      0.594     0.801    0.494     0.798   0.788     0.141      0.202     0.02612  -1	  -0.0038564     0.0117488
     D2J0T-a23a     -0.013     0.050       0.288     0.631      0.075     0.779      0.512     0.627      0.414     0.799    0.539     0.771   0.761     0.111      0.223     0.01326  -1	   0.0608928     0.0270887
     D2J0T-a23b     -0.012     0.048       0.269     0.639      0.159     0.783      0.512     0.619      0.814     0.801    0.529     0.780   0.739     0.110      0.227     0.01335  -1	   0.1444000     0.1257870
     D2J0T-a23c     -0.013     0.067       0.385     0.722      0.110     0.740      0.513     0.641      0.845     0.815    0.516     0.800   0.834     0.103      0.217     0.01555  -1	   0.1732385     0.1870334
     D2J0T-a23d     -0.013     0.050       0.263     0.651     -0.050     0.773      0.563     0.655      0.763     0.808    0.560     0.769   0.852     0.118      0.215     0.01321  -1	   0.0226781     0.0136905
     D2J0T-a24a     -0.014     0.059       0.301     0.607      0.141     0.749      0.406     0.411      0.129     0.828    0.556     0.792   0.713     0.148      0.247     0.01254  -1	   0.1496568     0.0727433
     D2J0T-a24b     -0.008     0.079       0.429     0.615      0.147     0.760      0.428     0.534      0.556     0.821    0.510     0.808   0.713     0.102      0.176     0.01741  -1	   0.2008380     0.1896674
     D2J0T-a24c     -0.013     0.061       0.308     0.674      0.043     0.782      0.506     0.452      0.826     0.844    0.494     0.839   0.780     0.154      0.215     0.01210  -1	   0.1337452     0.0920208
     D2J0T-a24d     -0.018     0.051       0.276     0.483      0.195     0.728      0.437     0.403      0.378     0.809    0.501     0.802   0.381     0.144      0.220     0.01224  -1	   0.0569948     0.0828663
     D2J0T-a25a     -0.018     0.053       0.288     0.665     -0.639     0.734      0.633     0.778      0.710     0.826    0.489     0.824   0.464     0.161      0.093     0.01131  -1	   0.0510471     0.1023203
     D2J0T-a25b     -0.015     0.059       0.301     0.606      0.364     0.760      0.428     0.373      0.242     0.802    0.493     0.800   0.831     0.136      0.126     0.01649  -1	   0.2037977     0.2101734
     D2J0T-a25c     -0.014     0.060       0.301     0.634      0.056     0.727      0.398     0.394      0.099     0.836    0.543     0.808   0.738     0.138      0.247     0.01256  -1	   0.1250701     0.0500271
     D2J0T-a25d     -0.013     0.072       0.417     0.671      0.114     0.756      0.441     0.506      0.611     0.792    0.493     0.790   0.780     0.093      0.217     0.01666  -1	   0.1748059     0.1665446
     D2J0T-a26a     -0.011     0.071       0.353     0.582      0.176     0.731      0.440     0.490      0.847     0.818    0.529     0.796   0.652     0.105      0.082     0.01092  -1	   0.1897675     0.1575985
     D2J0T-a26b     -0.012     0.058       0.321     0.607      0.605     0.723      0.441     0.489      0.309     0.860    0.544     0.833   0.829     0.114      0.099     0.01207  -1	   0.4115770     0.3802220
     D2J0T-a26c     -0.014     0.060       0.308     0.653      0.082     0.736      0.425     0.436      0.073     0.827    0.542     0.798   0.805     0.148      0.247     0.01253  -1	   0.1576898     0.0405992
     D2J0T-a26d     -0.012     0.053       0.288     0.694     -0.543     0.730      0.525     0.581      0.832     0.799    0.483     0.802   0.582     0.132      0.259     0.01154  -1	   0.0372056     0.0264630
     D2J0T-a27a     -0.006     0.070       0.346     0.589      0.179     0.722      0.446     0.357      0.468     0.805    0.504     0.797   0.652     0.115      0.185     0.01216  -1	   0.1469022     0.1308468
     D2J0T-a27b     -0.012     0.067       0.346     0.744      0.370     0.721      0.356     0.419      0.073     0.794    0.515     0.780   0.952     0.105      0.177     0.01190  -1	   0.3443330     0.1539077
     D2J0T-a27c     -0.017     0.065       0.327     0.689      0.433     0.708      0.365     0.401      0.201     0.757    0.493     0.757   0.945     0.099      0.121     0.01173  -1	   0.2861766     0.1829087
     D2J0T-a27d     -0.013     0.066       0.359     0.732      0.366     0.722      0.336     0.404      0.079     0.749    0.473     0.762   0.952     0.104      0.086     0.01187  -1	   0.2604073     0.1262294
     D2J0T-a28a     -0.017     0.054       0.269     0.689      0.081     0.770      0.443     0.227      0.541     0.815    0.530     0.792   0.805     0.158      0.194     0.01263  -1	   0.0662524     0.1852959
     D2J0T-a28b     -0.010     0.062       0.308     0.621     -0.064     0.731      0.480     0.296      0.999     0.845    0.620     0.775   0.680     0.133      0.621     0.01407  -1	   0.1736540     0.1106360
     D2J0T-a28c     -0.014     0.054       0.301     0.594      0.165     0.761      0.455     0.440      0.578     0.802    0.525     0.782   0.652     0.123      0.111     0.01694  -1	   0.0748122     0.1173467
     D2J0T-a28d     -0.001     0.068       0.346     0.676      0.223     0.747      0.444     0.236      0.553     0.790    0.549     0.757   0.854     0.111      0.198     0.01328  -1	   0.2076875     0.2582324
     D2J0T-a29a     -0.007     0.057       0.282     0.549     -0.132     0.770      0.497     0.321      0.684     0.807    0.550     0.773   0.310     0.131      0.282     0.01579  -1	   0.0223685     0.0356222
     D2J0T-a29b     -0.006     0.061       0.301     0.609     -0.291     0.757      0.501     0.438      0.695     0.812    0.477     0.817   0.515     0.124      0.411     0.02874  -1	   0.0598150     0.0210621
     D2J0T-a29c     -0.008     0.059       0.269     0.610     -0.304     0.758      0.502     0.296      0.286     0.772    0.514     0.759   0.515     0.146      0.118     0.01485  -1	  -0.0198157     0.0866158
     D2J0T-a29d     -0.003     0.056       0.295     0.541      0.403     0.766      0.390     0.210      0.421     0.818    0.513     0.804   0.599     0.119      0.535     0.02736  -1	   0.4879425     0.4554118
      D2J0T-a2a     -0.012     0.052       0.301     0.640      0.275     0.732      0.502     0.483      0.468     0.809    0.541     0.781   0.825     0.129      0.118     0.01651  -1	   0.1193005     0.1548760
      D2J0T-a2b     -0.012     0.058       0.288     0.644      0.399     0.770      0.416     0.220      0.154     0.836    0.531     0.814   0.831     0.128      0.472     0.02773  -1	   0.5442321     0.5065160
      D2J0T-a2c      0.005     0.063       0.327     0.715     -0.478     0.748      0.418     0.346      0.559     0.804    0.479     0.808   0.667     0.128      0.288     0.03761  -1	   0.0653745     0.0570277
      D2J0T-a2d     -0.013     0.051       0.269     0.517     -0.194     0.755      0.636     0.671      0.899     0.782    0.493     0.781   0.384     0.139      0.218     0.01751  -1	   0.0209975     0.0034665
     D2J0T-a30a     -0.019     0.068       0.327     0.565     -0.507     0.754      0.512     0.394      0.565     0.746    0.493     0.748   0.389     0.115      0.307     0.02930  -1	   0.0317490     0.0175367
     D2J0T-a30b     -0.010     0.067       0.321     0.666     -0.132     0.772      0.423     0.340      0.153     0.798    0.506     0.789   0.656     0.119      0.319     0.09320  -1	   0.1474587     0.0768024
     D2J0T-a30c     -0.004     0.053       0.282     0.477     -0.129     0.769      0.558     0.404      0.669     0.790    0.488     0.792   0.192     0.142      0.420     0.01586  -1	   0.0423972     0.0029387
     D2J0T-a30d      0.004     0.063       0.327     0.681     -0.453     0.756      0.446     0.363      0.682     0.772    0.471     0.784   0.613     0.134      0.283     0.03885  -1	   0.0430430     0.0392038
     D2J0T-a31a     -0.012     0.055       0.276     0.585     -0.469     0.772      0.539     0.423      0.235     0.716    0.467     0.736   0.420     0.144      0.349     0.03072  -1	   0.1115973     0.0581638
     D2J0T-a31b     -0.022     0.061       0.340     0.682     -0.201     0.751      0.495     0.512      0.912     0.812    0.517     0.796   0.637     0.109      0.515     0.03266  -1	   0.0805942     0.0307072
     D2J0T-a31c     -0.023     0.060       0.314     0.687      0.030     0.751      0.417     0.286      0.637     0.786    0.502     0.779   0.780     0.124      0.402     0.04536  -1	   0.1408329     0.1367651
     D2J0T-a31d     -0.010     0.067       0.340     0.620     -0.458     0.742      0.496     0.365      0.416     0.769    0.510     0.758   0.546     0.119      0.388     0.02870  -1	   0.0964713     0.0437574
     D2J0T-a32a     -0.010     0.083       0.378     0.669      0.419     0.769      0.293     0.180      0.053     0.810    0.530     0.787   0.945     0.101      0.228     0.05147  -1	   0.4918093     0.4074132
     D2J0T-a32b     -0.022     0.063       0.333     0.650      0.089     0.747      0.416     0.299      0.171     0.837    0.525     0.817   0.805     0.115      0.448     0.04423  -1	   0.2990862     0.1766344
     D2J0T-a32c     -0.022     0.067       0.333     0.611     -0.427     0.743      0.484     0.379      0.708     0.804    0.511     0.791   0.000     0.112      0.316     0.02965  -1	  -0.0166285    -0.0426318
     D2J0T-a32d     -0.012     0.066       0.333     0.555     -0.512     0.746      0.502     0.392      0.368     0.784    0.488     0.786   0.389     0.125      0.430     0.02914  -1	   0.1215214     0.0572454
     D2J0T-a33a     -0.016     0.082       0.378     0.634      0.485     0.757      0.294     0.155      0.013     0.817    0.495     0.813   0.848     0.106      0.218     0.05070  -1	   0.5211087     0.4421883
     D2J0T-a33b     -0.002     0.068       0.340     0.586     -0.288     0.761      0.418     0.322      0.682     0.783    0.486     0.786   0.389     0.122      0.371     0.03847  -1	   0.0529993     0.0591936
     D2J0T-a33c     -0.016     0.086       0.410     0.641     -0.242     0.742      0.374     0.324      0.078     0.831    0.567     0.790   0.570     0.099      0.120     0.07225  -1	   0.0079812     0.0092688
     D2J0T-a33d     -0.015     0.061       0.340     0.705      0.272     0.757      0.486     0.438      0.317     0.821    0.484     0.822   0.946     0.120      0.180     0.15265  -1	   0.2211650     0.2042592
     D2J0T-a34a     -0.020     0.081       0.378     0.666      0.347     0.778      0.332     0.183      0.617     0.851    0.529     0.830   0.920     0.103      0.166     0.05056  -1	   0.3611113     0.3792531
     D2J0T-a34b     -0.020     0.098       0.449     0.678      0.429     0.787      0.253     0.223      0.811     0.828    0.580     0.778   0.945     0.083      0.161     0.06291  -1	   0.5745695     0.4899032
     D2J0T-a34c     -0.019     0.064       0.314     0.644     -0.587     0.748      0.428     0.510      0.607     0.798    0.528     0.777   0.397     0.127      0.181     0.07152  -1	   0.0143468     0.0295626
     D2J0T-a34d     -0.016     0.088       0.397     0.613     -0.171     0.740      0.313     0.220      0.248     0.787    0.495     0.784   0.664     0.119      0.119     0.07330  -1	   0.0242546     0.0821529
     D2J0T-a35a     -0.012     0.090       0.429     0.628     -0.058     0.739      0.335     0.242      0.160     0.791    0.536     0.765   0.680     0.108      0.149     0.07261  -1	   0.0815590     0.0700845
     D2J0T-a35b     -0.019     0.087       0.410     0.638     -0.214     0.747      0.388     0.349      0.584     0.858    0.584     0.811   0.570     0.101      0.080     0.07254  -1	  -0.0276784     0.0115979
     D2J0T-a35c     -0.017     0.087       0.417     0.627     -0.277     0.744      0.401     0.358      0.279     0.873    0.618     0.811   0.515     0.102      0.120     0.07291  -1	  -0.0357052    -0.0159484
     D2J0T-a35d     -0.013     0.092       0.436     0.622      0.129     0.727      0.344     0.253      0.276     0.807    0.595     0.746   0.713     0.106      0.147     0.07316  -1	   0.1596970     0.1153617
     D2J0T-a36a     -0.015     0.073       0.385     0.602      0.137     0.755      0.461     0.468      0.525     0.802    0.551     0.767   0.713     0.114      0.170     0.08153  -1	   0.1374815     0.1234687
     D2J0T-a36b     -0.023     0.064       0.321     0.676      0.147     0.739      0.414     0.421      0.621     0.835    0.552     0.802   0.780     0.102      0.168     0.17670  -1	   0.1085869     0.1092768
     D2J0T-a36c     -0.016     0.086       0.417     0.636     -0.349     0.738      0.390     0.349      0.179     0.851    0.589     0.800   0.515     0.101      0.119     0.07245  -1	  -0.0227708    -0.0018603
     D2J0T-a36d     -0.006     0.057       0.295     0.604      0.200     0.748      0.446     0.500      0.313     0.802    0.514     0.788   0.787     0.141      0.136     0.04803  -1	   0.0936890     0.0621353
     D2J0T-a37a     -0.012     0.072       0.308     0.539     -0.013     0.748      0.376     0.305      0.423     0.810    0.496     0.806   0.401     0.114      0.252     0.02870  -1	   0.0663488     0.0839981
     D2J0T-a37b     -0.005     0.061       0.314     0.468      0.097     0.761      0.481     0.522      0.535     0.824    0.536     0.799   0.341     0.127      0.190     0.02956  -1	   0.0735122     0.0708580
     D2J0T-a37c     -0.005     0.062       0.314     0.588      0.222     0.752      0.410     0.433      0.881     0.821    0.568     0.777   0.661     0.138      0.172     0.03581  -1	   0.2258293     0.1888042
     D2J0T-a37d     -0.008     0.059       0.295     0.444      0.391     0.752      0.450     0.458      0.572     0.799    0.500     0.793   0.000     0.121      0.175     0.03029  -1	   0.2618363     0.1343377
     D2J0T-a38a     -0.017     0.053       0.327     0.692     -0.108     0.744      0.456     0.588      0.929     0.842    0.533     0.819   0.656     0.128      0.216     0.02580  -1	   0.0397895     0.0893965
     D2J0T-a38b     -0.011     0.055       0.314     0.599     -0.439     0.769      0.489     0.561      0.601     0.751    0.487     0.755   0.000     0.133      0.200     0.02372  -1	  -0.0423373    -0.0109258
     D2J0T-a38c     -0.006     0.060       0.282     0.581      0.070     0.767      0.412     0.439      0.368     0.768    0.518     0.753   0.612     0.135      0.131     0.03539  -1	   0.0323915     0.0476472
     D2J0T-a38d     -0.004     0.058       0.301     0.588      0.331     0.761      0.450     0.500      0.269     0.817    0.493     0.813   0.727     0.135      0.108     0.03233  -1	   0.1748362     0.1333464
     D2J0T-a39a     -0.020     0.053       0.327     0.604      0.172     0.751      0.386     0.483      0.630     0.775    0.522     0.757   0.778     0.147      0.258     0.02352  -1	   0.1332402     0.1495064
     D2J0T-a39b     -0.016     0.068       0.333     0.676     -0.005     0.763      0.492     0.545      0.464     0.777    0.495     0.775   0.747     0.107      0.183     0.01806  -1	   0.0584110     0.0235224
     D2J0T-a39c     -0.007     0.080       0.410     0.480      0.166     0.783      0.406     0.384      0.034     0.829    0.494     0.824   0.381     0.091      0.118     0.02043  -1	   0.1213941     0.0534598
     D2J0T-a39d     -0.016     0.078       0.359     0.656      0.507     0.761      0.459     0.340      0.707     0.845    0.522     0.827   0.908     0.112      0.297     0.01474  -1	   0.5912186     0.4852237
      D2J0T-a3a     -0.006     0.069       0.353     0.637      0.204     0.761      0.445     0.423      0.844     0.818    0.542     0.790   0.787     0.111      0.340     0.04020  -1	   0.2942463     0.2056301
      D2J0T-a3b     -0.020     0.050       0.244     0.622      0.600     0.735      0.398     0.217      0.833     0.809    0.497     0.804   0.751     0.173      0.175     0.01412  -1	   0.4611299     0.4896352
      D2J0T-a3c     -0.009     0.065       0.327     0.661     -0.173     0.759      0.465     0.368      0.208     0.820    0.552     0.786   0.730     0.119      0.332     0.08555  -1	   0.1290177     0.0557862
      D2J0T-a3d      0.004     0.066       0.353     0.597     -0.381     0.770      0.481     0.399      0.400     0.769    0.465     0.785   0.345     0.109      0.271     0.03988  -1	   0.0280153     0.0156768
     D2J0T-a40a     -0.015     0.069       0.314     0.574     -0.149     0.739      0.524     0.526      0.857     0.807    0.486     0.807   0.463     0.117      0.276     0.01360  -1	   0.0675721     0.0199041
     D2J0T-a40b     -0.010     0.051       0.263     0.737     -0.136     0.787      0.574     0.545      0.348     0.814    0.546     0.783   0.711     0.157      0.108     0.01173  -1	  -0.0287393     0.0108868
     D2J0T-a40c     -0.011     0.068       0.378     0.652     -0.367     0.733      0.474     0.662      0.832     0.821    0.541     0.792   0.538     0.117      0.275     0.02283  -1	   0.0069681     0.0835976
     D2J0T-a40d     -0.010     0.059       0.288     0.655     -0.149     0.784      0.565     0.501      0.573     0.791    0.486     0.793   0.656     0.140      0.120     0.01190  -1	  -0.0111639     0.0095751
     D2J0T-a41a     -0.014     0.060       0.314     0.678     -0.131     0.739      0.442     0.509      0.344     0.854    0.496     0.848   0.656     0.117      0.231     0.01104  -1	   0.0324298     0.0004846
     D2J0T-a41b     -0.012     0.059       0.308     0.647     -0.202     0.802      0.521     0.457      0.702     0.844    0.541     0.817   0.570     0.140      0.142     0.01192  -1	  -0.0098700     0.0122801
     D2J0T-a41c     -0.007     0.066       0.372     0.575      0.230     0.760      0.508     0.552      0.594     0.842    0.505     0.832   0.661     0.107      0.277     0.01596  -1	   0.2640571     0.2166278
     D2J0T-a41d     -0.016     0.094       0.417     0.686     -0.188     0.729      0.371     0.503      0.085     0.780    0.516     0.766   0.730     0.090      0.319     0.00997  -1	   0.2156424    -0.0577822
     D2J0T-a42a     -0.021     0.067       0.333     0.702      0.010     0.722      0.416     0.462      0.044     0.859    0.674     0.759   0.834     0.113      0.237     0.01063  -1	   0.1690352     0.0024344
     D2J0T-a42b     -0.014     0.055       0.308     0.622      0.154     0.737      0.445     0.417      0.391     0.830    0.577     0.783   0.778     0.132      0.217     0.01267  -1	   0.0991456     0.1062828
     D2J0T-a42c     -0.019     0.057       0.295     0.490     -0.072     0.735      0.474     0.464      0.143     0.865    0.521     0.848   0.283     0.131      0.288     0.01220  -1	   0.0163089    -0.0232523
     D2J0T-a42d     -0.014     0.051       0.276     0.683     -0.105     0.785      0.586     0.561      0.567     0.778    0.481     0.784   0.656     0.153      0.093     0.01176  -1	  -0.0294779     0.0211507
     D2J0T-a43a     -0.018     0.074       0.359     0.642     -0.283     0.720      0.465     0.542      0.515     0.832    0.515     0.817   0.515     0.106      0.111     0.01027  -1	  -0.0362365     0.0100848
     D2J0T-a43b     -0.022     0.067       0.333     0.566     -0.239     0.739      0.463     0.463      0.467     0.772    0.434     0.804   0.444     0.114      0.170     0.01012  -1	  -0.0124253     0.0203987
     D2J0T-a43c     -0.014     0.058       0.295     0.590      0.171     0.729      0.436     0.450      0.238     0.850    0.608     0.788   0.652     0.141      0.247     0.01250  -1	   0.1325842     0.0672836
     D2J0T-a43d     -0.009     0.058       0.295     0.545      0.288     0.752      0.461     0.433      0.761     0.815    0.519     0.798   0.546     0.133      0.109     0.01642  -1	   0.2124002     0.1770642
     D2J0T-a44a     -0.027     0.071       0.327     0.585      0.371     0.720      0.449     0.521      0.401     0.829    0.535     0.804   0.705     0.124      0.126     0.00919  -1	   0.2133679     0.1454265
     D2J0T-a44b     -0.026     0.081       0.423     0.557     -0.359     0.742      0.420     0.549      0.713     0.808    0.496     0.803   0.345     0.097      0.197     0.01119  -1	  -0.0012838     0.0946837
     D2J0T-a44c     -0.037     0.074       0.321     0.626      0.334     0.715      0.374     0.355      0.946     0.840    0.544     0.811   0.853     0.119      0.160     0.00860  -1	   0.3033485     0.2352588
     D2J0T-a44d     -0.025     0.077       0.404     0.594      0.110     0.738      0.414     0.439      0.535     0.784    0.467     0.797   0.587     0.099      0.207     0.01046  -1	   0.1488376     0.1305836
     D2J0T-a45a     -0.034     0.073       0.340     0.674      0.381     0.708      0.448     0.505      0.950     0.793    0.560     0.752   0.898     0.138      0.124     0.00941  -1	   0.3140667     0.2026942
     D2J0T-a45b     -0.019     0.090       0.449     0.624     -0.019     0.737      0.407     0.476      0.260     0.892    0.677     0.804   0.680     0.091      0.183     0.01228  -1	   0.0796509     0.0036203
     D2J0T-a45c     -0.019     0.054       0.321     0.573      0.117     0.731      0.592     0.636      0.934     0.829    0.505     0.819   0.587     0.120      0.081     0.01104  -1	   0.1378206     0.1330050
     D2J0T-a45d     -0.021     0.075       0.410     0.712     -0.397     0.725      0.390     0.522      0.882     0.823    0.526     0.803   0.593     0.090      0.150     0.01079  -1	  -0.0235103     0.0668168
     D2J0T-a46a     -0.035     0.090       0.423     0.684     -0.068     0.740      0.373     0.357      0.495     0.813    0.522     0.795   0.747     0.101      0.123     0.01313  -1	   0.0293276     0.0294001
     D2J0T-a46b     -0.016     0.056       0.276     0.724      0.068     0.766      0.415     0.197      0.816     0.818    0.567     0.775   0.859     0.150      0.157     0.01268  -1	   0.0759319     0.1765243
     D2J0T-a46c     -0.019     0.055       0.276     0.724      0.110     0.761      0.444     0.218      0.562     0.811    0.531     0.788   0.834     0.154      0.154     0.01266  -1	   0.0658118     0.1878785
     D2J0T-a46d     -0.018     0.057       0.276     0.721      0.142     0.769      0.416     0.218      0.750     0.799    0.513     0.786   0.834     0.152      0.161     0.01265  -1	   0.1154797     0.1923011
     D2J0T-a47a     -0.009     0.057       0.288     0.599     -0.358     0.764      0.554     0.450      0.665     0.793    0.445     0.817   0.345     0.132      0.484     0.02575  -1	   0.0574565    -0.0096826
     D2J0T-a47b     -0.018     0.058       0.321     0.699     -0.168     0.754      0.549     0.619      0.357     0.765    0.506     0.757   0.730     0.117      0.251     0.01376  -1	   0.0298400    -0.0192069
     D2J0T-a47c     -0.024     0.065       0.333     0.489      0.095     0.734      0.465     0.365      0.381     0.770    0.487     0.773   0.341     0.114      0.061     0.01375  -1	  -0.0058255     0.0473740
     D2J0T-a47d     -0.014     0.073       0.340     0.634      0.096     0.770      0.378     0.219      0.255     0.808    0.499     0.802   0.738     0.113      0.211     0.01611  -1	   0.1409423     0.1822176
     D2J0T-a48a     -0.002     0.061       0.308     0.558     -0.025     0.743      0.464     0.295      0.452     0.770    0.525     0.751   0.554     0.133      0.308     0.05587  -1	   0.0794251     0.1120170
     D2J0T-a48b     -0.013     0.067       0.353     0.536     -0.385     0.731      0.487     0.375      0.609     0.804    0.558     0.765   0.192     0.111      0.369     0.03109  -1	   0.0131526     0.0045665
     D2J0T-a48c     -0.013     0.078       0.359     0.686      0.091     0.761      0.370     0.199      0.053     0.769    0.536     0.742   0.805     0.106      0.250     0.01606  -1	   0.2441395     0.2433128
     D2J0T-a48d     -0.018     0.081       0.391     0.644      0.059     0.750      0.353     0.218      0.044     0.779    0.509     0.769   0.738     0.105      0.277     0.01587  -1	   0.2359997     0.1812640
     D2J0T-a49a     -0.013     0.068       0.327     0.670     -0.115     0.753      0.405     0.320      0.181     0.801    0.527     0.780   0.656     0.133      0.227     0.06827  -1	   0.0824995     0.0666335
     D2J0T-a49b     -0.007     0.058       0.308     0.592     -0.389     0.771      0.514     0.372      0.102     0.747    0.494     0.748   0.345     0.125      0.360     0.03126  -1	   0.1338045     0.0843623
     D2J0T-a49c     -0.010     0.067       0.333     0.566     -0.499     0.745      0.505     0.407      0.425     0.747    0.465     0.765   0.420     0.121      0.352     0.02924  -1	   0.0823876     0.0376184
     D2J0T-a49d     -0.013     0.063       0.295     0.594     -0.480     0.744      0.369     0.246      0.204     0.772    0.491     0.772   0.420     0.128      0.222     0.04610  -1	   0.0718799     0.1901048
      D2J0T-a4a     -0.018     0.089       0.417     0.626     -0.254     0.749      0.350     0.302      0.269     0.844    0.546     0.814   0.515     0.108      0.130     0.07358  -1	  -0.0083914     0.0127985
      D2J0T-a4b     -0.015     0.071       0.378     0.659      0.161     0.768      0.472     0.489      0.552     0.809    0.506     0.800   0.845     0.100      0.165     0.11241  -1	   0.1656854     0.1472876
      D2J0T-a4c     -0.004     0.053       0.269     0.703      0.131     0.757      0.459     0.450      0.557     0.826    0.504     0.816   0.834     0.160      0.222     0.04309  -1	   0.1216564     0.0923936
      D2J0T-a4d     -0.004     0.051       0.263     0.592      0.128     0.758      0.428     0.448      0.801     0.825    0.513     0.811   0.587     0.150      0.118     0.02667  -1	   0.1050692     0.1180469
     D2J0T-a50a     -0.018     0.062       0.327     0.678     -0.188     0.751      0.445     0.445      0.487     0.806    0.481     0.809   0.730     0.117      0.565     0.03752  -1	   0.1859261     0.0151687
     D2J0T-a50b     -0.015     0.083       0.372     0.698      0.557     0.757      0.263     0.160      0.434     0.794    0.540     0.765   0.890     0.103      0.218     0.05053  -1	   0.6055152     0.5429694
     D2J0T-a50c     -0.018     0.060       0.327     0.576     -0.212     0.745      0.500     0.499      0.540     0.837    0.547     0.806   0.444     0.122      0.545     0.03593  -1	   0.1154765     0.0060548
     D2J0T-a50d     -0.020     0.073       0.333     0.765      0.327     0.761      0.369     0.194      0.188     0.893    0.593     0.849   0.966     0.111      0.155     0.06034  -1	   0.2843120     0.3286516
     D2J0T-a51a     -0.015     0.080       0.372     0.695      0.546     0.759      0.262     0.138      0.999     0.861    0.639     0.784   0.908     0.100      0.195     0.05104  -1	   0.6826831     0.6427778
     D2J0T-a51b     -0.025     0.058       0.333     0.621     -0.281     0.739      0.516     0.517      0.703     0.826    0.509     0.814   0.515     0.120      0.650     0.03556  -1	   0.1132331     0.0071860
     D2J0T-a51c     -0.017     0.083       0.397     0.740      0.252     0.783      0.221     0.087      0.016     0.794    0.529     0.772   0.946     0.113      0.261     0.05760  -1	   0.4202497     0.3986434
     D2J0T-a51d     -0.023     0.065       0.340     0.669     -0.274     0.747      0.538     0.616      0.903     0.847    0.537     0.822   0.582     0.100      0.297     0.05529  -1	   0.0248206     0.0380857
     D2J0T-a52a     -0.014     0.087       0.410     0.681      0.565     0.763      0.264     0.111      0.156     0.807    0.534     0.783   0.890     0.113      0.231     0.05389  -1	   0.6760824     0.5911896
     D2J0T-a52b     -0.010     0.072       0.385     0.613     -0.233     0.748      0.420     0.375      0.412     0.784    0.526     0.764   0.570     0.112      0.254     0.30727   1	   0.0281897     0.0281771
     D2J0T-a52c     -0.015     0.083       0.378     0.698      0.443     0.765      0.285     0.138      0.104     0.817    0.503     0.808   0.945     0.102      0.205     0.05777  -1	   0.4912636     0.4493781
     D2J0T-a52d     -0.015     0.084       0.391     0.720      0.456     0.767      0.276     0.130      0.022     0.786    0.497     0.782   0.970     0.113      0.234     0.06412  -1	   0.5726418     0.4910372
     D2J0T-a53a     -0.020     0.087       0.442     0.709      0.058     0.733      0.336     0.358      0.644     0.846    0.569     0.805   0.859     0.105      0.185     0.11471  -1	   0.1335043     0.0998816
     D2J0T-a53b     -0.023     0.069       0.378     0.716     -0.235     0.744      0.476     0.466      0.564     0.808    0.525     0.787   0.691     0.106      0.204     0.07469  -1	  -0.0143602     0.0036828
     D2J0T-a53c     -0.015     0.069       0.391     0.697      0.234     0.755      0.370     0.341      0.326     0.814    0.558     0.775   0.854     0.113      0.166     0.09291  -1	   0.2072907     0.1861838
     D2J0T-a53d     -0.020     0.102       0.494     0.734      0.183     0.754      0.239     0.222      0.075     0.872    0.603     0.817   0.942     0.078      0.172     0.06827  -1	   0.2908800     0.1165265
     D2J0T-a54a     -0.016     0.056       0.276     0.747     -0.459     0.740      0.424     0.468      0.604     0.775    0.479     0.783   0.667     0.124      0.286     0.11081  -1	   0.0375548     0.0259024
     D2J0T-a54b     -0.016     0.056       0.308     0.624     -0.394     0.726      0.512     0.609      0.964     0.793    0.523     0.774   0.471     0.110      0.325     0.06257  -1	   0.0079047     0.0346465
     D2J0T-a54c     -0.014     0.086       0.436     0.722      0.395     0.778      0.278     0.223      0.504     0.838    0.540     0.811   0.952     0.086      0.178     0.06351  -1	   0.4622727     0.4069805
     D2J0T-a54d     -0.014     0.065       0.321     0.647      0.163     0.741      0.457     0.517      0.997     0.882    0.646     0.807   0.778     0.120      0.197     0.32054   1	   0.2167865     0.1518887
     D2J0T-a55a     -0.016     0.087       0.397     0.662      0.001     0.744      0.320     0.192      0.050     0.831    0.532     0.807   0.780     0.106      0.185     0.02697  -1	   0.1443678     0.1284394
     D2J0T-a55b     -0.016     0.071       0.340     0.606     -0.214     0.764      0.368     0.292      0.359     0.804    0.501     0.797   0.570     0.112      0.307     0.02969  -1	   0.0625305     0.0904734
     D2J0T-a55c     -0.015     0.066       0.365     0.539      0.015     0.761      0.461     0.448      0.055     0.836    0.587     0.783   0.434     0.123      0.141     0.08080  -1	   0.0230568     0.0081625
     D2J0T-a55d     -0.015     0.067       0.365     0.664     -0.490     0.745      0.378     0.498      0.373     0.837    0.531     0.814   0.613     0.109      0.287     0.08753  -1	   0.0473367     0.0267766
     D2J0T-a56a     -0.011     0.062       0.301     0.659     -0.287     0.765      0.498     0.481      0.805     0.776    0.479     0.783   0.582     0.103      0.232     0.03755  -1	   0.0140719     0.0107292
     D2J0T-a56b     -0.013     0.073       0.327     0.533     -0.107     0.753      0.396     0.330      0.757     0.831    0.514     0.817   0.310     0.114      0.241     0.02823  -1	   0.0661039     0.0722238
     D2J0T-a56c     -0.016     0.084       0.391     0.597      0.069     0.762      0.365     0.198      0.062     0.822    0.563     0.781   0.612     0.106      0.294     0.02646  -1	   0.2402029     0.1837220
     D2J0T-a56d     -0.017     0.071       0.321     0.625     -0.109     0.744      0.409     0.310      0.114     0.833    0.494     0.828   0.589     0.120      0.236     0.02862  -1	   0.0854298     0.0661119
     D2J0T-a57a     -0.010     0.053       0.301     0.649      0.132     0.752      0.463     0.436      0.711     0.830    0.543     0.801   0.713     0.126      0.114     0.01633  -1	   0.0847089     0.1169556
     D2J0T-a57b     -0.016     0.057       0.276     0.706     -0.374     0.733      0.460     0.499      0.958     0.850    0.559     0.814   0.593     0.133      0.159     0.01688  -1	   0.0108775     0.0207511
     D2J0T-a57c     -0.012     0.066       0.346     0.579     -0.351     0.742      0.431     0.472      0.618     0.767    0.507     0.758   0.345     0.117      0.355     0.01867  -1	   0.0214194     0.0280175
     D2J0T-a57d     -0.017     0.069       0.321     0.512      0.056     0.759      0.471     0.401      0.209     0.779    0.466     0.793   0.459     0.122      0.284     0.02559  -1	   0.1146272     0.0519641
     D2J0T-a58a     -0.010     0.063       0.282     0.564      0.383     0.756      0.447     0.433      0.620     0.783    0.516     0.769   0.705     0.119      0.149     0.01709  -1	   0.2651182     0.2181348
     D2J0T-a58b     -0.013     0.065       0.340     0.670     -0.180     0.729      0.455     0.446      0.564     0.767    0.498     0.764   0.730     0.110      0.345     0.01562  -1	   0.0602018     0.0105688
     D2J0T-a58c     -0.018     0.045       0.244     0.697      0.453     0.757      0.387     0.319      0.418     0.787    0.518     0.772   0.891     0.167      0.163     0.00896  -1	   0.2622698     0.3303061
     D2J0T-a58d     -0.018     0.069       0.385     0.450      0.072     0.746      0.462     0.400      0.488     0.844    0.488     0.842   0.341     0.105      0.234     0.01339  -1	   0.0971442     0.1009947
     D2J0T-a59a     -0.020     0.073       0.340     0.583     -0.309     0.710      0.457     0.532      0.816     0.800    0.505     0.791   0.389     0.118      0.133     0.01043  -1	   0.0095747     0.0325665
     D2J0T-a59b     -0.030     0.048       0.256     0.738      0.114     0.746      0.461     0.519      0.957     0.853    0.544     0.824   0.851     0.182      0.296     0.00988  -1	   0.1259236     0.0842525
     D2J0T-a59c     -0.012     0.062       0.327     0.761     -0.321     0.746      0.513     0.523      0.500     0.807    0.515     0.793   0.628     0.123      0.327     0.01530  -1	   0.0519118    -0.0204365
     D2J0T-a59d     -0.017     0.051       0.237     0.749      0.335     0.744      0.417     0.369      0.087     0.774    0.505     0.767   0.974     0.153      0.204     0.00849  -1	   0.2664599     0.2236510
      D2J0T-a5a     -0.014     0.062       0.346     0.595     -0.442     0.754      0.429     0.501      0.994     0.849    0.589     0.797   0.000     0.116      0.299     0.02063  -1	   0.0005889     0.0430976
      D2J0T-a5b     -0.014     0.087       0.417     0.608     -0.234     0.740      0.391     0.353      0.179     0.882    0.631     0.816   0.570     0.102      0.126     0.07281  -1	  -0.0208401    -0.0158747
      D2J0T-a5c     -0.019     0.064       0.346     0.678      0.092     0.757      0.422     0.320      0.916     0.840    0.556     0.805   0.805     0.122      0.446     0.04527  -1	   0.2291781     0.1708528
      D2J0T-a5d     -0.009     0.051       0.263     0.660      0.151     0.766      0.474     0.463      0.991     0.827    0.578     0.778   0.845     0.168      0.231     0.04353  -1	   0.1674431     0.1229595
     D2J0T-a60a     -0.022     0.095       0.423     0.719     -0.029     0.717      0.271     0.285      0.151     0.817    0.545     0.786   0.802     0.090      0.217     0.01102  -1	   0.1597745     0.0246994
     D2J0T-a60b     -0.016     0.091       0.404     0.690     -0.251     0.722      0.379     0.509      0.272     0.800    0.508     0.790   0.582     0.089      0.311     0.00993  -1	   0.1274177    -0.0253083
     D2J0T-a60c     -0.016     0.096       0.423     0.717     -0.124     0.730      0.308     0.401      0.056     0.832    0.515     0.817   0.711     0.098      0.307     0.01000  -1	   0.2405235    -0.0262835
     D2J0T-a60d     -0.018     0.092       0.423     0.653     -0.083     0.739      0.358     0.549      0.249     0.849    0.574     0.804   0.747     0.104      0.281     0.01027  -1	   0.1479535    -0.0345375
     D2J0T-a61a     -0.018     0.093       0.442     0.653     -0.053     0.747      0.373     0.465      0.107     0.804    0.487     0.804   0.747     0.098      0.315     0.01011  -1	   0.2342566    -0.0095801
     D2J0T-a61b     -0.018     0.057       0.308     0.590     -0.146     0.724      0.520     0.577      0.806     0.806    0.526     0.785   0.463     0.117      0.172     0.00982  -1	  -0.0023496     0.0243894
     D2J0T-a61c     -0.025     0.068       0.314     0.736      0.185     0.722      0.447     0.495      0.476     0.826    0.539     0.799   0.900     0.134      0.275     0.00825  -1	   0.1926870     0.0612481
     D2J0T-a61d     -0.021     0.090       0.410     0.720     -0.154     0.743      0.380     0.455      0.085     0.781    0.464     0.796   0.785     0.092      0.276     0.01003  -1	   0.1892416    -0.0300536
     D2J0T-a62a     -0.014     0.077       0.378     0.714     -0.122     0.726      0.460     0.601      0.866     0.824    0.576     0.776   0.711     0.095      0.366     0.01030  -1	   0.1003119     0.0549891
     D2J0T-a62b     -0.024     0.076       0.404     0.624     -0.057     0.728      0.447     0.488      0.707     0.796    0.484     0.799   0.680     0.096      0.198     0.01041  -1	   0.0682551     0.0871906
     D2J0T-a62c     -0.015     0.086       0.410     0.557     -0.336     0.739      0.418     0.506      0.289     0.806    0.510     0.794   0.389     0.098      0.348     0.00978  -1	   0.0958582     0.0123651
     D2J0T-a62d     -0.029     0.080       0.385     0.732     -0.117     0.723      0.449     0.638      0.595     0.784    0.518     0.768   0.711     0.117      0.185     0.01059  -1	   0.0245275     0.0351845
     D2J0T-a63a     -0.028     0.072       0.327     0.579      0.424     0.706      0.437     0.501      0.281     0.815    0.537     0.789   0.752     0.117      0.125     0.00921  -1	   0.2383476     0.1418213
     D2J0T-a63b     -0.029     0.068       0.340     0.609      0.352     0.706      0.443     0.532      0.787     0.830    0.561     0.791   0.831     0.115      0.124     0.00921  -1	   0.2546340     0.2119740
     D2J0T-a63c     -0.023     0.079       0.397     0.652     -0.243     0.726      0.419     0.458      0.883     0.836    0.495     0.831   0.637     0.113      0.136     0.01042  -1	   0.0391967     0.0659578
     D2J0T-a63d     -0.028     0.073       0.327     0.665      0.483     0.707      0.349     0.365      0.291     0.846    0.579     0.799   0.915     0.132      0.088     0.00936  -1	   0.2916250     0.2136360
     D2J0T-a64a     -0.023     0.093       0.474     0.672     -0.373     0.747      0.355     0.531      0.219     0.823    0.547     0.792   0.538     0.085      0.148     0.01166  -1	  -0.0177143    -0.0015924
     D2J0T-a64b     -0.011     0.058       0.308     0.679     -0.595     0.751      0.473     0.473      0.779     0.829    0.522     0.810   0.464     0.143      0.430     0.01028  -1	   0.0698543     0.0394969
     D2J0T-a64c     -0.023     0.070       0.391     0.584     -0.354     0.749      0.414     0.521      0.378     0.842    0.570     0.799   0.345     0.100      0.248     0.01128  -1	  -0.0226708     0.0081949
     D2J0T-a64d     -0.026     0.075       0.391     0.616      0.113     0.743      0.414     0.426      0.388     0.801    0.473     0.808   0.713     0.099      0.145     0.01246  -1	   0.1043765     0.0988485
     D2J0T-a65a     -0.025     0.070       0.353     0.587      0.141     0.737      0.407     0.320      0.169     0.767    0.496     0.765   0.587     0.114      0.118     0.01395  -1	   0.0721349     0.0928746
     D2J0T-a65b     -0.028     0.080       0.391     0.638      0.218     0.754      0.414     0.438      0.074     0.789    0.488     0.790   0.787     0.095      0.142     0.01242  -1	   0.1951850     0.0777643
     D2J0T-a65c     -0.026     0.064       0.314     0.526      0.189     0.736      0.433     0.333      0.410     0.794    0.467     0.806   0.499     0.129      0.143     0.00898  -1	   0.0800898     0.1093258
     D2J0T-a65d     -0.022     0.091       0.442     0.587      0.329     0.747      0.337     0.324      0.120     0.807    0.575     0.758   0.727     0.102      0.239     0.01368  -1	   0.3979479     0.2111857
     D2J0T-a66a     -0.025     0.063       0.333     0.537      0.134     0.735      0.458     0.407      0.387     0.787    0.497     0.783   0.434     0.121      0.093     0.01414  -1	   0.0272768     0.0639650
     D2J0T-a66b     -0.026     0.070       0.353     0.554      0.098     0.726      0.394     0.288      0.442     0.790    0.497     0.786   0.612     0.119      0.072     0.01395  -1	   0.0269107     0.1031407
     D2J0T-a66c     -0.024     0.090       0.423     0.637      0.301     0.748      0.334     0.320      0.477     0.780    0.511     0.769   0.853     0.107      0.298     0.01345  -1	   0.3852461     0.2446079
     D2J0T-a66d     -0.014     0.069       0.327     0.533      0.183     0.739      0.416     0.202      0.377     0.787    0.530     0.765   0.499     0.112      0.322     0.05130  -1	   0.1940572     0.2183132
     D2J0T-a67a     -0.022     0.068       0.346     0.685     -0.194     0.742      0.406     0.425      0.924     0.840    0.521     0.823   0.730     0.120      0.402     0.03383  -1	   0.0811577     0.0660221
     D2J0T-a67b     -0.013     0.078       0.365     0.701      0.124     0.773      0.351     0.161      0.104     0.771    0.548     0.737   0.834     0.109      0.423     0.01645  -1	   0.4167068     0.3405057
     D2J0T-a67c     -0.012     0.078       0.365     0.714      0.129     0.767      0.338     0.163      0.212     0.781    0.534     0.757   0.834     0.111      0.414     0.01632  -1	   0.3728530     0.2931407
     D2J0T-a67d     -0.011     0.066       0.333     0.568     -0.536     0.744      0.525     0.426      0.797     0.799    0.507     0.789   0.389     0.119      0.352     0.02878  -1	   0.0444298     0.0219132
     D2J0T-a68a     -0.019     0.071       0.391     0.734     -0.198     0.759      0.382     0.378      0.382     0.846    0.548     0.815   0.785     0.104      0.478     0.03000  -1	   0.1913052     0.0115183
     D2J0T-a68b     -0.011     0.084       0.378     0.645     -0.300     0.744      0.378     0.167      0.081     0.758    0.505     0.752   0.515     0.103      0.368     0.09327  -1	   0.2135041     0.2019943
     D2J0T-a68c     -0.017     0.066       0.333     0.609     -0.075     0.766      0.447     0.351      0.604     0.804    0.528     0.783   0.680     0.126      0.227     0.06770  -1	   0.0408409     0.0666502
     D2J0T-a68d     -0.019     0.071       0.391     0.634     -0.389     0.748      0.439     0.428      0.766     0.851    0.547     0.822   0.471     0.111      0.500     0.05885  -1	   0.0641067     0.0302634
     D2J0T-a69a     -0.010     0.083       0.378     0.660     -0.209     0.751      0.324     0.124      0.186     0.782    0.519     0.765   0.637     0.111      0.271     0.09107  -1	   0.1231222     0.1946565
     D2J0T-a69b     -0.012     0.066       0.314     0.606     -0.308     0.763      0.414     0.246      0.129     0.803    0.524     0.784   0.515     0.121      0.219     0.04619  -1	   0.0451716     0.1373300
     D2J0T-a69c     -0.010     0.078       0.365     0.605     -0.346     0.772      0.354     0.150      0.931     0.804    0.531     0.781   0.515     0.116      0.331     0.09421  -1	   0.0637785     0.1387390
     D2J0T-a69d     -0.019     0.087       0.404     0.736      0.505     0.772      0.239     0.110      0.019     0.808    0.526     0.788   0.963     0.099      0.235     0.05044  -1	   0.6528657     0.5432385
      D2J0T-a6a     -0.003     0.062       0.321     0.465      0.170     0.761      0.449     0.469      0.476     0.805    0.503     0.797   0.381     0.129      0.189     0.02971  -1	   0.1171482     0.1058808
      D2J0T-a6b     -0.014     0.063       0.346     0.656     -0.451     0.759      0.424     0.507      0.897     0.817    0.527     0.797   0.613     0.120      0.326     0.02078  -1	   0.0206185     0.0660468
      D2J0T-a6c     -0.006     0.059       0.301     0.476      0.216     0.757      0.465     0.478      0.524     0.812    0.500     0.805   0.390     0.125      0.175     0.03067  -1	   0.1276258     0.1125166
      D2J0T-a6d     -0.011     0.060       0.276     0.550      0.184     0.770      0.372     0.389      0.569     0.769    0.501     0.764   0.652     0.140      0.127     0.03672  -1	   0.0983200     0.1432320
     D2J0T-a70a     -0.015     0.087       0.397     0.675      0.536     0.776      0.295     0.176      0.031     0.857    0.591     0.806   0.908     0.112      0.203     0.04864  -1	   0.6235798     0.5087169
     D2J0T-a70b     -0.018     0.067       0.378     0.690      0.123     0.737      0.389     0.346      0.944     0.835    0.589     0.781   0.780     0.115      0.265     0.08782  -1	   0.1986965     0.1718007
     D2J0T-a70c     -0.018     0.072       0.391     0.704      0.073     0.739      0.364     0.339      0.917     0.823    0.577     0.774   0.859     0.111      0.182     0.10718  -1	   0.1445891     0.1438053
     D2J0T-a70d     -0.011     0.079       0.365     0.704     -0.270     0.759      0.304     0.113      0.854     0.828    0.539     0.801   0.636     0.108      0.285     0.10141  -1	   0.0549050     0.1426871
     D2J0T-a71a     -0.019     0.071       0.372     0.736      0.037     0.747      0.390     0.357      0.846     0.820    0.572     0.774   0.834     0.111      0.240     0.09866  -1	   0.1259689     0.1022250
     D2J0T-a71b     -0.016     0.069       0.397     0.711      0.178     0.751      0.341     0.298      0.795     0.816    0.570     0.771   0.900     0.103      0.205     0.09485  -1	   0.2089331     0.2267614
     D2J0T-a71c     -0.021     0.073       0.397     0.705      0.038     0.724      0.335     0.307      0.920     0.826    0.609     0.758   0.834     0.108      0.241     0.09974  -1	   0.1271475     0.1332337
     D2J0T-a71d     -0.021     0.082       0.436     0.728      0.108     0.731      0.319     0.290      0.998     0.854    0.629     0.780   0.834     0.111      0.200     0.12815  -1	   0.2133559     0.1702502
     D2J0T-a72a     -0.013     0.083       0.455     0.477     -0.716     0.746      0.382     0.433      0.701     0.822    0.531     0.799   0.247     0.104      0.236     0.04338  -1	   0.0486957     0.1350570
     D2J0T-a72b     -0.010     0.074       0.391     0.642     -0.205     0.748      0.357     0.317      0.492     0.791    0.492     0.791   0.570     0.109      0.352     0.35014   1	   0.0835577     0.0664097
     D2J0T-a72c     -0.018     0.062       0.333     0.642     -0.560     0.744      0.449     0.480      0.524     0.777    0.498     0.773   0.397     0.115      0.247     0.14404  -1	   0.0163903     0.0147891
     D2J0T-a72d     -0.013     0.056       0.314     0.583     -0.337     0.725      0.554     0.558      0.889     0.776    0.471     0.787   0.389     0.120      0.277     0.03932  -1	   0.0103475     0.0057444
     D2J0T-a73a     -0.013     0.087       0.442     0.577     -0.694     0.742      0.426     0.540      0.914     0.819    0.538     0.792   0.345     0.091      0.256     0.04090  -1	   0.0509635     0.1040238
     D2J0T-a73b     -0.016     0.088       0.455     0.509     -0.707     0.735      0.380     0.434      0.970     0.828    0.530     0.806   0.365     0.090      0.240     0.04323  -1	   0.0877090     0.1505507
     D2J0T-a73c     -0.015     0.101       0.442     0.641      0.480     0.767      0.270     0.247      0.176     0.823    0.549     0.791   0.822     0.094      0.168     0.06683  -1	   0.5553418     0.3395238
     D2J0T-a73d     -0.009     0.072       0.321     0.590     -0.496     0.741      0.421     0.462      0.716     0.809    0.478     0.813   0.420     0.133      0.222     0.02981  -1	   0.0523920     0.0674155
     D2J0T-a74a     -0.021     0.104       0.494     0.609     -0.308     0.726      0.326     0.405      0.376     0.826    0.535     0.801   0.512     0.089      0.226     0.05844  -1	   0.0416552     0.0311854
     D2J0T-a74b     -0.013     0.078       0.340     0.532     -0.145     0.751      0.367     0.285      0.281     0.804    0.494     0.801   0.310     0.107      0.342     0.02931  -1	   0.0970929     0.0777964
     D2J0T-a74c     -0.018     0.080       0.359     0.604     -0.491     0.756      0.455     0.470      0.585     0.823    0.502     0.815   0.546     0.116      0.243     0.02799  -1	   0.0402948     0.0278671
     D2J0T-a74d     -0.020     0.089       0.474     0.526     -0.686     0.732      0.348     0.420      0.309     0.814    0.506     0.804   0.192     0.095      0.219     0.04240  -1	   0.0460498     0.1069261
     D2J0T-a75a     -0.017     0.088       0.423     0.664     -0.340     0.759      0.355     0.293      0.940     0.871    0.615     0.810   0.582     0.093      0.168     0.02369  -1	   0.0266884     0.0461314
     D2J0T-a75b     -0.010     0.079       0.410     0.550     -0.564     0.758      0.463     0.545      0.959     0.879    0.639     0.808   0.271     0.093      0.247     0.04674  -1	   0.0286418     0.0853115
     D2J0T-a75c     -0.017     0.079       0.391     0.622     -0.230     0.769      0.391     0.338      0.322     0.836    0.561     0.797   0.570     0.107      0.169     0.02481  -1	  -0.0066069     0.0183497
     D2J0T-a75d     -0.017     0.090       0.436     0.647     -0.507     0.760      0.410     0.478      0.200     0.820    0.512     0.807   0.515     0.089      0.406     0.06804  -1	   0.1760280     0.0025513
     D2J0T-a76a     -0.013     0.075       0.346     0.551     -0.294     0.756      0.415     0.394      0.406     0.805    0.493     0.802   0.389     0.120      0.262     0.02526  -1	   0.0307486     0.0347071
     D2J0T-a76b     -0.023     0.091       0.404     0.598     -0.286     0.772      0.404     0.361      0.132     0.887    0.532     0.867   0.389     0.092      0.371     0.03377  -1	   0.1487775    -0.0054711
     D2J0T-a76c     -0.022     0.076       0.385     0.672     -0.440     0.719      0.494     0.741      0.855     0.772    0.495     0.770   0.000     0.108      0.125     0.02695  -1	  -0.0277114     0.1268861
     D2J0T-a76d     -0.029     0.063       0.301     0.630      0.446     0.741      0.359     0.314      0.715     0.808    0.574     0.760   0.879     0.117      0.186     0.01187  -1	   0.3414819     0.3583748
     D2J0T-a77a     -0.017     0.094       0.423     0.676     -0.158     0.714      0.343     0.453      0.140     0.803    0.535     0.778   0.730     0.105      0.324     0.00992  -1	   0.2027612    -0.0416013
     D2J0T-a77b     -0.031     0.060       0.282     0.659      0.524     0.728      0.364     0.312      0.123     0.774    0.487     0.776   0.908     0.131      0.182     0.01155  -1	   0.3716748     0.3319269
     D2J0T-a77c     -0.022     0.082       0.372     0.690     -0.265     0.718      0.408     0.496      0.346     0.768    0.448     0.793   0.582     0.097      0.270     0.00978  -1	   0.0758910    -0.0073763
     D2J0T-a77d     -0.029     0.062       0.288     0.594      0.445     0.727      0.355     0.314      0.949     0.798    0.555     0.761   0.752     0.115      0.164     0.01181  -1	   0.3725993     0.3516740
     D2J0T-a78a     -0.022     0.079       0.378     0.495      0.085     0.742      0.447     0.506      0.825     0.903    0.555     0.875   0.341     0.103      0.358     0.01011  -1	   0.2232270     0.1466753
     D2J0T-a78b     -0.021     0.083       0.397     0.596     -0.022     0.709      0.319     0.296      0.173     0.843    0.542     0.815   0.554     0.099      0.220     0.01082  -1	   0.0902392     0.0409824
     D2J0T-a78c     -0.022     0.092       0.417     0.722     -0.106     0.726      0.253     0.242      0.171     0.861    0.525     0.841   0.711     0.096      0.215     0.01101  -1	   0.1167120     0.0409978
     D2J0T-a78d     -0.025     0.094       0.449     0.744     -0.266     0.720      0.241     0.239      0.247     0.845    0.576     0.800   0.636     0.096      0.217     0.01105  -1	   0.0573271     0.0192682
     D2J0T-a79a     -0.021     0.066       0.365     0.753     -0.507     0.707      0.446     0.643      0.682     0.835    0.544     0.805   0.628     0.100      0.216     0.01027  -1	  -0.0184671     0.0386732
     D2J0T-a79b     -0.017     0.091       0.423     0.683     -0.248     0.730      0.364     0.431      0.270     0.819    0.564     0.779   0.637     0.095      0.278     0.00992  -1	   0.0977643    -0.0257958
     D2J0T-a79c     -0.022     0.096       0.429     0.772     -0.359     0.717      0.211     0.204      0.702     0.860    0.561     0.824   0.585     0.096      0.221     0.01111  -1	   0.0122148     0.0626193
     D2J0T-a79d     -0.021     0.093       0.410     0.734     -0.220     0.734      0.365     0.472      0.960     0.826    0.586     0.773   0.691     0.095      0.277     0.01006  -1	   0.0726762     0.0396682
      D2J0T-a7a     -0.010     0.058       0.321     0.634      0.302     0.756      0.417     0.419      0.157     0.815    0.548     0.783   0.853     0.116      0.138     0.01831  -1	   0.1827201     0.1532405
      D2J0T-a7b     -0.018     0.050       0.314     0.639      0.206     0.743      0.477     0.612      0.924     0.815    0.487     0.814   0.784     0.138      0.234     0.02337  -1	   0.2057985     0.1957257
      D2J0T-a7c     -0.010     0.071       0.359     0.643      0.316     0.743      0.411     0.433      0.672     0.836    0.540     0.809   0.853     0.109      0.276     0.01976  -1	   0.3383553     0.2520405
      D2J0T-a7d     -0.015     0.058       0.288     0.589      0.332     0.761      0.396     0.341      0.269     0.794    0.491     0.793   0.727     0.129      0.126     0.01651  -1	   0.1661337     0.1939507
     D2J0T-a80a     -0.021     0.089       0.404     0.705     -0.117     0.731      0.356     0.446      0.709     0.796    0.531     0.773   0.711     0.093      0.322     0.00987  -1	   0.1059476     0.0386226
     D2J0T-a80b     -0.023     0.071       0.340     0.649     -0.482     0.737      0.375     0.474      0.088     0.780    0.514     0.767   0.546     0.116      0.106     0.01066  -1	   0.0343885     0.0262888
     D2J0T-a80c     -0.023     0.073       0.372     0.665     -0.249     0.721      0.414     0.626      0.595     0.918    0.577     0.885   0.637     0.128      0.210     0.01069  -1	  -0.0066112     0.0509279
     D2J0T-a80d     -0.016     0.082       0.397     0.630     -0.230     0.720      0.395     0.437      0.198     0.843    0.563     0.804   0.570     0.109      0.114     0.01046  -1	  -0.0179912    -0.0221041
     D2J0T-a81a     -0.026     0.078       0.404     0.571     -0.318     0.725      0.455     0.617      0.964     0.807    0.530     0.785   0.389     0.105      0.274     0.01062  -1	   0.0395318     0.1105121
     D2J0T-a81b     -0.023     0.087       0.462     0.565     -0.228     0.721      0.393     0.514      0.658     0.832    0.551     0.799   0.444     0.086      0.239     0.01129  -1	   0.0238309     0.0944504
     D2J0T-a81c     -0.022     0.067       0.353     0.619     -0.375     0.723      0.432     0.536      0.969     0.808    0.523     0.789   0.471     0.126      0.112     0.01003  -1	   0.0176603     0.0595771
     D2J0T-a81d     -0.025     0.070       0.372     0.620     -0.765     0.742      0.428     0.464      0.491     0.821    0.545     0.791   0.000     0.117      0.174     0.01114  -1	   0.0273427     0.0276898
     D2J0T-a82a     -0.024     0.086       0.442     0.585     -0.449     0.753      0.451     0.537      0.759     0.809    0.521     0.792   0.000     0.083      0.160     0.01133  -1	  -0.0277293     0.0576676
     D2J0T-a82b     -0.020     0.072       0.378     0.704     -0.678     0.745      0.354     0.287      0.972     0.843    0.575     0.798   0.593     0.117      0.200     0.01062  -1	   0.0318555     0.0759666
     D2J0T-a82c     -0.012     0.059       0.308     0.694     -0.542     0.745      0.547     0.588      0.849     0.840    0.550     0.808   0.582     0.144      0.498     0.01029  -1	   0.0776167     0.0285722
     D2J0T-a82d     -0.024     0.081       0.397     0.628     -0.329     0.723      0.418     0.567      0.406     0.793    0.530     0.770   0.515     0.107      0.183     0.01181  -1	  -0.0093489     0.0052924
     D2J0T-a83a     -0.027     0.069       0.353     0.755     -0.225     0.741      0.385     0.478      0.112     0.783    0.487     0.785   0.683     0.107      0.219     0.01051  -1	   0.0834199    -0.0203788
     D2J0T-a83b     -0.018     0.056       0.282     0.577     -0.012     0.754      0.521     0.521      0.776     0.802    0.503     0.794   0.554     0.138      0.180     0.01278  -1	   0.0444984     0.0374585
     D2J0T-a83c     -0.032     0.064       0.308     0.584      0.075     0.741      0.426     0.321      0.380     0.768    0.470     0.781   0.612     0.121      0.195     0.00916  -1	   0.0493719     0.0953470
     D2J0T-a83d     -0.019     0.080       0.397     0.686      0.355     0.758      0.330     0.288      0.105     0.798    0.542     0.768   0.898     0.118      0.172     0.01303  -1	   0.3612631     0.2458254
     D2J0T-a84a     -0.026     0.063       0.314     0.642      0.140     0.752      0.460     0.362      0.521     0.789    0.492     0.789   0.713     0.125      0.149     0.00888  -1	   0.0847102     0.1115895
     D2J0T-a84b     -0.027     0.071       0.340     0.716     -0.106     0.740      0.432     0.483      0.098     0.839    0.491     0.835   0.711     0.128      0.231     0.01453  -1	   0.1117151    -0.0193898
     D2J0T-a84c     -0.020     0.060       0.301     0.637      0.007     0.737      0.472     0.554      0.222     0.737    0.505     0.732   0.713     0.148      0.245     0.01450  -1	   0.0868988    -0.0238135
     D2J0T-a84d     -0.018     0.058       0.308     0.614      0.377     0.746      0.418     0.363      0.964     0.823    0.502     0.814   0.831     0.133      0.195     0.01123  -1	   0.3662053     0.3200294
     D2J0T-a85a     -0.022     0.074       0.346     0.523      0.267     0.746      0.423     0.394      0.308     0.832    0.505     0.822   0.546     0.135      0.250     0.01596  -1	   0.2262717     0.1339594
     D2J0T-a85b     -0.027     0.059       0.314     0.672      0.069     0.753      0.448     0.409      0.334     0.755    0.438     0.787   0.805     0.120      0.194     0.01520  -1	   0.0738305     0.0755053
     D2J0T-a85c     -0.031     0.063       0.308     0.688      0.060     0.764      0.380     0.340      0.752     0.801    0.470     0.810   0.805     0.115      0.197     0.01836  -1	   0.0989570     0.1353225
     D2J0T-a85d     -0.028     0.058       0.288     0.622     -0.054     0.745      0.446     0.441      0.828     0.771    0.491     0.772   0.680     0.129      0.206     0.01806  -1	   0.0342051     0.0560077
     D2J0T-a86a     -0.022     0.066       0.353     0.670     -0.222     0.744      0.482     0.502      0.610     0.785    0.476     0.792   0.637     0.110      0.602     0.03208  -1	   0.1546226    -0.0057978
     D2J0T-a86b     -0.013     0.051       0.269     0.553      0.071     0.761      0.492     0.355      0.600     0.772    0.490     0.773   0.612     0.148      0.280     0.04172  -1	   0.0699019     0.1142984
     D2J0T-a86c     -0.018     0.066       0.327     0.572     -0.025     0.748      0.475     0.494      0.679     0.795    0.539     0.768   0.554     0.133      0.145     0.01728  -1	   0.0321963     0.0410624
     D2J0T-a86d     -0.017     0.081       0.385     0.670      0.426     0.775      0.271     0.120      0.012     0.791    0.506     0.783   0.945     0.115      0.240     0.05723  -1	   0.5135716     0.4844345
     D2J0T-a87a     -0.020     0.077       0.397     0.690     -0.474     0.746      0.526     0.778      0.601     0.788    0.491     0.787   0.613     0.108      0.101     0.02731  -1	  -0.0327883     0.1267462
     D2J0T-a87b     -0.009     0.092       0.455     0.666     -0.174     0.748      0.302     0.257      0.208     0.811    0.554     0.775   0.730     0.091      0.358     0.11479  -1	   0.1956209     0.0676418
     D2J0T-a87c     -0.012     0.062       0.340     0.605     -0.297     0.727      0.460     0.441      0.773     0.781    0.463     0.796   0.515     0.111      0.229     0.03933  -1	   0.0104906     0.0398332
     D2J0T-a87d     -0.011     0.065       0.333     0.625     -0.262     0.723      0.494     0.517      0.921     0.781    0.489     0.783   0.515     0.118      0.215     0.03865  -1	   0.0321073     0.0251570
     D2J0T-a88a     -0.021     0.078       0.397     0.695     -0.416     0.742      0.464     0.719      0.846     0.772    0.491     0.773   0.000     0.108      0.123     0.02758  -1	  -0.0247341     0.1440381
     D2J0T-a88b     -0.018     0.078       0.404     0.693     -0.431     0.728      0.446     0.706      0.864     0.772    0.493     0.771   0.000     0.103      0.119     0.02745  -1	  -0.0273256     0.1425386
     D2J0T-a88c     -0.018     0.080       0.397     0.727     -0.448     0.738      0.441     0.714      0.767     0.748    0.471     0.762   0.000     0.103      0.137     0.02822  -1	  -0.0324417     0.1389664
     D2J0T-a88d     -0.021     0.084       0.436     0.698      0.108     0.740      0.344     0.323      0.993     0.855    0.597     0.801   0.780     0.111      0.199     0.13076  -1	   0.2352023     0.1766839
     D2J0T-a89a     -0.020     0.102       0.494     0.602     -0.450     0.717      0.382     0.487      0.732     0.889    0.557     0.859   0.468     0.083      0.188     0.05926  -1	   0.0069375     0.0981443
     D2J0T-a89b     -0.020     0.094       0.436     0.626     -0.492     0.729      0.358     0.385      0.580     0.817    0.558     0.780   0.546     0.088      0.378     0.06172  -1	   0.0712610     0.0376860
     D2J0T-a89c     -0.014     0.061       0.340     0.640      0.053     0.732      0.479     0.477      0.977     0.807    0.522     0.789   0.738     0.118      0.297     0.03732  -1	   0.1513061     0.1099036
     D2J0T-a89d     -0.018     0.080       0.429     0.731     -0.714     0.715      0.470     0.557      0.984     0.866    0.538     0.842   0.765     0.088      0.103     0.04896  -1	   0.0447184     0.0939516
      D2J0T-a8a     -0.015     0.065       0.404     0.690      0.212     0.757      0.474     0.556      0.949     0.810    0.529     0.789   0.854     0.096      0.246     0.01591  -1	   0.2929022     0.2740843
      D2J0T-a8b     -0.005     0.074       0.365     0.681      0.344     0.744      0.410     0.453      0.907     0.834    0.594     0.776   0.920     0.108      0.258     0.01902  -1	   0.4071532     0.2931431
      D2J0T-a8c     -0.013     0.056       0.282     0.596      0.228     0.761      0.423     0.382      0.496     0.798    0.502     0.791   0.661     0.131      0.133     0.01611  -1	   0.1122270     0.1445059
      D2J0T-a8d     -0.008     0.060       0.340     0.569      0.412     0.778      0.426     0.412      0.529     0.845    0.522     0.827   0.752     0.106      0.245     0.02052  -1	   0.3832731     0.3566661
     D2J0T-a90a     -0.016     0.090       0.423     0.552     -0.555     0.764      0.414     0.427      0.661     0.802    0.536     0.776   0.271     0.091      0.417     0.05058  -1	   0.0622443     0.0578250
     D2J0T-a90b     -0.021     0.108       0.506     0.683     -0.293     0.740      0.314     0.412      0.836     0.879    0.587     0.834   0.663     0.087      0.214     0.06417  -1	   0.0492784     0.0772456
     D2J0T-a90c     -0.020     0.077       0.417     0.699     -0.664     0.724      0.510     0.609      0.945     0.830    0.490     0.827   0.538     0.089      0.093     0.04854  -1	   0.0301911     0.0925708
     D2J0T-a90d     -0.019     0.106       0.519     0.612     -0.325     0.748      0.384     0.494      0.359     0.843    0.513     0.829   0.512     0.089      0.196     0.06713  -1	   0.0295530     0.0598516
     D2J0T-a91a     -0.017     0.088       0.436     0.634     -0.486     0.766      0.388     0.409      0.252     0.814    0.525     0.794   0.546     0.091      0.381     0.04548  -1	   0.1323062     0.0172060
     D2J0T-a91b     -0.020     0.085       0.391     0.677     -0.312     0.751      0.430     0.440      0.558     0.904    0.509     0.892   0.582     0.104      0.288     0.03619  -1	   0.0555318     0.0116722
     D2J0T-a91c     -0.011     0.059       0.327     0.559     -0.491     0.715      0.432     0.590      0.475     0.786    0.509     0.776   0.420     0.118      0.206     0.02117  -1	   0.0054458     0.0518299
     D2J0T-a91d     -0.009     0.047       0.256     0.689     -0.516     0.747      0.513     0.630      0.698     0.770    0.452     0.792   0.663     0.154      0.223     0.01420  -1	   0.0450104     0.0360146
     D2J0T-a92a     -0.018     0.088       0.423     0.652     -0.311     0.751      0.387     0.320      0.891     0.861    0.578     0.816   0.582     0.092      0.171     0.02366  -1	   0.0293853     0.0383758
     D2J0T-a92b     -0.019     0.069       0.359     0.633     -0.463     0.746      0.440     0.475      0.513     0.751    0.457     0.773   0.546     0.111      0.129     0.02123  -1	  -0.0138634     0.0227661
     D2J0T-a92c     -0.023     0.063       0.314     0.575     -0.283     0.755      0.480     0.581      0.769     0.792    0.506     0.783   0.389     0.132      0.123     0.01524  -1	  -0.0154863     0.0313073
     D2J0T-a92d     -0.011     0.046       0.244     0.609     -0.300     0.740      0.521     0.619      0.669     0.789    0.484     0.792   0.671     0.162      0.215     0.01407  -1	  -0.0046762     0.0120076
     D2J0T-a93a     -0.031     0.067       0.378     0.716     -0.308     0.701      0.488     0.705      0.973     0.849    0.555     0.815   0.636     0.105      0.385     0.01135  -1	   0.0178754     0.1004928
     D2J0T-a93b     -0.025     0.059       0.340     0.651     -0.018     0.752      0.460     0.588      0.826     0.801    0.532     0.777   0.747     0.115      0.322     0.01351  -1	   0.0867261     0.0895428
     D2J0T-a93c     -0.021     0.074       0.353     0.682     -0.296     0.730      0.353     0.441      0.078     0.810    0.546     0.779   0.582     0.112      0.148     0.01086  -1	   0.0330379    -0.0100184
     D2J0T-a93d     -0.028     0.061       0.340     0.615     -0.204     0.737      0.556     0.792      0.903     0.804    0.482     0.807   0.570     0.112      0.232     0.01110  -1	   0.0266771     0.1407722
     D2J0T-a94a     -0.032     0.059       0.314     0.588     -0.219     0.724      0.599     0.820      0.880     0.833    0.497     0.826   0.444     0.115      0.306     0.01138  -1	   0.0163699     0.1133837
     D2J0T-a94b     -0.014     0.057       0.256     0.696      0.259     0.735      0.390     0.328      0.117     0.829    0.535     0.804   0.892     0.158      0.331     0.00888  -1	   0.3120412     0.2150345
     D2J0T-a94c     -0.023     0.071       0.346     0.674     -0.478     0.732      0.357     0.456      0.053     0.789    0.525     0.769   0.613     0.119      0.108     0.01077  -1	   0.0495905     0.0308253
     D2J0T-a94d     -0.021     0.071       0.340     0.591     -0.314     0.738      0.389     0.436      0.917     0.770    0.507     0.762   0.389     0.125      0.170     0.01043  -1	   0.0249686     0.0617442
     D2J0T-a95a     -0.022     0.090       0.436     0.686     -0.188     0.707      0.331     0.355      0.516     0.869    0.628     0.801   0.730     0.086      0.171     0.01090  -1	  -0.0032723    -0.0018710
     D2J0T-a95b     -0.021     0.094       0.423     0.767     -0.295     0.722      0.242     0.229      0.124     0.839    0.535     0.814   0.628     0.102      0.227     0.01106  -1	   0.1197621     0.0492171
     D2J0T-a95c     -0.021     0.093       0.442     0.744     -0.260     0.709      0.252     0.256      0.461     0.874    0.580     0.831   0.636     0.094      0.255     0.01102  -1	   0.0461787     0.0169125
     D2J0T-a95d     -0.026     0.084       0.410     0.643      0.057     0.713      0.349     0.396      0.380     0.834    0.505     0.824   0.738     0.099      0.171     0.01080  -1	   0.0972459     0.0564438
     D2J0T-a96a     -0.019     0.089       0.423     0.673     -0.246     0.704      0.300     0.327      0.271     0.870    0.555     0.838   0.637     0.092      0.182     0.01082  -1	   0.0208235     0.0060708
     D2J0T-a96b     -0.024     0.093       0.417     0.772     -0.362     0.734      0.249     0.251      0.281     0.857    0.544     0.830   0.585     0.096      0.259     0.01099  -1	   0.0822555     0.0353564
     D2J0T-a96c     -0.017     0.067       0.327     0.710     -0.314     0.728      0.431     0.456      0.407     0.773    0.482     0.779   0.636     0.109      0.177     0.01044  -1	   0.0012361    -0.0027796
     D2J0T-a96d     -0.021     0.073       0.340     0.639     -0.234     0.729      0.358     0.433      0.828     0.814    0.520     0.797   0.570     0.107      0.137     0.01080  -1	   0.0127500     0.0733489
     D2J0T-a97a     -0.024     0.068       0.353     0.630     -0.641     0.756      0.400     0.369      0.247     0.830    0.490     0.827   0.397     0.115      0.160     0.01059  -1	   0.0444616     0.0788292
     D2J0T-a97b     -0.022     0.078       0.385     0.557     -0.592     0.738      0.440     0.459      0.678     0.842    0.505     0.831   0.271     0.096      0.269     0.01120  -1	   0.0264314     0.0579054
     D2J0T-a97c     -0.023     0.068       0.346     0.666     -0.524     0.751      0.419     0.486      0.583     0.755    0.484     0.761   0.582     0.126      0.234     0.01046  -1	   0.0184189     0.0199270
     D2J0T-a97d     -0.024     0.071       0.333     0.575     -0.265     0.725      0.426     0.491      0.918     0.783    0.529     0.761   0.389     0.119      0.166     0.01037  -1	   0.0226391     0.0419694
     D2J0T-a98a     -0.023     0.080       0.397     0.609     -0.393     0.712      0.443     0.597      0.612     0.786    0.451     0.807   0.471     0.113      0.186     0.01181  -1	   0.0127991     0.0764141
     D2J0T-a98b     -0.029     0.071       0.385     0.559     -0.257     0.722      0.424     0.517      0.929     0.818    0.537     0.792   0.389     0.102      0.282     0.01043  -1	   0.0292814     0.0833788
     D2J0T-a98c     -0.012     0.060       0.308     0.655     -0.508     0.757      0.447     0.468      0.806     0.813    0.485     0.813   0.582     0.146      0.116     0.01038  -1	   0.0269392     0.0490533
     D2J0T-a98d     -0.030     0.067       0.327     0.682     -0.445     0.752      0.445     0.464      0.976     0.820    0.560     0.781   0.000     0.114      0.162     0.01040  -1	  -0.0201477    -0.0294793
     D2J0T-a99a     -0.024     0.058       0.295     0.741      0.202     0.750      0.430     0.424      0.845     0.754    0.488     0.757   0.909     0.129      0.196     0.01645  -1	   0.1641444     0.1329339
     D2J0T-a99b     -0.028     0.062       0.314     0.659     -0.511     0.753      0.436     0.457      0.996     0.831    0.539     0.804   0.582     0.130      0.219     0.01050  -1	   0.0281501     0.0542245
     D2J0T-a99c     -0.015     0.070       0.359     0.704      0.357     0.738      0.337     0.248      0.067     0.841    0.579     0.794   0.952     0.118      0.166     0.01370  -1	   0.3181567     0.2878833
     D2J0T-a99d     -0.021     0.065       0.359     0.670      0.034     0.751      0.479     0.532      0.435     0.823    0.471     0.829   0.780     0.124      0.135     0.01269  -1	   0.0502534     0.0684180
      D2J0T-a9a     -0.023     0.038       0.218     0.660      0.501     0.723      0.507     0.431      0.521     0.794    0.500     0.789   0.896     0.174      0.230     0.01377  -1	   0.2694170     0.3181858
      D2J0T-a9b     -0.002     0.061       0.314     0.711      0.210     0.775      0.426     0.278      0.969     0.794    0.531     0.772   0.909     0.148      0.410     0.01274  -1	   0.3016504     0.2418024
      D2J0T-a9c     -0.017     0.060       0.365     0.609      0.289     0.736      0.513     0.623      0.590     0.810    0.510     0.799   0.825     0.102      0.237     0.01701  -1	   0.2462137     0.2295072
      D2J0T-a9d     -0.009     0.066       0.353     0.562     -0.193     0.753      0.451     0.509      0.317     0.781    0.498     0.778   0.538     0.119      0.245     0.01931  -1	   0.0269529     0.0064979
