      D1GPW-a9d      0.038     0.044       0.182     0.689     -0.268     0.978      0.590     0.559      0.907     0.247    0.498     0.276   0.726     0.154      0.150     0.00787  -1	  -0.0480578    -0.0179503
      D1GPW-a0a      0.041     0.038       0.158     0.639      0.247     0.977      0.554     0.532      0.398     0.195    0.487     0.230   0.784     0.168      0.190     0.00639  -1	   0.1583854     0.0415646
      D1GPW-a0b      0.051     0.044       0.174     0.672      0.260     0.972      0.538     0.482      0.500     0.225    0.489     0.261   0.872     0.143      0.173     0.00731  -1	   0.1779651     0.0681081
      D1GPW-a0c      0.045     0.034       0.142     0.728      0.091     0.990      0.554     0.488      0.535     0.255    0.590     0.227   0.841     0.166      0.372     0.00641  -1	   0.0937668     0.0334467
      D1GPW-a0d      0.046     0.026       0.123     0.729      0.149     0.989      0.605     0.473      0.642     0.210    0.494     0.242   0.851     0.191      0.410     0.00637  -1	   0.0717310     0.0548818
    D1GPW-a100a      0.035     0.046       0.182     0.577      0.440     0.980      0.549     0.499      0.429     0.219    0.478     0.261   0.804     0.120      0.160     0.01194  -1	   0.3298919     0.1577508
    D1GPW-a100b      0.030     0.053       0.198     0.657      0.233     0.942      0.579     0.567      0.565     0.274    0.518     0.290   0.854     0.116      0.452     0.01346  -1	   0.2464963    -0.0171096
    D1GPW-a100c      0.044     0.049       0.182     0.627     -0.158     0.994      0.554     0.414      0.180     0.193    0.460     0.245   0.701     0.130      0.456     0.01811  -1	   0.2094085     0.1745319
    D1GPW-a100d      0.034     0.038       0.170     0.551      0.176     0.979      0.557     0.560      0.885     0.188    0.457     0.241   0.721     0.142      0.159     0.00922  -1	   0.1240469     0.0762190
    D1GPW-a101b      0.041     0.050       0.190     0.671      0.252     0.960      0.554     0.448      0.243     0.217    0.462     0.269   0.872     0.132      0.361     0.01111  -1	   0.3408948     0.1707114
    D1GPW-a101c      0.040     0.048       0.186     0.668      0.200     0.964      0.571     0.487      0.451     0.213    0.437     0.281   0.840     0.140      0.371     0.01102  -1	   0.2257168     0.0621496
    D1GPW-a101d      0.040     0.047       0.186     0.670      0.215     0.956      0.570     0.486      0.139     0.198    0.445     0.259   0.840     0.145      0.365     0.01103  -1	   0.3601715     0.1608476
    D1GPW-a102a      0.036     0.046       0.198     0.638     -0.151     0.970      0.584     0.648      0.724     0.194    0.462     0.244   0.701     0.139      0.161     0.01407  -1	  -0.0176241    -0.0433174
    D1GPW-a102b      0.042     0.047       0.178     0.632      0.043     0.972      0.566     0.553      0.868     0.197    0.450     0.254   0.725     0.135      0.364     0.01284  -1	   0.0652660     0.0077317
    D1GPW-a102c      0.045     0.053       0.209     0.659     -0.147     0.964      0.550     0.488      0.141     0.178    0.458     0.229   0.656     0.122      0.272     0.01609  -1	   0.1768474     0.0738169
    D1GPW-a102d      0.028     0.049       0.194     0.540     -0.266     0.962      0.551     0.549      0.521     0.190    0.455     0.243   0.591     0.142      0.139     0.00999  -1	  -0.0132210    -0.0392745
    D1GPW-a103a      0.043     0.044       0.194     0.576     -0.136     0.967      0.594     0.610      0.740     0.194    0.477     0.235   0.714     0.113      0.243     0.01858  -1	  -0.0141469    -0.0357778
    D1GPW-a103b      0.041     0.049       0.186     0.704      0.203     0.960      0.535     0.439      0.420     0.237    0.506     0.262   0.864     0.138      0.312     0.01119  -1	   0.2150464     0.1004865
    D1GPW-a103c      0.036     0.050       0.178     0.723     -0.409     0.967      0.644     0.659      0.734     0.185    0.448     0.243   0.664     0.121      0.189     0.01074  -1	  -0.0332768    -0.0586725
    D1GPW-a103d      0.031     0.056       0.233     0.611      0.230     0.975      0.508     0.412      0.226     0.199    0.468     0.246   0.787     0.110      0.195     0.01452  -1	   0.2640920     0.1639048
    D1GPW-a104a      0.040     0.046       0.170     0.674     -0.404     0.990      0.567     0.431      0.625     0.202    0.469     0.249   0.639     0.151      0.526     0.01885  -1	  -0.0058944     0.0191786
    D1GPW-a104b      0.043     0.048       0.174     0.602      0.312     0.991      0.555     0.450      0.277     0.182    0.468     0.227   0.816     0.129      0.315     0.03819  -1	   0.3308179     0.1801617
    D1GPW-a104c      0.048     0.043       0.178     0.669      0.252     0.986      0.534     0.351      0.159     0.199    0.467     0.246   0.872     0.126      0.335     0.02044  -1	   0.3564737     0.3746233
    D1GPW-a104d      0.048     0.042       0.182     0.618      0.194     0.978      0.554     0.397      0.227     0.178    0.449     0.235   0.739     0.129      0.335     0.02045  -1	   0.2769864     0.2594020
    D1GPW-a105a      0.043     0.043       0.178     0.493      0.525     0.999      0.510     0.446      0.309     0.197    0.459     0.249   0.697     0.129      0.228     0.11036  -1	   0.4624554     0.3013559
    D1GPW-a105b      0.039     0.035       0.142     0.653      0.405     1.000      0.563     0.481      0.237     0.186    0.457     0.239   0.878     0.140      0.325     0.07568  -1	   0.3880534     0.2342857
    D1GPW-a105c      0.042     0.041       0.158     0.660     -0.260     0.964      0.659     0.676      0.702     0.208    0.466     0.256   0.726     0.147      0.191     0.01386  -1	  -0.0449723    -0.0653814
    D1GPW-a105d      0.040     0.054       0.269     0.507      0.054     0.951      0.586     0.594      0.483     0.194    0.476     0.236   0.459     0.089      0.201     0.05463  -1	   0.1403722     0.0311981
    D1GPW-a106a      0.030     0.046       0.174     0.579      0.357     0.962      0.599     0.575      0.750     0.225    0.493     0.257   0.830     0.136      0.137     0.01615  -1	   0.2192681     0.0453720
    D1GPW-a106b      0.036     0.045       0.182     0.616      0.167     0.945      0.611     0.583      0.506     0.213    0.471     0.260   0.739     0.122      0.137     0.01573  -1	   0.1028308     0.0094176
    D1GPW-a106c      0.037     0.048       0.186     0.614      0.150     0.944      0.617     0.639      0.973     0.215    0.490     0.250   0.739     0.134      0.137     0.01508  -1	   0.1308785     0.0394739
    D1GPW-a106d      0.040     0.038       0.150     0.607      0.108     0.966      0.614     0.633      0.848     0.219    0.465     0.269   0.771     0.120      0.316     0.01104  -1	   0.0593363    -0.0089525
    D1GPW-a107a      0.034     0.050       0.186     0.600     -0.176     0.966      0.653     0.592      0.754     0.194    0.483     0.232   0.701     0.112      0.235     0.00973  -1	  -0.0215850    -0.0527386
    D1GPW-a107b      0.049     0.052       0.229     0.667      0.314     0.960      0.582     0.572      0.700     0.197    0.448     0.256   0.920     0.104      0.225     0.01236  -1	   0.2740714     0.0536247
    D1GPW-a107c      0.046     0.038       0.198     0.567     -0.233     0.960      0.682     0.657      0.935     0.191    0.455     0.245   0.700     0.101      0.312     0.01239  -1	  -0.0331901    -0.0106412
    D1GPW-a107d      0.041     0.046       0.162     0.666      0.534     0.984      0.558     0.478      0.175     0.247    0.586     0.223   0.896     0.124      0.291     0.01593  -1	   0.5807439     0.3454439
    D1GPW-a108a      0.039     0.027       0.111     0.701      0.376     0.990      0.592     0.567      0.541     0.172    0.447     0.228   0.928     0.213      0.183     0.00920  -1	   0.1688475     0.0246663
    D1GPW-a108b      0.036     0.031       0.130     0.608      0.392     0.967      0.581     0.520      0.500     0.205    0.508     0.229   0.848     0.185      0.336     0.00856  -1	   0.2263790     0.0818403
    D1GPW-a108c      0.041     0.028       0.119     0.740      0.228     0.976      0.590     0.592      0.574     0.191    0.477     0.232   0.864     0.209      0.171     0.00919  -1	   0.0705255    -0.0136953
    D1GPW-a108d      0.046     0.045       0.186     0.572      0.273     0.965      0.609     0.663      0.867     0.199    0.467     0.247   0.798     0.126      0.209     0.00989  -1	   0.2069124     0.0363555
    D1GPW-a109a      0.050     0.043       0.178     0.654      0.144     0.979      0.560     0.531      0.462     0.222    0.484     0.260   0.827     0.141      0.121     0.00724  -1	   0.0950769     0.0081412
    D1GPW-a109b      0.038     0.043       0.186     0.694     -0.267     0.969      0.567     0.525      0.915     0.220    0.478     0.262   0.726     0.155      0.155     0.00788  -1	  -0.0461477    -0.0034990
    D1GPW-a109c      0.042     0.040       0.158     0.792      0.195     0.970      0.570     0.574      0.190     0.210    0.476     0.252   0.798     0.163      0.198     0.00763  -1	   0.2510500     0.0950595
    D1GPW-a109d      0.039     0.044       0.182     0.701     -0.242     0.969      0.583     0.545      0.908     0.243    0.501     0.271   0.798     0.157      0.155     0.00789  -1	  -0.0561150    -0.0259228
     D1GPW-a10a      0.047     0.038       0.154     0.665      0.441     0.976      0.569     0.580      0.892     0.188    0.459     0.240   0.878     0.160      0.188     0.00635  -1	   0.3018006     0.0987511
     D1GPW-a10b      0.041     0.035       0.142     0.705      0.171     0.969      0.624     0.586      0.580     0.172    0.451     0.226   0.819     0.164      0.128     0.00625  -1	   0.0708640     0.0088829
     D1GPW-a10c      0.048     0.034       0.138     0.673      0.504     0.984      0.535     0.509      0.520     0.177    0.458     0.228   0.896     0.171      0.202     0.00602  -1	   0.3493943     0.1507078
     D1GPW-a10d      0.047     0.035       0.162     0.681      0.251     0.969      0.504     0.467      0.638     0.199    0.509     0.223   0.872     0.154      0.315     0.00610  -1	   0.1436420     0.0706584
    D1GPW-a110a      0.043     0.050       0.174     0.690     -0.101     0.997      0.539     0.394      0.217     0.195    0.471     0.240   0.788     0.120      0.465     0.01771  -1	   0.2276216     0.1929295
    D1GPW-a110b      0.036     0.051       0.198     0.683     -0.100     0.975      0.550     0.605      0.874     0.220    0.496     0.251   0.747     0.138      0.129     0.01420  -1	   0.0016586    -0.0097926
    D1GPW-a110c      0.038     0.048       0.190     0.645      0.157     0.960      0.595     0.529      0.325     0.200    0.443     0.263   0.739     0.135      0.364     0.01084  -1	   0.2391144     0.0561617
    D1GPW-a110d      0.035     0.048       0.198     0.634     -0.100     0.965      0.561     0.633      0.357     0.183    0.457     0.235   0.756     0.136      0.161     0.01379  -1	   0.0322176    -0.1005350
     D1GPW-a11a      0.048     0.050       0.225     0.677      0.134     0.971      0.524     0.554      0.961     0.238    0.523     0.251   0.827     0.123      0.082     0.00683  -1	   0.1397427     0.0686462
     D1GPW-a11b      0.040     0.038       0.150     0.649      0.352     0.967      0.544     0.519      0.605     0.234    0.497     0.265   0.848     0.169      0.205     0.00643  -1	   0.1970634     0.0663442
     D1GPW-a11c      0.050     0.031       0.123     0.696     -0.200     0.974      0.626     0.621      0.627     0.180    0.453     0.234   0.757     0.194      0.244     0.00628  -1	  -0.0451461    -0.0586177
     D1GPW-a12a      0.047     0.034       0.138     0.523      0.251     1.000      0.569     0.393      0.673     0.173    0.466     0.219   0.737     0.151      0.160     0.00778  -1	   0.1289768     0.1690443
     D1GPW-a12b      0.033     0.040       0.158     0.640      0.210     0.993      0.591     0.510      0.787     0.197    0.462     0.248   0.784     0.137      0.227     0.00829  -1	   0.1251041     0.0580344
     D1GPW-a12c      0.040     0.052       0.202     0.641     -0.372     0.953      0.665     0.728      0.772     0.230    0.511     0.252   0.471     0.114      0.089     0.00767  -1	  -0.0158253    -0.0117224
     D1GPW-a12d      0.047     0.036       0.154     0.645      0.354     1.000      0.544     0.352      0.135     0.222    0.542     0.226   0.848     0.141      0.278     0.00816  -1	   0.3716260     0.4553357
     D1GPW-a13a      0.050     0.036       0.150     0.662      0.234     0.974      0.552     0.431      0.908     0.186    0.461     0.237   0.840     0.146      0.177     0.00852  -1	   0.1364551     0.1185958
     D1GPW-a13b      0.053     0.042       0.154     0.715      0.013     0.976      0.587     0.511      0.687     0.232    0.491     0.266   0.805     0.120      0.179     0.00843  -1	   0.0276583     0.0199097
     D1GPW-a13c      0.052     0.039       0.182     0.658      0.306     0.963      0.555     0.462      0.628     0.190    0.463     0.239   0.872     0.129      0.678     0.00770  -1	   0.3356287     0.1033283
     D1GPW-a13d      0.044     0.035       0.134     0.601      0.298     1.000      0.544     0.376      0.643     0.204    0.479     0.245   0.816     0.133      0.160     0.00778  -1	   0.1556827     0.2084430
     D1GPW-a14a      0.045     0.054       0.186     0.612      0.100     0.954      0.472     0.521      0.527     0.214    0.518     0.232   0.713     0.145      0.115     0.01211  -1	   0.0842575     0.0016809
     D1GPW-a14b      0.051     0.036       0.154     0.677      0.159     0.965      0.569     0.468      0.914     0.196    0.459     0.248   0.794     0.146      0.131     0.00880  -1	   0.1017969     0.0924414
     D1GPW-a14c      0.041     0.055       0.206     0.696     -0.051     0.955      0.483     0.499      0.376     0.224    0.499     0.253   0.747     0.141      0.128     0.01247  -1	   0.0548721    -0.0198312
     D1GPW-a14d      0.045     0.053       0.198     0.694     -0.176     0.963      0.508     0.527      0.962     0.245    0.492     0.278   0.730     0.158      0.138     0.01259  -1	   0.0075473     0.0196984
     D1GPW-a15a      0.051     0.046       0.174     0.760     -0.069     0.963      0.593     0.544      0.744     0.198    0.486     0.234   0.815     0.121      0.205     0.00835  -1	  -0.0011651    -0.0204976
     D1GPW-a15b      0.048     0.052       0.190     0.659      0.069     0.957      0.456     0.486      0.834     0.206    0.476     0.249   0.805     0.142      0.108     0.01221  -1	   0.0798071     0.0530486
     D1GPW-a15c      0.043     0.051       0.206     0.662     -0.016     1.000      0.508     0.331      0.490     0.197    0.479     0.237   0.747     0.121      0.185     0.02656  -1	   0.0591939     0.1334166
     D1GPW-a15d      0.044     0.050       0.206     0.700      0.035     0.996      0.507     0.319      0.286     0.198    0.473     0.242   0.805     0.114      0.204     0.02132  -1	   0.1370897     0.2255827
     D1GPW-a16a      0.039     0.043       0.178     0.572     -0.292     0.949      0.572     0.554      0.948     0.263    0.498     0.292   0.653     0.129      0.094     0.01404  -1	   0.0028210     0.0394196
     D1GPW-a16b      0.040     0.042       0.166     0.550     -0.206     0.952      0.563     0.549      0.959     0.282    0.487     0.319   0.700     0.142      0.090     0.01392  -1	   0.0194650     0.0480753
     D1GPW-a16c      0.051     0.054       0.217     0.668     -0.105     0.969      0.518     0.401      0.141     0.190    0.443     0.252   0.656     0.106      0.176     0.01547  -1	   0.1518153     0.1614241
     D1GPW-a16d      0.040     0.072       0.296     0.682     -0.408     0.954      0.428     0.395      0.556     0.236    0.528     0.247   0.000     0.099      0.419     0.02274  -1	   0.0799174     0.0289018
     D1GPW-a17a      0.048     0.050       0.213     0.629      0.302     1.000      0.573     0.468      0.997     0.299    0.636     0.235   0.816     0.122      0.407     0.03374  -1	   0.3123779     0.1441620
     D1GPW-a17b      0.046     0.053       0.217     0.687     -0.177     0.981      0.508     0.447      0.241     0.224    0.500     0.252   0.730     0.115      0.117     0.04009  -1	   0.0426881     0.0381319
     D1GPW-a17c      0.049     0.055       0.225     0.644     -0.251     0.990      0.516     0.364      0.494     0.227    0.481     0.267   0.515     0.106      0.278     0.01571  -1	   0.0332812     0.0815023
     D1GPW-a17d      0.047     0.051       0.209     0.615     -0.213     0.976      0.488     0.420      0.447     0.460    0.591     0.405   0.570     0.106      0.156     0.03957  -1	  -0.0013152     0.0820926
     D1GPW-a18a      0.046     0.052       0.237     0.666     -0.023     0.978      0.604     0.575      0.124     0.222    0.455     0.278   0.747     0.107      0.193     0.02534  -1	   0.1707330     0.0085045
     D1GPW-a18b      0.035     0.064       0.277     0.655     -0.373     0.964      0.518     0.543      0.150     0.254    0.505     0.279   0.538     0.091      0.175     0.01956  -1	   0.0788029    -0.0484293
     D1GPW-a18c      0.044     0.046       0.186     0.661     -0.029     0.978      0.556     0.669      0.395     0.197    0.451     0.253   0.852     0.143      0.096     0.02065  -1	   0.0271013    -0.1219916
     D1GPW-a18d      0.044     0.041       0.162     0.626      0.048     0.990      0.586     0.572      0.741     0.193    0.467     0.240   0.725     0.146      0.184     0.03623  -1	   0.0442134    -0.0009546
     D1GPW-a19a      0.052     0.041       0.202     0.543      0.029     1.000      0.561     0.411      0.578     0.197    0.469     0.243   0.646     0.106      0.393     0.09526  -1	   0.0965370     0.1233147
     D1GPW-a19b      0.046     0.040       0.174     0.603      0.175     0.999      0.575     0.550      0.600     0.191    0.461     0.241   0.739     0.151      0.195     0.03537  -1	   0.1232121     0.0263486
     D1GPW-a19c      0.045     0.040       0.170     0.618      0.070     1.000      0.584     0.567      0.879     0.196    0.475     0.238   0.761     0.150      0.198     0.03645  -1	   0.0628040     0.0209795
     D1GPW-a19d      0.046     0.048       0.213     0.654      0.052     0.987      0.545     0.502      0.573     0.213    0.507     0.237   0.817     0.127      0.156     0.06810  -1	   0.0563615    -0.0083386
      D1GPW-a1a      0.052     0.032       0.119     0.762      0.140     0.987      0.548     0.340      0.246     0.189    0.470     0.234   0.831     0.167      0.861     0.00790  -1	   0.5574248     0.4534229
      D1GPW-a1b      0.052     0.038       0.174     0.681      0.333     0.966      0.592     0.510      0.693     0.209    0.457     0.262   0.872     0.139      0.234     0.00773  -1	   0.2296191     0.1089393
      D1GPW-a1c      0.052     0.045       0.206     0.676     -0.004     0.984      0.596     0.581      0.836     0.225    0.526     0.238   0.852     0.122      0.151     0.00811  -1	   0.0186073    -0.0189228
      D1GPW-a1d      0.051     0.041       0.190     0.679      0.452     0.971      0.557     0.446      0.419     0.198    0.489     0.232   0.891     0.128      0.282     0.00771  -1	   0.4128300     0.2529570
     D1GPW-a20a      0.050     0.034       0.174     0.521      0.062     0.954      0.605     0.583      0.670     0.193    0.449     0.250   0.682     0.139      0.276     0.01330  -1	   0.0495276     0.0073004
     D1GPW-a20c      0.045     0.028       0.103     0.642      0.319     0.996      0.589     0.496      0.638     0.190    0.463     0.239   0.816     0.231      0.191     0.01777  -1	   0.1244064     0.0624167
     D1GPW-a20d      0.049     0.047       0.221     0.595      0.261     0.977      0.595     0.575      0.099     0.211    0.487     0.246   0.798     0.112      0.357     0.00941  -1	   0.4138477     0.0892630
     D1GPW-a21a      0.044     0.042       0.166     0.565     -0.506     0.958      0.587     0.621      0.867     0.232    0.508     0.256   0.590     0.157      0.208     0.01095  -1	  -0.0128983     0.0032477
     D1GPW-a21b      0.049     0.039       0.166     0.602      0.240     0.984      0.618     0.522      0.519     0.243    0.499     0.272   0.784     0.141      0.133     0.01239  -1	   0.1372149     0.0716657
     D1GPW-a21c      0.041     0.041       0.166     0.578     -0.513     0.967      0.596     0.631      0.711     0.219    0.487     0.256   0.590     0.159      0.202     0.01085  -1	  -0.0192724    -0.0481163
     D1GPW-a21d      0.039     0.044       0.190     0.618     -0.426     0.966      0.596     0.661      0.736     0.221    0.483     0.259   0.584     0.164      0.208     0.01076  -1	  -0.0375613    -0.0587070
     D1GPW-a22a      0.049     0.047       0.233     0.703     -0.005     0.964      0.518     0.501      0.282     0.214    0.490     0.248   0.876     0.102      0.120     0.01204  -1	   0.0719750    -0.0042335
     D1GPW-a22b      0.050     0.037       0.154     0.600      0.128     0.984      0.625     0.504      0.774     0.242    0.496     0.273   0.771     0.164      0.191     0.01192  -1	   0.0667195     0.0356489
     D1GPW-a22c      0.042     0.040       0.166     0.628     -0.543     0.974      0.615     0.660      0.833     0.209    0.489     0.243   0.607     0.156      0.261     0.01081  -1	  -0.0375895    -0.0353907
     D1GPW-a22d      0.045     0.045       0.206     0.704     -0.025     0.959      0.550     0.563      0.355     0.216    0.505     0.241   0.876     0.115      0.165     0.01141  -1	   0.0458070    -0.0597876
     D1GPW-a23a      0.048     0.036       0.142     0.669      0.305     0.992      0.557     0.414      0.777     0.183    0.453     0.237   0.872     0.164      0.222     0.01189  -1	   0.1751350     0.1338258
     D1GPW-a23b      0.039     0.042       0.170     0.614     -0.459     0.963      0.583     0.619      0.706     0.211    0.466     0.260   0.627     0.170      0.208     0.01111  -1	  -0.0256796    -0.0536888
     D1GPW-a23c      0.046     0.047       0.229     0.724     -0.016     0.970      0.527     0.537      0.482     0.213    0.477     0.255   0.876     0.113      0.100     0.01128  -1	   0.0238784    -0.0425220
     D1GPW-a23d      0.044     0.044       0.194     0.569     -0.467     0.964      0.601     0.659      0.941     0.223    0.485     0.261   0.609     0.150      0.168     0.01065  -1	  -0.0010759     0.0128385
     D1GPW-a24a      0.052     0.038       0.162     0.647     -0.301     0.982      0.574     0.544      0.672     0.200    0.466     0.248   0.756     0.164      0.228     0.00821  -1	  -0.0488967    -0.0414464
     D1GPW-a24b      0.049     0.047       0.213     0.618      0.219     0.964      0.573     0.536      0.050     0.204    0.484     0.242   0.784     0.113      0.375     0.00922  -1	   0.4237895     0.1401389
     D1GPW-a24c      0.045     0.031       0.142     0.604      0.199     0.996      0.535     0.426      0.287     0.198    0.457     0.251   0.739     0.151      0.698     0.00912  -1	   0.3812152     0.2706575
     D1GPW-a24d      0.052     0.048       0.213     0.574      0.261     0.968      0.514     0.443      0.290     0.242    0.474     0.288   0.798     0.118      0.250     0.00991  -1	   0.2707452     0.1616881
     D1GPW-a25a      0.053     0.046       0.206     0.699     -0.017     0.975      0.610     0.597      0.386     0.211    0.499     0.240   0.852     0.122      0.149     0.00806  -1	   0.0508522    -0.0584520
     D1GPW-a25b      0.049     0.043       0.170     0.616      0.146     0.981      0.559     0.524      0.654     0.210    0.456     0.266   0.771     0.165      0.155     0.00720  -1	   0.0993481     0.0191262
     D1GPW-a25c      0.052     0.044       0.178     0.635      0.221     0.982      0.539     0.478      0.329     0.217    0.473     0.262   0.784     0.131      0.200     0.00737  -1	   0.2052353     0.1114602
     D1GPW-a25d      0.046     0.037       0.154     0.686      0.365     0.986      0.540     0.455      0.765     0.243    0.586     0.220   0.903     0.166      0.124     0.00646  -1	   0.1883210     0.0999507
     D1GPW-a26a      0.045     0.064       0.257     0.573      0.299     0.979      0.517     0.485      0.366     0.250    0.498     0.280   0.699     0.099      0.263     0.00814  -1	   0.3712905     0.1349986
     D1GPW-a26b      0.048     0.057       0.245     0.585     -0.049     0.986      0.569     0.500      0.724     0.225    0.508     0.248   0.554     0.082      0.251     0.00753  -1	   0.0844044     0.0357822
     D1GPW-a26c      0.032     0.050       0.213     0.557      0.231     0.976      0.558     0.521      0.762     0.213    0.480     0.253   0.767     0.117      0.126     0.00748  -1	   0.1824999     0.0714409
     D1GPW-a26d      0.038     0.092       0.320     0.679     -0.102     0.944      0.446     0.401      0.039     0.248    0.506     0.273   0.656     0.073      0.126     0.00833  -1	   0.2357422     0.0793381
     D1GPW-a27a      0.042     0.088       0.316     0.673     -0.085     0.954      0.500     0.477      0.535     0.228    0.543     0.231   0.747     0.080      0.084     0.00813  -1	   0.0828892    -0.0617540
     D1GPW-a27b      0.039     0.091       0.312     0.650     -0.108     0.954      0.450     0.394      0.023     0.257    0.574     0.239   0.656     0.079      0.202     0.00825  -1	   0.2757986     0.1180418
     D1GPW-a27c      0.040     0.062       0.241     0.517     -0.002     0.934      0.625     0.615      0.868     0.269    0.501     0.296   0.401     0.093      0.172     0.00754  -1	   0.1427399     0.0447378
     D1GPW-a27d      0.044     0.062       0.257     0.521      0.362     0.985      0.537     0.451      0.297     0.216    0.471     0.262   0.552     0.080      0.139     0.00823  -1	   0.4022254     0.2295321
     D1GPW-a28a      0.050     0.037       0.158     0.585      0.030     0.979      0.604     0.580      0.963     0.281    0.603     0.242   0.708     0.136      0.200     0.00663  -1	   0.0372471     0.0392622
     D1GPW-a28b      0.035     0.090       0.316     0.577     -0.068     0.965      0.451     0.386      0.805     0.263    0.560     0.252   0.554     0.082      0.183     0.00825  -1	   0.1481806     0.0628515
     D1GPW-a28c      0.036     0.035       0.138     0.530      0.024     0.970      0.619     0.611      0.983     0.211    0.469     0.258   0.646     0.161      0.102     0.00652  -1	   0.0668471     0.0468930
     D1GPW-a28d      0.037     0.035       0.158     0.701     -0.155     0.998      0.659     0.694      0.844     0.228    0.513     0.249   0.781     0.160      0.134     0.00670  -1	  -0.0710224    -0.0353542
     D1GPW-a29a      0.043     0.039       0.146     0.621     -0.003     0.973      0.637     0.664      0.920     0.207    0.464     0.257   0.796     0.161      0.151     0.00661  -1	   0.0200635    -0.0140043
     D1GPW-a29b      0.037     0.038       0.142     0.616      0.007     0.982      0.613     0.636      0.917     0.242    0.480     0.283   0.725     0.158      0.118     0.00658  -1	   0.0288498     0.0078447
     D1GPW-a29c      0.034     0.039       0.142     0.624      0.040     0.971      0.592     0.602      0.682     0.229    0.476     0.273   0.725     0.154      0.144     0.00660  -1	   0.0087901    -0.0262240
     D1GPW-a29d      0.033     0.039       0.146     0.658      0.054     0.974      0.586     0.603      0.658     0.233    0.480     0.274   0.817     0.156      0.119     0.00656  -1	   0.0006077    -0.0477755
      D1GPW-a2a      0.054     0.037       0.174     0.681      0.309     0.976      0.596     0.525      0.733     0.177    0.445     0.237   0.872     0.132      0.288     0.00779  -1	   0.2195043     0.0858301
      D1GPW-a2b      0.051     0.036       0.150     0.732      0.203     0.976      0.564     0.456      0.871     0.207    0.481     0.246   0.864     0.155      0.148     0.00873  -1	   0.1035242     0.0819352
      D1GPW-a2c      0.050     0.037       0.150     0.654      0.214     0.970      0.570     0.468      0.910     0.202    0.487     0.238   0.840     0.141      0.148     0.00875  -1	   0.1197714     0.0885800
      D1GPW-a2d      0.049     0.036       0.150     0.681      0.076     0.971      0.560     0.452      0.865     0.177    0.434     0.242   0.817     0.164      0.148     0.00877  -1	   0.0479260     0.0636632
     D1GPW-a30a      0.050     0.037       0.162     0.610      0.059     0.974      0.552     0.512      0.726     0.191    0.446     0.251   0.761     0.141      0.209     0.01045  -1	   0.0459249     0.0404107
     D1GPW-a30b      0.045     0.054       0.206     0.753      0.162     0.979      0.528     0.363      0.593     0.217    0.511     0.240   0.892     0.106      0.248     0.01544  -1	   0.1610994     0.1226657
     D1GPW-a30c      0.044     0.054       0.198     0.715      0.046     0.957      0.430     0.476      0.307     0.206    0.477     0.248   0.834     0.142      0.129     0.01259  -1	   0.1107956     0.0040425
     D1GPW-a30d      0.029     0.038       0.158     0.559      0.275     0.951      0.549     0.506      0.888     0.184    0.448     0.242   0.798     0.155      0.099     0.00788  -1	   0.1570191     0.0866357
     D1GPW-a31a      0.046     0.055       0.198     0.738      0.150     0.983      0.531     0.360      0.456     0.220    0.522     0.236   0.900     0.112      0.216     0.01549  -1	   0.1646202     0.1425560
     D1GPW-a31b      0.045     0.052       0.209     0.711     -0.252     0.971      0.555     0.385      0.346     0.216    0.500     0.244   0.636     0.124      0.242     0.01420  -1	   0.0548140     0.0956245
     D1GPW-a31c      0.036     0.044       0.182     0.691      0.213     0.954      0.521     0.519      0.354     0.201    0.490     0.235   0.840     0.128      0.055     0.00927  -1	   0.1182081     0.0277257
     D1GPW-a31d      0.048     0.040       0.154     0.526      0.070     0.976      0.536     0.495      0.424     0.241    0.539     0.245   0.682     0.140      0.099     0.01036  -1	   0.0222482     0.0455261
     D1GPW-a32a      0.042     0.048       0.186     0.542      0.043     0.958      0.520     0.448      0.798     0.337    0.530     0.341   0.646     0.118      0.231     0.01446  -1	   0.0769814     0.1048346
     D1GPW-a32b      0.040     0.047       0.194     0.517      0.070     0.964      0.527     0.455      0.994     0.264    0.525     0.276   0.682     0.124      0.356     0.01449  -1	   0.0950956     0.1195532
     D1GPW-a32c      0.042     0.055       0.225     0.642     -0.048     0.968      0.524     0.423      0.072     0.193    0.467     0.240   0.680     0.108      0.418     0.01648  -1	   0.3213150     0.2051674
     D1GPW-a32d      0.050     0.047       0.198     0.502      0.013     0.957      0.493     0.501      0.732     0.216    0.473     0.261   0.646     0.126      0.142     0.01129  -1	   0.0702669     0.0854334
     D1GPW-a33a      0.046     0.049       0.206     0.693     -0.193     0.968      0.513     0.438      0.628     0.220    0.476     0.264   0.757     0.113      0.203     0.01340  -1	  -0.0175049     0.0129783
     D1GPW-a33b      0.042     0.054       0.209     0.709      0.024     0.964      0.458     0.352      0.187     0.196    0.459     0.248   0.834     0.116      0.196     0.01469  -1	   0.1749759     0.1923161
     D1GPW-a33c      0.044     0.054       0.206     0.702      0.047     0.974      0.433     0.327      0.113     0.215    0.462     0.267   0.834     0.119      0.184     0.01464  -1	   0.2052795     0.2599586
     D1GPW-a33d      0.041     0.046       0.182     0.623      0.186     0.968      0.479     0.433      0.382     0.210    0.504     0.236   0.739     0.124      0.167     0.01078  -1	   0.1462201     0.1223172
     D1GPW-a34a      0.039     0.075       0.289     0.651     -0.486     0.953      0.479     0.518      0.434     0.279    0.533     0.285   0.613     0.091      0.460     0.02369  -1	   0.1009891    -0.0715934
     D1GPW-a34b      0.044     0.055       0.221     0.717     -0.128     0.968      0.417     0.299      0.254     0.223    0.499     0.252   0.711     0.118      0.201     0.01511  -1	   0.1015633     0.2164925
     D1GPW-a34c      0.043     0.049       0.221     0.611     -0.040     0.958      0.542     0.595      0.751     0.190    0.469     0.235   0.796     0.109      0.181     0.01186  -1	   0.0278666    -0.0185816
     D1GPW-a34d      0.037     0.048       0.190     0.627     -0.420     0.960      0.581     0.639      0.965     0.225    0.510     0.247   0.584     0.135      0.424     0.01466  -1	  -0.0681024     0.0018021
     D1GPW-a35a      0.046     0.041       0.174     0.681     -0.112     0.997      0.541     0.399      0.153     0.219    0.467     0.269   0.788     0.115      0.506     0.09566  -1	   0.2586638     0.2449067
     D1GPW-a35b      0.047     0.041       0.186     0.715      0.124     1.000      0.526     0.392      0.123     0.193    0.452     0.249   0.851     0.114      0.532     0.09951  -1	   0.4395645     0.3292481
     D1GPW-a35c      0.045     0.067       0.292     0.568     -0.076     0.973      0.526     0.476      0.742     0.291    0.506     0.314   0.554     0.079      0.301     0.08534  -1	   0.1127915     0.0456879
     D1GPW-a35d      0.049     0.048       0.202     0.679      0.093     0.980      0.493     0.433      0.151     0.289    0.529     0.296   0.817     0.141      0.185     0.06933  -1	   0.1872160     0.1387878
     D1GPW-a36a      0.040     0.074       0.304     0.539      0.670     1.000      0.431     0.267      0.006     0.188    0.477     0.228   0.511     0.083      0.347     0.64348   1	   1.0962729     0.7931507
     D1GPW-a36c      0.044     0.047       0.202     0.670     -0.113     0.984      0.554     0.506      0.498     0.203    0.486     0.239   0.788     0.132      0.154     0.06744  -1	  -0.0039956    -0.0363865
     D1GPW-a36d      0.046     0.044       0.202     0.635      0.074     1.000      0.558     0.418      0.439     0.209    0.479     0.250   0.761     0.109      0.400     0.10118  -1	   0.1639355     0.1244301
     D1GPW-a37a      0.046     0.051       0.213     0.619      0.302     1.000      0.452     0.304      0.128     0.233    0.479     0.275   0.853     0.109      0.248     0.24921   1	   0.3761818     0.4135698
     D1GPW-a37b      0.049     0.077       0.320     0.574      0.562     0.983      0.414     0.227      0.043     0.185    0.496     0.215   0.697     0.085      0.294     0.67632   1	   0.8955854     0.6952680
     D1GPW-a37c      0.044     0.075       0.312     0.665      0.007     0.977      0.420     0.296      1.000     0.246    0.537     0.251   0.780     0.080      0.117     0.04171  -1	   0.1599629     0.1400737
     D1GPW-a37d      0.048     0.043       0.221     0.702      0.234     0.968      0.554     0.522      0.416     0.230    0.498     0.259   0.864     0.129      0.196     0.02076  -1	   0.2045985     0.0665941
     D1GPW-a38a      0.046     0.043       0.198     0.694      0.081     0.953      0.592     0.562      0.914     0.263    0.524     0.276   0.817     0.141      0.191     0.02059  -1	   0.0591539     0.0156475
     D1GPW-a38b      0.046     0.040       0.162     0.663      0.174     0.974      0.562     0.439      0.950     0.269    0.549     0.264   0.794     0.147      0.254     0.02091  -1	   0.1106755     0.0943064
     D1GPW-a38c      0.043     0.044       0.182     0.601      0.473     1.000      0.488     0.368      0.249     0.227    0.466     0.276   0.836     0.132      0.119     0.16513  -1	   0.3881469     0.3436743
     D1GPW-a38d      0.046     0.058       0.257     0.611      0.392     1.000      0.461     0.278      0.173     0.227    0.502     0.255   0.831     0.094      0.226     0.25836   1	   0.4835730     0.4717737
     D1GPW-a39a      0.049     0.037       0.166     0.598      0.018     0.968      0.657     0.682      0.955     0.191    0.457     0.244   0.708     0.130      0.121     0.01051  -1	   0.0699131     0.0481856
     D1GPW-a39b      0.051     0.040       0.170     0.712      0.177     0.957      0.586     0.534      0.270     0.208    0.475     0.251   0.819     0.149      0.207     0.01219  -1	   0.1934575     0.0808352
     D1GPW-a39c      0.050     0.043       0.198     0.656      0.169     0.962      0.564     0.541      0.206     0.206    0.488     0.241   0.794     0.143      0.141     0.00950  -1	   0.1786873     0.0495121
     D1GPW-a39d      0.051     0.040       0.178     0.750      0.151     0.967      0.574     0.540      0.401     0.215    0.457     0.270   0.798     0.160      0.167     0.01241  -1	   0.1434279     0.0529905
      D1GPW-a3a      0.050     0.042       0.186     0.728      0.077     0.984      0.551     0.438      0.018     0.219    0.487     0.255   0.841     0.136      0.153     0.01375  -1	   0.2224789     0.2329786
      D1GPW-a3b      0.049     0.037       0.146     0.654      0.217     0.973      0.569     0.466      0.896     0.203    0.480     0.243   0.840     0.150      0.148     0.00875  -1	   0.1183286     0.0839974
      D1GPW-a3c      0.056     0.043       0.154     0.706     -0.062     0.968      0.602     0.524      0.922     0.207    0.495     0.239   0.836     0.122      0.179     0.00864  -1	  -0.0002864     0.0142610
      D1GPW-a3d      0.049     0.038       0.166     0.610      0.102     0.967      0.587     0.607      0.774     0.196    0.472     0.240   0.771     0.117      0.115     0.00820  -1	   0.0663931     0.0246011
     D1GPW-a40a      0.056     0.044       0.190     0.751      0.148     0.976      0.534     0.618      0.512     0.187    0.479     0.226   0.831     0.135      0.411     0.00984  -1	   0.2119549    -0.0496516
     D1GPW-a40b      0.043     0.042       0.213     0.672     -0.004     0.961      0.563     0.569      0.884     0.207    0.512     0.228   0.852     0.125      0.143     0.01095  -1	   0.0045179     0.0006007
     D1GPW-a40c      0.048     0.047       0.225     0.685     -0.119     0.962      0.544     0.554      0.492     0.239    0.492     0.273   0.788     0.113      0.118     0.01135  -1	  -0.0075863    -0.0483821
     D1GPW-a40d      0.050     0.044       0.198     0.588     -0.205     0.967      0.614     0.593      0.207     0.181    0.457     0.232   0.700     0.128      0.266     0.01160  -1	   0.0947082    -0.0485444
     D1GPW-a41a      0.048     0.035       0.162     0.681      0.203     1.000      0.599     0.499      0.283     0.220    0.499     0.248   0.840     0.134      0.290     0.01219  -1	   0.2203039     0.1373219
     D1GPW-a41b      0.048     0.036       0.142     0.631      0.149     0.998      0.579     0.436      0.777     0.192    0.469     0.237   0.771     0.176      0.222     0.01191  -1	   0.0755708     0.0765851
     D1GPW-a41c      0.048     0.037       0.146     0.597      0.122     0.990      0.597     0.475      0.898     0.197    0.484     0.235   0.753     0.170      0.167     0.01200  -1	   0.0739030     0.0570297
     D1GPW-a42a      0.049     0.046       0.174     0.464     -0.203     0.993      0.565     0.449      0.584     0.179    0.462     0.228   0.574     0.136      0.332     0.00757  -1	   0.0046065     0.0574802
     D1GPW-a42b      0.047     0.044       0.190     0.707      0.358     0.957      0.532     0.508      0.460     0.210    0.481     0.249   0.928     0.115      0.217     0.00798  -1	   0.2868606     0.0992906
     D1GPW-a42c      0.045     0.049       0.174     0.588     -0.144     0.989      0.548     0.448      0.260     0.218    0.479     0.259   0.714     0.130      0.302     0.00771  -1	   0.0894044     0.0814316
     D1GPW-a42d      0.044     0.033       0.150     0.650      0.361     0.990      0.575     0.443      0.812     0.200    0.464     0.249   0.903     0.149      0.231     0.01222  -1	   0.2134834     0.1499400
     D1GPW-a43a      0.046     0.045       0.170     0.463     -0.162     0.989      0.569     0.471      0.679     0.180    0.460     0.230   0.558     0.136      0.317     0.00755  -1	   0.0028999     0.0489490
     D1GPW-a43b      0.046     0.042       0.162     0.730      0.083     0.984      0.560     0.494      0.323     0.184    0.462     0.233   0.841     0.144      0.287     0.00764  -1	   0.1624817     0.0591948
     D1GPW-a43c      0.048     0.043       0.170     0.637     -0.471     0.973      0.585     0.574      0.919     0.202    0.502     0.229   0.627     0.129      0.120     0.00824  -1	  -0.0153350     0.0209278
     D1GPW-a43d      0.050     0.048       0.198     0.712      0.138     0.963      0.575     0.556      0.215     0.236    0.512     0.257   0.851     0.118      0.352     0.00842  -1	   0.2950864     0.0395299
     D1GPW-a44a      0.040     0.093       0.304     0.629     -0.113     0.950      0.456     0.435      0.038     0.271    0.553     0.264   0.589     0.080      0.089     0.00817  -1	   0.2014363     0.0526907
     D1GPW-a44b      0.053     0.079       0.312     0.723     -0.017     0.947      0.406     0.398      0.234     0.269    0.523     0.282   0.802     0.082      0.363     0.00829  -1	   0.3160763     0.0686175
     D1GPW-a44c      0.051     0.058       0.237     0.710      0.025     0.988      0.538     0.483      0.022     0.243    0.558     0.236   0.834     0.112      0.572     0.00823  -1	   0.5587215     0.1580962
     D1GPW-a44d      0.040     0.046       0.178     0.665     -0.241     0.968      0.596     0.581      0.508     0.213    0.526     0.226   0.773     0.121      0.144     0.00769  -1	  -0.0478434    -0.0732417
     D1GPW-a45a      0.037     0.088       0.336     0.547     -0.053     0.957      0.436     0.362      0.029     0.238    0.521     0.253   0.401     0.076      0.194     0.00825  -1	   0.2834996     0.1748113
     D1GPW-a45b      0.037     0.090       0.312     0.620     -0.054     0.965      0.456     0.385      0.032     0.264    0.588     0.236   0.680     0.079      0.216     0.00824  -1	   0.2875243     0.1325511
     D1GPW-a45c      0.047     0.083       0.312     0.602      0.345     0.967      0.430     0.270      0.060     0.187    0.462     0.236   0.853     0.079      0.256     0.00867  -1	   0.5944010     0.4109533
     D1GPW-a45d      0.039     0.061       0.233     0.598     -0.197     0.939      0.617     0.648      0.973     0.217    0.507     0.242   0.538     0.090      0.101     0.00877  -1	   0.0619765     0.0467306
     D1GPW-a46a      0.036     0.047       0.209     0.547      0.240     0.972      0.572     0.501      0.767     0.217    0.490     0.252   0.705     0.121      0.111     0.00741  -1	   0.1889562     0.0992381
     D1GPW-a46b      0.039     0.093       0.316     0.623      0.003     0.950      0.428     0.376      0.176     0.220    0.508     0.244   0.713     0.080      0.129     0.00826  -1	   0.2285169     0.0585212
     D1GPW-a46c      0.033     0.089       0.324     0.598     -0.079     0.958      0.460     0.394      0.020     0.220    0.485     0.258   0.554     0.077      0.200     0.00827  -1	   0.2809021     0.1224186
     D1GPW-a46d      0.038     0.082       0.308     0.647     -0.149     0.940      0.515     0.445      0.083     0.223    0.510     0.246   0.589     0.073      0.206     0.00818  -1	   0.2220421     0.0710543
     D1GPW-a47a      0.029     0.053       0.217     0.557      0.244     0.962      0.533     0.481      0.769     0.224    0.501     0.252   0.661     0.108      0.138     0.00748  -1	   0.2072944     0.1162853
     D1GPW-a47b      0.023     0.043       0.186     0.578      0.190     0.953      0.634     0.648      0.977     0.216    0.511     0.237   0.721     0.131      0.023     0.00762  -1	   0.1521133     0.0692981
     D1GPW-a47c      0.042     0.052       0.245     0.577     -0.063     0.995      0.609     0.529      0.801     0.263    0.512     0.284   0.554     0.085      0.164     0.00863  -1	   0.0667140     0.0385745
     D1GPW-a47d      0.036     0.081       0.316     0.544     -0.218     0.952      0.474     0.371      0.112     0.231    0.526     0.244   0.291     0.082      0.193     0.00828  -1	   0.1743117     0.1297136
     D1GPW-a48a      0.028     0.044       0.186     0.597     -0.330     0.974      0.594     0.565      0.575     0.193    0.459     0.245   0.738     0.130      0.073     0.00817  -1	  -0.0527738    -0.0669872
     D1GPW-a48b      0.022     0.043       0.174     0.500      0.211     0.962      0.625     0.602      0.892     0.218    0.498     0.247   0.705     0.139      0.043     0.00751  -1	   0.1484183     0.0426827
     D1GPW-a48c      0.027     0.038       0.174     0.620      0.281     0.947      0.581     0.542      0.843     0.207    0.470     0.253   0.816     0.149      0.150     0.00791  -1	   0.1444594     0.0606872
     D1GPW-a48d      0.024     0.042       0.186     0.501      0.270     0.975      0.626     0.593      0.688     0.195    0.454     0.250   0.737     0.121      0.002     0.00753  -1	   0.1663178     0.0485376
     D1GPW-a49a      0.028     0.038       0.170     0.615      0.247     0.949      0.576     0.531      0.621     0.194    0.451     0.251   0.784     0.147      0.154     0.00782  -1	   0.1175328     0.0468897
     D1GPW-a49b      0.027     0.040       0.162     0.612      0.305     0.952      0.547     0.522      0.741     0.192    0.458     0.244   0.816     0.145      0.149     0.00789  -1	   0.1561078     0.0621722
     D1GPW-a49c      0.040     0.049       0.202     0.597      0.070     0.971      0.609     0.511      0.800     0.201    0.451     0.259   0.744     0.113      0.136     0.00893  -1	   0.0964307     0.0396035
     D1GPW-a49d      0.045     0.052       0.186     0.683      0.215     0.971      0.431     0.343      1.000     0.269    0.590     0.239   0.854     0.122      0.269     0.01123  -1	   0.1729679     0.1805839
      D1GPW-a4a      0.051     0.043       0.174     0.653      0.213     0.984      0.554     0.462      0.076     0.238    0.484     0.277   0.840     0.135      0.095     0.01277  -1	   0.2083073     0.1765164
      D1GPW-a4b      0.046     0.034       0.138     0.667     -0.066     0.978      0.605     0.588      0.768     0.189    0.455     0.243   0.812     0.166      0.097     0.01022  -1	  -0.0278179    -0.0194383
      D1GPW-a4c      0.044     0.039       0.170     0.716     -0.001     0.966      0.555     0.588      0.571     0.203    0.469     0.250   0.876     0.140      0.114     0.01125  -1	  -0.0048004    -0.0542897
      D1GPW-a4d      0.043     0.037       0.154     0.724     -0.013     0.969      0.553     0.610      0.489     0.211    0.483     0.249   0.876     0.144      0.076     0.01166  -1	  -0.0194925    -0.0681078
     D1GPW-a50a      0.034     0.044       0.174     0.531      0.086     0.957      0.629     0.643      0.687     0.203    0.475     0.246   0.682     0.154      0.002     0.00820  -1	   0.0568101    -0.0165331
     D1GPW-a50c      0.039     0.050       0.186     0.643      0.079     0.955      0.538     0.537      0.792     0.248    0.525     0.261   0.761     0.127      0.214     0.01308  -1	   0.0656834     0.0071945
     D1GPW-a50d      0.048     0.049       0.213     0.658     -0.185     0.969      0.569     0.417      0.562     0.182    0.462     0.231   0.757     0.127      0.205     0.01470  -1	  -0.0011368     0.0153608
     D1GPW-a51a      0.045     0.055       0.206     0.685      0.064     0.966      0.462     0.351      0.092     0.201    0.472     0.246   0.805     0.117      0.196     0.01469  -1	   0.2320090     0.2515570
     D1GPW-a51b      0.044     0.049       0.190     0.543      0.067     0.951      0.502     0.399      0.546     0.258    0.497     0.288   0.682     0.115      0.322     0.01448  -1	   0.0999922     0.1397814
     D1GPW-a51c      0.043     0.046       0.182     0.706     -0.254     0.969      0.592     0.568      0.974     0.338    0.554     0.325   0.750     0.130      0.209     0.01806  -1	  -0.0383223    -0.0074822
     D1GPW-a51d      0.042     0.048       0.194     0.583     -0.141     0.995      0.531     0.399      0.740     0.199    0.466     0.248   0.714     0.136      0.151     0.03196  -1	  -0.0016666     0.0545878
     D1GPW-a52a      0.043     0.055       0.225     0.666     -0.150     0.977      0.530     0.427      0.109     0.172    0.448     0.228   0.656     0.108      0.152     0.01661  -1	   0.1353991     0.1206157
     D1GPW-a52b      0.040     0.045       0.198     0.685     -0.515     0.984      0.517     0.445      0.434     0.219    0.473     0.265   0.663     0.110      0.581     0.02362  -1	   0.0846250     0.0538441
     D1GPW-a52c      0.043     0.063       0.261     0.631     -0.534     0.974      0.513     0.562      0.810     0.218    0.481     0.257   0.515     0.106      0.548     0.02088  -1	  -0.0281471    -0.0331326
     D1GPW-a52d      0.046     0.053       0.209     0.713     -0.050     0.970      0.472     0.387      0.250     0.215    0.472     0.261   0.802     0.123      0.175     0.01379  -1	   0.1107604     0.1144969
     D1GPW-a53a      0.046     0.067       0.273     0.603     -0.426     0.970      0.499     0.380      0.322     0.214    0.471     0.261   0.000     0.094      0.630     0.03858  -1	   0.2104542     0.1144234
     D1GPW-a53b      0.037     0.053       0.221     0.670     -0.422     0.974      0.501     0.393      0.145     0.222    0.466     0.271   0.000     0.111      0.464     0.02856  -1	   0.2270343     0.1694078
     D1GPW-a53c      0.040     0.061       0.237     0.628     -0.471     0.967      0.499     0.384      0.364     0.223    0.485     0.260   0.546     0.110      0.546     0.03589  -1	   0.1421145     0.1099906
     D1GPW-a53d      0.039     0.065       0.277     0.626     -0.479     0.948      0.524     0.394      0.880     0.437    0.591     0.385   0.546     0.098      0.590     0.04555  -1	   0.0066576     0.0498035
     D1GPW-a54a      0.052     0.076       0.328     0.583      0.523     0.981      0.430     0.252      0.040     0.186    0.491     0.219   0.715     0.087      0.402     0.65619   1	   0.9387900     0.6798123
     D1GPW-a54b      0.050     0.078       0.316     0.586      0.509     0.986      0.433     0.257      0.049     0.191    0.503     0.217   0.715     0.085      0.281     0.63401   1	   0.8168527     0.6044086
     D1GPW-a54c      0.051     0.080       0.328     0.567      0.511     0.989      0.409     0.228      0.045     0.203    0.505     0.228   0.715     0.082      0.388     0.66553   1	   0.9155897     0.6913734
     D1GPW-a54d      0.048     0.059       0.257     0.642      0.398     0.999      0.446     0.258      0.142     0.245    0.542     0.247   0.831     0.091      0.256     0.25003   1	   0.5398889     0.5435264
     D1GPW-a55a      0.046     0.043       0.198     0.659     -0.081     0.996      0.540     0.369      0.231     0.277    0.547     0.274   0.812     0.104      0.376     0.10683  -1	   0.1502661     0.2219752
     D1GPW-a55b      0.046     0.076       0.320     0.575      0.567     0.991      0.406     0.222      0.025     0.201    0.507     0.225   0.697     0.084      0.286     0.68324   1	   0.9025018     0.7231852
     D1GPW-a55c      0.039     0.081       0.328     0.569      0.525     0.990      0.422     0.259      0.025     0.216    0.512     0.237   0.715     0.079      0.416     0.63618   1	   0.9579555     0.6784280
     D1GPW-a55d      0.045     0.076       0.320     0.561      0.462     0.988      0.415     0.234      0.007     0.199    0.508     0.223   0.722     0.085      0.405     0.60122   1	   0.8537977     0.6746270
     D1GPW-a56a      0.046     0.051       0.206     0.636      0.358     1.000      0.493     0.352      0.201     0.194    0.460     0.246   0.831     0.116      0.132     0.21913  -1	   0.3496830     0.3103167
     D1GPW-a56b      0.049     0.061       0.253     0.583      0.555     0.988      0.467     0.301      0.082     0.190    0.466     0.237   0.697     0.081      0.309     0.24398   1	   0.7830379     0.6352442
     D1GPW-a56c      0.048     0.049       0.209     0.627      0.377     1.000      0.475     0.338      0.111     0.224    0.491     0.258   0.848     0.116      0.180     0.22754  -1	   0.4074431     0.3923530
     D1GPW-a56d      0.041     0.081       0.332     0.558      0.583     0.987      0.401     0.235      0.028     0.243    0.552     0.240   0.697     0.083      0.249     0.56902   1	   0.8985712     0.6881568
     D1GPW-a57a      0.046     0.066       0.273     0.652     -0.045     0.989      0.508     0.391      0.286     0.203    0.468     0.250   0.747     0.081      0.096     0.03643  -1	   0.1063770     0.0705855
     D1GPW-a57b      0.044     0.048       0.202     0.642      0.553     0.994      0.448     0.338      0.266     0.219    0.464     0.270   0.833     0.113      0.221     0.16633  -1	   0.5762700     0.4759894
     D1GPW-a57c      0.051     0.075       0.324     0.556      0.568     0.986      0.426     0.253      0.010     0.173    0.478     0.213   0.697     0.086      0.407     0.65788   1	   1.0059333     0.7304225
     D1GPW-a57d      0.042     0.051       0.213     0.616      0.525     0.992      0.434     0.267      0.117     0.269    0.489     0.304   0.842     0.117      0.166     0.20511  -1	   0.5451996     0.5858876
     D1GPW-a58a      0.044     0.026       0.119     0.659      0.378     0.991      0.604     0.498      0.665     0.172    0.440     0.233   0.903     0.178      0.906     0.01645  -1	   0.3671983     0.0701702
     D1GPW-a58b      0.037     0.039       0.162     0.516     -0.107     0.960      0.574     0.556      0.493     0.279    0.602     0.240   0.653     0.143      0.106     0.02582  -1	  -0.0588815    -0.0227533
     D1GPW-a58c      0.048     0.037       0.166     0.595      0.029     0.967      0.607     0.550      0.799     0.194    0.462     0.245   0.708     0.130      0.190     0.01344  -1	   0.0366500     0.0281375
     D1GPW-a58d      0.047     0.077       0.316     0.556      0.524     0.985      0.437     0.260      0.037     0.185    0.482     0.222   0.715     0.088      0.276     0.65375   1	   0.8183901     0.6087318
     D1GPW-a59a      0.043     0.039       0.166     0.730      0.127     0.996      0.575     0.443      0.169     0.295    0.514     0.313   0.851     0.133      0.328     0.01309  -1	   0.2650382     0.2347855
     D1GPW-a59b      0.044     0.030       0.142     0.608     -0.095     0.971      0.599     0.534      0.442     0.211    0.475     0.255   0.756     0.182      0.133     0.01339  -1	  -0.0391709    -0.0156956
     D1GPW-a59c      0.040     0.035       0.146     0.633     -0.436     0.976      0.623     0.624      0.864     0.228    0.503     0.254   0.584     0.150      0.179     0.01190  -1	  -0.0527839    -0.0089795
     D1GPW-a59d      0.047     0.036       0.154     0.657      0.241     0.981      0.634     0.561      0.637     0.220    0.505     0.245   0.840     0.179      0.187     0.01363  -1	   0.1141354     0.0159977
      D1GPW-a5a      0.047     0.039       0.162     0.709     -0.202     0.981      0.555     0.544      0.797     0.200    0.462     0.251   0.798     0.158      0.211     0.00996  -1	  -0.0529143    -0.0248168
      D1GPW-a5b      0.040     0.057       0.261     0.586      0.308     0.960      0.583     0.455      0.287     0.300    0.483     0.339   0.727     0.100      0.122     0.06891  -1	   0.2986023     0.2112940
      D1GPW-a5c      0.048     0.044       0.186     0.675      0.174     0.985      0.572     0.477      0.133     0.225    0.480     0.266   0.794     0.128      0.128     0.01331  -1	   0.2032402     0.1588187
      D1GPW-a5d      0.044     0.033       0.146     0.700      0.042     0.967      0.538     0.613      0.696     0.230    0.510     0.252   0.805     0.156      0.095     0.01227  -1	  -0.0144382    -0.0174722
     D1GPW-a60a      0.043     0.046       0.182     0.622     -0.152     0.954      0.609     0.701      0.730     0.214    0.484     0.252   0.701     0.153      0.106     0.01210  -1	  -0.0156069    -0.0415587
     D1GPW-a60b      0.048     0.035       0.142     0.626      0.187     0.994      0.592     0.447      0.694     0.211    0.508     0.235   0.739     0.170      0.180     0.01196  -1	   0.0872029     0.0900226
     D1GPW-a60c      0.042     0.035       0.146     0.705      0.428     0.991      0.568     0.424      0.656     0.238    0.503     0.265   0.902     0.158      0.332     0.01126  -1	   0.3117295     0.2216639
     D1GPW-a60d      0.044     0.045       0.178     0.566     -0.156     0.950      0.591     0.681      0.786     0.198    0.454     0.253   0.684     0.143      0.106     0.01207  -1	   0.0106526    -0.0078733
     D1GPW-a61a      0.047     0.048       0.170     0.608     -0.265     0.980      0.556     0.458      0.377     0.205    0.495     0.237   0.671     0.138      0.342     0.00763  -1	   0.0490219     0.0458808
     D1GPW-a61b      0.042     0.039       0.166     0.608      0.217     0.975      0.562     0.512      0.665     0.185    0.470     0.229   0.784     0.144      0.492     0.00784  -1	   0.1702984     0.0367664
     D1GPW-a61c      0.048     0.046       0.162     0.550     -0.138     0.990      0.555     0.464      0.409     0.183    0.454     0.236   0.714     0.138      0.305     0.00767  -1	   0.0425031     0.0426908
     D1GPW-a61d      0.048     0.046       0.198     0.681      0.181     0.962      0.573     0.540      0.280     0.203    0.469     0.249   0.794     0.118      0.354     0.00813  -1	   0.2849401     0.0673715
     D1GPW-a62a      0.042     0.044       0.174     0.681      0.368     0.972      0.562     0.542      0.524     0.198    0.489     0.233   0.903     0.123      0.269     0.00748  -1	   0.2846143     0.0637927
     D1GPW-a62b      0.048     0.048       0.166     0.604     -0.192     0.982      0.561     0.466      0.544     0.185    0.486     0.220   0.701     0.136      0.368     0.00768  -1	   0.0161335     0.0147717
     D1GPW-a62c      0.048     0.045       0.174     0.671     -0.111     0.970      0.557     0.438      0.486     0.223    0.519     0.240   0.788     0.122      0.357     0.00795  -1	   0.0433879     0.0478673
     D1GPW-a62d      0.048     0.048       0.170     0.570     -0.083     0.999      0.561     0.463      0.478     0.198    0.501     0.226   0.738     0.135      0.325     0.00758  -1	   0.0393839     0.0224478
     D1GPW-a63a      0.041     0.057       0.245     0.640     -0.218     0.943      0.647     0.680      0.848     0.254    0.526     0.266   0.570     0.083      0.146     0.00881  -1	   0.0035295     0.0072858
     D1GPW-a63b      0.041     0.056       0.233     0.513     -0.242     0.953      0.629     0.655      0.775     0.335    0.595     0.292   0.291     0.097      0.122     0.00873  -1	   0.0212391    -0.0039904
     D1GPW-a63c      0.039     0.053       0.225     0.623     -0.143     0.959      0.623     0.615      0.820     0.348    0.528     0.353   0.589     0.087      0.194     0.00879  -1	   0.0214622    -0.0065873
     D1GPW-a63d      0.042     0.051       0.194     0.621     -0.194     0.956      0.615     0.627      0.990     0.207    0.486     0.243   0.664     0.103      0.161     0.00866  -1	   0.0215113     0.0303273
     D1GPW-a64a      0.041     0.059       0.253     0.641      0.386     0.972      0.536     0.441      0.059     0.174    0.456     0.225   0.831     0.100      0.046     0.00872  -1	   0.4090936     0.2376316
     D1GPW-a64b      0.040     0.053       0.225     0.588     -0.196     0.953      0.633     0.647      0.861     0.205    0.475     0.248   0.538     0.087      0.166     0.00865  -1	   0.0252127     0.0109289
     D1GPW-a64c      0.039     0.050       0.209     0.581     -0.234     0.959      0.613     0.628      0.923     0.199    0.481     0.239   0.700     0.092      0.155     0.00866  -1	   0.0029433     0.0113391
     D1GPW-a64d      0.038     0.052       0.206     0.645     -0.155     0.963      0.606     0.604      0.895     0.225    0.502     0.252   0.664     0.103      0.166     0.00867  -1	   0.0050917     0.0014161
     D1GPW-a65a      0.039     0.051       0.209     0.597     -0.103     0.955      0.620     0.636      0.924     0.217    0.501     0.245   0.463     0.096      0.147     0.00867  -1	   0.0601625     0.0478272
     D1GPW-a65b      0.040     0.043       0.206     0.619     -0.065     0.959      0.564     0.542      0.920     0.202    0.474     0.246   0.756     0.105      0.247     0.00773  -1	   0.0106712     0.0314880
     D1GPW-a65c      0.023     0.046       0.206     0.751      0.602     0.964      0.402     0.369      0.843     0.238    0.481     0.279   0.810     0.123      0.162     0.00920  -1	   0.5533089     0.3983661
     D1GPW-a65d      0.040     0.043       0.190     0.627     -0.233     0.968      0.552     0.527      0.787     0.190    0.479     0.229   0.718     0.109      0.207     0.00773  -1	  -0.0450096     0.0021246
     D1GPW-a66a      0.020     0.046       0.209     0.737      0.577     0.959      0.412     0.393      0.872     0.217    0.508     0.241   0.913     0.115      0.182     0.00916  -1	   0.4829642     0.3125924
     D1GPW-a66b      0.024     0.046       0.209     0.725      0.544     0.958      0.433     0.425      0.831     0.222    0.505     0.248   0.921     0.122      0.162     0.00934  -1	   0.4345406     0.2544673
     D1GPW-a66c      0.023     0.045       0.202     0.730      0.570     0.962      0.439     0.431      0.240     0.218    0.497     0.248   0.913     0.127      0.182     0.00916  -1	   0.5422081     0.3132292
     D1GPW-a66d      0.028     0.040       0.174     0.598      0.339     0.961      0.599     0.717      0.502     0.188    0.453     0.243   0.798     0.129      0.192     0.00813  -1	   0.2114791    -0.0260591
     D1GPW-a67a      0.022     0.045       0.198     0.725      0.584     0.966      0.446     0.430      0.290     0.206    0.476     0.248   0.913     0.123      0.182     0.00917  -1	   0.5441561     0.3189307
     D1GPW-a67b      0.027     0.047       0.209     0.725      0.589     0.962      0.420     0.402      0.941     0.226    0.509     0.249   0.913     0.124      0.162     0.00936  -1	   0.5135171     0.3169460
     D1GPW-a67c      0.039     0.048       0.206     0.616      0.167     0.985      0.584     0.564      0.236     0.181    0.445     0.240   0.739     0.116      0.240     0.00873  -1	   0.2290027     0.0349707
     D1GPW-a67d      0.021     0.047       0.209     0.744      0.586     0.957      0.407     0.383      0.931     0.242    0.525     0.255   0.913     0.116      0.168     0.00921  -1	   0.5053109     0.3340937
     D1GPW-a68a      0.032     0.054       0.217     0.633      0.037     0.977      0.538     0.517      0.471     0.219    0.489     0.254   0.713     0.115      0.245     0.01007  -1	   0.0989713    -0.0052031
     D1GPW-a68b      0.028     0.044       0.190     0.680      0.128     0.997      0.556     0.544      0.078     0.189    0.469     0.235   0.827     0.129      0.279     0.00967  -1	   0.2687057     0.0613462
     D1GPW-a68c      0.039     0.030       0.142     0.686      0.276     0.982      0.610     0.477      0.403     0.190    0.443     0.251   0.872     0.168      0.296     0.00911  -1	   0.1973202     0.1481337
     D1GPW-a68d      0.030     0.041       0.198     0.578      0.364     0.978      0.585     0.528      0.368     0.210    0.479     0.251   0.830     0.117      0.188     0.01040  -1	   0.2631348     0.1128649
     D1GPW-a69a      0.042     0.053       0.209     0.687      0.109     0.979      0.409     0.306      0.179     0.212    0.470     0.259   0.780     0.121      0.168     0.01405  -1	   0.2005740     0.2762275
     D1GPW-a69b      0.043     0.051       0.213     0.732     -0.005     1.000      0.497     0.312      0.364     0.206    0.466     0.254   0.802     0.116      0.188     0.02660  -1	   0.0997049     0.1845100
     D1GPW-a69c      0.023     0.046       0.206     0.729      0.563     0.960      0.450     0.435      0.329     0.210    0.483     0.248   0.913     0.121      0.182     0.00925  -1	   0.5152876     0.2907909
     D1GPW-a69d      0.022     0.046       0.202     0.752      0.584     0.969      0.408     0.383      0.765     0.217    0.491     0.251   0.893     0.119      0.162     0.00920  -1	   0.4987005     0.3324593
      D1GPW-a6a      0.051     0.050       0.206     0.659      0.108     0.976      0.630     0.625      0.682     0.201    0.474     0.244   0.827     0.120      0.154     0.00788  -1	   0.1029818    -0.0212112
      D1GPW-a6b      0.045     0.049       0.206     0.650      0.177     0.978      0.565     0.537      0.991     0.255    0.522     0.268   0.794     0.119      0.173     0.01232  -1	   0.1764319     0.0816230
      D1GPW-a6c      0.048     0.043       0.178     0.595      0.122     0.987      0.580     0.588      0.691     0.226    0.506     0.251   0.753     0.145      0.132     0.01192  -1	   0.0781162    -0.0060364
      D1GPW-a6d      0.046     0.037       0.150     0.675      0.033     0.978      0.575     0.465      0.802     0.187    0.466     0.235   0.781     0.149      0.204     0.01038  -1	   0.0163239     0.0437042
     D1GPW-a70a      0.041     0.027       0.138     0.662     -0.441     0.981      0.603     0.658      0.666     0.187    0.449     0.244   0.639     0.168      0.089     0.01339  -1	  -0.0510033    -0.0362561
     D1GPW-a70b      0.033     0.039       0.178     0.523     -0.045     0.971      0.548     0.595      0.250     0.203    0.468     0.250   0.717     0.145      0.288     0.01344  -1	   0.0668581    -0.0589984
     D1GPW-a70c      0.026     0.038       0.146     0.640     -0.379     0.963      0.562     0.595      0.910     0.193    0.488     0.229   0.644     0.151      0.059     0.01332  -1	  -0.0306128     0.0340992
     D1GPW-a70d      0.036     0.046       0.198     0.712     -0.259     0.966      0.567     0.564      0.623     0.297    0.514     0.314   0.750     0.136      0.261     0.01592  -1	  -0.0411479    -0.0734440
     D1GPW-a71a      0.041     0.035       0.142     0.606     -0.235     0.979      0.599     0.631      0.547     0.181    0.487     0.216   0.718     0.197      0.257     0.01958  -1	  -0.0467995    -0.0921180
     D1GPW-a71b      0.035     0.035       0.154     0.647     -0.139     0.989      0.589     0.596      0.359     0.185    0.441     0.248   0.732     0.172      0.321     0.02754  -1	   0.0368363    -0.0675290
     D1GPW-a71c      0.034     0.030       0.123     0.767      0.236     0.967      0.572     0.626      0.675     0.203    0.465     0.251   0.844     0.146      0.166     0.01295  -1	   0.0890440     0.0227703
     D1GPW-a71d      0.037     0.035       0.138     0.655     -0.269     0.973      0.569     0.559      0.591     0.194    0.465     0.243   0.726     0.170      0.174     0.01484  -1	  -0.0570933    -0.0370050
     D1GPW-a72a      0.036     0.032       0.123     0.596     -0.398     0.996      0.628     0.574      0.933     0.211    0.475     0.255   0.626     0.188      0.184     0.04855  -1	  -0.0454129     0.0086098
     D1GPW-a72b      0.036     0.055       0.213     0.642     -0.147     0.994      0.537     0.492      0.927     0.207    0.463     0.257   0.589     0.100      0.067     0.08594  -1	   0.0625533     0.0645150
     D1GPW-a72c      0.026     0.043       0.166     0.679     -0.376     0.958      0.547     0.597      0.450     0.188    0.462     0.238   0.699     0.150      0.166     0.02433  -1	  -0.0207057    -0.0725683
     D1GPW-a72d      0.051     0.076       0.324     0.566      0.579     0.981      0.427     0.246      0.034     0.197    0.509     0.220   0.697     0.086      0.294     0.66194   1	   0.9190906     0.6953902
     D1GPW-a73a      0.045     0.051       0.206     0.592      0.325     1.000      0.468     0.311      0.094     0.230    0.468     0.279   0.727     0.118      0.228     0.24776   1	   0.3944390     0.4361523
     D1GPW-a73b      0.050     0.078       0.324     0.601      0.487     0.986      0.411     0.226      0.030     0.210    0.517     0.229   0.848     0.079      0.239     0.68291   1	   0.7546727     0.6114350
     D1GPW-a73c      0.039     0.070       0.281     0.577     -0.060     0.948      0.488     0.521      0.701     0.225    0.511     0.247   0.554     0.096      0.163     0.05565  -1	   0.0946635     0.0275530
     D1GPW-a73d      0.050     0.077       0.316     0.577      0.524     0.991      0.408     0.228      0.003     0.190    0.489     0.224   0.715     0.081      0.288     0.69079   1	   0.8601913     0.6851579
     D1GPW-a74a      0.044     0.084       0.344     0.646      0.543     0.985      0.413     0.240      0.017     0.203    0.504     0.229   0.842     0.075      0.362     0.72340   1	   0.9922317     0.6995574
     D1GPW-a74b      0.046     0.078       0.312     0.608      0.418     0.984      0.412     0.231      0.029     0.196    0.498     0.225   0.879     0.079      0.362     0.69643   1	   0.7573852     0.5984344
     D1GPW-a74c      0.049     0.078       0.320     0.607      0.253     0.996      0.401     0.221      0.025     0.281    0.642     0.217   0.825     0.081      0.366     0.57763   1	   0.6163392     0.5671225
     D1GPW-a74d      0.052     0.076       0.320     0.592      0.513     0.979      0.414     0.231      0.018     0.189    0.492     0.221   0.715     0.080      0.253     0.67312   1	   0.8147227     0.6505650
     D1GPW-a75a      0.044     0.054       0.209     0.646      0.436     1.000      0.478     0.327      0.196     0.226    0.476     0.270   0.879     0.110      0.192     0.21183  -1	   0.4621004     0.4082567
     D1GPW-a75b      0.045     0.048       0.202     0.602      0.235     1.000      0.480     0.343      0.277     0.214    0.460     0.267   0.784     0.116      0.248     0.23725   1	   0.2622326     0.2844022
     D1GPW-a75c      0.044     0.050       0.209     0.630      0.364     1.000      0.475     0.335      0.105     0.203    0.469     0.249   0.848     0.122      0.172     0.24053   1	   0.3957242     0.3761330
     D1GPW-a75d      0.045     0.053       0.209     0.656      0.469     1.000      0.432     0.272      0.108     0.224    0.483     0.262   0.915     0.111      0.183     0.19418  -1	   0.5193996     0.5321023
     D1GPW-a76a      0.046     0.052       0.221     0.679      0.475     1.000      0.440     0.267      0.158     0.243    0.481     0.284   0.915     0.108      0.184     0.18927  -1	   0.5272029     0.5462454
     D1GPW-a76b      0.046     0.052       0.202     0.627      0.419     1.000      0.477     0.338      0.144     0.240    0.485     0.278   0.879     0.121      0.139     0.20401  -1	   0.4078853     0.3743903
     D1GPW-a76c      0.047     0.049       0.202     0.622      0.344     1.000      0.472     0.331      0.145     0.223    0.471     0.269   0.816     0.119      0.180     0.22126  -1	   0.3639101     0.3742207
     D1GPW-a76d      0.046     0.050       0.206     0.641      0.385     1.000      0.502     0.366      0.257     0.209    0.480     0.249   0.848     0.120      0.141     0.22612  -1	   0.3582287     0.2963339
     D1GPW-a77a      0.046     0.048       0.209     0.614      0.261     1.000      0.480     0.348      0.234     0.213    0.464     0.264   0.816     0.119      0.180     0.22788  -1	   0.2655212     0.2740760
     D1GPW-a77b      0.048     0.077       0.324     0.579      0.513     0.989      0.431     0.260      0.009     0.176    0.492     0.208   0.715     0.088      0.388     0.64957   1	   0.9287998     0.6629914
     D1GPW-a77c      0.043     0.050       0.221     0.634      0.463     0.991      0.454     0.285      0.014     0.300    0.488     0.336   0.836     0.112      0.238     0.19044  -1	   0.5745919     0.6243612
     D1GPW-a77d      0.041     0.050       0.213     0.639      0.482     0.974      0.444     0.291      0.221     0.272    0.516     0.289   0.836     0.122      0.139     0.20706   1	   0.4480326     0.4635577
     D1GPW-a78a      0.041     0.036       0.146     0.730     -0.334     0.955      0.621     0.638      0.848     0.186    0.442     0.248   0.836     0.143      0.129     0.01523  -1	  -0.0563428    -0.0130817
     D1GPW-a78b      0.042     0.032       0.142     0.571     -0.176     0.980      0.592     0.522      0.518     0.210    0.488     0.245   0.684     0.168      0.092     0.01317  -1	  -0.0608448    -0.0082884
     D1GPW-a78c      0.045     0.033       0.150     0.554     -0.135     0.978      0.601     0.532      0.602     0.182    0.470     0.226   0.714     0.163      0.175     0.01239  -1	  -0.0423085    -0.0143266
     D1GPW-a78d      0.045     0.035       0.154     0.547     -0.102     0.976      0.616     0.547      0.386     0.188    0.507     0.212   0.653     0.166      0.114     0.01240  -1	  -0.0259896    -0.0147279
     D1GPW-a79a      0.040     0.042       0.162     0.614     -0.197     0.961      0.665     0.672      0.805     0.206    0.462     0.257   0.701     0.139      0.117     0.01403  -1	  -0.0201612    -0.0267396
     D1GPW-a79b      0.047     0.048       0.166     0.605     -0.261     0.986      0.583     0.488      0.341     0.182    0.458     0.233   0.671     0.136      0.368     0.00758  -1	   0.0774306     0.0244218
     D1GPW-a79c      0.037     0.045       0.170     0.623      0.035     0.969      0.644     0.649      0.760     0.204    0.468     0.251   0.725     0.124      0.148     0.01287  -1	   0.0430074    -0.0191323
     D1GPW-a79d      0.029     0.042       0.150     0.686     -0.143     0.963      0.674     0.694      0.871     0.353    0.614     0.294   0.788     0.153      0.225     0.01261  -1	  -0.0541013    -0.0624677
      D1GPW-a7a      0.052     0.034       0.162     0.628      0.411     0.995      0.528     0.370      0.445     0.184    0.470     0.228   0.822     0.146      0.346     0.00846  -1	   0.3569562     0.3275965
      D1GPW-a7c      0.042     0.040       0.170     0.587     -0.558     0.966      0.597     0.619      0.685     0.198    0.465     0.247   0.590     0.164      0.216     0.01086  -1	  -0.0021313    -0.0576509
      D1GPW-a7d      0.045     0.041       0.166     0.709      0.340     1.000      0.520     0.425      0.275     0.233    0.544     0.235   0.896     0.174      0.395     0.00862  -1	   0.4071782     0.2361506
     D1GPW-a80a      0.045     0.061       0.233     0.609      0.033     0.980      0.620     0.555      0.477     0.203    0.475     0.246   0.713     0.096      0.212     0.00845  -1	   0.1264918    -0.0196656
     D1GPW-a80b      0.046     0.037       0.154     0.591      0.117     0.998      0.579     0.459      0.682     0.196    0.466     0.244   0.753     0.170      0.146     0.01189  -1	   0.0593167     0.0569081
     D1GPW-a80c      0.044     0.031       0.146     0.626      0.435     0.958      0.613     0.567      0.760     0.205    0.465     0.254   0.822     0.145      0.226     0.00767  -1	   0.2644108     0.1227762
     D1GPW-a80d      0.052     0.043       0.166     0.576     -0.205     0.993      0.544     0.437      0.640     0.196    0.481     0.235   0.700     0.121      0.287     0.00787  -1	  -0.0235660     0.0560977
     D1GPW-a81a      0.043     0.044       0.182     0.593     -0.347     0.931      0.663     0.637      0.948     0.223    0.505     0.249   0.738     0.124      0.095     0.00765  -1	  -0.0065299     0.0155779
     D1GPW-a81b      0.046     0.060       0.253     0.633      0.240     0.981      0.551     0.465      0.546     0.187    0.463     0.236   0.787     0.093      0.213     0.00898  -1	   0.2709583     0.1031859
     D1GPW-a81c      0.034     0.069       0.257     0.704     -0.139     0.943      0.554     0.547      0.726     0.216    0.484     0.254   0.711     0.090      0.157     0.00726  -1	   0.0301946    -0.0386704
     D1GPW-a81d      0.049     0.048       0.166     0.513     -0.183     0.997      0.559     0.464      0.573     0.197    0.478     0.239   0.622     0.130      0.317     0.00770  -1	   0.0040773     0.0388575
     D1GPW-a82a      0.051     0.081       0.304     0.668      0.407     0.962      0.442     0.292      0.069     0.233    0.503     0.259   0.945     0.078      0.168     0.00895  -1	   0.5866796     0.3899214
     D1GPW-a82b      0.043     0.052       0.217     0.585     -0.178     0.953      0.642     0.643      0.940     0.207    0.502     0.234   0.538     0.096      0.139     0.00871  -1	   0.0390788     0.0339029
     D1GPW-a82c      0.030     0.067       0.265     0.671     -0.178     0.945      0.574     0.572      0.630     0.233    0.495     0.265   0.730     0.091      0.146     0.00724  -1	   0.0052663    -0.0691366
     D1GPW-a82d      0.040     0.054       0.209     0.552     -0.257     0.958      0.626     0.643      0.779     0.209    0.478     0.251   0.389     0.099      0.134     0.00865  -1	   0.0243665    -0.0087864
     D1GPW-a83a      0.047     0.036       0.174     0.712      0.269     0.978      0.590     0.545      0.696     0.210    0.460     0.262   0.896     0.123      0.094     0.00882  -1	   0.1546726     0.0789902
     D1GPW-a83b      0.049     0.037       0.182     0.727      0.142     0.979      0.615     0.579      0.186     0.184    0.452     0.239   0.851     0.128      0.118     0.00886  -1	   0.1642833     0.0698289
     D1GPW-a83c      0.046     0.059       0.253     0.560      0.408     0.984      0.515     0.391      0.115     0.203    0.463     0.254   0.752     0.092      0.063     0.00871  -1	   0.4125465     0.2917629
     D1GPW-a83d      0.050     0.048       0.221     0.667      0.129     0.965      0.530     0.424      0.065     0.186    0.468     0.232   0.827     0.107      0.186     0.00826  -1	   0.2604495     0.2088951
     D1GPW-a84a      0.039     0.052       0.229     0.624      0.182     0.982      0.554     0.506      0.237     0.206    0.467     0.254   0.778     0.102      0.292     0.00947  -1	   0.2770380     0.0834864
     D1GPW-a84b      0.048     0.064       0.253     0.615      0.397     0.968      0.473     0.300      0.240     0.194    0.458     0.247   0.831     0.087      0.100     0.00868  -1	   0.4151632     0.3475890
     D1GPW-a84c      0.045     0.057       0.229     0.664      0.203     0.980      0.554     0.441      0.234     0.201    0.464     0.250   0.854     0.095      0.239     0.00892  -1	   0.2931880     0.1506551
     D1GPW-a84d      0.033     0.040       0.158     0.611      0.166     0.988      0.562     0.554      0.852     0.277    0.590     0.246   0.739     0.143      0.166     0.00719  -1	   0.0858754     0.0407443
     D1GPW-a85a      0.023     0.047       0.202     0.738      0.586     0.964      0.427     0.403      0.762     0.234    0.506     0.258   0.913     0.126      0.182     0.00925  -1	   0.4953738     0.3045520
     D1GPW-a85b      0.026     0.047       0.209     0.733      0.557     0.952      0.436     0.424      0.487     0.240    0.502     0.267   0.913     0.115      0.182     0.00934  -1	   0.4823624     0.2846951
     D1GPW-a85c      0.024     0.047       0.206     0.747      0.567     0.968      0.430     0.418      0.857     0.258    0.510     0.280   0.913     0.121      0.162     0.00928  -1	   0.4922665     0.3081469
     D1GPW-a85d      0.024     0.046       0.202     0.729      0.594     0.960      0.437     0.417      0.245     0.235    0.496     0.265   0.913     0.119      0.182     0.00922  -1	   0.5769579     0.3631747
     D1GPW-a86a      0.024     0.047       0.209     0.739      0.542     0.950      0.435     0.422      0.870     0.267    0.558     0.257   0.921     0.118      0.182     0.00926  -1	   0.4423703     0.2647286
     D1GPW-a86b      0.023     0.047       0.206     0.752      0.589     0.970      0.448     0.440      0.927     0.244    0.519     0.261   0.893     0.123      0.162     0.00929  -1	   0.5258291     0.3091896
     D1GPW-a86c      0.023     0.046       0.209     0.740      0.584     0.970      0.425     0.402      0.820     0.229    0.490     0.264   0.913     0.119      0.182     0.00921  -1	   0.5108816     0.3300501
     D1GPW-a86d      0.023     0.045       0.202     0.733      0.565     0.963      0.436     0.416      0.133     0.253    0.548     0.251   0.913     0.128      0.182     0.00919  -1	   0.5782163     0.3762608
     D1GPW-a87a      0.024     0.047       0.213     0.661      0.544     0.956      0.462     0.452      0.196     0.197    0.487     0.232   0.896     0.117      0.190     0.00943  -1	   0.5178422     0.2652580
     D1GPW-a87b      0.038     0.047       0.202     0.702     -0.298     0.970      0.521     0.438      0.585     0.202    0.480     0.242   0.750     0.121      0.287     0.01389  -1	  -0.0334003    -0.0050950
     D1GPW-a87c      0.026     0.043       0.182     0.629      0.407     0.957      0.506     0.545      0.718     0.253    0.509     0.275   0.822     0.106      0.118     0.01098  -1	   0.2671996     0.1295953
     D1GPW-a87d      0.026     0.041       0.186     0.609      0.384     0.953      0.533     0.569      0.958     0.196    0.477     0.237   0.848     0.120      0.134     0.01041  -1	   0.2690534     0.1279772
     D1GPW-a88a      0.029     0.049       0.186     0.656     -0.426     0.961      0.572     0.588      0.718     0.179    0.460     0.229   0.639     0.132      0.145     0.00976  -1	  -0.0312031    -0.0488366
     D1GPW-a88b      0.030     0.054       0.213     0.698      0.151     0.933      0.471     0.593      1.000     0.571    0.699     0.412   0.845     0.126      0.243     0.01068  -1	   0.2320081     0.1220710
     D1GPW-a88c      0.033     0.051       0.221     0.622      0.049     0.977      0.554     0.540      0.653     0.225    0.487     0.261   0.713     0.107      0.248     0.01030  -1	   0.0820795     0.0039637
     D1GPW-a88d      0.036     0.046       0.182     0.516     -0.029     0.976      0.572     0.508      0.629     0.230    0.531     0.240   0.717     0.143      0.436     0.01798  -1	   0.0293244    -0.0126550
     D1GPW-a89a      0.048     0.041       0.178     0.629      0.117     0.985      0.562     0.419      0.498     0.173    0.446     0.230   0.771     0.125      0.337     0.02604  -1	   0.1389369     0.1227636
     D1GPW-a89b      0.032     0.045       0.158     0.682     -0.485     0.977      0.546     0.583      0.957     0.188    0.468     0.234   0.683     0.144      0.118     0.02521  -1	  -0.0147144     0.0320480
     D1GPW-a89c      0.038     0.034       0.146     0.570     -0.057     0.961      0.569     0.547      0.399     0.188    0.447     0.247   0.738     0.180      0.225     0.01919  -1	   0.0080142    -0.0218502
     D1GPW-a89d      0.037     0.042       0.190     0.660     -0.205     0.979      0.549     0.444      0.675     0.203    0.492     0.236   0.773     0.126      0.395     0.01409  -1	  -0.0408606     0.0021908
      D1GPW-a8a      0.047     0.043       0.166     0.689      0.432     0.994      0.524     0.410      0.231     0.198    0.472     0.242   0.878     0.158      0.395     0.00849  -1	   0.5190860     0.3398624
      D1GPW-a8b      0.047     0.033       0.146     0.714      0.393     1.000      0.511     0.333      0.056     0.228    0.517     0.246   0.928     0.146      0.245     0.00891  -1	   0.4352021     0.5504833
      D1GPW-a8c      0.039     0.041       0.166     0.583     -0.553     0.963      0.617     0.658      0.823     0.219    0.490     0.253   0.590     0.159      0.202     0.01086  -1	  -0.0102007    -0.0290529
      D1GPW-a8d      0.040     0.041       0.166     0.552     -0.502     0.965      0.597     0.620      0.821     0.217    0.485     0.254   0.590     0.172      0.208     0.01087  -1	  -0.0124431    -0.0188226
     D1GPW-a90a      0.028     0.042       0.166     0.742     -0.433     0.976      0.537     0.590      0.754     0.185    0.458     0.236   0.664     0.158      0.178     0.02155  -1	  -0.0615945    -0.0393036
     D1GPW-a90b      0.027     0.041       0.158     0.756     -0.392     0.978      0.555     0.612      0.705     0.210    0.469     0.257   0.703     0.156      0.172     0.02254  -1	  -0.0707956    -0.0557861
     D1GPW-a90c      0.034     0.049       0.217     0.657     -0.302     0.963      0.632     0.622      0.981     0.226    0.482     0.266   0.812     0.110      0.058     0.03295  -1	  -0.0126803     0.0118680
     D1GPW-a90d      0.048     0.040       0.170     0.652      0.233     0.989      0.552     0.395      0.277     0.188    0.463     0.237   0.840     0.129      0.254     0.02062  -1	   0.2361853     0.2400263
     D1GPW-a91a      0.041     0.068       0.249     0.659      0.439     0.958      0.475     0.481      0.088     0.209    0.512     0.230   0.945     0.094      0.181     0.05566  -1	   0.5319361     0.1364465
     D1GPW-a91b      0.046     0.049       0.206     0.636      0.337     1.000      0.475     0.343      0.119     0.240    0.490     0.275   0.816     0.120      0.180     0.23200  -1	   0.3687511     0.3677601
     D1GPW-a91c      0.050     0.075       0.320     0.561      0.602     0.981      0.423     0.239      0.051     0.193    0.490     0.227   0.703     0.086      0.272     0.65523   1	   0.9170006     0.7065914
     D1GPW-a91d      0.039     0.043       0.206     0.642      0.499     0.967      0.535     0.379      0.556     0.230    0.484     0.269   0.836     0.120      0.312     0.11040  -1	   0.4549150     0.3544782
     D1GPW-a92a      0.047     0.049       0.198     0.631      0.335     1.000      0.473     0.334      0.227     0.214    0.461     0.266   0.816     0.121      0.180     0.21978  -1	   0.3354916     0.3350661
     D1GPW-a92b      0.044     0.052       0.209     0.669      0.439     0.998      0.454     0.301      0.090     0.238    0.481     0.278   0.945     0.110      0.189     0.17122  -1	   0.4933942     0.4873085
     D1GPW-a92c      0.046     0.054       0.209     0.659      0.367     1.000      0.470     0.332      0.132     0.205    0.456     0.260   0.898     0.116      0.155     0.21776  -1	   0.3993128     0.3527990
     D1GPW-a92d      0.043     0.054       0.209     0.655      0.419     1.000      0.451     0.300      0.175     0.219    0.467     0.268   0.945     0.110      0.192     0.20281  -1	   0.4452020     0.4195790
     D1GPW-a93a      0.043     0.053       0.213     0.658      0.487     1.000      0.462     0.303      0.049     0.213    0.483     0.251   0.915     0.112      0.181     0.18950  -1	   0.5622109     0.5303117
     D1GPW-a93b      0.042     0.052       0.213     0.671      0.407     0.977      0.438     0.282      0.052     0.279    0.516     0.296   0.945     0.116      0.164     0.18027  -1	   0.4440991     0.4969912
     D1GPW-a93c      0.040     0.048       0.194     0.638      0.443     0.993      0.472     0.340      0.545     0.309    0.626     0.250   0.822     0.128      0.160     0.17298  -1	   0.3708612     0.3363908
     D1GPW-a93d      0.042     0.046       0.190     0.560      0.410     1.000      0.484     0.351      0.307     0.216    0.499     0.245   0.804     0.139      0.200     0.15285  -1	   0.3447443     0.3171743
     D1GPW-a94a      0.045     0.054       0.209     0.660      0.366     1.000      0.474     0.334      0.171     0.210    0.474     0.254   0.898     0.113      0.173     0.21864  -1	   0.3926735     0.3439255
     D1GPW-a94b      0.046     0.053       0.213     0.669      0.443     1.000      0.460     0.289      0.611     0.220    0.486     0.257   0.945     0.114      0.205     0.19896  -1	   0.4004002     0.3409279
     D1GPW-a94c      0.041     0.045       0.186     0.662      0.212     0.951      0.556     0.653      0.680     0.260    0.489     0.296   0.840     0.128      0.121     0.02233  -1	   0.1238010    -0.0101311
     D1GPW-a94d      0.047     0.077       0.320     0.598      0.550     0.983      0.407     0.228      0.022     0.190    0.486     0.226   0.697     0.079      0.250     0.70228   1	   0.8645461     0.6801301
     D1GPW-a95a      0.041     0.043       0.166     0.646     -0.164     0.955      0.666     0.704      0.964     0.228    0.496     0.259   0.701     0.163      0.170     0.01358  -1	  -0.0165146     0.0000773
     D1GPW-a95b      0.033     0.047       0.194     0.720     -0.369     0.966      0.665     0.660      0.968     0.243    0.521     0.259   0.724     0.116      0.209     0.01414  -1	  -0.0717231    -0.0128306
     D1GPW-a95c      0.046     0.047       0.202     0.576      0.290     0.971      0.581     0.499      0.113     0.187    0.453     0.242   0.798     0.110      0.131     0.01587  -1	   0.2797915     0.1483624
     D1GPW-a95d      0.032     0.037       0.166     0.709      0.076     0.964      0.645     0.624      0.728     0.211    0.486     0.247   0.841     0.129      0.191     0.01275  -1	   0.0142763    -0.0230480
     D1GPW-a96a      0.035     0.045       0.186     0.519      0.172     0.948      0.585     0.590      0.822     0.217    0.482     0.256   0.659     0.117      0.140     0.01024  -1	   0.1341917     0.0550087
     D1GPW-a96b      0.030     0.044       0.174     0.605      0.011     0.960      0.612     0.566      0.538     0.220    0.464     0.271   0.725     0.120      0.156     0.01522  -1	   0.0193935    -0.0232669
     D1GPW-a96c      0.044     0.037       0.190     0.609     -0.122     0.992      0.598     0.496      0.772     0.207    0.458     0.261   0.732     0.126      0.080     0.00906  -1	  -0.0136168     0.0241845
     D1GPW-a96d      0.039     0.040       0.182     0.661      0.104     0.978      0.580     0.542      0.822     0.213    0.500     0.241   0.827     0.128      0.193     0.00929  -1	   0.0533752     0.0163436
     D1GPW-a97a      0.050     0.047       0.217     0.705      0.021     0.951      0.570     0.500      0.783     0.190    0.457     0.242   0.805     0.108      0.194     0.00826  -1	   0.0562871     0.0273799
     D1GPW-a97b      0.042     0.055       0.249     0.608      0.490     0.976      0.544     0.437      0.013     0.184    0.483     0.222   0.848     0.100      0.065     0.00865  -1	   0.5065432     0.3273517
     D1GPW-a97c      0.045     0.049       0.217     0.632     -0.032     0.971      0.521     0.361      0.188     0.217    0.493     0.250   0.796     0.098      0.113     0.00930  -1	   0.0738170     0.1774533
     D1GPW-a97d      0.041     0.043       0.174     0.588      0.030     0.957      0.599     0.566      0.885     0.213    0.469     0.261   0.708     0.109      0.306     0.00751  -1	   0.0481072     0.0205475
     D1GPW-a98a      0.046     0.039       0.170     0.738      0.355     0.962      0.577     0.593      0.336     0.308    0.569     0.286   0.928     0.132      0.096     0.00838  -1	   0.2436809     0.0852964
     D1GPW-a98b      0.040     0.054       0.241     0.686      0.085     0.943      0.561     0.539      0.470     0.201    0.469     0.248   0.805     0.093      0.229     0.00828  -1	   0.1349066    -0.0012112
     D1GPW-a98c      0.040     0.051       0.206     0.613     -0.197     0.958      0.609     0.623      0.969     0.201    0.477     0.243   0.664     0.106      0.133     0.00865  -1	   0.0252842     0.0302293
     D1GPW-a98d      0.044     0.040       0.170     0.568     -0.257     0.958      0.649     0.640      0.801     0.209    0.486     0.246   0.653     0.138      0.214     0.00737  -1	  -0.0387425    -0.0347189
     D1GPW-a99a      0.040     0.035       0.130     0.627      0.302     0.969      0.600     0.617      0.743     0.193    0.478     0.233   0.816     0.183      0.121     0.00794  -1	   0.1272824    -0.0004263
     D1GPW-a99b      0.044     0.027       0.115     0.732      0.405     0.979      0.581     0.562      0.379     0.169    0.449     0.224   0.902     0.217      0.171     0.00924  -1	   0.2380048     0.0816261
     D1GPW-a99c      0.037     0.066       0.269     0.685     -0.075     0.934      0.593     0.576      0.940     0.245    0.489     0.280   0.747     0.090      0.184     0.00725  -1	   0.0652966     0.0087553
     D1GPW-a99d      0.035     0.069       0.257     0.727     -0.115     0.942      0.562     0.547      0.979     0.286    0.545     0.284   0.711     0.094      0.183     0.00730  -1	   0.0452949    -0.0001751
      D1GPW-a9a      0.047     0.038       0.178     0.637      0.046     0.984      0.591     0.575      0.562     0.200    0.467     0.248   0.725     0.165      0.252     0.00886  -1	   0.0562526    -0.0238306
      D1GPW-a9b      0.052     0.047       0.206     0.639      0.128     0.970      0.618     0.612      0.539     0.194    0.477     0.236   0.771     0.121      0.173     0.00792  -1	   0.1205061    -0.0121002
      D1GPW-a9c      0.053     0.046       0.206     0.718     -0.013     0.972      0.608     0.602      0.250     0.214    0.484     0.252   0.876     0.120      0.149     0.00806  -1	   0.0945482    -0.0453457
      D1GPW-a9d      0.038     0.044       0.182     0.689     -0.268     0.978      0.590     0.559      0.907     0.247    0.498     0.276   0.726     0.154      0.150     0.00787  -1	  -0.0480578    -0.0179503
