      D1OFU-a9d      0.008     0.049       0.216     0.568     -0.258     0.774      0.574     0.541      0.485     0.341    0.440     0.414   0.653     0.085      0.232     0.00728  -1	   0.0093863    -0.0042352
      D1OFU-a0a      0.011     0.051       0.199     0.655     -0.033     0.759      0.573     0.652      0.509     0.342    0.458     0.401   0.747     0.087      0.127     0.00509  -1	  -0.0015012    -0.0453619
      D1OFU-a0b      0.009     0.050       0.222     0.533     -0.128     0.776      0.607     0.735      0.254     0.512    0.587     0.456   0.653     0.085      0.036     0.00729  -1	  -0.0489266    -0.0865088
      D1OFU-a0c      0.014     0.044       0.190     0.572      0.114     0.772      0.572     0.530      0.184     0.323    0.445     0.391   0.753     0.090      0.198     0.00463  -1	   0.0976088     0.0606069
      D1OFU-a0d      0.012     0.060       0.235     0.695     -0.206     0.767      0.576     0.640      0.977     0.389    0.474     0.433   0.637     0.079      0.144     0.00729  -1	   0.0070973     0.0089343
    D1OFU-a100a      0.011     0.041       0.206     0.564      0.347     0.778      0.576     0.647      0.830     0.346    0.466     0.399   0.798     0.079      0.130     0.00707  -1	   0.1474969     0.0692053
    D1OFU-a100b      0.012     0.043       0.193     0.636      0.310     0.765      0.566     0.611      0.981     0.496    0.459     0.545   0.816     0.076      0.097     0.00718  -1	   0.1800148     0.0829167
    D1OFU-a100c      0.013     0.042       0.183     0.543     -0.063     0.765      0.588     0.570      0.771     0.412    0.442     0.482   0.677     0.096      0.329     0.00653  -1	  -0.0124545    -0.0096203
    D1OFU-a100d      0.010     0.054       0.271     0.566     -0.085     0.762      0.531     0.545      0.468     0.449    0.514     0.458   0.554     0.070      0.313     0.00681  -1	   0.0398734     0.0022149
    D1OFU-a101a      0.007     0.037       0.150     0.670      0.241     0.788      0.564     0.625      0.978     0.299    0.454     0.360   0.840     0.143      0.046     0.01163  -1	   0.0487201     0.0099873
    D1OFU-a101b      0.011     0.030       0.134     0.681     -0.336     0.801      0.609     0.656      0.482     0.314    0.468     0.365   0.812     0.148      0.082     0.01165  -1	  -0.0236894    -0.0251044
    D1OFU-a101c      0.013     0.042       0.180     0.636     -0.373     0.768      0.560     0.599      0.434     0.362    0.489     0.397   0.644     0.113      0.319     0.00929  -1	   0.0578007    -0.0091758
    D1OFU-a101d      0.007     0.038       0.144     0.677      0.192     0.781      0.562     0.615      0.490     0.353    0.484     0.391   0.794     0.138      0.140     0.01396  -1	   0.0120029    -0.0305326
    D1OFU-a102a      0.011     0.040       0.176     0.639     -0.225     0.763      0.549     0.615      0.186     0.381    0.553     0.365   0.718     0.102      0.128     0.01057  -1	   0.0397331     0.0046457
    D1OFU-a102b      0.010     0.051       0.173     0.715     -0.438     0.766      0.581     0.658      0.229     0.362    0.474     0.407   0.000     0.114      0.186     0.00929  -1	   0.1311867     0.0096546
    D1OFU-a102c      0.008     0.038       0.147     0.677      0.148     0.793      0.550     0.621      0.898     0.357    0.460     0.413   0.827     0.132      0.295     0.01453  -1	   0.0025366    -0.0249372
    D1OFU-a102d      0.011     0.043       0.160     0.665     -0.361     0.767      0.584     0.635      0.311     0.308    0.446     0.375   0.699     0.120      0.129     0.00937  -1	   0.0748547     0.0016698
    D1OFU-a103a      0.007     0.040       0.160     0.672      0.455     0.793      0.511     0.590      0.557     0.358    0.473     0.405   0.891     0.116      0.442     0.01792  -1	   0.2819191     0.0488766
    D1OFU-a103b      0.011     0.042       0.173     0.597     -0.499     0.799      0.571     0.533      0.316     0.343    0.452     0.406   0.609     0.110      0.498     0.05968  -1	   0.1881530     0.0786720
    D1OFU-a103c      0.008     0.031       0.134     0.609     -0.041     0.795      0.559     0.605      0.645     0.338    0.459     0.395   0.796     0.155      0.117     0.03630  -1	  -0.0698802    -0.0338303
    D1OFU-a103d      0.006     0.040       0.163     0.661      0.433     0.797      0.521     0.593      0.218     0.342    0.453     0.404   0.878     0.108      0.503     0.01810  -1	   0.4353728     0.0746152
    D1OFU-a104a      0.006     0.064       0.275     0.565      0.142     0.771      0.493     0.628      0.663     0.545    0.494     0.563   0.587     0.075      0.352     0.02001  -1	   0.1561438     0.0450044
    D1OFU-a104b      0.007     0.056       0.235     0.559      0.034     0.774      0.535     0.668      0.182     0.402    0.497     0.428   0.587     0.084      0.052     0.02095  -1	   0.0245013    -0.0585238
    D1OFU-a104c      0.005     0.037       0.150     0.703      0.193     0.796      0.523     0.600      0.517     0.329    0.459     0.387   0.819     0.118      0.342     0.03386  -1	   0.0771092    -0.0228517
    D1OFU-a104d      0.006     0.051       0.229     0.604      0.004     0.784      0.547     0.713      0.226     0.318    0.504     0.342   0.713     0.079      0.154     0.01202  -1	   0.0552099    -0.0921434
    D1OFU-a105a      0.011     0.042       0.199     0.663      0.087     0.785      0.551     0.641      0.932     0.401    0.503     0.421   0.817     0.114      0.055     0.01775  -1	   0.0146211     0.0120011
    D1OFU-a105b     -0.001     0.048       0.193     0.731     -0.354     0.775      0.540     0.607      0.118     0.324    0.463     0.378   0.724     0.100      0.120     0.03309  -1	   0.1194783     0.0201288
    D1OFU-a105c      0.007     0.046       0.173     0.613      0.125     0.789      0.529     0.574      0.477     0.322    0.478     0.365   0.771     0.113      0.370     0.04429  -1	   0.0810232    -0.0312865
    D1OFU-a105d      0.006     0.052       0.180     0.678      0.140     0.784      0.487     0.519      0.132     0.298    0.452     0.360   0.780     0.104      0.299     0.04572  -1	   0.2280215     0.0656531
    D1OFU-a106a      0.005     0.047       0.199     0.651     -0.486     0.774      0.543     0.596      0.642     0.282    0.460     0.339   0.683     0.101      0.254     0.02071  -1	   0.0304034    -0.0096187
    D1OFU-a106b      0.010     0.043       0.183     0.623      0.046     0.787      0.510     0.482      0.522     0.338    0.469     0.387   0.725     0.089      0.246     0.02430  -1	   0.0153521     0.0539356
    D1OFU-a106c      0.010     0.049       0.199     0.538     -0.404     0.762      0.520     0.480      0.089     0.316    0.468     0.367   0.504     0.092      0.416     0.01657  -1	   0.2613778     0.2042060
    D1OFU-a106d      0.008     0.048       0.176     0.578      0.112     0.785      0.525     0.547      0.605     0.303    0.458     0.362   0.753     0.114      0.337     0.04472  -1	   0.0399577    -0.0144152
    D1OFU-a107a      0.006     0.043       0.176     0.632     -0.189     0.771      0.578     0.554      0.518     0.376    0.484     0.413   0.701     0.096      0.299     0.02141  -1	  -0.0042659    -0.0094566
    D1OFU-a107b      0.010     0.041       0.180     0.726      0.085     0.772      0.536     0.602      0.330     0.334    0.466     0.386   0.841     0.096      0.200     0.06148  -1	   0.0631734    -0.0205387
    D1OFU-a107c      0.004     0.047       0.190     0.584     -0.381     0.780      0.567     0.566      0.413     0.333    0.479     0.375   0.626     0.095      0.363     0.01841  -1	   0.0694378     0.0051030
    D1OFU-a107d      0.012     0.046       0.176     0.554      0.113     0.771      0.519     0.529      0.180     0.318    0.462     0.374   0.753     0.102      0.316     0.04531  -1	   0.1500211     0.0485948
    D1OFU-a108a      0.017     0.056       0.229     0.613      0.303     0.765      0.496     0.447      0.127     0.360    0.502     0.384   0.853     0.088      0.181     0.01308  -1	   0.2388192     0.1418251
    D1OFU-a108b      0.020     0.055       0.245     0.608      0.312     0.761      0.530     0.425      0.122     0.362    0.480     0.402   0.853     0.085      0.163     0.01233  -1	   0.2389396     0.1984819
    D1OFU-a108c      0.016     0.057       0.239     0.622      0.103     0.769      0.511     0.448      0.025     0.423    0.461     0.476   0.713     0.083      0.181     0.01264  -1	   0.1819851     0.1392745
    D1OFU-a108d      0.002     0.047       0.193     0.685     -0.398     0.773      0.567     0.615      0.096     0.333    0.464     0.387   0.699     0.098      0.418     0.01894  -1	   0.2877247     0.0317917
    D1OFU-a109a      0.009     0.033       0.124     0.646      0.199     0.776      0.628     0.659      0.644     0.342    0.518     0.355   0.739     0.153      0.240     0.01594  -1	  -0.0073517    -0.0389647
    D1OFU-a109b      0.002     0.048       0.180     0.704      0.135     0.783      0.530     0.564      0.547     0.323    0.458     0.381   0.851     0.099      0.432     0.02575  -1	   0.1044867    -0.0433065
    D1OFU-a109c      0.009     0.051       0.222     0.568      0.035     0.760      0.575     0.687      0.177     0.346    0.483     0.386   0.587     0.089      0.032     0.01290  -1	   0.0206557    -0.0394419
    D1OFU-a109d      0.007     0.054       0.216     0.644     -0.363     0.764      0.564     0.554      0.434     0.336    0.492     0.368   0.471     0.076      0.401     0.00886  -1	   0.0814165     0.0010817
     D1OFU-a10a      0.010     0.048       0.219     0.528     -0.084     0.772      0.629     0.750      0.453     0.426    0.470     0.472   0.677     0.091      0.037     0.00731  -1	  -0.0385629    -0.0608248
     D1OFU-a10b     -0.000     0.031       0.124     0.678      0.187     0.787      0.597     0.679      0.639     0.337    0.455     0.397   0.794     0.172      0.212     0.00583  -1	  -0.0234444    -0.0607141
     D1OFU-a10c      0.009     0.038       0.144     0.642     -0.215     0.774      0.615     0.603      0.992     0.380    0.483     0.417   0.718     0.105      0.767     0.00583  -1	  -0.0733595    -0.0140131
     D1OFU-a10d      0.010     0.050       0.212     0.625     -0.391     0.777      0.566     0.535      0.479     0.398    0.500     0.421   0.644     0.083      0.235     0.00725  -1	   0.0237349     0.0011823
    D1OFU-a110a      0.009     0.033       0.127     0.677     -0.045     0.767      0.584     0.569      0.984     0.349    0.501     0.374   0.852     0.131      0.850     0.01020  -1	  -0.0707972    -0.0468429
    D1OFU-a110b      0.007     0.047       0.190     0.630     -0.525     0.777      0.525     0.569      0.549     0.438    0.452     0.498   0.607     0.105      0.380     0.01841  -1	   0.0845726     0.0136777
    D1OFU-a110c      0.010     0.054       0.225     0.621     -0.359     0.766      0.562     0.571      0.073     0.336    0.471     0.385   0.471     0.072      0.221     0.00869  -1	   0.1679240     0.0628364
    D1OFU-a110d      0.010     0.054       0.222     0.647     -0.323     0.766      0.560     0.562      0.054     0.427    0.525     0.428   0.515     0.073      0.306     0.00881  -1	   0.2132915     0.0799874
    D1OFU-a111a      0.013     0.044       0.170     0.749     -0.277     0.751      0.500     0.563      0.015     0.386    0.466     0.437   0.750     0.117      0.110     0.00976  -1	   0.1672708     0.0947989
    D1OFU-a111b      0.012     0.043       0.167     0.705     -0.362     0.770      0.522     0.588      0.080     0.322    0.468     0.373   0.724     0.123      0.245     0.00959  -1	   0.2201452     0.0753035
    D1OFU-a111c      0.013     0.044       0.167     0.725     -0.270     0.755      0.536     0.591      0.091     0.331    0.470     0.380   0.750     0.119      0.243     0.00975  -1	   0.2017321     0.0639699
    D1OFU-a111d      0.012     0.042       0.163     0.731     -0.354     0.761      0.528     0.595      0.047     0.346    0.494     0.377   0.724     0.122      0.103     0.00975  -1	   0.1674671     0.0868586
    D1OFU-a112a      0.007     0.049       0.186     0.656     -0.492     0.765      0.548     0.614      0.495     0.325    0.452     0.388   0.683     0.095      0.288     0.02100  -1	   0.0916306    -0.0104413
    D1OFU-a112b      0.008     0.047       0.180     0.658     -0.314     0.771      0.559     0.595      0.278     0.353    0.488     0.388   0.812     0.108      0.267     0.01371  -1	   0.1006804    -0.0202591
    D1OFU-a112c      0.011     0.041       0.167     0.567      0.275     0.777      0.546     0.569      0.448     0.395    0.516     0.405   0.798     0.107      0.121     0.01388  -1	   0.0514624     0.0097284
    D1OFU-a112d      0.003     0.049       0.196     0.643     -0.504     0.768      0.544     0.592      0.119     0.308    0.454     0.368   0.607     0.091      0.187     0.01900  -1	   0.2027596     0.0559731
    D1OFU-a113a      0.005     0.036       0.157     0.720      0.166     0.797      0.529     0.605      0.486     0.311    0.444     0.380   0.819     0.121      0.333     0.03480  -1	   0.0737443    -0.0247425
    D1OFU-a113b      0.006     0.041       0.160     0.635     -0.086     0.782      0.511     0.522      0.029     0.281    0.434     0.358   0.756     0.128      0.399     0.02264  -1	   0.2638427     0.1337586
    D1OFU-a113c      0.011     0.043       0.190     0.638     -0.531     0.779      0.542     0.583      0.131     0.277    0.454     0.338   0.607     0.100      0.282     0.02043  -1	   0.2437336     0.0768012
    D1OFU-a113d      0.006     0.049       0.203     0.654     -0.577     0.779      0.539     0.589      0.497     0.356    0.441     0.428   0.663     0.092      0.224     0.01792  -1	   0.0990446    -0.0085135
    D1OFU-a114a      0.014     0.039       0.170     0.671      0.017     0.782      0.598     0.554      0.559     0.345    0.458     0.403   0.781     0.093      0.382     0.00379  -1	   0.0319144    -0.0043373
    D1OFU-a114b      0.014     0.049       0.222     0.689      0.085     0.782      0.549     0.516      0.113     0.336    0.467     0.387   0.817     0.076      0.210     0.00484  -1	   0.1705238     0.0925591
    D1OFU-a114c      0.014     0.044       0.193     0.564      0.111     0.776      0.557     0.511      0.234     0.406    0.436     0.481   0.753     0.089      0.198     0.00465  -1	   0.0683151     0.0522092
    D1OFU-a114d      0.018     0.068       0.265     0.611      0.046     0.778      0.516     0.458      0.039     0.486    0.486     0.515   0.713     0.076      0.125     0.00424  -1	   0.1417372     0.0809724
    D1OFU-a115a      0.003     0.051       0.206     0.703     -0.506     0.775      0.530     0.569      0.131     0.296    0.442     0.367   0.636     0.089      0.172     0.01928  -1	   0.1965237     0.0558778
    D1OFU-a115b      0.011     0.050       0.193     0.594     -0.437     0.770      0.510     0.483      0.107     0.375    0.461     0.430   0.566     0.094      0.466     0.01651  -1	   0.2966138     0.1901867
    D1OFU-a115c      0.006     0.050       0.186     0.653      0.125     0.788      0.512     0.564      0.557     0.321    0.501     0.347   0.827     0.109      0.316     0.04360  -1	   0.0584813    -0.0466328
    D1OFU-a115d      0.011     0.045       0.173     0.546     -0.452     0.774      0.593     0.587      0.380     0.320    0.449     0.384   0.548     0.090      0.436     0.01627  -1	   0.1307943     0.0290356
     D1OFU-a11a      0.013     0.061       0.242     0.596     -0.327     0.757      0.572     0.639      0.314     0.342    0.448     0.408   0.389     0.075      0.099     0.00722  -1	   0.0517723    -0.0162242
     D1OFU-a11b      0.010     0.050       0.199     0.617     -0.325     0.780      0.581     0.566      0.160     0.386    0.479     0.427   0.756     0.076      0.233     0.00728  -1	   0.1190881     0.0241391
     D1OFU-a11c      0.014     0.048       0.216     0.596      0.099     0.787      0.559     0.504      0.367     0.338    0.456     0.397   0.744     0.098      0.057     0.00507  -1	   0.0210143     0.0370851
     D1OFU-a11d      0.014     0.057       0.219     0.627      0.104     0.759      0.582     0.683      0.148     0.414    0.558     0.390   0.713     0.091      0.149     0.00561  -1	   0.1285949    -0.0408357
     D1OFU-a12a      0.004     0.061       0.242     0.683     -0.251     0.767      0.604     0.705      0.517     0.362    0.490     0.395   0.582     0.073      0.059     0.00896  -1	  -0.0191857    -0.0201851
     D1OFU-a12b      0.012     0.027       0.118     0.559      0.182     0.768      0.592     0.572      0.483     0.321    0.476     0.366   0.721     0.165      0.595     0.00600  -1	   0.0876123    -0.0017559
     D1OFU-a12c      0.009     0.047       0.186     0.602      0.102     0.768      0.554     0.571      0.158     0.338    0.463     0.393   0.771     0.103      0.088     0.00522  -1	   0.0546972    -0.0033164
     D1OFU-a12d      0.013     0.056       0.219     0.559      0.178     0.792      0.536     0.592      0.256     0.354    0.464     0.407   0.652     0.082     -0.063     0.00727  -1	   0.0360866    -0.0194964
     D1OFU-a13a      0.014     0.048       0.190     0.637     -0.266     0.762      0.592     0.558      0.419     0.330    0.456     0.390   0.671     0.094      0.318     0.00467  -1	   0.0605498     0.0034327
     D1OFU-a13b      0.003     0.047       0.176     0.592      0.186     0.766      0.570     0.586      0.339     0.336    0.494     0.367   0.721     0.094      0.390     0.00463  -1	   0.1539317    -0.0017559
     D1OFU-a13c      0.005     0.064       0.248     0.478      0.139     0.769      0.496     0.526      0.410     0.381    0.509     0.399   0.316     0.073      0.073     0.00690  -1	   0.0712079     0.0466568
     D1OFU-a13d      0.014     0.048       0.199     0.619      0.153     0.785      0.562     0.532      0.080     0.504    0.647     0.398   0.739     0.085      0.169     0.00471  -1	   0.1806221     0.1544619
     D1OFU-a14a      0.014     0.053       0.206     0.553      0.059     0.766      0.585     0.579      0.264     0.349    0.466     0.400   0.612     0.086      0.238     0.00466  -1	   0.0955376     0.0088411
     D1OFU-a14b      0.005     0.054       0.193     0.661     -0.223     0.781      0.534     0.571      0.846     0.354    0.500     0.380   0.637     0.093      0.164     0.00426  -1	  -0.0273588    -0.0027468
     D1OFU-a14c      0.012     0.048       0.190     0.619     -0.269     0.770      0.599     0.590      0.223     0.318    0.453     0.380   0.671     0.087      0.325     0.00453  -1	   0.1363215     0.0160055
     D1OFU-a14d      0.016     0.045       0.203     0.617     -0.101     0.765      0.569     0.661      0.341     0.300    0.482     0.339   0.732     0.099      0.247     0.00505  -1	   0.0465938    -0.0596142
     D1OFU-a15a      0.009     0.052       0.186     0.668      0.144     0.774      0.498     0.481      0.098     0.318    0.468     0.369   0.780     0.107      0.366     0.00414  -1	   0.2877962     0.1319426
     D1OFU-a15b      0.008     0.042       0.173     0.617     -0.346     0.779      0.536     0.555      0.544     0.327    0.450     0.391   0.756     0.119      0.306     0.00537  -1	   0.0205932     0.0039711
     D1OFU-a15c      0.005     0.056       0.209     0.704     -0.267     0.787      0.521     0.541      0.197     0.308    0.486     0.346   0.636     0.093      0.190     0.00421  -1	   0.1057094     0.0345466
     D1OFU-a15d      0.014     0.042       0.163     0.646     -0.112     0.762      0.574     0.651      0.141     0.303    0.442     0.374   0.732     0.113      0.256     0.00464  -1	   0.1354070    -0.0164098
     D1OFU-a16a      0.015     0.067       0.258     0.597      0.178     0.768      0.473     0.539      0.023     0.345    0.494     0.374   0.652     0.082      0.280     0.00405  -1	   0.3221354     0.0544970
     D1OFU-a16b      0.015     0.067       0.248     0.610      0.164     0.772      0.467     0.493      0.044     0.323    0.467     0.374   0.778     0.087      0.134     0.00402  -1	   0.2113394     0.0366904
     D1OFU-a16c      0.014     0.066       0.261     0.627      0.126     0.773      0.506     0.557      0.017     0.340    0.482     0.380   0.713     0.081      0.123     0.00405  -1	   0.2015255     0.0170726
     D1OFU-a16d      0.016     0.064       0.242     0.622      0.202     0.774      0.491     0.532      0.036     0.350    0.469     0.400   0.787     0.086      0.177     0.00402  -1	   0.2481167     0.0288789
     D1OFU-a17a      0.015     0.065       0.255     0.594      0.139     0.768      0.483     0.537      0.026     0.412    0.548     0.397   0.587     0.080      0.172     0.00403  -1	   0.2199401     0.0592945
     D1OFU-a17b      0.012     0.051       0.222     0.661      0.263     0.776      0.515     0.550      0.555     0.380    0.465     0.431   0.892     0.078      0.123     0.00380  -1	   0.1039743     0.0199533
     D1OFU-a17c      0.016     0.070       0.268     0.655      0.122     0.772      0.485     0.506      0.020     0.340    0.451     0.405   0.780     0.083      0.140     0.00405  -1	   0.2290838     0.0351272
     D1OFU-a17d      0.018     0.065       0.239     0.629      0.165     0.768      0.463     0.504      0.088     0.346    0.504     0.368   0.778     0.085      0.262     0.00402  -1	   0.2755783     0.0518470
     D1OFU-a18a      0.010     0.045       0.190     0.545     -0.307     0.770      0.564     0.627      0.440     0.371    0.488     0.405   0.677     0.097      0.122     0.00416  -1	  -0.0039465    -0.0270065
     D1OFU-a18b      0.007     0.047       0.203     0.615     -0.461     0.772      0.537     0.560      0.681     0.331    0.493     0.362   0.627     0.099      0.189     0.00414  -1	   0.0090351     0.0080561
     D1OFU-a18c      0.007     0.048       0.196     0.565     -0.420     0.766      0.538     0.592      0.293     0.327    0.467     0.378   0.566     0.089      0.244     0.00413  -1	   0.1005235     0.0195936
     D1OFU-a18d      0.012     0.040       0.157     0.700     -0.239     0.773      0.565     0.593      0.372     0.397    0.451     0.459   0.798     0.128      0.125     0.00420  -1	   0.0086830    -0.0164689
     D1OFU-a19a      0.014     0.037       0.160     0.618     -0.362     0.759      0.586     0.613      0.358     0.347    0.469     0.396   0.644     0.127      0.132     0.00424  -1	   0.0420336     0.0126679
     D1OFU-a19b      0.014     0.040       0.180     0.600     -0.412     0.783      0.554     0.580      0.251     0.328    0.460     0.385   0.584     0.117      0.365     0.00436  -1	   0.1480895     0.0392127
     D1OFU-a19c      0.008     0.052       0.209     0.590      0.142     0.771      0.479     0.550      0.088     0.315    0.462     0.371   0.587     0.098      0.202     0.00418  -1	   0.1692081     0.0487070
     D1OFU-a19d      0.012     0.041       0.180     0.650     -0.556     0.786      0.577     0.629      0.156     0.327    0.489     0.362   0.663     0.112      0.302     0.00431  -1	   0.2438011     0.0372127
      D1OFU-a1a      0.016     0.045       0.183     0.575      0.151     0.777      0.597     0.514      0.215     0.307    0.443     0.377   0.721     0.092      0.399     0.00452  -1	   0.2027084     0.1060677
      D1OFU-a1b      0.016     0.048       0.209     0.657      0.069     0.778      0.541     0.494      0.061     0.330    0.461     0.386   0.817     0.079      0.185     0.00473  -1	   0.1626722     0.1170337
      D1OFU-a1c      0.011     0.054       0.209     0.683     -0.124     0.766      0.587     0.668      0.232     0.358    0.459     0.416   0.656     0.083      0.145     0.00506  -1	   0.0635988    -0.0306108
      D1OFU-a1d      0.010     0.039       0.150     0.687      0.255     0.774      0.610     0.617      0.197     0.357    0.461     0.412   0.872     0.113      0.161     0.00551  -1	   0.1246270     0.0334130
     D1OFU-a20a      0.006     0.034       0.134     0.602      0.072     0.777      0.582     0.618      0.406     0.348    0.475     0.392   0.761     0.139      0.180     0.00436  -1	  -0.0200043    -0.0405153
     D1OFU-a20b      0.007     0.034       0.137     0.562      0.221     0.778      0.581     0.629      0.559     0.387    0.489     0.419   0.767     0.137      0.169     0.00436  -1	  -0.0027358    -0.0375220
     D1OFU-a20c      0.008     0.036       0.137     0.669      0.291     0.777      0.578     0.607      0.983     0.366    0.504     0.388   0.872     0.145      0.135     0.00437  -1	   0.0465790    -0.0123278
     D1OFU-a20d      0.008     0.043       0.167     0.498     -0.565     0.763      0.591     0.650      0.806     0.342    0.497     0.370   0.464     0.109      0.129     0.00424  -1	   0.0937287     0.0323917
     D1OFU-a21a      0.008     0.034       0.141     0.680      0.123     0.770      0.580     0.625      0.208     0.381    0.557     0.360   0.827     0.130      0.147     0.00433  -1	   0.0530202     0.0014687
     D1OFU-a21b      0.013     0.052       0.222     0.561      0.239     0.760      0.556     0.633      0.938     0.480    0.493     0.503   0.661     0.071      0.129     0.00663  -1	   0.1586558     0.0730738
     D1OFU-a21c      0.016     0.053       0.229     0.535      0.309     0.761      0.537     0.609      0.198     0.458    0.482     0.491   0.574     0.073      0.168     0.00673  -1	   0.1795818     0.0440802
     D1OFU-a21d      0.014     0.053       0.225     0.600      0.231     0.761      0.551     0.630      0.812     0.463    0.486     0.493   0.787     0.074      0.131     0.00677  -1	   0.1192073     0.0371233
     D1OFU-a22a      0.013     0.047       0.176     0.718     -0.513     0.775      0.518     0.588      0.102     0.309    0.467     0.361   0.688     0.105      0.238     0.00435  -1	   0.2692101     0.0889082
     D1OFU-a22b      0.011     0.049       0.222     0.614      0.341     0.762      0.587     0.654      0.244     0.422    0.477     0.462   0.816     0.073      0.166     0.00635  -1	   0.1913278     0.0285588
     D1OFU-a22c      0.011     0.050       0.219     0.624      0.292     0.769      0.582     0.650      0.362     0.393    0.488     0.426   0.816     0.076      0.179     0.00636  -1	   0.1505387     0.0041242
     D1OFU-a22d      0.011     0.038       0.141     0.645     -0.294     0.770      0.613     0.595      0.905     0.331    0.449     0.397   0.671     0.110      0.832     0.00578  -1	  -0.0562204     0.0004176
     D1OFU-a23a      0.009     0.045       0.203     0.634      0.422     0.767      0.530     0.545      0.287     0.432    0.466     0.481   0.822     0.087      0.044     0.00705  -1	   0.1627216     0.0964883
     D1OFU-a23b      0.010     0.045       0.206     0.654      0.061     0.801      0.515     0.493      0.083     0.390    0.445     0.458   0.817     0.092      0.136     0.01062  -1	   0.0921771     0.0721826
     D1OFU-a23c      0.009     0.046       0.186     0.490      0.327     0.765      0.504     0.510      0.482     0.351    0.478     0.394   0.672     0.098      0.035     0.00726  -1	   0.0733702     0.0582764
     D1OFU-a23d      0.009     0.041       0.176     0.716      0.171     0.790      0.582     0.597      0.658     0.314    0.447     0.380   0.819     0.109      0.179     0.01074  -1	   0.0276898     0.0008520
     D1OFU-a24a      0.010     0.050       0.209     0.587     -0.339     0.770      0.571     0.545      0.159     0.362    0.536     0.359   0.738     0.079      0.212     0.00724  -1	   0.1126302     0.0568629
     D1OFU-a24b      0.012     0.056       0.229     0.701     -0.075     0.770      0.533     0.567      0.999     0.426    0.498     0.449   0.802     0.082      0.140     0.00730  -1	   0.0121817     0.0043885
     D1OFU-a24c      0.009     0.052       0.206     0.644     -0.402     0.773      0.566     0.529      0.071     0.329    0.484     0.368   0.000     0.081      0.216     0.00727  -1	   0.1679999     0.0946568
     D1OFU-a24d      0.009     0.049       0.209     0.600     -0.223     0.768      0.585     0.566      0.624     0.361    0.457     0.419   0.718     0.080      0.212     0.00730  -1	  -0.0144585    -0.0187999
     D1OFU-a25a      0.014     0.046       0.206     0.645      0.159     0.770      0.605     0.641      0.155     0.317    0.477     0.362   0.739     0.086      0.010     0.01077  -1	   0.0572867     0.0234952
     D1OFU-a25b      0.008     0.051       0.209     0.617     -0.294     0.771      0.574     0.551      0.497     0.357    0.449     0.422   0.515     0.079      0.210     0.00730  -1	   0.0081763    -0.0054210
     D1OFU-a25c      0.009     0.053       0.245     0.509      0.401     0.752      0.570     0.597      0.190     0.331    0.445     0.400   0.599     0.065      0.225     0.00901  -1	   0.2747494     0.0990930
     D1OFU-a25d      0.012     0.047       0.222     0.639     -0.145     0.786      0.501     0.519      0.649     0.315    0.449     0.380   0.732     0.097      0.208     0.01480  -1	  -0.0236085     0.0062669
     D1OFU-a26a      0.014     0.036       0.160     0.754     -0.236     0.777      0.577     0.583      0.847     0.325    0.449     0.390   0.777     0.106      0.206     0.00641  -1	  -0.0584590     0.0058649
     D1OFU-a26b      0.009     0.043       0.186     0.638      0.115     0.775      0.605     0.551      0.414     0.338    0.467     0.390   0.771     0.077      0.281     0.00770  -1	   0.0701369     0.0335722
     D1OFU-a26c      0.010     0.060       0.232     0.569      0.165     0.777      0.514     0.604      0.397     0.360    0.470     0.408   0.652     0.077      0.203     0.00722  -1	   0.1148785    -0.0133859
     D1OFU-a26d      0.016     0.036       0.160     0.706     -0.022     0.774      0.575     0.622      0.315     0.386    0.448     0.451   0.876     0.134      0.057     0.00656  -1	  -0.0187937    -0.0394625
     D1OFU-a27a      0.011     0.056       0.216     0.623      0.024     0.774      0.554     0.612      0.137     0.456    0.602     0.394   0.713     0.077      0.049     0.00711  -1	   0.0465222    -0.0118504
     D1OFU-a27b      0.007     0.059       0.216     0.651     -0.075     0.783      0.520     0.604      0.235     0.360    0.483     0.397   0.747     0.094      0.096     0.00731  -1	   0.0426179    -0.0581462
     D1OFU-a27c      0.009     0.057       0.232     0.530      0.161     0.784      0.528     0.594      0.798     0.342    0.450     0.406   0.499     0.080     -0.024     0.00729  -1	   0.1255439     0.0801933
     D1OFU-a27d      0.008     0.063       0.248     0.518      0.089     0.771      0.505     0.567      0.358     0.435    0.494     0.462   0.459     0.077      0.082     0.00692  -1	   0.0469772     0.0053788
     D1OFU-a28a      0.007     0.061       0.245     0.524      0.107     0.779      0.535     0.597      0.482     0.319    0.468     0.371   0.434     0.077      0.008     0.00709  -1	   0.0562758     0.0287321
     D1OFU-a28b      0.008     0.051       0.176     0.619      0.247     0.790      0.487     0.501      0.100     0.314    0.454     0.375   0.787     0.103      0.270     0.00407  -1	   0.2437536     0.0964688
     D1OFU-a28c      0.009     0.056       0.209     0.616     -0.075     0.786      0.548     0.590      0.535     0.321    0.445     0.390   0.680     0.086      0.064     0.00736  -1	  -0.0014554    -0.0227666
     D1OFU-a28d      0.010     0.048       0.206     0.605     -0.110     0.770      0.555     0.562      0.519     0.318    0.464     0.372   0.732     0.087      0.137     0.00592  -1	  -0.0176025    -0.0134061
     D1OFU-a29a      0.017     0.031       0.131     0.542      0.337     0.797      0.557     0.532      0.220     0.311    0.472     0.359   0.737     0.139      0.361     0.00383  -1	   0.1968527     0.1214500
     D1OFU-a29b      0.007     0.038       0.160     0.607      0.330     0.781      0.514     0.563      0.104     0.460    0.466     0.506   0.816     0.118      0.195     0.00439  -1	   0.1711897     0.0541589
     D1OFU-a29c      0.006     0.053       0.193     0.677     -0.278     0.785      0.540     0.562      0.503     0.332    0.470     0.381   0.582     0.093      0.235     0.00425  -1	   0.0147187    -0.0121891
     D1OFU-a29d      0.010     0.060       0.232     0.550      0.252     0.780      0.534     0.600      0.856     0.394    0.523     0.399   0.699     0.078     -0.057     0.00740  -1	   0.1535297     0.0574215
      D1OFU-a2a      0.013     0.050       0.209     0.680      0.089     0.783      0.561     0.527      0.233     0.430    0.483     0.464   0.817     0.094      0.098     0.00477  -1	   0.0582320     0.0391376
      D1OFU-a2b      0.018     0.054       0.229     0.652      0.195     0.780      0.570     0.535      0.374     0.356    0.481     0.396   0.845     0.081      0.120     0.00487  -1	   0.0987201     0.0358495
      D1OFU-a2c      0.015     0.056       0.222     0.663      0.124     0.773      0.545     0.647      0.246     0.349    0.468     0.399   0.780     0.091      0.114     0.00555  -1	   0.0978354    -0.0505488
      D1OFU-a2d      0.013     0.047       0.206     0.670      0.149     0.784      0.554     0.510      0.098     0.319    0.437     0.394   0.827     0.087      0.168     0.00474  -1	   0.1615709     0.1033860
     D1OFU-a30a      0.003     0.047       0.173     0.684      0.018     0.767      0.527     0.649      0.281     0.346    0.480     0.387   0.781     0.109      0.082     0.00454  -1	   0.0122658    -0.0666804
     D1OFU-a30b      0.012     0.041       0.186     0.604      0.068     0.772      0.578     0.669      0.352     0.374    0.499     0.399   0.761     0.096      0.258     0.00506  -1	   0.0513935    -0.0649022
     D1OFU-a30c      0.015     0.037       0.141     0.570      0.260     0.798      0.568     0.552      0.314     0.324    0.442     0.396   0.798     0.141      0.320     0.00379  -1	   0.1281053     0.0320730
     D1OFU-a30d      0.012     0.047       0.173     0.677     -0.545     0.769      0.559     0.535      0.242     0.290    0.455     0.350   0.663     0.104      0.219     0.00428  -1	   0.2088414     0.0966931
     D1OFU-a31a      0.014     0.048       0.203     0.617     -0.077     0.784      0.564     0.629      0.720     0.362    0.487     0.397   0.756     0.091      0.141     0.00563  -1	  -0.0236985    -0.0278159
     D1OFU-a31b      0.016     0.069       0.268     0.681      0.009     0.769      0.469     0.487      0.002     0.435    0.468     0.482   0.780     0.076      0.313     0.00412  -1	   0.3122867     0.0671137
     D1OFU-a31c      0.011     0.035       0.150     0.596      0.293     0.784      0.530     0.580      0.178     0.316    0.468     0.367   0.798     0.134      0.444     0.00458  -1	   0.2713182     0.0439538
     D1OFU-a31d      0.014     0.048       0.219     0.670     -0.023     0.779      0.511     0.504      0.097     0.324    0.471     0.373   0.852     0.090      0.304     0.00463  -1	   0.2003047     0.0700218
     D1OFU-a32a      0.009     0.052       0.219     0.544     -0.593     0.780      0.588     0.688      0.141     0.294    0.448     0.360   0.118     0.084      0.062     0.00447  -1	   0.1564244    -0.0343401
     D1OFU-a32b      0.013     0.051       0.219     0.608     -0.220     0.758      0.579     0.672      0.790     0.376    0.509     0.393   0.570     0.098      0.129     0.00585  -1	  -0.0236517    -0.0060408
     D1OFU-a32c      0.011     0.036       0.163     0.588      0.231     0.774      0.604     0.670      0.558     0.347    0.478     0.390   0.767     0.111      0.080     0.00432  -1	   0.0100208    -0.0217902
     D1OFU-a32d      0.008     0.051       0.242     0.613     -0.467     0.769      0.594     0.701      0.308     0.346    0.466     0.397   0.546     0.074      0.011     0.00470  -1	   0.0352187    -0.0294305
     D1OFU-a33a      0.008     0.050       0.235     0.554     -0.591     0.771      0.603     0.700      0.276     0.346    0.478     0.389   0.590     0.082      0.033     0.00471  -1	   0.1089280    -0.0348129
     D1OFU-a33b      0.012     0.054       0.229     0.669      0.134     0.775      0.452     0.498      0.127     0.338    0.474     0.384   0.780     0.084      0.143     0.00551  -1	   0.1481123     0.0490363
     D1OFU-a33c      0.011     0.055       0.245     0.547     -0.629     0.761      0.627     0.724      0.081     0.400    0.460     0.455   0.118     0.082      0.028     0.00478  -1	   0.1551307    -0.0302768
     D1OFU-a33d      0.016     0.050       0.212     0.537     -0.172     0.778      0.592     0.664      0.325     0.339    0.462     0.395   0.622     0.089      0.154     0.00569  -1	   0.0205338    -0.0523953
     D1OFU-a34a      0.004     0.046       0.190     0.674     -0.151     0.766      0.558     0.615      0.081     0.315    0.485     0.353   0.757     0.098      0.215     0.00403  -1	   0.1423858     0.0087290
     D1OFU-a34b      0.011     0.060       0.245     0.612     -0.291     0.748      0.513     0.514      0.092     0.400    0.459     0.456   0.515     0.076      0.157     0.00570  -1	   0.1183669     0.0612245
     D1OFU-a34c      0.000     0.042       0.147     0.646      0.103     0.773      0.562     0.606      0.759     0.326    0.474     0.371   0.771     0.132      0.175     0.00399  -1	  -0.0280438    -0.0385800
     D1OFU-a34d      0.013     0.040       0.173     0.641     -0.478     0.784      0.560     0.608      0.520     0.327    0.462     0.383   0.627     0.115      0.374     0.00439  -1	   0.0677309    -0.0058579
     D1OFU-a35a      0.013     0.061       0.235     0.614     -0.372     0.755      0.494     0.501      0.158     0.416    0.464     0.467   0.471     0.075      0.133     0.00562  -1	   0.1023035     0.0627163
     D1OFU-a35b      0.015     0.053       0.242     0.513     -0.243     0.756      0.605     0.615      0.115     0.460    0.561     0.430   0.291     0.080      0.155     0.00514  -1	   0.0545641     0.0156125
     D1OFU-a35c      0.009     0.042       0.183     0.545      0.028     0.759      0.536     0.595      0.366     0.342    0.460     0.399   0.646     0.110      0.127     0.00421  -1	  -0.0072115    -0.0157425
     D1OFU-a35d      0.013     0.039       0.180     0.652     -0.481     0.779      0.566     0.618      0.177     0.342    0.467     0.393   0.683     0.112      0.305     0.00433  -1	   0.1990046     0.0287065
     D1OFU-a36a      0.013     0.052       0.222     0.511      0.042     0.768      0.535     0.501      0.407     0.406    0.478     0.446   0.434     0.081      0.033     0.00623  -1	  -0.0007322     0.0408474
     D1OFU-a36b      0.010     0.055       0.232     0.611     -0.230     0.763      0.513     0.520      0.058     0.338    0.460     0.394   0.570     0.077      0.143     0.00578  -1	   0.1179689     0.0753875
     D1OFU-a36d      0.012     0.049       0.225     0.627     -0.161     0.759      0.522     0.504      0.063     0.540    0.592     0.477   0.701     0.076      0.188     0.00582  -1	   0.1082242     0.0980096
     D1OFU-a37a      0.012     0.046       0.216     0.606      0.235     0.765      0.619     0.693      0.961     0.415    0.498     0.439   0.784     0.076      0.079     0.00608  -1	   0.1203345     0.0581994
     D1OFU-a37b      0.015     0.065       0.261     0.647      0.071     0.761      0.487     0.398      0.633     0.301    0.493     0.334   0.738     0.077      0.256     0.00504  -1	   0.0712790     0.0506641
     D1OFU-a37c      0.012     0.045       0.222     0.610      0.330     0.771      0.595     0.653      0.092     0.379    0.490     0.411   0.816     0.076      0.146     0.00632  -1	   0.2094309     0.0417269
     D1OFU-a37d      0.010     0.046       0.219     0.579      0.151     0.763      0.627     0.695      0.429     0.475    0.518     0.478   0.721     0.073      0.083     0.00613  -1	   0.0180797    -0.0085495
     D1OFU-a38a      0.010     0.042       0.180     0.696      0.162     0.782      0.572     0.579      0.681     0.315    0.452     0.378   0.794     0.105      0.179     0.01080  -1	   0.0243559     0.0061516
     D1OFU-a38b      0.010     0.046       0.203     0.643      0.118     0.785      0.508     0.483      0.364     0.381    0.470     0.429   0.771     0.098      0.418     0.01331  -1	   0.1594160     0.0679745
     D1OFU-a38c      0.010     0.039       0.180     0.701      0.124     0.795      0.572     0.580      0.312     0.344    0.448     0.410   0.851     0.107      0.160     0.01096  -1	   0.0542412     0.0080317
     D1OFU-a38d      0.015     0.060       0.265     0.616     -0.300     0.784      0.553     0.656      0.920     0.411    0.492     0.439   0.515     0.074      0.105     0.00994  -1	   0.0137395     0.0237361
     D1OFU-a39a      0.003     0.060       0.229     0.649     -0.051     0.752      0.525     0.610      0.389     0.345    0.422     0.433   0.680     0.076     -0.023     0.00949  -1	  -0.0012226    -0.0278124
     D1OFU-a39b      0.010     0.054       0.229     0.545     -0.049     0.771      0.571     0.651      0.961     0.382    0.516     0.394   0.401     0.084      0.138     0.01303  -1	   0.0421047     0.0350876
     D1OFU-a39c      0.011     0.046       0.196     0.582      0.332     0.800      0.525     0.623      0.546     0.321    0.451     0.384   0.798     0.108      0.140     0.01603  -1	   0.1274629     0.0029267
     D1OFU-a39d      0.012     0.045       0.190     0.677      0.328     0.798      0.517     0.635      0.280     0.366    0.470     0.416   0.872     0.123      0.154     0.01583  -1	   0.1668998    -0.0321609
      D1OFU-a3a      0.013     0.044       0.186     0.558      0.011     0.766      0.599     0.533      0.885     0.340    0.474     0.385   0.708     0.095      0.278     0.00460  -1	  -0.0062745     0.0107859
      D1OFU-a3b      0.017     0.045       0.193     0.630      0.279     0.776      0.585     0.533      0.479     0.338    0.458     0.396   0.816     0.081      0.219     0.00476  -1	   0.1266922     0.0714569
      D1OFU-a3c      0.013     0.047       0.196     0.584     -0.268     0.773      0.585     0.542      0.374     0.330    0.460     0.387   0.653     0.103      0.346     0.00470  -1	   0.0705867     0.0145236
      D1OFU-a3d      0.015     0.047       0.203     0.608      0.116     0.780      0.566     0.538      0.052     0.335    0.465     0.388   0.771     0.081      0.192     0.00476  -1	   0.1624446     0.0848628
     D1OFU-a40a      0.004     0.055       0.203     0.622      0.110     0.775      0.558     0.617      0.529     0.340    0.473     0.387   0.713     0.101      0.150     0.01534  -1	   0.0353451    -0.0382876
     D1OFU-a40b      0.009     0.047       0.203     0.667      0.243     0.784      0.512     0.637      0.732     0.403    0.502     0.424   0.840     0.112      0.148     0.01613  -1	   0.0743660    -0.0057357
     D1OFU-a40c      0.000     0.039       0.170     0.590      0.151     0.763      0.620     0.668      0.284     0.415    0.475     0.456   0.721     0.112      0.262     0.01155  -1	   0.0688560    -0.0408883
     D1OFU-a40d      0.012     0.048       0.216     0.578     -0.089     0.790      0.493     0.498      0.457     0.299    0.437     0.374   0.738     0.096      0.183     0.01477  -1	   0.0067556     0.0230695
     D1OFU-a41a      0.012     0.061       0.268     0.558      0.048     0.757      0.606     0.671      0.514     0.435    0.455     0.492   0.587     0.060      0.082     0.01755  -1	   0.0397453     0.0074949
     D1OFU-a41b      0.013     0.052       0.235     0.508      0.170     0.776      0.623     0.623      0.546     0.518    0.567     0.478   0.499     0.068      0.065     0.01775  -1	   0.0559132     0.0506074
     D1OFU-a41c      0.007     0.050       0.222     0.455      0.021     0.761      0.637     0.662      0.865     0.489    0.469     0.531   0.582     0.082      0.016     0.00914  -1	   0.0659311     0.0071209
     D1OFU-a41d      0.012     0.064       0.278     0.700     -0.089     0.773      0.594     0.754      0.317     0.443    0.512     0.454   0.802     0.069      0.116     0.01544  -1	   0.0337550    -0.0738564
     D1OFU-a42a      0.014     0.052       0.235     0.651      0.104     0.760      0.599     0.619      0.452     0.369    0.493     0.399   0.780     0.072      0.103     0.01206  -1	   0.0339464     0.0013341
     D1OFU-a42b      0.010     0.048       0.219     0.631     -0.052     0.765      0.616     0.647      0.889     0.387    0.497     0.413   0.756     0.078      0.168     0.01223  -1	  -0.0130406    -0.0061079
     D1OFU-a42c      0.013     0.049       0.216     0.665      0.100     0.762      0.601     0.635      0.191     0.341    0.433     0.419   0.827     0.084      0.063     0.01045  -1	   0.0630532    -0.0105334
     D1OFU-a42d      0.014     0.055       0.235     0.657      0.015     0.771      0.617     0.660      0.679     0.377    0.475     0.421   0.780     0.075      0.104     0.01201  -1	   0.0098040    -0.0131272
     D1OFU-a43a      0.004     0.048       0.196     0.599      0.070     0.775      0.606     0.653      0.722     0.336    0.461     0.392   0.744     0.091      0.195     0.02474  -1	   0.0060817    -0.0331619
     D1OFU-a43b      0.008     0.048       0.199     0.667     -0.102     0.756      0.536     0.597      0.250     0.327    0.466     0.380   0.788     0.089      0.078     0.01317  -1	   0.0185572    -0.0272296
     D1OFU-a43c      0.012     0.063       0.239     0.579     -0.270     0.752      0.599     0.627      0.784     0.375    0.512     0.390   0.389     0.076      0.250     0.01311  -1	   0.0017831    -0.0267396
     D1OFU-a43d      0.011     0.048       0.190     0.637      0.070     0.756      0.597     0.684      0.268     0.334    0.468     0.385   0.761     0.099      0.030     0.00766  -1	   0.0127548    -0.0489381
     D1OFU-a44a      0.009     0.043       0.186     0.681     -0.091     0.765      0.548     0.610      0.771     0.343    0.530     0.347   0.812     0.094      0.084     0.01275  -1	  -0.0645802    -0.0200759
     D1OFU-a44b      0.012     0.060       0.239     0.627     -0.023     0.760      0.540     0.547      0.678     0.342    0.469     0.391   0.680     0.081      0.125     0.00916  -1	   0.0167179    -0.0016756
     D1OFU-a44c      0.008     0.049       0.216     0.550      0.139     0.761      0.581     0.598      0.526     0.393    0.453     0.454   0.753     0.091      0.036     0.01355  -1	   0.0135370    -0.0128606
     D1OFU-a44d      0.004     0.055       0.229     0.656     -0.019     0.771      0.538     0.604      0.095     0.357    0.495     0.386   0.747     0.090      0.220     0.02450  -1	   0.1511003    -0.0224988
     D1OFU-a45a      0.012     0.052       0.206     0.522     -0.043     0.745      0.593     0.572      0.476     0.314    0.445     0.383   0.401     0.087      0.005     0.00704  -1	   0.0033450     0.0225068
     D1OFU-a45b      0.005     0.044       0.170     0.619      0.256     0.782      0.525     0.519      0.360     0.345    0.488     0.380   0.816     0.100      0.216     0.00443  -1	   0.1037006     0.0459737
     D1OFU-a45c      0.009     0.056       0.212     0.564     -0.054     0.746      0.623     0.625      0.813     0.303    0.454     0.365   0.554     0.087      0.391     0.00707  -1	   0.0057213    -0.0390259
     D1OFU-a45d      0.013     0.052       0.206     0.533     -0.008     0.753      0.604     0.586      0.426     0.383    0.445     0.451   0.401     0.086     -0.008     0.00706  -1	  -0.0081972     0.0085754
     D1OFU-a46a      0.006     0.063       0.242     0.618     -0.047     0.740      0.541     0.553      0.898     0.342    0.472     0.389   0.680     0.077      0.150     0.00952  -1	   0.0248199     0.0065274
     D1OFU-a46b      0.012     0.046       0.199     0.536      0.260     0.774      0.581     0.558      0.614     0.401    0.562     0.375   0.737     0.090      0.243     0.00587  -1	   0.0967787     0.0466988
     D1OFU-a46c      0.009     0.052       0.206     0.512     -0.042     0.756      0.584     0.560      0.583     0.416    0.478     0.455   0.401     0.087      0.005     0.00705  -1	  -0.0133587     0.0040513
     D1OFU-a46d      0.008     0.048       0.196     0.582      0.268     0.769      0.557     0.622      0.460     0.340    0.488     0.375   0.798     0.095      0.131     0.00666  -1	   0.0772919    -0.0266632
     D1OFU-a47a      0.004     0.053       0.216     0.648      0.122     0.762      0.560     0.611      0.336     0.307    0.449     0.371   0.713     0.101      0.095     0.00641  -1	   0.0548319    -0.0138271
     D1OFU-a47b      0.006     0.056       0.245     0.544      0.169     0.776      0.612     0.637      0.442     0.335    0.445     0.404   0.499     0.068      0.098     0.00726  -1	   0.0827709     0.0390982
     D1OFU-a47c      0.010     0.035       0.157     0.540      0.304     0.778      0.598     0.660      0.433     0.404    0.452     0.465   0.737     0.117      0.046     0.00435  -1	   0.0278952    -0.0209344
     D1OFU-a47d      0.016     0.043       0.212     0.586      0.358     0.766      0.542     0.585      0.068     0.332    0.477     0.376   0.830     0.099      0.196     0.00567  -1	   0.2532900     0.0578121
     D1OFU-a48a      0.012     0.064       0.229     0.697      0.044     0.775      0.492     0.495      0.059     0.349    0.473     0.395   0.780     0.095      0.245     0.00489  -1	   0.2456029     0.0713758
     D1OFU-a48b      0.012     0.067       0.235     0.701      0.137     0.782      0.475     0.485      0.038     0.325    0.465     0.378   0.834     0.083      0.257     0.00488  -1	   0.3093855     0.0813392
     D1OFU-a48c      0.017     0.029       0.131     0.713      0.184     0.780      0.563     0.530      0.147     0.314    0.445     0.382   0.819     0.145      0.369     0.00414  -1	   0.2274855     0.1482122
     D1OFU-a48d      0.018     0.045       0.209     0.578      0.369     0.771      0.550     0.595      0.203     0.351    0.472     0.398   0.830     0.100      0.203     0.00561  -1	   0.2224470     0.0367894
     D1OFU-a49a      0.010     0.052       0.229     0.603      0.012     0.783      0.502     0.602      0.228     0.259    0.457     0.318   0.713     0.092      0.112     0.00642  -1	   0.0614111    -0.0363159
     D1OFU-a49b      0.006     0.047       0.203     0.674      0.101     0.772      0.465     0.598      0.121     0.385    0.474     0.428   0.827     0.100      0.114     0.00532  -1	   0.0883493    -0.0499918
     D1OFU-a49c      0.005     0.058       0.255     0.525     -0.040     0.763      0.497     0.596      0.589     0.365    0.496     0.393   0.401     0.084      0.105     0.00589  -1	   0.0084504     0.0231994
     D1OFU-a49d      0.020     0.060       0.268     0.685     -0.557     0.796      0.464     0.481      0.137     0.359    0.461     0.415   0.464     0.078      0.169     0.00889  -1	   0.1680758     0.0644303
      D1OFU-a4a      0.011     0.044       0.183     0.588     -0.051     0.776      0.587     0.524      0.840     0.335    0.459     0.393   0.738     0.094      0.320     0.00463  -1	  -0.0230352     0.0028516
      D1OFU-a4b      0.015     0.047       0.193     0.579      0.206     0.780      0.566     0.479      0.230     0.390    0.452     0.451   0.767     0.098      0.356     0.00468  -1	   0.2008032     0.1265411
      D1OFU-a4c      0.013     0.042       0.163     0.589      0.197     0.780      0.525     0.572      0.280     0.322    0.459     0.380   0.721     0.114      0.139     0.00446  -1	   0.0644684     0.0061214
      D1OFU-a4d      0.017     0.050       0.203     0.741      0.128     0.775      0.475     0.371      0.218     0.366    0.492     0.397   0.851     0.083      0.283     0.00444  -1	   0.2028482     0.2211162
     D1OFU-a50a      0.009     0.051       0.252     0.574     -0.496     0.758      0.590     0.702      0.199     0.323    0.475     0.368   0.420     0.077      0.039     0.00470  -1	   0.0807344    -0.0237337
     D1OFU-a50b      0.001     0.061       0.268     0.585     -0.054     0.754      0.525     0.669      0.430     0.371    0.504     0.392   0.554     0.080      0.103     0.00587  -1	   0.0044984    -0.0302927
     D1OFU-a50c      0.006     0.052       0.229     0.570     -0.534     0.762      0.596     0.709      0.178     0.336    0.509     0.356   0.389     0.079      0.029     0.00468  -1	   0.1012037    -0.0180663
     D1OFU-a50d      0.011     0.054       0.258     0.528     -0.530     0.764      0.603     0.714      0.292     0.342    0.459     0.398   0.236     0.078      0.033     0.00472  -1	   0.0706981    -0.0396671
     D1OFU-a51a      0.009     0.065       0.281     0.641     -0.299     0.743      0.515     0.557      0.236     0.442    0.523     0.443   0.515     0.066      0.030     0.00619  -1	   0.0114969    -0.0003278
     D1OFU-a51b      0.009     0.049       0.232     0.537     -0.521     0.774      0.586     0.683      0.377     0.313    0.463     0.368   0.528     0.080      0.016     0.00468  -1	   0.0643997    -0.0270702
     D1OFU-a51c      0.005     0.060       0.242     0.556     -0.299     0.756      0.567     0.597      0.162     0.359    0.489     0.394   0.389     0.088      0.168     0.00541  -1	   0.0893493     0.0040134
     D1OFU-a51d      0.011     0.053       0.252     0.522     -0.550     0.768      0.603     0.712      0.231     0.333    0.484     0.371   0.236     0.078      0.028     0.00473  -1	   0.0850215    -0.0382875
     D1OFU-a52a      0.013     0.051       0.245     0.536     -0.153     0.756      0.579     0.571      0.652     0.382    0.508     0.400   0.384     0.082      0.138     0.00513  -1	  -0.0187454     0.0041027
     D1OFU-a52b      0.013     0.052       0.239     0.491     -0.203     0.762      0.620     0.641      0.340     0.358    0.483     0.396   0.173     0.082      0.169     0.00512  -1	   0.0126700    -0.0211565
     D1OFU-a52c      0.013     0.058       0.239     0.571     -0.258     0.755      0.577     0.595      0.149     0.422    0.484     0.455   0.389     0.083      0.102     0.00536  -1	   0.0532253     0.0078737
     D1OFU-a52d      0.011     0.060       0.239     0.602     -0.433     0.751      0.526     0.535      0.192     0.400    0.461     0.454   0.000     0.075      0.270     0.00560  -1	   0.1293146     0.0200637
     D1OFU-a53b      0.016     0.065       0.258     0.649     -0.206     0.757      0.458     0.439      0.061     0.452    0.471     0.494   0.570     0.074      0.177     0.00577  -1	   0.1418373     0.1061233
     D1OFU-a53c      0.017     0.065       0.265     0.640      0.042     0.764      0.496     0.433      0.888     0.330    0.485     0.368   0.713     0.088      0.226     0.00519  -1	   0.0565809     0.0321055
     D1OFU-a53d      0.007     0.056       0.239     0.563      0.006     0.778      0.569     0.686      0.948     0.314    0.500     0.341   0.587     0.085      0.024     0.00730  -1	   0.0628605     0.0657532
     D1OFU-a54a      0.016     0.057       0.255     0.665      0.099     0.761      0.486     0.381      0.039     0.341    0.505     0.364   0.805     0.079      0.296     0.00498  -1	   0.2880658     0.2494853
     D1OFU-a54b      0.010     0.065       0.275     0.680      0.151     0.774      0.470     0.523      0.044     0.398    0.485     0.433   0.845     0.079      0.073     0.00713  -1	   0.1636021     0.0001615
     D1OFU-a54c      0.007     0.049       0.209     0.684      0.326     0.768      0.544     0.565      0.462     0.305    0.473     0.353   0.872     0.093      0.165     0.00702  -1	   0.1387624     0.0238191
     D1OFU-a54d      0.003     0.055       0.235     0.529      0.373     0.768      0.621     0.660      0.226     0.430    0.440     0.501   0.552     0.074      0.036     0.00791  -1	   0.1490093     0.0657914
     D1OFU-a55a      0.007     0.044       0.183     0.574      0.316     0.761      0.527     0.545      0.571     0.412    0.474     0.455   0.798     0.094      0.077     0.00750  -1	   0.0736218     0.0369577
     D1OFU-a55b      0.005     0.058       0.242     0.550      0.361     0.764      0.580     0.586      0.686     0.432    0.478     0.471   0.705     0.077      0.155     0.00783  -1	   0.2023194     0.0901851
     D1OFU-a55c      0.004     0.049       0.206     0.622      0.379     0.755      0.544     0.570      0.106     0.327    0.469     0.377   0.848     0.079      0.373     0.00897  -1	   0.3831084     0.0897435
     D1OFU-a55d      0.014     0.054       0.222     0.584     -0.146     0.769      0.529     0.593      0.256     0.308    0.426     0.391   0.463     0.089     -0.026     0.01267  -1	   0.0146957     0.0088588
     D1OFU-a56a      0.017     0.049       0.232     0.680     -0.289     0.758      0.541     0.616      0.073     0.307    0.475     0.353   0.726     0.081      0.261     0.01123  -1	   0.2010106     0.0119381
     D1OFU-a56b      0.016     0.069       0.275     0.652     -0.216     0.773      0.550     0.686      0.895     0.387    0.505     0.407   0.637     0.078      0.122     0.00984  -1	   0.0135726     0.0148507
     D1OFU-a56c      0.011     0.047       0.199     0.585      0.294     0.797      0.529     0.631      0.245     0.461    0.614     0.387   0.798     0.111      0.141     0.01618  -1	   0.1516022    -0.0051566
     D1OFU-a56d      0.013     0.061       0.261     0.686     -0.258     0.767      0.486     0.613      0.927     0.553    0.512     0.556   0.582     0.074      0.047     0.00987  -1	   0.0115188     0.0280915
     D1OFU-a57a      0.012     0.051       0.219     0.721      0.026     0.782      0.468     0.488      0.437     0.319    0.440     0.391   0.834     0.102      0.275     0.01441  -1	   0.0739840     0.0072018
     D1OFU-a57b      0.012     0.044       0.196     0.577      0.397     0.802      0.514     0.591      0.206     0.318    0.451     0.381   0.830     0.106      0.087     0.01605  -1	   0.1791960     0.0079869
     D1OFU-a57c      0.013     0.047       0.216     0.613     -0.072     0.780      0.515     0.529      0.411     0.314    0.459     0.372   0.756     0.092      0.211     0.01493  -1	   0.0184827    -0.0001804
     D1OFU-a57d      0.012     0.061       0.252     0.631      0.071     0.789      0.445     0.456      0.393     0.394    0.469     0.442   0.738     0.085      0.105     0.01436  -1	   0.0569904     0.0346111
     D1OFU-a58a      0.013     0.038       0.176     0.445      0.304     0.779      0.555     0.510      0.314     0.330    0.458     0.389   0.577     0.096      0.351     0.02132  -1	   0.1498145     0.1207353
     D1OFU-a58b      0.009     0.066       0.268     0.722      0.009     0.758      0.581     0.745      0.502     0.464    0.520     0.466   0.834     0.065      0.182     0.01582  -1	   0.0564770    -0.0618418
     D1OFU-a58c      0.009     0.060       0.239     0.651     -0.119     0.765      0.563     0.622      0.087     0.535    0.486     0.560   0.656     0.075      0.077     0.01127  -1	   0.0418886    -0.0324815
     D1OFU-a58d      0.007     0.064       0.245     0.711     -0.046     0.759      0.502     0.550      0.104     0.426    0.453     0.485   0.802     0.079      0.099     0.01160  -1	   0.1016505    -0.0186917
     D1OFU-a59a      0.010     0.044       0.176     0.634     -0.004     0.779      0.583     0.627      0.956     0.357    0.467     0.407   0.796     0.100      0.070     0.02470  -1	   0.0097710     0.0067506
     D1OFU-a59b      0.011     0.067       0.275     0.678     -0.019     0.768      0.617     0.762      0.911     0.508    0.564     0.471   0.747     0.061      0.166     0.01595  -1	   0.0517144     0.0315712
     D1OFU-a59c      0.013     0.045       0.216     0.455      0.366     0.784      0.573     0.604      0.624     0.334    0.456     0.394   0.704     0.079      0.206     0.01583  -1	   0.1704500     0.0704199
     D1OFU-a59d      0.012     0.049       0.219     0.499      0.138     0.775      0.601     0.580      0.358     0.435    0.471     0.479   0.627     0.072      0.085     0.01743  -1	   0.0229598     0.0119740
      D1OFU-a5a      0.013     0.042       0.167     0.612      0.170     0.776      0.572     0.567      0.536     0.327    0.449     0.393   0.739     0.115      0.187     0.00416  -1	   0.0331929     0.0035150
      D1OFU-a5b      0.011     0.046       0.173     0.547      0.275     0.769      0.560     0.585      0.741     0.337    0.462     0.392   0.737     0.110      0.135     0.00416  -1	   0.0776474     0.0123664
      D1OFU-a5c      0.007     0.049       0.203     0.605     -0.450     0.780      0.539     0.552      0.145     0.338    0.480     0.379   0.584     0.097      0.319     0.00419  -1	   0.1995623     0.0726645
      D1OFU-a5d      0.009     0.048       0.193     0.573     -0.593     0.770      0.546     0.606      0.204     0.345    0.484     0.383   0.590     0.106      0.372     0.00416  -1	   0.2668495     0.0563042
     D1OFU-a60a      0.010     0.044       0.193     0.690      0.116     0.783      0.589     0.689      0.663     0.335    0.457     0.394   0.827     0.078      0.466     0.03216  -1	   0.0780521    -0.0780063
     D1OFU-a60b      0.013     0.059       0.232     0.578     -0.208     0.755      0.573     0.571      0.656     0.332    0.456     0.392   0.444     0.088      0.156     0.01397  -1	   0.0107434    -0.0065455
     D1OFU-a60c      0.012     0.046       0.170     0.519     -0.149     0.777      0.569     0.574      0.383     0.321    0.450     0.385   0.653     0.097      0.192     0.01948  -1	   0.0122443    -0.0010609
     D1OFU-a60d      0.007     0.036       0.170     0.615      0.015     0.769      0.665     0.696      0.930     0.361    0.465     0.413   0.725     0.101     -0.003     0.03435  -1	   0.0042382     0.0256406
     D1OFU-a61a      0.010     0.069       0.245     0.583     -0.204     0.743      0.524     0.529      0.567     0.347    0.454     0.408   0.444     0.078      0.151     0.01353  -1	   0.0335794     0.0007834
     D1OFU-a61b      0.013     0.051       0.206     0.593      0.077     0.773      0.572     0.686      0.630     0.346    0.489     0.379   0.612     0.095      0.050     0.01930  -1	   0.0139202    -0.0016882
     D1OFU-a61c      0.014     0.065       0.242     0.581     -0.287     0.744      0.560     0.595      0.465     0.329    0.436     0.405   0.389     0.080      0.617     0.01310  -1	   0.1476898    -0.0333626
     D1OFU-a61d      0.013     0.063       0.235     0.559     -0.258     0.749      0.597     0.619      0.792     0.328    0.452     0.391   0.389     0.074      0.690     0.01296  -1	   0.0189871    -0.0463140
     D1OFU-a62a      0.008     0.051       0.203     0.745     -0.057     0.759      0.529     0.590      0.918     0.350    0.457     0.410   0.802     0.081      0.109     0.01323  -1	  -0.0157771     0.0072681
     D1OFU-a62b      0.007     0.049       0.206     0.600      0.054     0.765      0.527     0.590      0.114     0.326    0.439     0.400   0.761     0.085      0.219     0.01808  -1	   0.1318295    -0.0166011
     D1OFU-a62c      0.010     0.040       0.163     0.691      0.041     0.801      0.546     0.537      0.713     0.353    0.468     0.403   0.781     0.124      0.262     0.07796  -1	  -0.0152287    -0.0067409
     D1OFU-a62d      0.010     0.044       0.186     0.654     -0.043     0.752      0.637     0.704      0.646     0.347    0.473     0.394   0.852     0.110      0.078     0.01031  -1	  -0.0445012    -0.0486211
     D1OFU-a63a      0.007     0.063       0.232     0.602      0.025     0.753      0.562     0.574      0.747     0.342    0.472     0.389   0.713     0.083      0.200     0.00937  -1	   0.0339587    -0.0231615
     D1OFU-a63b      0.009     0.047       0.193     0.659      0.070     0.765      0.568     0.559      0.458     0.329    0.468     0.380   0.817     0.093      0.125     0.00582  -1	   0.0080614    -0.0107889
     D1OFU-a63c      0.007     0.061       0.222     0.581     -0.102     0.756      0.582     0.643      0.600     0.325    0.464     0.379   0.463     0.083      0.261     0.00972  -1	   0.0242275    -0.0319232
     D1OFU-a63d      0.009     0.047       0.203     0.674     -0.075     0.762      0.592     0.587      0.897     0.342    0.466     0.394   0.812     0.080     -0.034     0.01479  -1	  -0.0025411     0.0251338
     D1OFU-a64a      0.008     0.047       0.225     0.525      0.191     0.778      0.608     0.608      0.576     0.374    0.504     0.395   0.659     0.070      0.067     0.00717  -1	   0.0438917     0.0359725
     D1OFU-a64b      0.016     0.029       0.124     0.674      0.164     0.774      0.640     0.704      0.331     0.348    0.470     0.397   0.794     0.130      0.058     0.01110  -1	  -0.0114232    -0.0165731
     D1OFU-a64c      0.005     0.051       0.222     0.688     -0.103     0.766      0.527     0.557      0.515     0.430    0.483     0.464   0.656     0.078      0.328     0.00852  -1	   0.0333018    -0.0185762
     D1OFU-a64d      0.012     0.029       0.124     0.577      0.112     0.777      0.667     0.734      0.693     0.406    0.459     0.462   0.753     0.130      0.040     0.01109  -1	  -0.0431905    -0.0456699
     D1OFU-a65a      0.024     0.058       0.235     0.589      0.106     0.779      0.499     0.570      0.555     0.355    0.491     0.387   0.587     0.083      0.183     0.00596  -1	   0.0821757     0.0245398
     D1OFU-a65b      0.018     0.053       0.255     0.558      0.202     0.778      0.539     0.561      0.885     0.400    0.492     0.430   0.661     0.086      0.136     0.00534  -1	   0.1374039     0.0857762
     D1OFU-a65c      0.005     0.048       0.219     0.622     -0.034     0.770      0.512     0.520      0.191     0.341    0.459     0.399   0.796     0.079      0.347     0.00849  -1	   0.1494535     0.0318936
     D1OFU-a65d      0.005     0.054       0.212     0.664      0.071     0.762      0.538     0.589      0.245     0.341    0.511     0.359   0.805     0.094      0.125     0.00651  -1	   0.0641722    -0.0364123
     D1OFU-a66a      0.006     0.054       0.203     0.684      0.003     0.762      0.535     0.593      0.402     0.371    0.548     0.359   0.780     0.098      0.139     0.00652  -1	   0.0160588    -0.0480525
     D1OFU-a66b      0.004     0.058       0.261     0.689     -0.374     0.762      0.561     0.631      0.259     0.346    0.492     0.378   0.538     0.070      0.100     0.00656  -1	   0.0437405    -0.0172360
     D1OFU-a66c      0.001     0.061       0.278     0.560      0.006     0.751      0.486     0.605      0.677     0.359    0.491     0.391   0.587     0.076      0.086     0.00592  -1	   0.0181884     0.0268770
     D1OFU-a66d      0.014     0.052       0.232     0.664     -0.180     0.798      0.464     0.471      0.380     0.301    0.442     0.372   0.730     0.093      0.180     0.00791  -1	   0.0271527     0.0295832
     D1OFU-a67a      0.005     0.056       0.252     0.608      0.003     0.761      0.464     0.586      0.216     0.321    0.488     0.357   0.713     0.086      0.108     0.00574  -1	   0.0522108    -0.0426183
     D1OFU-a67b      0.005     0.059       0.265     0.605     -0.112     0.755      0.509     0.638      0.582     0.406    0.541     0.396   0.589     0.075      0.108     0.00597  -1	  -0.0231554    -0.0190188
     D1OFU-a67c      0.015     0.063       0.252     0.608     -0.612     0.787      0.549     0.657      1.000     0.574    0.667     0.443   0.397     0.077      0.106     0.00772  -1	   0.0486086     0.0029556
     D1OFU-a67d      0.004     0.058       0.258     0.617     -0.023     0.755      0.496     0.642      0.239     0.335    0.485     0.374   0.680     0.088      0.091     0.00573  -1	   0.0382959    -0.0614008
     D1OFU-a68a      0.008     0.055       0.235     0.591     -0.188     0.791      0.532     0.604      0.814     0.415    0.591     0.364   0.538     0.089      0.263     0.00601  -1	  -0.0249931    -0.0082460
     D1OFU-a68b      0.008     0.053       0.239     0.663      0.013     0.768      0.513     0.616      0.118     0.302    0.455     0.362   0.780     0.090      0.102     0.00625  -1	   0.0942261    -0.0439515
     D1OFU-a68c      0.005     0.054       0.235     0.544      0.050     0.765      0.535     0.646      0.536     0.342    0.490     0.375   0.459     0.085      0.112     0.00584  -1	   0.0202843     0.0095379
     D1OFU-a68d      0.016     0.065       0.255     0.513     -0.569     0.784      0.532     0.624      0.990     0.393    0.507     0.411   0.118     0.081      0.099     0.00756  -1	   0.1007841     0.0008795
     D1OFU-a69a      0.007     0.054       0.252     0.645     -0.396     0.759      0.528     0.602      0.950     0.373    0.486     0.408   0.471     0.076      0.109     0.00614  -1	   0.0003476     0.0215542
     D1OFU-a69b      0.006     0.053       0.222     0.629     -0.329     0.799      0.512     0.608      0.731     0.331    0.477     0.374   0.515     0.090      0.200     0.00607  -1	  -0.0236105    -0.0044111
     D1OFU-a69c      0.005     0.055       0.229     0.524     -0.300     0.740      0.563     0.565      0.241     0.390    0.422     0.476   0.236     0.087      0.202     0.00538  -1	   0.0596362     0.0018037
     D1OFU-a69d      0.009     0.052       0.225     0.581     -0.642     0.764      0.635     0.717      0.585     0.406    0.446     0.472   0.271     0.089      0.013     0.00486  -1	   0.1011891    -0.0438038
      D1OFU-a6a      0.001     0.043       0.154     0.693      0.042     0.775      0.575     0.614      0.722     0.336    0.467     0.387   0.781     0.112      0.143     0.00405  -1	  -0.0341864    -0.0326633
      D1OFU-a6b      0.004     0.044       0.173     0.517     -0.001     0.775      0.586     0.600      0.338     0.384    0.452     0.446   0.717     0.105      0.124     0.00366  -1	  -0.0189324    -0.0447725
      D1OFU-a6c      0.008     0.049       0.193     0.649     -0.232     0.761      0.539     0.562      0.593     0.349    0.483     0.387   0.718     0.102      0.243     0.00374  -1	  -0.0110434    -0.0209059
     D1OFU-a70a      0.006     0.047       0.193     0.716      0.289     0.769      0.568     0.590      0.970     0.317    0.494     0.348   0.896     0.096      0.132     0.00735  -1	   0.0867632     0.0200194
     D1OFU-a70b      0.006     0.060       0.258     0.637     -0.028     0.777      0.544     0.686      0.966     0.338    0.536     0.336   0.680     0.087      0.048     0.00749  -1	   0.0241964     0.0472055
     D1OFU-a70c      0.008     0.045       0.206     0.589      0.485     0.774      0.554     0.522      0.907     0.339    0.465     0.392   0.818     0.079      0.092     0.00611  -1	   0.2691899     0.1591615
     D1OFU-a71a      0.010     0.073       0.281     0.636     -0.276     0.752      0.496     0.585      0.673     0.388    0.474     0.432   0.515     0.069      0.058     0.00883  -1	   0.0141282    -0.0021752
     D1OFU-a71b      0.008     0.046       0.203     0.794      0.363     0.768      0.531     0.539      0.926     0.352    0.520     0.363   0.907     0.102      0.150     0.00744  -1	   0.1328949     0.0611035
     D1OFU-a71c     -0.005     0.042       0.206     0.665      0.586     0.751      0.530     0.426      0.450     0.400    0.484     0.435   0.889     0.095      0.086     0.00763  -1	   0.2773412     0.2921641
     D1OFU-a71d      0.009     0.046       0.186     0.768      0.359     0.766      0.545     0.552      0.247     0.334    0.497     0.362   0.907     0.100      0.146     0.00737  -1	   0.2122247     0.0981314
     D1OFU-a72a      0.011     0.042       0.196     0.698      0.043     0.765      0.549     0.544      0.431     0.279    0.448     0.344   0.781     0.090      0.234     0.01169  -1	   0.0396102     0.0185085
     D1OFU-a72b      0.012     0.052       0.225     0.709     -0.073     0.789      0.493     0.518      0.986     0.342    0.475     0.387   0.802     0.098      0.226     0.01488  -1	  -0.0161538     0.0155263
     D1OFU-a72c      0.007     0.052       0.232     0.551      0.179     0.769      0.565     0.556      0.786     0.444    0.468     0.490   0.652     0.095      0.036     0.00904  -1	   0.0876046     0.0481770
     D1OFU-a72d      0.014     0.048       0.209     0.621     -0.073     0.769      0.617     0.581      0.163     0.330    0.487     0.366   0.756     0.085      0.135     0.00880  -1	   0.0623854     0.0314284
     D1OFU-a73a      0.003     0.048       0.199     0.643      0.141     0.770      0.471     0.566      0.059     0.359    0.438     0.434   0.771     0.091      0.063     0.01310  -1	   0.0846965    -0.0159389
     D1OFU-a73b      0.004     0.047       0.209     0.685      0.149     0.770      0.508     0.558      0.057     0.321    0.451     0.384   0.827     0.091      0.057     0.01255  -1	   0.1062601     0.0188756
     D1OFU-a73c      0.013     0.054       0.219     0.724     -0.022     0.784      0.478     0.506      0.133     0.323    0.443     0.394   0.802     0.096      0.262     0.01467  -1	   0.1873985     0.0479817
     D1OFU-a73d      0.007     0.051       0.239     0.542     -0.045     0.786      0.555     0.613      0.958     0.491    0.492     0.515   0.401     0.086      0.223     0.02187  -1	   0.0460510     0.0282898
     D1OFU-a74a      0.018     0.055       0.232     0.682     -0.034     0.789      0.476     0.459      0.231     0.321    0.453     0.383   0.747     0.091      0.138     0.01491  -1	   0.0810370     0.0596878
     D1OFU-a74b      0.011     0.050       0.225     0.673     -0.070     0.789      0.488     0.506      0.858     0.334    0.462     0.389   0.812     0.100      0.223     0.01468  -1	  -0.0206958     0.0111433
     D1OFU-a74c      0.004     0.059       0.258     0.669     -0.194     0.744      0.535     0.622      0.208     0.330    0.477     0.374   0.730     0.070      0.319     0.01012  -1	   0.1530214    -0.0538833
     D1OFU-a74d      0.004     0.066       0.284     0.656     -0.174     0.746      0.569     0.686      0.113     0.352    0.450     0.416   0.730     0.072      0.129     0.01084  -1	   0.1067513    -0.0640264
     D1OFU-a75a      0.008     0.037       0.150     0.675     -0.103     0.811      0.549     0.545      0.079     0.484    0.445     0.545   0.788     0.127      0.190     0.27379   1	   0.0745654     0.0470258
     D1OFU-a75b      0.009     0.033       0.134     0.593     -0.032     0.816      0.569     0.547      0.379     0.345    0.496     0.374   0.778     0.144      0.418     0.10481  -1	   0.0473856     0.0099958
     D1OFU-a75c      0.007     0.042       0.176     0.623      0.172     0.790      0.552     0.546      0.654     0.366    0.522     0.374   0.739     0.082      0.219     0.03680  -1	   0.0345104     0.0332152
     D1OFU-a75d      0.006     0.053       0.183     0.642      0.212     0.785      0.466     0.503      0.078     0.373    0.479     0.414   0.787     0.099      0.299     0.04651  -1	   0.2653559     0.0917230
     D1OFU-a76a      0.007     0.042       0.154     0.669      0.221     0.788      0.525     0.583      0.358     0.302    0.453     0.365   0.840     0.130      0.202     0.10154  -1	   0.0836825    -0.0281535
     D1OFU-a76b      0.007     0.037       0.150     0.661      0.214     0.799      0.541     0.550      0.048     0.306    0.464     0.360   0.840     0.136      0.239     0.07529  -1	   0.2042708     0.0881675
     D1OFU-a76c      0.008     0.036       0.150     0.533      0.005     0.772      0.585     0.661      0.851     0.328    0.455     0.389   0.646     0.116      0.107     0.02839  -1	  -0.0166342     0.0072414
     D1OFU-a76d      0.012     0.041       0.176     0.588     -0.195     0.810      0.547     0.569      0.294     0.365    0.519     0.375   0.684     0.112      0.338     0.13004  -1	   0.0643025     0.0041404
     D1OFU-a77a      0.007     0.037       0.144     0.577      0.271     0.804      0.526     0.558      0.173     0.320    0.491     0.354   0.798     0.123      0.259     0.14046  -1	   0.1521049     0.0429258
     D1OFU-a77b      0.009     0.050       0.222     0.611     -0.061     0.769      0.603     0.635      0.724     0.383    0.468     0.432   0.756     0.083      0.116     0.03333  -1	  -0.0154193    -0.0219118
     D1OFU-a77c      0.009     0.035       0.160     0.718     -0.192     0.811      0.599     0.588      0.950     0.355    0.494     0.385   0.781     0.106      0.449     0.17818  -1	  -0.0840425    -0.0241445
     D1OFU-a77d      0.010     0.030       0.137     0.613     -0.122     0.797      0.593     0.529      0.479     0.353    0.433     0.432   0.732     0.129      0.132     0.11233  -1	  -0.0525707     0.0238501
     D1OFU-a78a      0.008     0.031       0.131     0.601      0.007     0.812      0.571     0.549      0.471     0.314    0.464     0.368   0.725     0.152      0.340     0.09642  -1	  -0.0071498     0.0045879
     D1OFU-a78b      0.012     0.031       0.137     0.717     -0.148     0.810      0.578     0.524      0.294     0.311    0.455     0.371   0.812     0.116      0.396     0.15866  -1	   0.1028024     0.0753851
     D1OFU-a78c      0.009     0.041       0.180     0.668     -0.097     0.784      0.590     0.681      0.687     0.320    0.443     0.390   0.812     0.081      0.488     0.03288  -1	  -0.0023688    -0.0898707
     D1OFU-a78d      0.010     0.033       0.141     0.661     -0.111     0.805      0.581     0.512      0.478     0.357    0.462     0.412   0.788     0.120      0.359     0.14591  -1	   0.0042036     0.0302942
     D1OFU-a79a      0.011     0.059       0.219     0.612     -0.153     0.757      0.573     0.550      0.730     0.339    0.471     0.387   0.664     0.080      0.183     0.01327  -1	   0.0003065    -0.0126467
     D1OFU-a79b      0.008     0.054       0.222     0.481     -0.084     0.770      0.529     0.611      0.440     0.318    0.473     0.365   0.283     0.088      0.138     0.01752  -1	   0.0101807     0.0076868
     D1OFU-a79c      0.003     0.045       0.196     0.643     -0.086     0.766      0.565     0.657      0.916     0.361    0.490     0.394   0.756     0.087      0.075     0.01452  -1	  -0.0246463     0.0102974
     D1OFU-a79d      0.010     0.034       0.127     0.680     -0.024     0.778      0.587     0.643      0.514     0.348    0.499     0.374   0.852     0.142      0.175     0.01783  -1	  -0.0451150    -0.0657467
      D1OFU-a7a      0.005     0.044       0.183     0.662     -0.309     0.747      0.543     0.569      0.954     0.469    0.500     0.488   0.812     0.099      0.233     0.00375  -1	  -0.0219792     0.0115065
      D1OFU-a7b      0.013     0.053       0.219     0.652     -0.023     0.770      0.555     0.625      0.715     0.344    0.445     0.412   0.747     0.073      0.135     0.00520  -1	   0.0067909    -0.0111145
      D1OFU-a7c      0.008     0.038       0.144     0.715      0.034     0.774      0.549     0.602      0.559     0.418    0.496     0.443   0.805     0.124      0.141     0.00437  -1	  -0.0311353    -0.0327873
      D1OFU-a7d      0.002     0.043       0.154     0.660      0.037     0.773      0.562     0.607      0.752     0.349    0.468     0.399   0.781     0.121      0.167     0.00405  -1	  -0.0335287    -0.0376475
     D1OFU-a80a      0.011     0.036       0.147     0.559      0.046     0.775      0.616     0.610      0.590     0.339    0.470     0.388   0.708     0.108      0.089     0.01068  -1	  -0.0417784    -0.0150143
     D1OFU-a80b      0.011     0.051       0.196     0.564     -0.489     0.777      0.546     0.533      0.327     0.311    0.439     0.384   0.420     0.085      0.220     0.02321  -1	   0.1132565     0.0458627
     D1OFU-a80c      0.008     0.042       0.199     0.687      0.260     0.776      0.571     0.594      0.096     0.327    0.450     0.391   0.872     0.093      0.111     0.01460  -1	   0.1579773     0.0534717
     D1OFU-a80d      0.009     0.041       0.186     0.735     -0.269     0.750      0.632     0.746      0.876     0.406    0.534     0.402   0.750     0.073      0.015     0.01186  -1	  -0.0512947     0.0369112
     D1OFU-a81a      0.015     0.040       0.180     0.499      0.156     0.771      0.580     0.617      0.347     0.353    0.475     0.397   0.595     0.099      0.039     0.00738  -1	  -0.0027398    -0.0040288
     D1OFU-a81b      0.007     0.044       0.193     0.628     -0.106     0.764      0.622     0.668      0.757     0.356    0.469     0.405   0.732     0.087     -0.021     0.00955  -1	  -0.0299255     0.0045712
     D1OFU-a81c      0.014     0.034       0.127     0.592      0.029     0.774      0.636     0.696      0.451     0.334    0.455     0.394   0.708     0.132      0.049     0.01209  -1	  -0.0455012    -0.0446439
     D1OFU-a81d      0.015     0.040       0.206     0.518      0.423     0.765      0.569     0.587      0.228     0.369    0.547     0.359   0.743     0.106      0.216     0.00544  -1	   0.2267594     0.0982130
     D1OFU-a82a      0.018     0.058       0.265     0.700     -0.454     0.796      0.486     0.500      0.246     0.406    0.491     0.436   0.667     0.079      0.191     0.00880  -1	   0.0923751     0.0144338
     D1OFU-a82b      0.012     0.045       0.190     0.564      0.131     0.770      0.535     0.566      0.885     0.358    0.487     0.394   0.753     0.095      0.051     0.00716  -1	   0.0441202     0.0352173
     D1OFU-a82c      0.008     0.053       0.219     0.614     -0.323     0.751      0.577     0.567      0.673     0.324    0.458     0.382   0.515     0.071      0.343     0.00882  -1	   0.0015262    -0.0169393
     D1OFU-a82d      0.013     0.045       0.190     0.562      0.056     0.771      0.536     0.567      0.775     0.349    0.473     0.395   0.744     0.094      0.056     0.00708  -1	   0.0067506     0.0191366
     D1OFU-a83a      0.014     0.042       0.186     0.564      0.279     0.800      0.529     0.609      0.677     0.309    0.465     0.363   0.798     0.106      0.099     0.00637  -1	   0.0775124     0.0127482
     D1OFU-a83b      0.010     0.045       0.186     0.659      0.234     0.780      0.507     0.506      0.145     0.355    0.470     0.404   0.840     0.098      0.086     0.00650  -1	   0.1095267     0.0650120
     D1OFU-a83c      0.006     0.052       0.239     0.625     -0.021     0.779      0.505     0.610      0.304     0.289    0.467     0.341   0.680     0.089      0.104     0.00641  -1	   0.0264910    -0.0337655
     D1OFU-a83d      0.002     0.060       0.261     0.547     -0.036     0.753      0.510     0.653      0.813     0.350    0.510     0.368   0.401     0.083      0.112     0.00581  -1	   0.0254144     0.0510263
     D1OFU-a84a      0.015     0.039       0.193     0.533      0.234     0.771      0.556     0.589      0.202     0.343    0.474     0.389   0.705     0.090      0.149     0.00780  -1	   0.0887425     0.0254254
     D1OFU-a84b      0.012     0.050       0.222     0.570     -0.184     0.772      0.549     0.616      0.735     0.362    0.516     0.374   0.684     0.086      0.150     0.00571  -1	  -0.0305349    -0.0117531
     D1OFU-a84c      0.016     0.067       0.261     0.642     -0.603     0.788      0.529     0.662      0.999     0.422    0.536     0.415   0.397     0.083      0.070     0.00761  -1	   0.0730718     0.0136564
     D1OFU-a84d      0.014     0.065       0.261     0.666     -0.579     0.789      0.546     0.692      1.000     0.394    0.526     0.397   0.464     0.083      0.088     0.00764  -1	   0.0508483     0.0231525
     D1OFU-a85a      0.010     0.057       0.232     0.611     -0.260     0.752      0.557     0.523      0.824     0.311    0.476     0.356   0.515     0.070      0.134     0.00642  -1	  -0.0015812     0.0178734
     D1OFU-a85b      0.008     0.041       0.199     0.649     -0.334     0.776      0.559     0.593      0.580     0.346    0.453     0.408   0.756     0.101      0.042     0.00542  -1	  -0.0275625    -0.0109885
     D1OFU-a85c      0.005     0.053       0.235     0.577     -0.224     0.800      0.560     0.608      0.376     0.353    0.482     0.392   0.444     0.082      0.207     0.00602  -1	   0.0102967    -0.0305985
     D1OFU-a85d      0.009     0.057       0.245     0.700     -0.160     0.760      0.461     0.523      0.210     0.458    0.470     0.502   0.785     0.083      0.106     0.00665  -1	   0.0396810    -0.0146997
     D1OFU-a86a      0.010     0.068       0.265     0.603     -0.363     0.744      0.502     0.552      0.056     0.431    0.508     0.446   0.471     0.073      0.022     0.00616  -1	   0.0853043     0.0316917
     D1OFU-a86b      0.013     0.058       0.261     0.602     -0.205     0.769      0.505     0.396      0.857     0.345    0.466     0.396   0.570     0.074      0.309     0.00631  -1	  -0.0058351     0.0498399
     D1OFU-a86c      0.010     0.060       0.258     0.651     -0.220     0.766      0.506     0.420      0.940     0.377    0.483     0.415   0.637     0.077      0.284     0.00631  -1	  -0.0133557     0.0250476
     D1OFU-a86d      0.010     0.054       0.222     0.643     -0.388     0.765      0.520     0.476      0.251     0.333    0.479     0.375   0.471     0.084      0.118     0.00611  -1	   0.0729246     0.0767563
     D1OFU-a87a      0.002     0.055       0.232     0.475     -0.332     0.743      0.599     0.577      0.282     0.439    0.476     0.479   0.118     0.095      0.153     0.00540  -1	   0.0176156    -0.0203285
     D1OFU-a87b      0.012     0.042       0.180     0.669     -0.356     0.776      0.565     0.610      0.265     0.353    0.482     0.392   0.699     0.121      0.333     0.00917  -1	   0.1332861    -0.0043214
     D1OFU-a87c      0.004     0.064       0.271     0.672     -0.229     0.765      0.513     0.602      0.044     0.429    0.529     0.427   0.637     0.083      0.031     0.00720  -1	   0.0575572    -0.0198954
     D1OFU-a87d      0.011     0.056       0.229     0.618      0.164     0.761      0.562     0.609      0.082     0.318    0.477     0.362   0.778     0.079      0.081     0.00858  -1	   0.1319152    -0.0072260
     D1OFU-a88a      0.009     0.054       0.229     0.563      0.254     0.765      0.593     0.660      0.265     0.312    0.463     0.367   0.699     0.085      0.072     0.00862  -1	   0.1093377    -0.0079795
     D1OFU-a88b      0.009     0.044       0.176     0.585     -0.069     0.753      0.554     0.607      0.320     0.300    0.453     0.362   0.738     0.113      0.189     0.00921  -1	   0.0285020    -0.0310096
     D1OFU-a88c      0.013     0.042       0.173     0.643     -0.469     0.768      0.580     0.627      0.433     0.337    0.464     0.391   0.627     0.118      0.344     0.00942  -1	   0.1050233    -0.0095884
     D1OFU-a88d      0.008     0.036       0.144     0.581      0.206     0.796      0.566     0.581      0.353     0.295    0.463     0.350   0.767     0.133      0.173     0.01115  -1	   0.0357596    -0.0065860
     D1OFU-a89a      0.006     0.046       0.180     0.681     -0.171     0.774      0.603     0.660      0.578     0.292    0.467     0.343   0.757     0.079      0.210     0.01435  -1	  -0.0219610    -0.0438938
     D1OFU-a89b      0.007     0.043       0.203     0.587      0.263     0.776      0.529     0.554      0.115     0.350    0.454     0.412   0.798     0.086      0.092     0.01219  -1	   0.1104076     0.0334609
     D1OFU-a89c      0.012     0.052       0.229     0.699      0.001     0.789      0.463     0.476      0.420     0.326    0.462     0.380   0.780     0.089      0.256     0.01471  -1	   0.0661331     0.0274423
     D1OFU-a89d      0.009     0.053       0.225     0.696     -0.058     0.774      0.517     0.586      0.154     0.400    0.457     0.457   0.747     0.077      0.125     0.01365  -1	   0.0718359    -0.0165402
      D1OFU-a8a      0.013     0.048       0.173     0.740     -0.391     0.769      0.501     0.554      0.215     0.328    0.491     0.362   0.724     0.107      0.214     0.00441  -1	   0.1555480     0.0632074
      D1OFU-a8b      0.010     0.052       0.203     0.627      0.128     0.763      0.528     0.532      0.370     0.364    0.500     0.389   0.713     0.092      0.388     0.00460  -1	   0.1572115     0.0243399
      D1OFU-a8c      0.010     0.042       0.199     0.511     -0.112     0.763      0.605     0.687      0.418     0.405    0.475     0.447   0.653     0.090      0.072     0.00758  -1	  -0.0443041    -0.0538583
      D1OFU-a8d      0.013     0.047       0.180     0.735     -0.492     0.780      0.511     0.576      0.143     0.322    0.465     0.375   0.707     0.102      0.238     0.00434  -1	   0.2299301     0.0724487
     D1OFU-a90a      0.005     0.051       0.225     0.696     -0.161     0.771      0.538     0.596      0.057     0.559    0.481     0.586   0.730     0.078      0.135     0.01410  -1	   0.0675109    -0.0155961
     D1OFU-a90b      0.002     0.046       0.203     0.615      0.223     0.764      0.503     0.542      0.632     0.327    0.489     0.362   0.784     0.093      0.122     0.01203  -1	   0.0381398     0.0188569
     D1OFU-a90c      0.002     0.043       0.190     0.556     -0.133     0.778      0.589     0.685      0.469     0.334    0.488     0.369   0.714     0.113      0.136     0.01339  -1	  -0.0403139    -0.0717920
     D1OFU-a90d      0.006     0.056       0.229     0.724     -0.188     0.760      0.531     0.629      0.185     0.492    0.516     0.496   0.785     0.084      0.127     0.01447  -1	   0.0572704    -0.0536779
     D1OFU-a91a      0.011     0.040       0.173     0.629     -0.207     0.802      0.546     0.540      0.075     0.306    0.447     0.373   0.718     0.105      0.164     0.23739   1	   0.0975647     0.0777115
     D1OFU-a91b     -0.000     0.048       0.193     0.645     -0.292     0.779      0.556     0.614      0.131     0.330    0.454     0.391   0.671     0.086      0.142     0.03341  -1	   0.0867140    -0.0000326
     D1OFU-a91c      0.007     0.041       0.163     0.575      0.192     0.786      0.531     0.565      0.667     0.312    0.464     0.366   0.721     0.120      0.108     0.03585  -1	   0.0156365     0.0104674
     D1OFU-a92a      0.010     0.032       0.141     0.717     -0.139     0.804      0.576     0.505      0.221     0.329    0.464     0.384   0.812     0.114      0.396     0.15707  -1	   0.1418961     0.1178935
     D1OFU-a92b      0.010     0.032       0.147     0.646      0.007     0.812      0.557     0.473      0.346     0.399    0.500     0.421   0.725     0.128      0.359     0.11944  -1	   0.0625639     0.1090805
     D1OFU-a92c      0.011     0.041       0.176     0.691     -0.023     0.798      0.534     0.564      0.322     0.307    0.464     0.361   0.852     0.101      0.218     0.14030  -1	   0.0424158    -0.0170349
     D1OFU-a92d      0.002     0.049       0.193     0.622     -0.375     0.781      0.571     0.632      0.518     0.326    0.469     0.376   0.644     0.101      0.177     0.03313  -1	   0.0106129    -0.0357019
     D1OFU-a93a      0.011     0.032       0.134     0.616     -0.021     0.815      0.567     0.548      0.400     0.336    0.485     0.374   0.796     0.141      0.340     0.09604  -1	   0.0171683     0.0049960
     D1OFU-a93b      0.012     0.030       0.134     0.647     -0.146     0.809      0.601     0.552      0.536     0.323    0.443     0.394   0.732     0.120      0.114     0.11606  -1	  -0.0582575     0.0162981
     D1OFU-a93c      0.008     0.032       0.141     0.721     -0.167     0.809      0.573     0.527      0.572     0.311    0.453     0.374   0.781     0.116      0.282     0.18147  -1	  -0.0396109     0.0148068
     D1OFU-a93d      0.011     0.033       0.131     0.615     -0.045     0.816      0.563     0.527      0.387     0.315    0.465     0.368   0.796     0.142      0.328     0.10282  -1	   0.0181670     0.0253265
     D1OFU-a94a      0.007     0.034       0.147     0.705     -0.061     0.772      0.598     0.598      0.559     0.362    0.478     0.404   0.836     0.113      0.100     0.03619  -1	  -0.0633909    -0.0186521
     D1OFU-a94b      0.011     0.031       0.134     0.600     -0.018     0.814      0.566     0.535      0.465     0.327    0.458     0.385   0.796     0.150      0.336     0.10017  -1	  -0.0071304     0.0062586
     D1OFU-a94c      0.013     0.041       0.150     0.700     -0.412     0.768      0.592     0.608      0.433     0.318    0.447     0.384   0.664     0.121     -0.031     0.01800  -1	   0.0429279     0.0320027
     D1OFU-a94d      0.009     0.032       0.147     0.681     -0.178     0.803      0.569     0.534      0.642     0.324    0.445     0.393   0.757     0.126      0.282     0.14283  -1	  -0.0519152     0.0043469
     D1OFU-a95a      0.005     0.045       0.190     0.602      0.186     0.782      0.567     0.661      0.382     0.346    0.442     0.418   0.739     0.094      0.125     0.02108  -1	   0.0476399    -0.0409660
     D1OFU-a95b      0.005     0.046       0.190     0.589      0.088     0.784      0.599     0.699      0.308     0.334    0.473     0.380   0.744     0.103      0.101     0.02051  -1	   0.0156160    -0.0760588
     D1OFU-a95c      0.005     0.045       0.190     0.594      0.097     0.781      0.620     0.719      0.390     0.334    0.443     0.405   0.744     0.103      0.101     0.02064  -1	   0.0082962    -0.0660835
     D1OFU-a95d      0.016     0.050       0.212     0.727      0.145     0.775      0.517     0.469      0.884     0.432    0.480     0.469   0.851     0.084      0.169     0.01497  -1	   0.0662929     0.0523831
     D1OFU-a96a      0.008     0.043       0.170     0.637      0.097     0.789      0.538     0.511      0.102     0.311    0.445     0.380   0.761     0.103      0.234     0.02030  -1	   0.1495032     0.1016747
     D1OFU-a96b      0.015     0.054       0.232     0.689      0.192     0.772      0.519     0.468      0.643     0.357    0.469     0.406   0.845     0.082      0.102     0.01369  -1	   0.0716692     0.0513697
     D1OFU-a96c      0.007     0.052       0.206     0.587     -0.597     0.775      0.551     0.551      0.446     0.334    0.462     0.390   0.271     0.099      0.138     0.02240  -1	   0.1019507    -0.0101697
     D1OFU-a96d      0.011     0.038       0.160     0.494     -0.476     0.756      0.618     0.592      0.397     0.311    0.446     0.379   0.483     0.117      0.006     0.01307  -1	   0.0867295     0.0367243
     D1OFU-a97a      0.007     0.059       0.209     0.588     -0.059     0.762      0.614     0.597      0.481     0.341    0.460     0.397   0.554     0.080      0.199     0.00817  -1	   0.0298005    -0.0193426
     D1OFU-a97b      0.008     0.054       0.222     0.575     -0.425     0.755      0.583     0.580      0.739     0.323    0.493     0.356   0.000     0.078      0.238     0.00884  -1	  -0.0078276    -0.0514728
     D1OFU-a97c      0.016     0.034       0.150     0.574     -0.203     0.769      0.620     0.666      0.555     0.342    0.480     0.383   0.700     0.101      0.480     0.00821  -1	   0.0108013    -0.0556770
     D1OFU-a97d      0.013     0.055       0.232     0.530      0.084     0.760      0.554     0.630      0.182     0.364    0.460     0.419   0.459     0.079      0.107     0.01213  -1	   0.0717567    -0.0031601
     D1OFU-a98a      0.008     0.054       0.222     0.647     -0.395     0.763      0.580     0.571      0.076     0.423    0.468     0.471   0.471     0.080      0.325     0.00869  -1	   0.2180546     0.0574752
     D1OFU-a98b      0.007     0.052       0.219     0.635     -0.308     0.761      0.586     0.613      0.120     0.375    0.459     0.431   0.515     0.074      0.200     0.00862  -1	   0.1174016     0.0168920
     D1OFU-a98c      0.009     0.054       0.219     0.638      0.142     0.764      0.521     0.573      0.291     0.365    0.481     0.404   0.713     0.076      0.061     0.00616  -1	   0.0558262     0.0013421
     D1OFU-a98d      0.013     0.045       0.193     0.483      0.178     0.769      0.526     0.550      0.653     0.339    0.478     0.382   0.595     0.094      0.057     0.00722  -1	   0.0390526     0.0490730
     D1OFU-a99a      0.006     0.073       0.268     0.557     -0.282     0.758      0.542     0.668      0.329     0.322    0.444     0.392   0.389     0.063      0.268     0.00711  -1	   0.1020635    -0.0449604
     D1OFU-a99b      0.013     0.045       0.190     0.550      0.093     0.768      0.526     0.552      0.639     0.361    0.506     0.381   0.744     0.094      0.042     0.00716  -1	  -0.0112418     0.0085931
     D1OFU-a99c      0.007     0.061       0.248     0.582     -0.370     0.755      0.552     0.594      0.862     0.347    0.485     0.384   0.345     0.074      0.217     0.00726  -1	   0.0039456    -0.0076646
     D1OFU-a99d      0.005     0.060       0.216     0.624     -0.135     0.755      0.582     0.586      0.723     0.371    0.475     0.415   0.589     0.072      0.157     0.00832  -1	  -0.0023818    -0.0180578
      D1OFU-a9a      0.014     0.055       0.239     0.635      0.210     0.762      0.541     0.633      0.995     0.448    0.533     0.441   0.787     0.075      0.120     0.00659  -1	   0.1360450     0.0601428
      D1OFU-a9c      0.010     0.049       0.209     0.599     -0.331     0.776      0.582     0.557      0.458     0.343    0.463     0.397   0.738     0.082      0.235     0.00723  -1	   0.0267026    -0.0121324
      D1OFU-a9d      0.008     0.049       0.216     0.568     -0.258     0.774      0.574     0.541      0.485     0.341    0.440     0.414   0.653     0.085      0.232     0.00728  -1	   0.0093863    -0.0042352
