      D1FCC-a9d      0.036     0.021       0.068     0.725      0.017     0.793      0.589     0.671      0.624     0.773    0.534     0.748   0.805     0.219      0.232     0.00943  -1	   0.0334533     0.0023263
      D1FCC-a0a      0.037     0.030       0.100     0.572     -0.168     0.802      0.616     0.666      0.706     0.753    0.510     0.743   0.684     0.141      0.260     0.01276  -1	   0.0073836    -0.0072927
      D1FCC-a0b      0.032     0.024       0.085     0.663     -0.065     0.805      0.572     0.653      0.789     0.763    0.553     0.726   0.812     0.164      0.283     0.01309  -1	   0.0208121     0.0192656
      D1FCC-a0c      0.037     0.032       0.092     0.541      0.024     0.800      0.595     0.610      0.960     0.822    0.552     0.788   0.646     0.143      0.214     0.01341  -1	   0.0794226     0.0419170
      D1FCC-a0d      0.033     0.031       0.092     0.644     -0.109     0.792      0.550     0.676      0.848     0.803    0.546     0.771   0.732     0.166      0.350     0.01237  -1	   0.0532707     0.0409771
    D1FCC-a100a      0.033     0.025       0.087     0.746     -0.258     0.791      0.623     0.619      0.906     0.798    0.585     0.742   0.750     0.193      0.321     0.00771  -1	   0.0490825     0.0336229
    D1FCC-a100b      0.031     0.028       0.090     0.741      0.009     0.795      0.552     0.551      0.602     0.768    0.529     0.746   0.805     0.157      0.222     0.00837  -1	   0.0417348     0.0540220
    D1FCC-a100c      0.030     0.035       0.117     0.552     -0.109     0.776      0.615     0.681      0.945     0.797    0.560     0.757   0.714     0.131      0.130     0.00862  -1	   0.0456854     0.0001813
    D1FCC-a100d      0.030     0.028       0.092     0.727     -0.089     0.765      0.566     0.646      0.645     0.775    0.514     0.763   0.836     0.178      0.180     0.00948  -1	   0.0146698    -0.0058468
    D1FCC-a101a      0.029     0.035       0.119     0.628     -0.155     0.768      0.545     0.613      0.788     0.765    0.503     0.759   0.701     0.130      0.119     0.00929  -1	   0.0108767     0.0200271
    D1FCC-a101b      0.030     0.035       0.117     0.628      0.043     0.769      0.607     0.642      0.578     0.775    0.517     0.760   0.725     0.132      0.166     0.00732  -1	   0.0154622    -0.0110563
    D1FCC-a101c      0.029     0.034       0.119     0.661     -0.065     0.763      0.524     0.583      0.384     0.772    0.517     0.758   0.812     0.122      0.133     0.00933  -1	  -0.0058933     0.0060755
    D1FCC-a101d      0.027     0.033       0.112     0.711     -0.271     0.766      0.603     0.697      0.475     0.786    0.531     0.763   0.750     0.133      0.156     0.00777  -1	   0.0203220    -0.0137834
    D1FCC-a102a      0.028     0.036       0.117     0.718     -0.482     0.758      0.547     0.640      0.101     0.751    0.510     0.741   0.707     0.118      0.106     0.00958  -1	   0.1608330     0.0853368
    D1FCC-a102b      0.031     0.030       0.102     0.746     -0.074     0.769      0.591     0.615      0.860     0.765    0.512     0.754   0.836     0.156      0.244     0.00683  -1	   0.0421140     0.0096370
    D1FCC-a102c      0.030     0.030       0.102     0.708     -0.072     0.765      0.605     0.633      0.467     0.770    0.512     0.758   0.836     0.159      0.244     0.00693  -1	   0.0464985    -0.0042479
    D1FCC-a102d      0.035     0.031       0.104     0.742     -0.173     0.780      0.592     0.607      0.501     0.812    0.541     0.783   0.781     0.141      0.287     0.00664  -1	   0.0749018     0.0238583
    D1FCC-a103a      0.029     0.026       0.087     0.644     -0.154     0.787      0.587     0.599      0.561     0.750    0.516     0.737   0.701     0.174      0.175     0.00785  -1	  -0.0164675     0.0085041
    D1FCC-a103b      0.025     0.035       0.119     0.582     -0.115     0.766      0.539     0.602      0.860     0.781    0.542     0.751   0.714     0.124      0.133     0.00943  -1	   0.0166657     0.0364504
    D1FCC-a103c      0.026     0.029       0.097     0.552      0.089     0.775      0.570     0.654      0.090     0.741    0.498     0.739   0.744     0.146      0.096     0.00929  -1	  -0.0396664    -0.0621287
    D1FCC-a103d      0.029     0.036       0.121     0.702     -0.107     0.766      0.540     0.606      0.616     0.756    0.522     0.739   0.812     0.121      0.139     0.00927  -1	   0.0046175     0.0028068
    D1FCC-a104a      0.026     0.035       0.119     0.570     -0.015     0.766      0.544     0.608      0.593     0.770    0.498     0.767   0.778     0.121      0.118     0.00940  -1	  -0.0188025    -0.0015157
    D1FCC-a104b      0.026     0.032       0.104     0.730     -0.021     0.775      0.508     0.572      0.944     0.794    0.571     0.747   0.876     0.134      0.234     0.01042  -1	   0.0621876     0.0699371
    D1FCC-a104c      0.030     0.033       0.114     0.675     -0.152     0.765      0.569     0.625      0.715     0.755    0.525     0.736   0.757     0.125      0.124     0.00924  -1	  -0.0020497     0.0037983
    D1FCC-a104d      0.029     0.035       0.121     0.727     -0.125     0.767      0.535     0.614      0.958     0.760    0.551     0.725   0.812     0.120      0.127     0.00930  -1	   0.0393365     0.0314834
    D1FCC-a105a      0.034     0.029       0.092     0.586     -0.170     0.798      0.572     0.653      0.986     0.823    0.567     0.779   0.684     0.147      0.350     0.01517  -1	   0.0557253     0.0814828
    D1FCC-a105b      0.030     0.020       0.063     0.673      0.138     0.786      0.583     0.633      0.566     0.778    0.526     0.758   0.827     0.218      0.177     0.00995  -1	   0.0160191     0.0141577
    D1FCC-a105c      0.027     0.029       0.090     0.651      0.325     0.782      0.610     0.672      0.871     0.774    0.546     0.742   0.872     0.169      0.130     0.01200  -1	   0.1488252     0.0492226
    D1FCC-a105d      0.032     0.024       0.080     0.629     -0.039     0.799      0.577     0.647      0.924     0.758    0.556     0.719   0.796     0.164      0.283     0.01300  -1	   0.0300135     0.0353107
    D1FCC-a106a      0.031     0.034       0.121     0.679     -0.122     0.770      0.549     0.608      0.885     0.748    0.538     0.721   0.788     0.136      0.136     0.00935  -1	   0.0247915     0.0202232
    D1FCC-a106b      0.029     0.035       0.117     0.695     -0.394     0.755      0.591     0.670      0.479     0.764    0.532     0.740   0.699     0.114      0.118     0.00947  -1	   0.0421798     0.0163862
    D1FCC-a106c      0.029     0.035       0.117     0.679     -0.002     0.760      0.541     0.615      0.554     0.764    0.508     0.755   0.852     0.119      0.124     0.00932  -1	   0.0052060    -0.0054689
    D1FCC-a106d      0.033     0.027       0.092     0.493      0.008     0.779      0.643     0.669      0.560     0.751    0.518     0.737   0.582     0.171      0.014     0.00835  -1	  -0.0710267    -0.0539801
     D1FCC-a10a      0.040     0.051       0.172     0.577      0.206     0.790      0.472     0.394      0.149     0.825    0.562     0.785   0.661     0.086      0.464     0.01655  -1	   0.3472437     0.2464737
     D1FCC-a10b      0.029     0.021       0.063     0.661     -0.116     0.783      0.645     0.681      0.916     0.781    0.515     0.767   0.788     0.254      0.425     0.01191  -1	   0.0379806     0.0001089
     D1FCC-a10c      0.036     0.054       0.194     0.585      0.006     0.780      0.470     0.434      0.609     0.815    0.532     0.792   0.587     0.084      0.231     0.02178  -1	   0.0799417     0.1013249
     D1FCC-a10d      0.037     0.056       0.197     0.589      0.011     0.766      0.446     0.395      0.384     0.776    0.521     0.759   0.587     0.084      0.246     0.01640  -1	   0.0885855     0.1183970
     D1FCC-a11a      0.040     0.051       0.177     0.586      0.236     0.792      0.469     0.387      0.164     0.812    0.546     0.781   0.661     0.086      0.579     0.01683  -1	   0.4604971     0.2821418
     D1FCC-a11b      0.037     0.057       0.197     0.720      0.085     0.767      0.364     0.288      0.560     0.807    0.573     0.759   0.859     0.085      0.400     0.03285  -1	   0.2411897     0.2770727
     D1FCC-a11c      0.031     0.064       0.214     0.675      0.223     0.774      0.341     0.296      0.734     0.804    0.576     0.755   0.854     0.074      0.377     0.01463  -1	   0.3062295     0.3353846
     D1FCC-a11d      0.033     0.024       0.083     0.579     -0.077     0.805      0.560     0.627      0.766     0.789    0.531     0.765   0.738     0.184      0.351     0.01324  -1	   0.0237818     0.0496767
     D1FCC-a12a      0.034     0.029       0.092     0.672      0.208     0.780      0.534     0.595      0.630     0.809    0.538     0.782   0.840     0.157      0.623     0.01124  -1	   0.2782574     0.1096501
     D1FCC-a12b      0.033     0.028       0.087     0.626      0.180     0.779      0.556     0.599      0.688     0.770    0.523     0.751   0.739     0.157      0.761     0.01100  -1	   0.2654331     0.0941858
     D1FCC-a12c      0.037     0.059       0.194     0.549     -0.004     0.769      0.418     0.322      0.143     0.774    0.516     0.760   0.401     0.083      0.212     0.01596  -1	   0.0738110     0.1589435
     D1FCC-a12d      0.033     0.043       0.165     0.616      0.275     0.779      0.481     0.419      0.191     0.762    0.498     0.760   0.816     0.079      0.375     0.01990  -1	   0.2899176     0.2460759
     D1FCC-a13a      0.030     0.030       0.104     0.658      0.006     0.790      0.592     0.673      0.879     0.763    0.514     0.751   0.781     0.163      0.347     0.03485  -1	   0.0633324     0.0087563
     D1FCC-a13b      0.030     0.029       0.107     0.679      0.086     0.771      0.557     0.641      0.476     0.765    0.541     0.736   0.817     0.154      0.467     0.03412  -1	   0.1693914     0.0137027
     D1FCC-a13c      0.030     0.026       0.097     0.712      0.168     0.788      0.577     0.610      0.646     0.747    0.521     0.731   0.819     0.164      0.292     0.05471  -1	   0.0975296     0.0538294
     D1FCC-a13d      0.032     0.026       0.092     0.713      0.148     0.784      0.568     0.590      0.685     0.760    0.526     0.741   0.851     0.162      0.274     0.05428  -1	   0.0857124     0.0575523
     D1FCC-a14a      0.029     0.028       0.104     0.726      0.131     0.783      0.541     0.616      0.690     0.778    0.541     0.750   0.851     0.151      0.460     0.03522  -1	   0.1623201     0.0606326
     D1FCC-a14b      0.032     0.030       0.097     0.662      0.136     0.791      0.579     0.655      0.727     0.770    0.520     0.754   0.827     0.168      0.446     0.02820  -1	   0.1372059     0.0273483
     D1FCC-a14c      0.029     0.029       0.100     0.661      0.074     0.787      0.569     0.637      0.587     0.761    0.531     0.739   0.817     0.170      0.352     0.03463  -1	   0.0821914     0.0076604
     D1FCC-a14d      0.030     0.028       0.104     0.664      0.097     0.785      0.582     0.658      0.878     0.762    0.529     0.741   0.817     0.157      0.349     0.03395  -1	   0.0876055     0.0306599
     D1FCC-a15a      0.034     0.024       0.080     0.690      0.159     0.793      0.608     0.644      0.750     0.743    0.490     0.747   0.794     0.178      0.437     0.02267  -1	   0.1220765     0.0327847
     D1FCC-a15b      0.034     0.028       0.095     0.506      0.203     0.789      0.594     0.620      0.804     0.778    0.546     0.746   0.705     0.166      0.313     0.02970  -1	   0.0912809     0.0628746
     D1FCC-a15c      0.032     0.024       0.083     0.816      0.225     0.791      0.575     0.600      0.377     0.749    0.509     0.740   0.715     0.173      0.303     0.02136  -1	   0.2035803     0.1391573
     D1FCC-a15d      0.032     0.027       0.095     0.688      0.176     0.784      0.570     0.604      0.664     0.751    0.520     0.736   0.794     0.162      0.274     0.05423  -1	   0.0909883     0.0543301
     D1FCC-a16a      0.033     0.027       0.090     0.667      0.180     0.792      0.529     0.572      0.454     0.758    0.504     0.752   0.794     0.167      0.420     0.03031  -1	   0.1698072     0.0874410
     D1FCC-a16b      0.034     0.020       0.075     0.815     -0.112     0.788      0.629     0.681      0.319     0.753    0.518     0.739   0.663     0.173      0.248     0.01841  -1	   0.0927352     0.0500751
     D1FCC-a16c      0.035     0.020       0.073     0.573      0.202     0.794      0.594     0.600      0.703     0.755    0.495     0.755   0.767     0.196      0.426     0.01925  -1	   0.0946715     0.0700311
     D1FCC-a16d      0.028     0.029       0.092     0.634      0.333     0.797      0.592     0.651      0.873     0.761    0.531     0.738   0.816     0.162      0.131     0.01190  -1	   0.1640610     0.0695988
     D1FCC-a17a      0.028     0.027       0.085     0.729      0.269     0.791      0.602     0.678      0.881     0.769    0.532     0.745   0.896     0.149      0.083     0.01182  -1	   0.1275569     0.0459212
     D1FCC-a17b      0.042     0.051       0.197     0.655      0.346     0.788      0.433     0.277      0.139     0.784    0.513     0.771   0.920     0.071      0.341     0.01780  -1	   0.4084195     0.4702287
     D1FCC-a17c      0.040     0.050       0.192     0.653      0.336     0.781      0.437     0.295      0.209     0.774    0.516     0.759   0.872     0.073      0.154     0.01783  -1	   0.2344149     0.3580500
     D1FCC-a17d      0.041     0.051       0.197     0.632      0.333     0.783      0.440     0.289      0.142     0.772    0.510     0.762   0.853     0.072      0.331     0.01779  -1	   0.3688071     0.4265178
     D1FCC-a18a      0.042     0.051       0.197     0.653      0.395     0.779      0.435     0.288      0.161     0.782    0.509     0.772   0.898     0.070      0.309     0.01773  -1	   0.4095564     0.4644921
     D1FCC-a18b      0.043     0.050       0.194     0.422      0.234     0.787      0.504     0.426      0.986     0.803    0.543     0.773   0.545     0.069      0.445     0.01853  -1	   0.2911444     0.2732624
     D1FCC-a18c      0.032     0.049       0.175     0.678     -0.029     0.770      0.458     0.426      0.115     0.790    0.544     0.760   0.852     0.087      0.162     0.01931  -1	   0.0875879     0.1128581
     D1FCC-a18d      0.043     0.051       0.201     0.610      0.291     0.781      0.436     0.293      0.078     0.789    0.520     0.772   0.825     0.069      0.349     0.01772  -1	   0.3609119     0.4048976
     D1FCC-a19a      0.031     0.049       0.172     0.603     -0.338     0.802      0.499     0.559      0.537     0.783    0.555     0.744   0.756     0.086      0.157     0.01042  -1	   0.0136954     0.0393623
     D1FCC-a19b      0.030     0.020       0.066     0.641      0.271     0.792      0.616     0.673      0.938     0.777    0.528     0.756   0.816     0.260      0.145     0.00560  -1	   0.1018894     0.0126851
     D1FCC-a19c      0.027     0.031       0.100     0.551     -0.011     0.789      0.566     0.662      0.582     0.769    0.507     0.761   0.778     0.132      0.124     0.00486  -1	  -0.0333121    -0.0269191
     D1FCC-a19d      0.029     0.030       0.095     0.637     -0.085     0.795      0.605     0.723      0.763     0.799    0.524     0.780   0.756     0.142      0.191     0.00520  -1	   0.0120533    -0.0154549
      D1FCC-a1a      0.033     0.033       0.097     0.667      0.070     0.797      0.516     0.629      0.527     0.764    0.517     0.750   0.817     0.143      0.210     0.01220  -1	   0.0463312     0.0101738
      D1FCC-a1b      0.032     0.029       0.090     0.564     -0.318     0.791      0.562     0.651      0.907     0.807    0.533     0.783   0.738     0.160      0.278     0.01332  -1	   0.0547757     0.0920520
      D1FCC-a1c      0.038     0.033       0.090     0.624     -0.091     0.810      0.604     0.655      0.872     0.812    0.550     0.778   0.756     0.148      0.225     0.01274  -1	   0.0510995     0.0156405
      D1FCC-a1d      0.036     0.033       0.097     0.634      0.064     0.809      0.619     0.678      0.830     0.764    0.507     0.755   0.761     0.139      0.240     0.01334  -1	   0.0739521     0.0010759
     D1FCC-a20a      0.029     0.022       0.070     0.726      0.128     0.798      0.657     0.729      0.347     0.774    0.531     0.751   0.851     0.185      0.324     0.00541  -1	   0.1338038     0.0071021
     D1FCC-a20b      0.030     0.019       0.085     0.579      0.111     0.803      0.623     0.734      0.598     0.757    0.494     0.757   0.753     0.191      0.249     0.00493  -1	   0.0085864    -0.0256601
     D1FCC-a20c      0.031     0.022       0.083     0.597     -0.229     0.801      0.620     0.698      0.782     0.767    0.511     0.757   0.700     0.206      0.112     0.00487  -1	  -0.0034916    -0.0059829
     D1FCC-a20d      0.031     0.031       0.092     0.666      0.054     0.802      0.597     0.652      0.544     0.760    0.506     0.753   0.817     0.127      0.246     0.00489  -1	   0.0458353    -0.0087920
     D1FCC-a21a      0.032     0.046       0.165     0.557     -0.266     0.786      0.491     0.545      0.790     0.790    0.516     0.775   0.653     0.083      0.253     0.01007  -1	   0.0412498     0.1015046
     D1FCC-a21b      0.027     0.024       0.078     0.747      0.228     0.785      0.549     0.574      0.624     0.772    0.526     0.752   0.864     0.185      0.221     0.00502  -1	   0.0992737     0.0864245
     D1FCC-a21c      0.026     0.024       0.078     0.657      0.261     0.794      0.573     0.599      0.819     0.768    0.507     0.760   0.872     0.182      0.221     0.00500  -1	   0.1076147     0.0702545
     D1FCC-a21d      0.026     0.021       0.075     0.585      0.139     0.791      0.583     0.597      0.803     0.765    0.493     0.766   0.753     0.222      0.284     0.00504  -1	   0.0381302     0.0357002
     D1FCC-a22a      0.024     0.025       0.090     0.737     -0.164     0.781      0.577     0.633      0.646     0.790    0.516     0.776   0.781     0.193      0.109     0.00494  -1	  -0.0122146     0.0026004
     D1FCC-a22b      0.024     0.020       0.080     0.626      0.161     0.800      0.600     0.625      0.611     0.741    0.469     0.758   0.739     0.186      0.205     0.00505  -1	   0.0162113     0.0203123
     D1FCC-a22c      0.026     0.027       0.087     0.581      0.203     0.780      0.576     0.572      0.806     0.787    0.514     0.774   0.767     0.162      0.133     0.00526  -1	   0.0601314     0.0505447
     D1FCC-a22d      0.026     0.024       0.078     0.647      0.290     0.795      0.585     0.617      0.722     0.771    0.518     0.756   0.816     0.179      0.259     0.00503  -1	   0.1204822     0.0799502
     D1FCC-a23a      0.041     0.051       0.184     0.670      0.343     0.785      0.425     0.285      0.246     0.778    0.524     0.760   0.920     0.075      0.156     0.01785  -1	   0.2475449     0.3748455
     D1FCC-a23b      0.041     0.050       0.189     0.658      0.360     0.787      0.435     0.294      0.210     0.770    0.528     0.749   0.903     0.074      0.198     0.01793  -1	   0.2895766     0.4026622
     D1FCC-a23c      0.040     0.055       0.194     0.637      0.067     0.778      0.449     0.379      0.061     0.789    0.510     0.778   0.738     0.073      0.245     0.02124  -1	   0.1790903     0.1722317
     D1FCC-a23d      0.040     0.045       0.182     0.503      0.286     0.778      0.502     0.407      0.128     0.790    0.513     0.778   0.737     0.072      0.762     0.01730  -1	   0.5897807     0.3147158
     D1FCC-a24a      0.030     0.017       0.058     0.576      0.430     0.794      0.594     0.647      0.696     0.779    0.538     0.752   0.804     0.260      0.375     0.01097  -1	   0.1893330     0.1305906
     D1FCC-a24b      0.028     0.018       0.058     0.819      0.242     0.786      0.563     0.567      0.518     0.758    0.502     0.754   0.715     0.241      1.158     0.01350  -1	   0.6924208     0.1388388
     D1FCC-a24c      0.040     0.049       0.182     0.533      0.271     0.779      0.487     0.411      0.086     0.806    0.562     0.764   0.737     0.087      0.430     0.01690  -1	   0.3548556     0.2646778
     D1FCC-a24d      0.033     0.019       0.053     0.787      0.170     0.797      0.627     0.617      0.698     0.764    0.518     0.749   0.798     0.250      0.194     0.00989  -1	   0.0678928     0.0565584
     D1FCC-a25a      0.037     0.057       0.199     0.596      0.044     0.770      0.451     0.410      0.066     0.793    0.509     0.783   0.587     0.081      0.216     0.01631  -1	   0.1225105     0.1022420
     D1FCC-a25b      0.039     0.056       0.199     0.605      0.063     0.766      0.420     0.343      0.036     0.772    0.504     0.765   0.738     0.080      0.201     0.01632  -1	   0.1415165     0.1937512
     D1FCC-a25c      0.040     0.056       0.199     0.519      0.268     0.773      0.464     0.353      0.250     0.787    0.537     0.760   0.546     0.070      0.327     0.01632  -1	   0.2429069     0.2401423
     D1FCC-a25d      0.038     0.061       0.206     0.627      0.044     0.764      0.383     0.296      0.508     0.771    0.527     0.751   0.713     0.081      0.296     0.01584  -1	   0.1461215     0.2264132
     D1FCC-a26a      0.041     0.051       0.201     0.627      0.324     0.786      0.431     0.283      0.054     0.788    0.521     0.771   0.853     0.073      0.349     0.01779  -1	   0.4015624     0.4476886
     D1FCC-a26b      0.035     0.045       0.167     0.528      0.121     0.766      0.547     0.519      0.425     0.760    0.492     0.761   0.692     0.086      0.342     0.02270  -1	   0.1162357     0.0688470
     D1FCC-a26c      0.037     0.061       0.204     0.497     -0.092     0.781      0.458     0.384      0.665     0.781    0.528     0.760   0.283     0.076      0.295     0.02236  -1	   0.0625494     0.1045957
     D1FCC-a26d      0.039     0.053       0.197     0.506      0.324     0.786      0.434     0.340      0.160     0.778    0.532     0.755   0.574     0.076      0.222     0.01995  -1	   0.2067524     0.2603649
     D1FCC-a27a      0.031     0.043       0.131     0.573     -0.082     0.781      0.601     0.573      0.981     0.793    0.531     0.770   0.738     0.124      0.201     0.04437  -1	   0.0846384     0.0222923
     D1FCC-a27b      0.040     0.059       0.201     0.601      0.033     0.765      0.409     0.338      0.224     0.780    0.504     0.773   0.713     0.076      0.286     0.01609  -1	   0.1568402     0.1930242
     D1FCC-a27c      0.032     0.044       0.131     0.675     -0.232     0.780      0.485     0.431      0.757     0.769    0.518     0.754   0.773     0.109      0.232     0.06219  -1	   0.0478301     0.1196662
     D1FCC-a27d      0.038     0.049       0.172     0.653      0.025     0.783      0.470     0.426      0.490     0.770    0.527     0.750   0.781     0.092      0.325     0.03182  -1	   0.1325988     0.1299242
     D1FCC-a28a      0.035     0.028       0.087     0.597      0.233     0.789      0.579     0.540      0.600     0.747    0.515     0.735   0.767     0.185      0.123     0.09362  -1	   0.0435397     0.0656804
     D1FCC-a28b      0.038     0.051       0.189     0.666      0.177     0.772      0.427     0.369      0.836     0.798    0.564     0.755   0.845     0.085      0.306     0.03160  -1	   0.2193548     0.2460881
     D1FCC-a28c      0.029     0.040       0.136     0.690      0.350     0.768      0.547     0.405      0.463     0.770    0.517     0.755   0.903     0.098      0.153     0.03213  -1	   0.1822576     0.2692327
     D1FCC-a28d      0.034     0.029       0.107     0.525      0.341     0.792      0.568     0.589      0.780     0.760    0.514     0.748   0.737     0.138      0.567     0.02894  -1	   0.2539258     0.1701167
     D1FCC-a29a      0.031     0.024       0.087     0.713     -0.089     0.776      0.631     0.730      0.880     0.787    0.513     0.774   0.836     0.158      0.575     0.03618  -1	   0.0953289     0.0020307
     D1FCC-a29b      0.036     0.028       0.085     0.603      0.172     0.790      0.586     0.548      0.665     0.741    0.506     0.735   0.739     0.186      0.117     0.09348  -1	   0.0301305     0.0417769
     D1FCC-a29c      0.030     0.034       0.104     0.580      0.078     0.776      0.574     0.565      0.166     0.770    0.512     0.758   0.744     0.161      0.289     0.13125  -1	   0.0972693     0.0423720
     D1FCC-a29d      0.030     0.031       0.107     0.692     -0.368     0.766      0.586     0.599      0.680     0.761    0.519     0.746   0.699     0.149      0.162     0.18355  -1	   0.0374819     0.0335858
      D1FCC-a2a      0.034     0.026       0.087     0.585      0.139     0.788      0.582     0.662      0.996     0.779    0.543     0.749   0.753     0.176      0.224     0.01408  -1	   0.0963541     0.0393833
      D1FCC-a2b      0.033     0.026       0.095     0.720     -0.206     0.792      0.550     0.658      0.782     0.773    0.518     0.758   0.798     0.172      0.208     0.01145  -1	   0.0200801     0.0241896
      D1FCC-a2c      0.033     0.031       0.092     0.691     -0.557     0.785      0.564     0.694      0.532     0.787    0.542     0.758   0.663     0.159      0.144     0.01410  -1	   0.1230105     0.0684357
      D1FCC-a2d      0.034     0.028       0.087     0.707     -0.037     0.781      0.512     0.613      0.930     0.793    0.536     0.767   0.876     0.154      0.229     0.01177  -1	   0.0565748     0.0649389
     D1FCC-a30a      0.031     0.028       0.095     0.663      0.226     0.786      0.580     0.619      0.816     0.757    0.518     0.743   0.840     0.169      0.356     0.05499  -1	   0.1392306     0.0644124
     D1FCC-a30b      0.034     0.022       0.087     0.525     -0.040     0.779      0.598     0.597      0.552     0.767    0.514     0.754   0.717     0.180      0.239     0.04283  -1	  -0.0244962     0.0184685
     D1FCC-a30c      0.032     0.026       0.092     0.677      0.127     0.788      0.580     0.619      0.755     0.743    0.511     0.734   0.827     0.160      0.296     0.05480  -1	   0.0728118     0.0343020
     D1FCC-a30d      0.033     0.030       0.100     0.684      0.178     0.780      0.550     0.587      0.648     0.764    0.514     0.752   0.794     0.148      0.491     0.02758  -1	   0.1868565     0.0790343
     D1FCC-a31a      0.030     0.036       0.114     0.628      0.039     0.785      0.565     0.684      0.626     0.764    0.512     0.752   0.725     0.125      0.478     0.03888  -1	   0.1234109    -0.0046002
     D1FCC-a31b      0.032     0.028       0.087     0.660      0.010     0.784      0.589     0.686      0.460     0.746    0.515     0.733   0.781     0.159      0.132     0.04917  -1	  -0.0110266    -0.0346699
     D1FCC-a31c      0.028     0.028       0.090     0.647     -0.555     0.788      0.614     0.726      0.775     0.769    0.514     0.756   0.607     0.163      0.174     0.05072  -1	   0.1051974     0.0574356
     D1FCC-a31d      0.033     0.033       0.104     0.653      0.051     0.778      0.532     0.565      0.717     0.787    0.547     0.755   0.817     0.160      0.445     0.02792  -1	   0.1175084     0.0684569
     D1FCC-a32a      0.029     0.029       0.090     0.723     -0.099     0.791      0.563     0.705      0.683     0.768    0.527     0.748   0.836     0.150      0.210     0.04172  -1	   0.0174666    -0.0151769
     D1FCC-a32b      0.030     0.031       0.090     0.704      0.168     0.783      0.557     0.614      0.428     0.752    0.508     0.744   0.819     0.148      0.133     0.03592  -1	   0.0466133     0.0221030
     D1FCC-a32c      0.029     0.026       0.087     0.680     -0.331     0.793      0.597     0.717      0.525     0.749    0.517     0.736   0.812     0.147      0.144     0.04331  -1	   0.0132243    -0.0115305
     D1FCC-a32d      0.029     0.029       0.104     0.604     -0.078     0.781      0.597     0.643      0.651     0.757    0.516     0.743   0.756     0.150      0.507     0.03726  -1	   0.0787206     0.0010690
     D1FCC-a33a      0.041     0.052       0.194     0.614      0.237     0.792      0.457     0.304      0.111     0.781    0.530     0.758   0.787     0.075      0.229     0.01780  -1	   0.2255621     0.3279887
     D1FCC-a33b      0.030     0.065       0.214     0.672      0.219     0.776      0.340     0.283      0.110     0.802    0.530     0.780   0.854     0.072      0.387     0.01443  -1	   0.3971125     0.3289560
     D1FCC-a33c      0.040     0.052       0.194     0.679      0.373     0.777      0.428     0.286      0.374     0.794    0.530     0.772   0.898     0.071      0.290     0.01782  -1	   0.3597874     0.4253974
     D1FCC-a33d      0.040     0.050       0.194     0.688      0.353     0.779      0.416     0.270      0.255     0.778    0.538     0.751   0.903     0.072      0.331     0.01785  -1	   0.3919338     0.4667340
     D1FCC-a34a      0.042     0.051       0.197     0.653      0.386     0.791      0.433     0.286      0.348     0.795    0.518     0.780   0.898     0.073      0.306     0.01771  -1	   0.3790719     0.4503682
     D1FCC-a34b      0.038     0.059       0.194     0.638      0.120     0.763      0.417     0.339      0.065     0.785    0.520     0.769   0.713     0.077      0.264     0.02148  -1	   0.2207987     0.2152734
     D1FCC-a34c      0.042     0.051       0.199     0.614      0.351     0.781      0.437     0.285      0.125     0.791    0.518     0.775   0.831     0.073      0.364     0.01778  -1	   0.4052728     0.4489008
     D1FCC-a34d      0.038     0.056       0.192     0.643      0.089     0.782      0.443     0.416      0.378     0.810    0.525     0.790   0.738     0.078      0.258     0.02171  -1	   0.1488954     0.1304477
     D1FCC-a35a      0.034     0.052       0.182     0.640      0.007     0.776      0.441     0.398      0.991     0.804    0.594     0.742   0.713     0.079      0.147     0.01938  -1	   0.1339136     0.1680689
     D1FCC-a35b      0.042     0.050       0.197     0.639      0.382     0.780      0.443     0.292      0.150     0.765    0.506     0.758   0.848     0.073      0.296     0.01778  -1	   0.3777493     0.4435398
     D1FCC-a35c      0.038     0.056       0.182     0.631     -0.008     0.781      0.419     0.373      0.062     0.777    0.538     0.750   0.680     0.076      0.246     0.01645  -1	   0.1590640     0.1842053
     D1FCC-a35d      0.042     0.052       0.197     0.610      0.348     0.786      0.439     0.295      0.132     0.799    0.548     0.765   0.853     0.074      0.206     0.01784  -1	   0.2813678     0.3913685
     D1FCC-a36a      0.038     0.044       0.148     0.676     -0.274     0.789      0.513     0.441      0.236     0.782    0.484     0.786   0.726     0.089      0.576     0.01468  -1	   0.3012978     0.1601177
     D1FCC-a36b      0.028     0.028       0.087     0.727      0.061     0.788      0.557     0.676      0.498     0.775    0.521     0.758   0.841     0.135      0.385     0.00516  -1	   0.1267844    -0.0022696
     D1FCC-a36c      0.029     0.026       0.083     0.570     -0.081     0.791      0.640     0.732      0.957     0.813    0.577     0.763   0.738     0.140      0.253     0.00543  -1	   0.0356113     0.0085126
     D1FCC-a36d      0.026     0.031       0.095     0.622     -0.381     0.796      0.609     0.717      0.626     0.783    0.508     0.774   0.644     0.156      0.128     0.00484  -1	   0.0188457     0.0028375
     D1FCC-a37a      0.030     0.030       0.097     0.681      0.001     0.785      0.595     0.717      0.849     0.789    0.503     0.781   0.781     0.138      0.166     0.00525  -1	   0.0438945    -0.0003559
     D1FCC-a37b      0.028     0.030       0.100     0.771     -0.329     0.779      0.553     0.680      0.523     0.779    0.514     0.766   0.815     0.150      0.218     0.00493  -1	   0.0644622     0.0123325
     D1FCC-a37c      0.030     0.031       0.092     0.639      0.114     0.803      0.616     0.685      0.507     0.751    0.518     0.736   0.771     0.138      0.284     0.00492  -1	   0.0698032    -0.0160473
     D1FCC-a37d      0.029     0.021       0.073     0.658      0.081     0.796      0.579     0.650      0.725     0.786    0.491     0.785   0.817     0.207      0.162     0.00499  -1	   0.0161558     0.0071991
     D1FCC-a38a      0.024     0.021       0.078     0.664      0.082     0.785      0.578     0.590      0.639     0.758    0.499     0.755   0.817     0.185      0.225     0.00515  -1	   0.0101490     0.0287315
     D1FCC-a38b      0.024     0.023       0.087     0.723     -0.058     0.786      0.574     0.619      0.783     0.765    0.520     0.749   0.836     0.182      0.036     0.00492  -1	  -0.0197179    -0.0011219
     D1FCC-a38c      0.028     0.024       0.083     0.658     -0.024     0.798      0.650     0.680      0.832     0.780    0.525     0.761   0.852     0.191      0.120     0.00496  -1	   0.0070052    -0.0236447
     D1FCC-a38d      0.021     0.030       0.100     0.727      0.371     0.775      0.574     0.711      0.501     0.816    0.520     0.799   0.928     0.125      0.185     0.00461  -1	   0.1829423     0.0797615
     D1FCC-a39a      0.032     0.026       0.085     0.569      0.004     0.793      0.557     0.627      0.998     0.794    0.573     0.746   0.708     0.175      0.312     0.00458  -1	   0.0589117     0.0750077
     D1FCC-a39b      0.037     0.031       0.090     0.659      0.248     0.788      0.570     0.577      0.400     0.753    0.481     0.761   0.840     0.169      0.516     0.00479  -1	   0.2783409     0.0982755
     D1FCC-a39c      0.026     0.025       0.090     0.732      0.201     0.798      0.612     0.685      0.820     0.774    0.530     0.752   0.864     0.167      0.134     0.00509  -1	   0.0855636     0.0333839
     D1FCC-a39d      0.027     0.025       0.090     0.664      0.215     0.792      0.623     0.680      0.890     0.777    0.517     0.762   0.840     0.165      0.135     0.00514  -1	   0.0987936     0.0261271
      D1FCC-a3a      0.027     0.019       0.078     0.690      0.398     0.783      0.562     0.565      0.937     0.782    0.522     0.764   0.903     0.183      0.294     0.01206  -1	   0.2241696     0.1841353
      D1FCC-a3b      0.028     0.028       0.087     0.664      0.358     0.792      0.587     0.645      0.845     0.764    0.510     0.754   0.903     0.167      0.078     0.01205  -1	   0.1606908     0.0635114
      D1FCC-a3c      0.034     0.030       0.104     0.490      0.393     0.787      0.561     0.588      0.779     0.786    0.521     0.769   0.704     0.148      0.519     0.03220  -1	   0.2691514     0.1978040
      D1FCC-a3d      0.035     0.025       0.090     0.641      0.124     0.786      0.620     0.664      0.644     0.742    0.488     0.747   0.771     0.170      0.448     0.02424  -1	   0.1101888     0.0073659
     D1FCC-a40a      0.040     0.054       0.194     0.614      0.056     0.776      0.416     0.346      0.447     0.809    0.551     0.775   0.738     0.083      0.329     0.02181  -1	   0.1575077     0.2110398
     D1FCC-a40b      0.026     0.026       0.087     0.669      0.356     0.790      0.593     0.655      0.802     0.775    0.514     0.763   0.903     0.170      0.122     0.00514  -1	   0.1512103     0.0720618
     D1FCC-a40c      0.027     0.027       0.095     0.595      0.255     0.783      0.578     0.565      0.526     0.771    0.487     0.774   0.798     0.152      0.115     0.00521  -1	   0.0353059     0.0617128
     D1FCC-a40d      0.028     0.026       0.092     0.537      0.367     0.796      0.588     0.579      0.287     0.758    0.494     0.758   0.769     0.158      0.116     0.00513  -1	   0.0514622     0.0813527
     D1FCC-a41a      0.036     0.058       0.204     0.630      0.082     0.768      0.445     0.377      0.881     0.795    0.542     0.765   0.738     0.075      0.293     0.02129  -1	   0.1805465     0.1823745
     D1FCC-a41b      0.035     0.055       0.197     0.591     -0.006     0.778      0.440     0.376      0.623     0.781    0.553     0.745   0.554     0.080      0.328     0.02195  -1	   0.1090462     0.1554421
     D1FCC-a41c      0.037     0.052       0.180     0.599      0.189     0.791      0.484     0.475      0.506     0.794    0.505     0.786   0.652     0.076      0.120     0.01686  -1	   0.1088327     0.1046102
     D1FCC-a41d      0.037     0.059       0.204     0.624      0.026     0.766      0.416     0.333      0.251     0.796    0.531     0.773   0.713     0.080      0.244     0.02183  -1	   0.1307644     0.1793907
     D1FCC-a42a      0.037     0.054       0.192     0.607      0.054     0.779      0.433     0.390      0.484     0.787    0.531     0.764   0.738     0.079      0.228     0.02179  -1	   0.0985790     0.1530955
     D1FCC-a42b      0.041     0.053       0.192     0.626      0.362     0.781      0.444     0.308      0.400     0.796    0.534     0.771   0.831     0.073      0.198     0.01792  -1	   0.2746429     0.3573529
     D1FCC-a42c      0.040     0.052       0.194     0.644      0.378     0.782      0.427     0.282      0.352     0.783    0.518     0.768   0.831     0.067      0.161     0.01774  -1	   0.2682063     0.3823886
     D1FCC-a42d      0.037     0.058       0.204     0.573      0.078     0.778      0.463     0.398      0.183     0.793    0.502     0.786   0.612     0.086      0.270     0.02162  -1	   0.1457057     0.1207414
     D1FCC-a43a      0.039     0.056       0.199     0.597      0.055     0.770      0.418     0.339      0.091     0.753    0.491     0.754   0.612     0.077      0.304     0.01637  -1	   0.1903909     0.2113772
     D1FCC-a43b      0.039     0.053       0.192     0.595      0.078     0.767      0.419     0.331      0.240     0.767    0.510     0.756   0.612     0.083      0.272     0.01684  -1	   0.1374476     0.2072260
     D1FCC-a43c      0.038     0.056       0.199     0.591      0.150     0.769      0.456     0.411      0.218     0.805    0.542     0.776   0.652     0.076      0.269     0.02112  -1	   0.1757413     0.1417491
     D1FCC-a43d      0.037     0.056       0.192     0.608      0.092     0.778      0.440     0.435      0.837     0.798    0.524     0.779   0.738     0.081      0.222     0.02162  -1	   0.1594512     0.1621837
     D1FCC-a44a      0.033     0.058       0.204     0.593      0.245     0.787      0.389     0.311      0.150     0.774    0.521     0.757   0.661     0.072      0.378     0.02064  -1	   0.3254062     0.3096812
     D1FCC-a44b      0.034     0.059       0.201     0.668      0.115     0.770      0.411     0.338      0.364     0.818    0.544     0.789   0.780     0.076      0.248     0.02191  -1	   0.1680687     0.1910413
     D1FCC-a44c      0.042     0.050       0.199     0.659      0.388     0.789      0.441     0.292      0.285     0.786    0.530     0.763   0.903     0.068      0.296     0.01776  -1	   0.3845271     0.4606937
     D1FCC-a44d      0.042     0.051       0.165     0.643      0.161     0.785      0.440     0.398      0.506     0.779    0.516     0.765   0.778     0.075      0.497     0.01705  -1	   0.2852424     0.2284403
     D1FCC-a45a      0.029     0.025       0.090     0.619      0.361     0.779      0.559     0.495      0.503     0.752    0.517     0.738   0.848     0.179      0.671     0.06833  -1	   0.3669975     0.2484681
     D1FCC-a45b      0.030     0.042       0.121     0.653     -0.052     0.770      0.581     0.579      0.950     0.773    0.514     0.760   0.812     0.119      0.290     0.04390  -1	   0.0839194     0.0237497
     D1FCC-a45c      0.026     0.029       0.097     0.563      0.231     0.779      0.629     0.677      0.983     0.761    0.534     0.736   0.767     0.134      0.148     0.02393  -1	   0.1281688     0.0214153
     D1FCC-a45d      0.032     0.044       0.131     0.673     -0.203     0.773      0.488     0.428      0.604     0.751    0.499     0.749   0.773     0.103      0.224     0.06223  -1	   0.0414218     0.1137847
     D1FCC-a46a      0.028     0.026       0.092     0.657      0.373     0.781      0.573     0.511      0.611     0.768    0.521     0.751   0.903     0.200      0.671     0.06629  -1	   0.3719551     0.2303415
     D1FCC-a46b      0.035     0.050       0.177     0.671      0.163     0.771      0.465     0.440      0.461     0.781    0.541     0.752   0.794     0.084      0.286     0.03118  -1	   0.1810178     0.1494903
     D1FCC-a46c      0.030     0.030       0.102     0.776      0.094     0.783      0.589     0.635      0.514     0.753    0.509     0.744   0.821     0.133      0.422     0.13415  -1	   0.1767019     0.0335482
     D1FCC-a46d      0.033     0.029       0.085     0.587      0.336     0.791      0.589     0.569      0.737     0.759    0.514     0.748   0.798     0.177      0.139     0.10261  -1	   0.1225428     0.0861323
     D1FCC-a47a      0.031     0.028       0.095     0.595      0.027     0.762      0.627     0.664      0.773     0.778    0.521     0.761   0.708     0.148      0.219     0.06625  -1	   0.0186806    -0.0106312
     D1FCC-a47b      0.032     0.030       0.097     0.583     -0.054     0.759      0.599     0.584      0.852     0.790    0.521     0.773   0.738     0.153      0.197     0.16973  -1	   0.0259835     0.0203161
     D1FCC-a47c      0.031     0.026       0.095     0.574      0.065     0.775      0.610     0.662      0.823     0.757    0.521     0.740   0.744     0.145      0.246     0.05989  -1	   0.0309182     0.0060263
     D1FCC-a47d      0.030     0.025       0.085     0.721      0.185     0.779      0.556     0.506      0.417     0.765    0.537     0.739   0.819     0.160      0.201     0.14774  -1	   0.0795300     0.1362685
     D1FCC-a48a      0.033     0.041       0.124     0.693      0.070     0.789      0.564     0.669      0.648     0.757    0.539     0.729   0.817     0.114      0.270     0.03957  -1	   0.0970659    -0.0024961
     D1FCC-a48b      0.030     0.026       0.090     0.700      0.252     0.770      0.549     0.504      0.178     0.747    0.504     0.741   0.896     0.143      0.235     0.14536  -1	   0.1569579     0.1840387
     D1FCC-a48c      0.030     0.029       0.097     0.667     -0.032     0.785      0.601     0.640      0.479     0.781    0.522     0.763   0.852     0.136      0.543     0.06503  -1	   0.1749488    -0.0061140
     D1FCC-a48d      0.031     0.028       0.095     0.701      0.442     0.791      0.531     0.501      0.781     0.746    0.488     0.751   0.902     0.150      0.303     0.48532   1	   0.2829951     0.2493219
     D1FCC-a49a      0.029     0.033       0.109     0.695      0.196     0.787      0.566     0.648      0.911     0.761    0.527     0.740   0.794     0.123      0.107     0.04519  -1	   0.1222402     0.0498418
     D1FCC-a49b      0.030     0.036       0.117     0.624      0.060     0.787      0.562     0.686      0.585     0.763    0.503     0.757   0.761     0.123      0.478     0.03890  -1	   0.1361255    -0.0109169
     D1FCC-a49c      0.033     0.029       0.090     0.587      0.071     0.781      0.591     0.667      0.546     0.761    0.504     0.755   0.744     0.144      0.237     0.04757  -1	   0.0182468    -0.0186148
     D1FCC-a49d      0.032     0.029       0.090     0.606      0.034     0.781      0.589     0.662      0.476     0.759    0.496     0.758   0.725     0.140      0.237     0.04744  -1	   0.0138494    -0.0223115
      D1FCC-a4a      0.027     0.029       0.090     0.675      0.317     0.794      0.586     0.646      0.931     0.766    0.535     0.741   0.872     0.167      0.130     0.01196  -1	   0.1691140     0.0644781
      D1FCC-a4b      0.028     0.029       0.087     0.688      0.323     0.798      0.612     0.680      0.865     0.761    0.511     0.751   0.872     0.173      0.072     0.01204  -1	   0.1512598     0.0407215
      D1FCC-a4c      0.028     0.028       0.087     0.735      0.197     0.795      0.596     0.668      0.846     0.759    0.528     0.738   0.819     0.144      0.072     0.01179  -1	   0.0870070     0.0321332
      D1FCC-a4d      0.026     0.027       0.083     0.681      0.158     0.795      0.612     0.668      0.798     0.764    0.505     0.757   0.794     0.165      0.235     0.01151  -1	   0.0752735     0.0141911
     D1FCC-a50a      0.029     0.027       0.087     0.694     -0.248     0.782      0.566     0.689      0.417     0.759    0.521     0.743   0.773     0.149      0.147     0.04353  -1	   0.0090794    -0.0114380
     D1FCC-a50b      0.029     0.035       0.107     0.590      0.097     0.792      0.573     0.683      0.532     0.757    0.530     0.735   0.744     0.131      0.359     0.03845  -1	   0.0876407    -0.0170152
     D1FCC-a50c      0.024     0.029       0.090     0.538     -0.407     0.794      0.612     0.744      0.916     0.774    0.541     0.745   0.504     0.164      0.244     0.02253  -1	   0.0436223     0.0457028
     D1FCC-a50d      0.032     0.029       0.090     0.656      0.021     0.783      0.587     0.667      0.505     0.761    0.505     0.754   0.781     0.148      0.191     0.04805  -1	   0.0125068    -0.0211616
     D1FCC-a51a      0.025     0.025       0.080     0.670      0.201     0.798      0.619     0.704      0.378     0.786    0.519     0.770   0.840     0.143      0.293     0.03481  -1	   0.1119022     0.0048067
     D1FCC-a51b      0.035     0.057       0.197     0.618      0.059     0.764      0.424     0.339      0.016     0.768    0.512     0.757   0.738     0.078      0.281     0.01635  -1	   0.2121388     0.2261734
     D1FCC-a51c      0.041     0.052       0.197     0.703      0.361     0.777      0.419     0.274      0.397     0.809    0.532     0.785   0.952     0.073      0.290     0.01786  -1	   0.3645561     0.4354625
     D1FCC-a51d      0.037     0.058       0.199     0.610      0.038     0.762      0.405     0.328      0.071     0.771    0.524     0.752   0.713     0.076      0.301     0.01619  -1	   0.2070059     0.2342815
     D1FCC-a52a      0.041     0.052       0.199     0.622      0.352     0.788      0.432     0.283      0.137     0.813    0.515     0.798   0.831     0.074      0.319     0.01778  -1	   0.3723678     0.4281240
     D1FCC-a52b      0.038     0.057       0.199     0.600     -0.038     0.770      0.462     0.419      0.063     0.780    0.499     0.775   0.680     0.086      0.251     0.01639  -1	   0.1439935     0.1093143
     D1FCC-a52c      0.030     0.065       0.214     0.670      0.240     0.776      0.327     0.265      0.117     0.793    0.530     0.770   0.854     0.077      0.386     0.01463  -1	   0.4082832     0.3631331
     D1FCC-a52d      0.041     0.050       0.192     0.629      0.385     0.784      0.431     0.284      0.361     0.777    0.511     0.766   0.848     0.072      0.154     0.01782  -1	   0.2599060     0.3877387
     D1FCC-a53a      0.041     0.052       0.201     0.639      0.385     0.783      0.434     0.289      0.219     0.799    0.511     0.787   0.831     0.070      0.303     0.01774  -1	   0.3813193     0.4324115
     D1FCC-a53b      0.043     0.056       0.189     0.633      0.218     0.794      0.405     0.279      0.035     0.805    0.544     0.775   0.787     0.075      0.260     0.01649  -1	   0.2755653     0.3551212
     D1FCC-a53c      0.041     0.051       0.189     0.676      0.379     0.781      0.425     0.279      0.247     0.784    0.534     0.760   0.898     0.074      0.296     0.01792  -1	   0.3818503     0.4587300
     D1FCC-a53d      0.042     0.051       0.197     0.628      0.395     0.786      0.432     0.281      0.221     0.793    0.509     0.782   0.831     0.073      0.345     0.01784  -1	   0.4136237     0.4671020
     D1FCC-a54a      0.040     0.051       0.192     0.650      0.396     0.791      0.436     0.296      0.524     0.796    0.536     0.770   0.898     0.073      0.309     0.01786  -1	   0.3784440     0.4479646
     D1FCC-a54b      0.041     0.051       0.192     0.647      0.413     0.786      0.432     0.289      0.805     0.794    0.533     0.770   0.879     0.071      0.309     0.01784  -1	   0.4134668     0.4647987
     D1FCC-a54c      0.025     0.026       0.090     0.538     -0.246     0.794      0.603     0.705      0.694     0.771    0.504     0.764   0.639     0.146      0.734     0.00495  -1	   0.0975840     0.0453491
     D1FCC-a54d      0.039     0.053       0.199     0.619      0.311     0.776      0.432     0.294      0.092     0.798    0.540     0.770   0.853     0.070      0.149     0.01771  -1	   0.2127217     0.3344946
     D1FCC-a55a      0.030     0.034       0.100     0.665     -0.004     0.802      0.571     0.635      0.412     0.774    0.516     0.760   0.852     0.159      0.178     0.00480  -1	   0.0230426    -0.0262834
     D1FCC-a55b      0.029     0.029       0.095     0.657      0.029     0.784      0.574     0.694      0.768     0.784    0.522     0.766   0.781     0.130      0.195     0.00514  -1	   0.0304914     0.0039271
     D1FCC-a55c      0.030     0.028       0.097     0.563     -0.040     0.790      0.599     0.719      0.828     0.767    0.519     0.752   0.778     0.138      0.126     0.00513  -1	   0.0079382    -0.0136465
     D1FCC-a55d      0.030     0.030       0.097     0.675     -0.045     0.786      0.576     0.691      0.882     0.777    0.511     0.765   0.852     0.140      0.180     0.00520  -1	   0.0404098     0.0055514
     D1FCC-a56a      0.029     0.030       0.100     0.659      0.033     0.783      0.573     0.673      0.784     0.772    0.506     0.764   0.781     0.131      0.241     0.00519  -1	   0.0443016     0.0092791
     D1FCC-a56b      0.028     0.033       0.102     0.659     -0.050     0.789      0.580     0.683      0.842     0.764    0.521     0.748   0.852     0.138      0.218     0.00519  -1	   0.0353768    -0.0070769
     D1FCC-a56c      0.030     0.030       0.097     0.653      0.059     0.790      0.587     0.705      0.780     0.779    0.508     0.770   0.817     0.127      0.146     0.00518  -1	   0.0369524    -0.0050911
     D1FCC-a56d      0.031     0.031       0.100     0.658      0.031     0.794      0.584     0.704      0.846     0.785    0.504     0.778   0.781     0.136      0.166     0.00524  -1	   0.0517149     0.0048092
     D1FCC-a57a      0.027     0.027       0.090     0.523      0.251     0.790      0.597     0.591      0.840     0.777    0.506     0.770   0.737     0.160      0.275     0.00535  -1	   0.1064827     0.0733206
     D1FCC-a57b      0.032     0.028       0.087     0.649     -0.203     0.790      0.571     0.668      0.828     0.757    0.495     0.757   0.718     0.150      0.166     0.00468  -1	   0.0153104     0.0186203
     D1FCC-a57c      0.025     0.022       0.080     0.601      0.181     0.798      0.586     0.608      0.825     0.762    0.504     0.755   0.739     0.195      0.237     0.00514  -1	   0.0581786     0.0429305
     D1FCC-a57d      0.028     0.033       0.100     0.683     -0.136     0.792      0.604     0.728      0.872     0.775    0.516     0.761   0.788     0.134      0.149     0.00519  -1	   0.0282160    -0.0092074
     D1FCC-a58a      0.029     0.017       0.070     0.565      0.222     0.783      0.609     0.635      0.978     0.778    0.522     0.761   0.767     0.227      0.450     0.00441  -1	   0.1023286     0.0683782
     D1FCC-a58b      0.032     0.024       0.080     0.578     -0.001     0.788      0.568     0.635      1.000     0.792    0.572     0.744   0.778     0.201      0.262     0.00455  -1	   0.0481300     0.0499276
     D1FCC-a58c      0.033     0.026       0.090     0.612      0.034     0.789      0.579     0.648      0.972     0.790    0.537     0.763   0.725     0.169      0.312     0.00458  -1	   0.0692342     0.0453107
     D1FCC-a58d      0.037     0.025       0.083     0.663      0.024     0.806      0.572     0.585      0.683     0.743    0.491     0.746   0.781     0.190      0.302     0.00477  -1	   0.0449562     0.0345077
     D1FCC-a59a      0.032     0.026       0.090     0.596     -0.059     0.798      0.565     0.635      0.990     0.781    0.541     0.752   0.738     0.157      0.281     0.00461  -1	   0.0475247     0.0590927
     D1FCC-a59b      0.036     0.057       0.194     0.602      0.160     0.780      0.385     0.367      0.787     0.810    0.534     0.786   0.778     0.083      0.221     0.02191  -1	   0.1871736     0.2497454
     D1FCC-a59c      0.024     0.019       0.073     0.696      0.513     0.786      0.592     0.617      0.890     0.770    0.488     0.772   0.896     0.212      0.404     0.00466  -1	   0.3249103     0.2194151
     D1FCC-a59d      0.026     0.026       0.087     0.672      0.348     0.794      0.624     0.693      0.869     0.769    0.507     0.760   0.872     0.164      0.122     0.00511  -1	   0.1675939     0.0624567
      D1FCC-a5a      0.027     0.028       0.090     0.652      0.386     0.792      0.598     0.658      0.919     0.760    0.539     0.733   0.903     0.152      0.082     0.01184  -1	   0.1985936     0.0814015
      D1FCC-a5b      0.028     0.028       0.087     0.704      0.235     0.793      0.601     0.668      0.877     0.760    0.529     0.739   0.864     0.175      0.077     0.01192  -1	   0.1009450     0.0197216
      D1FCC-a5c      0.028     0.028       0.087     0.703      0.249     0.798      0.584     0.644      0.800     0.766    0.518     0.751   0.864     0.166      0.083     0.01191  -1	   0.0978825     0.0379595
      D1FCC-a5d      0.028     0.028       0.090     0.625      0.301     0.798      0.613     0.659      0.714     0.765    0.537     0.739   0.816     0.183      0.104     0.01204  -1	   0.0938510     0.0369234
     D1FCC-a60a      0.036     0.054       0.189     0.582      0.015     0.780      0.474     0.448      0.090     0.768    0.505     0.761   0.587     0.085      0.210     0.02167  -1	   0.0946390     0.0781127
     D1FCC-a60b      0.024     0.022       0.075     0.687     -0.056     0.777      0.587     0.635      0.815     0.762    0.515     0.749   0.812     0.171      0.253     0.00747  -1	   0.0068795     0.0089634
     D1FCC-a60c      0.029     0.064       0.218     0.676      0.319     0.773      0.360     0.291      0.221     0.825    0.571     0.780   0.920     0.068      0.303     0.02128  -1	   0.3764127     0.3511487
     D1FCC-a60d      0.038     0.058       0.201     0.640      0.064     0.774      0.390     0.308      0.034     0.789    0.508     0.780   0.738     0.076      0.270     0.02130  -1	   0.2121088     0.2475901
     D1FCC-a61a      0.034     0.058       0.199     0.642      0.118     0.761      0.433     0.355      0.568     0.788    0.536     0.763   0.713     0.074      0.293     0.02121  -1	   0.1662689     0.1820173
     D1FCC-a61b      0.042     0.051       0.197     0.619      0.332     0.789      0.444     0.291      0.115     0.786    0.522     0.768   0.853     0.070      0.349     0.01779  -1	   0.3876031     0.4408370
     D1FCC-a61c      0.041     0.052       0.187     0.698      0.408     0.786      0.419     0.275      0.530     0.803    0.540     0.775   0.945     0.074      0.296     0.01791  -1	   0.4004093     0.4739290
     D1FCC-a61d      0.038     0.058       0.209     0.623      0.040     0.782      0.403     0.310      0.232     0.774    0.525     0.754   0.713     0.076      0.342     0.02189  -1	   0.2033568     0.2417091
     D1FCC-a62a      0.041     0.053       0.192     0.626      0.040     0.774      0.429     0.369      0.939     0.786    0.560     0.744   0.713     0.084      0.337     0.02154  -1	   0.1680108     0.2142253
     D1FCC-a62b      0.036     0.060       0.199     0.650      0.110     0.771      0.428     0.363      0.112     0.788    0.521     0.771   0.780     0.079      0.287     0.02146  -1	   0.2338868     0.1885743
     D1FCC-a62c      0.037     0.055       0.194     0.605      0.048     0.771      0.445     0.371      0.047     0.787    0.499     0.782   0.713     0.075      0.268     0.02134  -1	   0.1726518     0.1752146
     D1FCC-a62d      0.022     0.028       0.097     0.726      0.085     0.775      0.595     0.659      0.495     0.783    0.516     0.769   0.841     0.156      0.193     0.01510  -1	   0.0372573     0.0002407
     D1FCC-a63a      0.027     0.023       0.078     0.590      0.199     0.777      0.658     0.690      0.863     0.756    0.499     0.753   0.721     0.180      0.132     0.01976  -1	   0.0559230    -0.0140959
     D1FCC-a63b      0.022     0.028       0.100     0.626     -0.080     0.780      0.615     0.680      0.481     0.778    0.512     0.766   0.756     0.151      0.206     0.01556  -1	  -0.0142858    -0.0376105
     D1FCC-a63c      0.030     0.025       0.092     0.678      0.175     0.788      0.603     0.614      0.718     0.769    0.524     0.750   0.794     0.145      0.152     0.01991  -1	   0.0559145     0.0492441
     D1FCC-a63d      0.021     0.030       0.102     0.687     -0.079     0.777      0.589     0.665      0.747     0.781    0.517     0.767   0.812     0.155      0.245     0.01567  -1	   0.0177510    -0.0131864
     D1FCC-a64a      0.026     0.028       0.095     0.581      0.256     0.787      0.597     0.633      0.977     0.765    0.518     0.751   0.798     0.139      0.123     0.02374  -1	   0.1418821     0.0483349
     D1FCC-a64b      0.039     0.052       0.189     0.619      0.013     0.773      0.446     0.364      0.204     0.780    0.535     0.754   0.713     0.077      0.259     0.01705  -1	   0.1286038     0.1824006
     D1FCC-a64c      0.025     0.024       0.092     0.621      0.012     0.800      0.636     0.707      0.800     0.751    0.510     0.742   0.725     0.132      0.157     0.01717  -1	  -0.0005481    -0.0191138
     D1FCC-a64d      0.033     0.027       0.087     0.733      0.082     0.793      0.609     0.660      0.537     0.738    0.501     0.735   0.841     0.152      0.125     0.02901  -1	   0.0198718     0.0029863
     D1FCC-a65a      0.030     0.027       0.095     0.716      0.021     0.789      0.599     0.635      0.703     0.772    0.526     0.752   0.805     0.158      0.531     0.06520  -1	   0.1374864     0.0196810
     D1FCC-a65b      0.031     0.031       0.102     0.695     -0.108     0.781      0.596     0.681      0.367     0.758    0.508     0.749   0.788     0.140      0.445     0.05410  -1	   0.1564738    -0.0331840
     D1FCC-a65c      0.031     0.029       0.104     0.719     -0.154     0.787      0.598     0.678      0.395     0.726    0.510     0.718   0.781     0.132      0.500     0.05386  -1	   0.1735964    -0.0304417
     D1FCC-a65d      0.033     0.039       0.117     0.700      0.032     0.790      0.581     0.684      0.759     0.757    0.544     0.726   0.805     0.117      0.216     0.03899  -1	   0.0686448    -0.0030380
     D1FCC-a66a      0.025     0.032       0.107     0.570     -0.173     0.781      0.582     0.663      0.480     0.786    0.544     0.755   0.684     0.136      0.198     0.07211  -1	  -0.0224079    -0.0237646
     D1FCC-a66b      0.030     0.032       0.104     0.697      0.160     0.788      0.557     0.636      0.746     0.754    0.531     0.731   0.794     0.118      0.119     0.04529  -1	   0.0684847     0.0386263
     D1FCC-a66c      0.030     0.031       0.107     0.615     -0.011     0.789      0.547     0.628      0.799     0.760    0.523     0.743   0.796     0.147      0.083     0.04868  -1	   0.0102190     0.0101371
     D1FCC-a66d      0.028     0.032       0.107     0.625      0.062     0.784      0.585     0.658      0.722     0.765    0.548     0.732   0.761     0.142      0.101     0.04598  -1	   0.0094455    -0.0096440
     D1FCC-a67a      0.028     0.031       0.112     0.515     -0.249     0.783      0.586     0.650      0.365     0.763    0.538     0.736   0.639     0.134      0.231     0.07196  -1	  -0.0088930    -0.0110352
     D1FCC-a67b      0.027     0.032       0.112     0.486     -0.060     0.791      0.537     0.633      0.209     0.790    0.525     0.770   0.612     0.146      0.181     0.06952  -1	  -0.0486916    -0.0329076
     D1FCC-a67c      0.026     0.033       0.104     0.574     -0.152     0.788      0.565     0.644      0.218     0.762    0.541     0.733   0.684     0.139      0.398     0.07070  -1	   0.1189390    -0.0116403
     D1FCC-a67d      0.025     0.032       0.107     0.450     -0.123     0.786      0.554     0.623      0.319     0.793    0.529     0.771   0.588     0.148      0.186     0.06738  -1	  -0.0642736    -0.0142448
     D1FCC-a68a      0.028     0.027       0.090     0.639      0.245     0.768      0.562     0.660      0.845     0.760    0.512     0.748   0.784     0.139      0.536     0.03456  -1	   0.1818512     0.0796659
     D1FCC-a68b      0.025     0.030       0.104     0.469     -0.166     0.793      0.583     0.657      0.316     0.763    0.531     0.741   0.558     0.140      0.210     0.06860  -1	  -0.0536071    -0.0332441
     D1FCC-a68c      0.027     0.031       0.109     0.582     -0.244     0.788      0.581     0.671      0.470     0.772    0.529     0.750   0.700     0.125      0.483     0.07220  -1	   0.0947844    -0.0048566
     D1FCC-a68d      0.030     0.029       0.095     0.721      0.314     0.796      0.561     0.640      0.771     0.766    0.527     0.746   0.896     0.135      0.053     0.09469  -1	   0.1359581     0.0765703
     D1FCC-a69a      0.027     0.028       0.090     0.605     -0.331     0.792      0.567     0.694      0.679     0.769    0.510     0.758   0.756     0.157      0.182     0.02436  -1	   0.0182151     0.0253343
     D1FCC-a69b      0.040     0.044       0.155     0.668      0.006     0.794      0.500     0.501      0.996     0.794    0.549     0.760   0.781     0.082      0.406     0.01535  -1	   0.1578726     0.1449755
     D1FCC-a69c      0.030     0.020       0.068     0.632      0.071     0.794      0.616     0.660      0.867     0.766    0.520     0.750   0.761     0.241      0.277     0.01524  -1	   0.0314913    -0.0003018
     D1FCC-a69d      0.028     0.028       0.090     0.519     -0.267     0.793      0.571     0.688      0.935     0.749    0.506     0.743   0.591     0.145      0.233     0.02354  -1	   0.0245396     0.0572554
      D1FCC-a6a      0.034     0.046       0.160     0.700     -0.009     0.789      0.490     0.483      0.644     0.747    0.521     0.731   0.876     0.086      0.209     0.01061  -1	   0.0693779     0.0742063
      D1FCC-a6b      0.031     0.025       0.078     0.557      0.163     0.802      0.626     0.638      0.841     0.766    0.519     0.751   0.721     0.174      0.203     0.00905  -1	   0.0574522     0.0144187
      D1FCC-a6c      0.032     0.046       0.167     0.598     -0.278     0.791      0.498     0.557      0.537     0.764    0.500     0.760   0.653     0.084      0.232     0.00997  -1	   0.0222302     0.0452093
      D1FCC-a6d      0.040     0.051       0.192     0.612      0.355     0.783      0.434     0.281      0.423     0.783    0.514     0.770   0.831     0.071      0.296     0.01782  -1	   0.3123053     0.4123239
     D1FCC-a70a      0.023     0.032       0.109     0.634      0.277     0.777      0.622     0.660      0.891     0.792    0.541     0.764   0.816     0.128      0.172     0.01317  -1	   0.1521897     0.0606609
     D1FCC-a70b      0.023     0.029       0.092     0.668     -0.063     0.785      0.616     0.715      0.940     0.776    0.528     0.755   0.812     0.158      0.159     0.02293  -1	   0.0308275    -0.0160024
     D1FCC-a70c      0.022     0.028       0.090     0.710      0.131     0.774      0.592     0.662      0.848     0.774    0.497     0.771   0.851     0.170      0.168     0.01028  -1	   0.0607018     0.0033645
     D1FCC-a70d      0.024     0.038       0.104     0.628      0.038     0.771      0.572     0.693      0.711     0.774    0.516     0.760   0.725     0.125      0.111     0.03302  -1	   0.0143038    -0.0264703
     D1FCC-a71a      0.038     0.057       0.206     0.607      0.036     0.767      0.419     0.351      0.023     0.770    0.506     0.761   0.713     0.075      0.292     0.01628  -1	   0.2094495     0.2060500
     D1FCC-a71b      0.041     0.051       0.189     0.611      0.376     0.784      0.430     0.289      0.299     0.799    0.532     0.775   0.831     0.074      0.296     0.01786  -1	   0.3394662     0.4272997
     D1FCC-a71c      0.042     0.050       0.199     0.659      0.380     0.789      0.447     0.297      0.224     0.772    0.504     0.765   0.903     0.068      0.349     0.01775  -1	   0.4222537     0.4622094
     D1FCC-a71d      0.029     0.027       0.090     0.760      0.178     0.785      0.604     0.630      0.678     0.776    0.554     0.739   0.798     0.158      0.203     0.01185  -1	   0.0931423     0.0634445
     D1FCC-a72a      0.040     0.051       0.192     0.692      0.338     0.782      0.415     0.266      0.344     0.786    0.520     0.770   0.920     0.072      0.290     0.01787  -1	   0.3375236     0.4306115
     D1FCC-a72b      0.042     0.050       0.201     0.616      0.317     0.782      0.445     0.299      0.080     0.769    0.528     0.748   0.816     0.070      0.349     0.01775  -1	   0.3823816     0.4261244
     D1FCC-a72c      0.038     0.058       0.199     0.585      0.061     0.769      0.438     0.364      0.038     0.776    0.500     0.771   0.612     0.081      0.305     0.01602  -1	   0.2034122     0.1785729
     D1FCC-a72d      0.036     0.043       0.163     0.684      0.253     0.777      0.473     0.325      0.239     0.780    0.547     0.747   0.872     0.087      0.643     0.01580  -1	   0.5391404     0.4273540
     D1FCC-a73a      0.031     0.049       0.165     0.643     -0.171     0.790      0.508     0.481      0.915     0.776    0.521     0.760   0.701     0.094      0.247     0.01326  -1	   0.0704654     0.0784839
     D1FCC-a73b      0.037     0.055       0.192     0.608      0.036     0.780      0.457     0.420      0.874     0.796    0.550     0.762   0.713     0.077      0.244     0.02137  -1	   0.1414081     0.1563015
     D1FCC-a73c      0.041     0.052       0.201     0.653      0.362     0.782      0.432     0.289      0.341     0.814    0.553     0.779   0.898     0.069      0.292     0.01775  -1	   0.3548512     0.4296623
     D1FCC-a73d      0.041     0.050       0.199     0.645      0.290     0.792      0.439     0.283      0.111     0.766    0.521     0.749   0.816     0.071      0.349     0.01781  -1	   0.3712374     0.4324333
     D1FCC-a74a      0.030     0.030       0.102     0.674     -0.052     0.789      0.579     0.694      0.862     0.790    0.521     0.772   0.812     0.130      0.161     0.00520  -1	   0.0342585     0.0088731
     D1FCC-a74b      0.028     0.031       0.092     0.685      0.003     0.794      0.574     0.690      0.615     0.794    0.543     0.764   0.781     0.138      0.161     0.00523  -1	   0.0109257    -0.0162007
     D1FCC-a74c      0.025     0.030       0.090     0.700      0.042     0.789      0.560     0.676      0.828     0.764    0.543     0.734   0.805     0.133      0.359     0.00513  -1	   0.0751434     0.0226954
     D1FCC-a74d      0.029     0.033       0.095     0.793      0.302     0.786      0.485     0.574      0.251     0.780    0.514     0.766   0.875     0.154      0.173     0.00477  -1	   0.1988040     0.1141640
     D1FCC-a75a      0.037     0.029       0.087     0.699      0.244     0.793      0.548     0.542      0.429     0.750    0.495     0.750   0.840     0.175      0.509     0.00478  -1	   0.2812843     0.1389077
     D1FCC-a75b      0.039     0.029       0.087     0.598      0.302     0.796      0.561     0.551      0.285     0.751    0.503     0.746   0.798     0.161      0.571     0.00474  -1	   0.3478204     0.1667956
     D1FCC-a75c      0.036     0.029       0.095     0.621      0.291     0.791      0.546     0.550      0.478     0.760    0.489     0.762   0.816     0.152      0.374     0.00478  -1	   0.1901655     0.1344876
     D1FCC-a75d      0.033     0.024       0.080     0.621      0.021     0.784      0.573     0.635      0.987     0.777    0.540     0.749   0.725     0.172      0.251     0.00457  -1	   0.0528643     0.0402849
     D1FCC-a76a      0.031     0.029       0.097     0.576     -0.541     0.783      0.574     0.645      0.968     0.786    0.542     0.757   0.590     0.162      0.363     0.00512  -1	   0.1129845     0.1448384
     D1FCC-a76b      0.035     0.030       0.083     0.678      0.255     0.803      0.525     0.520      0.353     0.753    0.508     0.746   0.872     0.194      0.357     0.00474  -1	   0.2070136     0.1438722
     D1FCC-a76c      0.033     0.028       0.092     0.601     -0.494     0.783      0.572     0.650      0.574     0.760    0.513     0.748   0.627     0.166      0.410     0.00511  -1	   0.1315062     0.0872967
     D1FCC-a76d      0.036     0.029       0.097     0.612      0.299     0.792      0.559     0.574      0.826     0.772    0.540     0.743   0.816     0.143      0.295     0.00477  -1	   0.1787978     0.1385672
     D1FCC-a77a      0.033     0.029       0.097     0.637     -0.438     0.781      0.549     0.624      0.303     0.764    0.503     0.759   0.584     0.158      0.395     0.00511  -1	   0.1782742     0.0800191
     D1FCC-a77b      0.030     0.029       0.100     0.599     -0.490     0.781      0.571     0.645      0.562     0.768    0.520     0.752   0.609     0.171      0.374     0.00515  -1	   0.1190523     0.0770436
     D1FCC-a77c      0.033     0.024       0.090     0.627     -0.109     0.784      0.575     0.619      0.797     0.781    0.527     0.760   0.732     0.174      0.233     0.00450  -1	   0.0087983     0.0270864
     D1FCC-a77d      0.029     0.030       0.090     0.617     -0.290     0.784      0.569     0.718      0.687     0.769    0.527     0.749   0.671     0.157      0.218     0.00632  -1	   0.0154199     0.0133123
     D1FCC-a78a      0.030     0.034       0.109     0.539      0.044     0.784      0.577     0.679      0.710     0.749    0.498     0.748   0.646     0.127      0.452     0.00687  -1	   0.0682530     0.0059409
     D1FCC-a78b      0.030     0.029       0.085     0.588     -0.300     0.791      0.611     0.733      0.854     0.797    0.541     0.769   0.653     0.164      0.314     0.00639  -1	   0.0368043     0.0313521
     D1FCC-a78c      0.029     0.029       0.090     0.613     -0.224     0.792      0.574     0.721      0.557     0.771    0.521     0.754   0.718     0.152      0.234     0.00633  -1	   0.0044966    -0.0173182
     D1FCC-a78d      0.028     0.032       0.097     0.599     -0.313     0.789      0.581     0.706      0.508     0.780    0.523     0.762   0.738     0.172      0.386     0.00751  -1	   0.0856479    -0.0019754
     D1FCC-a79a      0.039     0.055       0.199     0.575      0.012     0.763      0.430     0.360      0.029     0.765    0.505     0.758   0.587     0.080      0.244     0.01647  -1	   0.1371598     0.1743316
     D1FCC-a79b      0.037     0.058       0.204     0.663      0.058     0.768      0.432     0.364      0.168     0.808    0.575     0.760   0.805     0.076      0.273     0.02135  -1	   0.2006404     0.1842867
     D1FCC-a79c      0.039     0.053       0.201     0.577      0.046     0.772      0.457     0.375      0.215     0.792    0.545     0.761   0.587     0.076      0.231     0.02148  -1	   0.0981212     0.1478950
     D1FCC-a79d      0.036     0.054       0.199     0.557      0.076     0.767      0.506     0.517      0.210     0.801    0.531     0.778   0.612     0.074      0.237     0.01941  -1	   0.0994916     0.0335777
      D1FCC-a7a      0.031     0.050       0.170     0.602     -0.342     0.800      0.501     0.569      0.480     0.773    0.533     0.749   0.756     0.088      0.159     0.01045  -1	   0.0201899     0.0285768
      D1FCC-a7b      0.032     0.052       0.172     0.600     -0.280     0.795      0.488     0.562      0.703     0.765    0.527     0.745   0.515     0.084      0.142     0.01050  -1	   0.0151500     0.0474035
      D1FCC-a7c      0.035     0.058       0.197     0.651      0.093     0.774      0.438     0.374      0.117     0.806    0.557     0.767   0.805     0.075      0.270     0.02143  -1	   0.2124710     0.1851406
      D1FCC-a7d      0.032     0.050       0.172     0.573     -0.370     0.797      0.524     0.594      0.358     0.755    0.515     0.743   0.626     0.085      0.167     0.01044  -1	   0.0237518     0.0123665
     D1FCC-a80a      0.031     0.018       0.061     0.671      0.288     0.788      0.616     0.647      0.767     0.754    0.521     0.738   0.872     0.248      0.266     0.01165  -1	   0.0963479     0.0455260
     D1FCC-a80b      0.031     0.029       0.100     0.636      0.029     0.778      0.574     0.564      0.484     0.781    0.536     0.755   0.725     0.132      0.640     0.01476  -1	   0.2214678     0.0695320
     D1FCC-a80c      0.024     0.027       0.078     0.694      0.303     0.789      0.586     0.625      0.584     0.789    0.548     0.755   0.872     0.136      0.255     0.01036  -1	   0.1502849     0.1001368
     D1FCC-a80d      0.023     0.032       0.107     0.578      0.094     0.785      0.608     0.689      0.392     0.747    0.491     0.749   0.744     0.113      0.225     0.00983  -1	   0.0130782    -0.0500424
     D1FCC-a81a      0.030     0.016       0.066     0.483      0.396     0.786      0.645     0.686      0.937     0.761    0.508     0.753   0.704     0.217      0.098     0.01519  -1	   0.1456018     0.0273693
     D1FCC-a81b      0.027     0.029       0.100     0.555      0.184     0.778      0.553     0.599      0.799     0.742    0.501     0.739   0.721     0.138      0.225     0.00939  -1	   0.0639782     0.0556800
     D1FCC-a81c      0.032     0.023       0.066     0.697      0.104     0.794      0.612     0.643      0.888     0.755    0.518     0.739   0.827     0.230      0.225     0.01249  -1	   0.0525741     0.0011772
     D1FCC-a81d      0.030     0.030       0.102     0.610      0.020     0.781      0.566     0.562      0.505     0.780    0.529     0.758   0.725     0.125      0.215     0.01480  -1	   0.0058996     0.0379202
     D1FCC-a82a      0.036     0.033       0.104     0.648      0.317     0.791      0.549     0.569      0.746     0.739    0.528     0.719   0.816     0.121      0.212     0.02211  -1	   0.1736125     0.1278985
     D1FCC-a82b      0.034     0.031       0.102     0.704     -0.070     0.797      0.565     0.610      0.222     0.723    0.515     0.712   0.836     0.150      0.449     0.02321  -1	   0.2259035     0.0223833
     D1FCC-a82c      0.033     0.028       0.092     0.652      0.096     0.777      0.620     0.649      0.532     0.759    0.533     0.735   0.817     0.151      0.314     0.04585  -1	   0.0756445     0.0062032
     D1FCC-a82d      0.030     0.031       0.109     0.695     -0.122     0.789      0.594     0.691      0.549     0.747    0.501     0.743   0.788     0.136      0.484     0.05496  -1	   0.1169778    -0.0349391
     D1FCC-a83a      0.028     0.033       0.114     0.532     -0.159     0.787      0.573     0.633      0.480     0.777    0.549     0.743   0.622     0.133      0.204     0.06808  -1	  -0.0294244    -0.0093072
     D1FCC-a83b      0.030     0.032       0.112     0.717      0.114     0.785      0.550     0.624      0.835     0.755    0.514     0.743   0.851     0.126      0.114     0.04490  -1	   0.0692146     0.0345758
     D1FCC-a83c      0.032     0.030       0.112     0.560      0.178     0.783      0.586     0.595      0.739     0.757    0.513     0.746   0.721     0.123      0.227     0.04316  -1	   0.0707403     0.0553177
     D1FCC-a83d      0.030     0.033       0.109     0.649      0.035     0.787      0.559     0.606      0.842     0.778    0.538     0.751   0.725     0.136      0.129     0.04981  -1	   0.0429946     0.0261420
     D1FCC-a84a      0.030     0.035       0.117     0.667     -0.136     0.772      0.562     0.645      0.806     0.791    0.543     0.761   0.788     0.132      0.120     0.03771  -1	   0.0170684     0.0069711
     D1FCC-a84b      0.033     0.039       0.124     0.730     -0.013     0.783      0.579     0.681      0.378     0.725    0.513     0.715   0.876     0.110      0.189     0.03826  -1	   0.0625376    -0.0422799
     D1FCC-a84c      0.030     0.032       0.104     0.707      0.065     0.790      0.552     0.630      0.959     0.764    0.541     0.734   0.841     0.130      0.105     0.04642  -1	   0.0776846     0.0337393
     D1FCC-a84d      0.031     0.034       0.117     0.663     -0.161     0.771      0.566     0.644      0.862     0.780    0.542     0.750   0.757     0.140      0.125     0.03836  -1	   0.0241453     0.0123030
     D1FCC-a85a      0.029     0.021       0.061     0.665      0.422     0.774      0.599     0.563      0.559     0.742    0.509     0.734   0.878     0.189      0.291     0.01664  -1	   0.1845216     0.1775614
     D1FCC-a85b      0.031     0.021       0.061     0.724      0.323     0.786      0.604     0.566      0.565     0.732    0.493     0.734   0.896     0.177      0.361     0.01662  -1	   0.1849077     0.1483993
     D1FCC-a85c      0.031     0.019       0.063     0.610      0.106     0.796      0.634     0.651      0.860     0.762    0.516     0.749   0.771     0.224      0.176     0.01266  -1	   0.0232633    -0.0075911
     D1FCC-a85d      0.029     0.020       0.063     0.681      0.378     0.779      0.600     0.564      0.649     0.741    0.492     0.743   0.903     0.199      0.318     0.01668  -1	   0.1690222     0.1485604
     D1FCC-a86a      0.029     0.021       0.061     0.725      0.282     0.792      0.612     0.583      0.582     0.733    0.501     0.731   0.896     0.177      0.318     0.01661  -1	   0.1407600     0.1123416
     D1FCC-a86b      0.031     0.019       0.061     0.684      0.070     0.794      0.607     0.641      0.853     0.760    0.516     0.747   0.817     0.244      0.199     0.01503  -1	   0.0229959    -0.0014015
     D1FCC-a86c      0.024     0.029       0.102     0.660     -0.038     0.780      0.578     0.643      0.386     0.782    0.515     0.768   0.852     0.149      0.216     0.01163  -1	   0.0183380    -0.0240484
     D1FCC-a86d      0.029     0.020       0.061     0.709      0.271     0.782      0.607     0.572      0.533     0.735    0.496     0.735   0.896     0.182      0.318     0.01660  -1	   0.1279496     0.1136582
     D1FCC-a87a      0.024     0.027       0.100     0.644     -0.007     0.787      0.579     0.634      0.789     0.796    0.544     0.765   0.796     0.152      0.237     0.01167  -1	   0.0219986     0.0175953
     D1FCC-a87b      0.033     0.021       0.063     0.703      0.261     0.787      0.632     0.659      0.932     0.755    0.513     0.743   0.896     0.230      0.178     0.01292  -1	   0.1070503     0.0199197
     D1FCC-a87c      0.030     0.026       0.095     0.542      0.272     0.791      0.603     0.678      0.710     0.765    0.507     0.757   0.737     0.138      0.034     0.01203  -1	   0.0538975     0.0123004
     D1FCC-a87d      0.027     0.025       0.087     0.661      0.120     0.768      0.609     0.710      0.850     0.781    0.552     0.745   0.827     0.148      0.122     0.00950  -1	   0.0388334    -0.0024134
     D1FCC-a88a      0.025     0.028       0.090     0.584      0.235     0.779      0.597     0.647      0.503     0.772    0.502     0.767   0.767     0.145      0.154     0.01126  -1	   0.0282206     0.0069884
     D1FCC-a88b      0.026     0.025       0.083     0.709     -0.097     0.772      0.633     0.659      0.776     0.763    0.534     0.738   0.836     0.192      0.049     0.00876  -1	  -0.0168790    -0.0209578
     D1FCC-a88c      0.029     0.026       0.092     0.703      0.016     0.779      0.614     0.656      0.837     0.816    0.549     0.784   0.805     0.141      0.358     0.00990  -1	   0.0764127     0.0274246
     D1FCC-a88d      0.027     0.027       0.087     0.547     -0.011     0.779      0.628     0.705      0.941     0.757    0.506     0.749   0.717     0.197      0.128     0.01241  -1	   0.0332050    -0.0304996
     D1FCC-a89a      0.035     0.057       0.199     0.735      0.048     0.787      0.399     0.309      0.024     0.789    0.527     0.768   0.834     0.079      0.342     0.01509  -1	   0.3285013     0.2942408
     D1FCC-a89b      0.041     0.051       0.199     0.616      0.322     0.791      0.438     0.286      0.222     0.791    0.529     0.769   0.853     0.070      0.309     0.01777  -1	   0.3264818     0.4149781
     D1FCC-a89c      0.036     0.057       0.194     0.658     -0.020     0.771      0.448     0.401      0.186     0.791    0.528     0.771   0.747     0.078      0.250     0.02141  -1	   0.1414239     0.1227350
     D1FCC-a89d      0.030     0.030       0.102     0.733     -0.129     0.763      0.599     0.622      0.692     0.772    0.510     0.762   0.812     0.154      0.315     0.00683  -1	   0.0511791     0.0034832
      D1FCC-a8a      0.031     0.050       0.170     0.574     -0.309     0.797      0.500     0.576      0.688     0.766    0.535     0.741   0.738     0.087      0.169     0.01045  -1	   0.0259021     0.0539482
      D1FCC-a8b      0.039     0.049       0.165     0.655      0.166     0.780      0.473     0.383      0.087     0.785    0.515     0.771   0.794     0.091      0.516     0.01701  -1	   0.4315086     0.2805643
      D1FCC-a8c      0.041     0.050       0.197     0.631      0.277     0.781      0.434     0.293      0.065     0.756    0.513     0.745   0.816     0.074      0.190     0.01784  -1	   0.2308856     0.3496104
      D1FCC-a8d      0.032     0.049       0.167     0.577     -0.306     0.795      0.528     0.597      0.322     0.752    0.507     0.745   0.738     0.088      0.150     0.01043  -1	   0.0169644    -0.0057888
     D1FCC-a90a      0.031     0.028       0.097     0.583     -0.394     0.790      0.541     0.597      0.901     0.794    0.519     0.778   0.626     0.172      0.360     0.00514  -1	   0.0622484     0.1260040
     D1FCC-a90b      0.034     0.049       0.172     0.653     -0.040     0.784      0.453     0.417      0.531     0.780    0.540     0.752   0.852     0.089      0.165     0.01932  -1	   0.0427701     0.1122355
     D1FCC-a90c      0.033     0.028       0.090     0.587     -0.450     0.783      0.575     0.649      0.546     0.776    0.524     0.757   0.566     0.163      0.410     0.00511  -1	   0.1095631     0.0754569
     D1FCC-a90d      0.032     0.025       0.080     0.651      0.055     0.787      0.609     0.698      0.504     0.745    0.474     0.758   0.817     0.186      0.630     0.00557  -1	   0.1989010    -0.0373404
     D1FCC-a91a      0.036     0.029       0.097     0.604     -0.070     0.800      0.560     0.500      0.999     0.790    0.562     0.748   0.756     0.136      0.400     0.00536  -1	   0.0722353     0.1329775
     D1FCC-a91b      0.033     0.023       0.087     0.661      0.147     0.777      0.572     0.650      0.771     0.772    0.526     0.752   0.827     0.167      0.304     0.00468  -1	   0.0768226     0.0396490
     D1FCC-a91c      0.033     0.029       0.092     0.604     -0.425     0.781      0.571     0.645      0.665     0.762    0.501     0.757   0.584     0.167      0.410     0.00511  -1	   0.0877686     0.0718657
     D1FCC-a91d      0.033     0.028       0.095     0.615     -0.446     0.789      0.564     0.635      0.732     0.801    0.533     0.777   0.584     0.162      0.363     0.00510  -1	   0.0773183     0.0888985
     D1FCC-a92a      0.032     0.032       0.104     0.720      0.294     0.777      0.569     0.639      0.917     0.797    0.539     0.769   0.896     0.126      0.349     0.00609  -1	   0.2354205     0.1193625
     D1FCC-a92b      0.036     0.029       0.102     0.660      0.287     0.787      0.557     0.593      1.000     0.823    0.614     0.752   0.872     0.149      0.531     0.00477  -1	   0.2880925     0.2042260
     D1FCC-a92c      0.034     0.029       0.095     0.685      0.292     0.789      0.593     0.666      0.931     0.774    0.517     0.760   0.872     0.143      0.314     0.00607  -1	   0.2046104     0.0881610
     D1FCC-a92d      0.035     0.028       0.102     0.758     -0.100     0.803      0.584     0.547      0.835     0.758    0.526     0.738   0.815     0.130      0.579     0.00560  -1	   0.1196060     0.0638853
     D1FCC-a93a      0.031     0.029       0.102     0.536      0.174     0.776      0.611     0.699      0.690     0.791    0.530     0.768   0.659     0.145      0.221     0.00650  -1	   0.0476686     0.0044304
     D1FCC-a93b      0.028     0.030       0.090     0.587     -0.005     0.787      0.568     0.659      0.139     0.742    0.508     0.734   0.778     0.160      0.286     0.00689  -1	   0.0821644    -0.0391061
     D1FCC-a93c      0.029     0.033       0.114     0.677      0.074     0.779      0.551     0.567      0.388     0.762    0.496     0.760   0.817     0.138      0.541     0.00713  -1	   0.2361329     0.0525964
     D1FCC-a93d      0.029     0.029       0.097     0.725     -0.281     0.780      0.560     0.702      0.163     0.749    0.504     0.743   0.750     0.153      0.188     0.00716  -1	   0.1019694    -0.0009511
     D1FCC-a94a      0.029     0.032       0.100     0.646     -0.513     0.779      0.577     0.685      0.942     0.818    0.566     0.775   0.607     0.149      0.302     0.00728  -1	   0.1050813     0.1052867
     D1FCC-a94b      0.026     0.028       0.090     0.509     -0.428     0.782      0.596     0.729      0.652     0.747    0.490     0.750   0.504     0.164      0.193     0.00914  -1	   0.0336862     0.0324866
     D1FCC-a94c      0.026     0.033       0.109     0.711     -0.066     0.769      0.575     0.708      0.276     0.755    0.486     0.760   0.836     0.143      0.339     0.00971  -1	   0.1342535    -0.0569649
     D1FCC-a94d      0.026     0.036       0.121     0.631      0.173     0.778      0.552     0.661      0.744     0.764    0.523     0.746   0.739     0.111      0.336     0.00971  -1	   0.1234750     0.0457240
     D1FCC-a95a      0.027     0.036       0.117     0.725     -0.296     0.749      0.571     0.661      0.658     0.767    0.523     0.749   0.750     0.113      0.101     0.00955  -1	   0.0162434     0.0092533
     D1FCC-a95b      0.027     0.036       0.119     0.703     -0.214     0.767      0.524     0.595      0.821     0.778    0.524     0.759   0.798     0.119      0.131     0.00933  -1	   0.0231268     0.0378983
     D1FCC-a95c      0.029     0.034       0.119     0.703     -0.169     0.758      0.543     0.611      0.970     0.756    0.536     0.730   0.781     0.118      0.124     0.00926  -1	   0.0394408     0.0350080
     D1FCC-a95d      0.028     0.036       0.114     0.703     -0.344     0.763      0.546     0.631      0.507     0.756    0.519     0.741   0.836     0.115      0.103     0.00959  -1	   0.0303169     0.0182797
     D1FCC-a96a      0.031     0.030       0.102     0.624      0.029     0.778      0.559     0.522      0.343     0.770    0.524     0.751   0.725     0.143      0.824     0.01480  -1	   0.3958351     0.1195503
     D1FCC-a96b      0.028     0.022       0.078     0.621      0.086     0.783      0.588     0.640      0.864     0.778    0.522     0.761   0.761     0.167      0.109     0.01219  -1	   0.0237591     0.0106726
     D1FCC-a96c      0.030     0.029       0.097     0.627      0.027     0.782      0.577     0.572      0.293     0.746    0.517     0.733   0.725     0.147      0.769     0.01471  -1	   0.3734882     0.0689607
     D1FCC-a96d      0.031     0.029       0.097     0.635      0.028     0.778      0.574     0.566      0.240     0.772    0.509     0.763   0.725     0.138      0.600     0.01478  -1	   0.2828949     0.0723830
     D1FCC-a97a      0.031     0.030       0.102     0.627     -0.004     0.770      0.553     0.532      0.324     0.770    0.521     0.753   0.796     0.128      0.824     0.01480  -1	   0.4054807     0.1060795
     D1FCC-a97b      0.031     0.033       0.104     0.669     -0.459     0.792      0.559     0.496      0.652     0.772    0.511     0.761   0.683     0.134      0.703     0.01534  -1	   0.2026376     0.1684932
     D1FCC-a97c      0.030     0.033       0.100     0.609     -0.383     0.778      0.548     0.489      0.405     0.747    0.528     0.726   0.644     0.149      0.949     0.01581  -1	   0.4186116     0.2450948
     D1FCC-a97d      0.031     0.033       0.119     0.772      0.036     0.781      0.560     0.590      0.661     0.781    0.496     0.778   0.785     0.111      0.412     0.01659  -1	   0.1385601     0.0467808
     D1FCC-a98a      0.030     0.032       0.102     0.613     -0.377     0.771      0.560     0.510      0.608     0.737    0.511     0.727   0.644     0.151      0.949     0.01576  -1	   0.2801238     0.1980085
     D1FCC-a98b      0.031     0.033       0.107     0.601     -0.414     0.775      0.566     0.512      0.683     0.736    0.503     0.732   0.584     0.143      0.949     0.01589  -1	   0.2303033     0.2061999
     D1FCC-a98c      0.030     0.033       0.104     0.610     -0.425     0.773      0.557     0.501      0.507     0.754    0.522     0.737   0.584     0.147      0.949     0.01571  -1	   0.3513115     0.2297580
     D1FCC-a98d      0.030     0.033       0.102     0.636     -0.418     0.775      0.545     0.486      0.560     0.728    0.494     0.730   0.584     0.145      0.879     0.01581  -1	   0.2767562     0.2088433
     D1FCC-a99a      0.031     0.033       0.104     0.606     -0.351     0.777      0.566     0.510      0.372     0.753    0.530     0.731   0.644     0.150      0.949     0.01583  -1	   0.4363287     0.2024849
     D1FCC-a99b      0.030     0.033       0.104     0.649     -0.370     0.777      0.535     0.469      0.502     0.748    0.515     0.736   0.644     0.145      0.949     0.01581  -1	   0.3618519     0.2295706
     D1FCC-a99c      0.030     0.033       0.109     0.645     -0.222     0.775      0.541     0.482      0.550     0.717    0.500     0.716   0.718     0.145      0.834     0.01614  -1	   0.2521854     0.1397911
     D1FCC-a99d      0.030     0.033       0.104     0.593     -0.444     0.776      0.572     0.524      0.400     0.733    0.513     0.722   0.566     0.145      0.949     0.01595  -1	   0.4094623     0.2231207
      D1FCC-a9a      0.034     0.027       0.095     0.596     -0.085     0.797      0.605     0.703      0.546     0.742    0.525     0.724   0.738     0.133      0.303     0.01226  -1	   0.0126681    -0.0341481
      D1FCC-a9b      0.033     0.026       0.085     0.623     -0.102     0.804      0.552     0.641      0.921     0.802    0.597     0.738   0.732     0.143      0.283     0.01329  -1	   0.0379189     0.0739577
      D1FCC-a9c      0.034     0.031       0.097     0.565     -0.060     0.797      0.587     0.686      0.852     0.774    0.525     0.755   0.738     0.156      0.213     0.01207  -1	   0.0291067     0.0065286
      D1FCC-a9d      0.036     0.021       0.068     0.725      0.017     0.793      0.589     0.671      0.624     0.773    0.534     0.748   0.805     0.219      0.232     0.00943  -1	   0.0334533     0.0023263
