      D1N8O-a9d      0.030     0.060       0.233     0.661      0.092     0.813      0.525     0.523      0.240     0.599    0.507     0.601   0.805     0.122      0.143     0.00750  -1	   0.1232555     0.0219095
      D1N8O-a0a      0.032     0.071       0.257     0.615     -0.133     0.822      0.533     0.510      0.064     0.564    0.528     0.552   0.589     0.107      0.184     0.01074  -1	   0.1522819     0.0332494
      D1N8O-a0b      0.035     0.103       0.380     0.561     -0.340     0.808      0.392     0.332      0.080     0.650    0.544     0.622   0.276     0.070      0.249     0.03051  -1	   0.1935346     0.0999810
      D1N8O-a0c      0.032     0.074       0.273     0.718     -0.011     0.823      0.495     0.530      0.993     0.611    0.609     0.531   0.802     0.093      0.205     0.01121  -1	   0.1406947     0.0248665
      D1N8O-a0d      0.046     0.057       0.229     0.712      0.288     0.822      0.490     0.393      0.700     0.619    0.551     0.587   0.946     0.106      0.080     0.00930  -1	   0.2258753     0.1847246
    D1N8O-a100a      0.038     0.051       0.241     0.762      0.182     0.856      0.444     0.206      0.606     0.623    0.646     0.511   0.892     0.114      0.553     0.66666   1	   0.4052487     0.4313294
    D1N8O-a100b      0.033     0.056       0.241     0.509     -0.018     0.809      0.530     0.530      0.447     0.612    0.528     0.597   0.401     0.096      0.125     0.02518  -1	   0.0285882     0.0223334
    D1N8O-a100c      0.039     0.065       0.282     0.700      0.055     0.822      0.479     0.474      0.355     0.593    0.519     0.587   0.859     0.082      0.169     0.10686  -1	   0.1402515     0.0447222
    D1N8O-a100d      0.048     0.063       0.269     0.577      0.123     0.841      0.488     0.279      0.139     0.577    0.539     0.556   0.587     0.097      0.244     0.11127  -1	   0.2477251     0.3214099
    D1N8O-a101a      0.047     0.064       0.257     0.623      0.089     0.836      0.513     0.292      0.175     0.612    0.549     0.581   0.738     0.093      0.145     0.11131  -1	   0.1658315     0.2791183
    D1N8O-a101b      0.036     0.054       0.245     0.737      0.129     0.860      0.428     0.197      0.017     0.609    0.594     0.540   0.834     0.117      0.514     0.68237   1	   0.5964105     0.6661288
    D1N8O-a101c      0.044     0.072       0.273     0.627      0.451     0.816      0.387     0.185      0.491     0.592    0.529     0.578   0.848     0.095      0.433     0.17969  -1	   0.5778813     0.5583162
    D1N8O-a101d      0.038     0.054       0.253     0.749      0.232     0.859      0.417     0.185      0.192     0.595    0.595     0.526   0.909     0.113      0.541     0.69367   1	   0.6011425     0.6424029
    D1N8O-a102a      0.040     0.062       0.269     0.537      0.244     0.822      0.516     0.305      0.517     0.530    0.496     0.547   0.508     0.085      0.217     0.14744  -1	   0.2376636     0.2490059
    D1N8O-a102b      0.018     0.064       0.253     0.605      0.140     0.794      0.492     0.623      0.910     0.615    0.527     0.602   0.713     0.089      0.120     0.01655  -1	   0.1669658     0.0768121
    D1N8O-a102c      0.043     0.068       0.257     0.677      0.415     0.826      0.381     0.173      0.505     0.578    0.524     0.569   0.945     0.097      0.463     0.17874  -1	   0.5473653     0.5599612
    D1N8O-a102d      0.036     0.058       0.233     0.687      0.137     0.827      0.500     0.473      0.191     0.581    0.510     0.583   0.780     0.103      0.083     0.07611  -1	   0.1306839     0.0853984
    D1N8O-a103a      0.040     0.053       0.216     0.635     -0.023     0.824      0.540     0.514      0.880     0.634    0.508     0.635   0.680     0.106      0.248     0.04538  -1	   0.1001642     0.0462483
    D1N8O-a103b      0.038     0.061       0.245     0.687     -0.101     0.814      0.501     0.468      0.635     0.680    0.531     0.660   0.656     0.103      0.241     0.05567  -1	   0.0836381     0.0324530
    D1N8O-a103c      0.037     0.053       0.204     0.625      0.431     0.817      0.425     0.441      0.096     0.686    0.528     0.668   0.879     0.150      0.065     0.01597  -1	   0.2686725     0.1806184
    D1N8O-a103d      0.018     0.064       0.241     0.665      0.215     0.794      0.478     0.608      0.972     0.681    0.564     0.635   0.854     0.085      0.125     0.01682  -1	   0.2324671     0.1027618
    D1N8O-a104a      0.035     0.061       0.241     0.633     -0.176     0.818      0.590     0.624      0.634     0.560    0.513     0.561   0.664     0.100      0.062     0.02401  -1	   0.0103249    -0.0275501
    D1N8O-a104b      0.035     0.049       0.216     0.758      0.157     0.813      0.523     0.532      0.094     0.564    0.526     0.554   0.798     0.113      0.060     0.01268  -1	   0.1496734     0.1082468
    D1N8O-a104c      0.037     0.047       0.200     0.670      0.203     0.807      0.532     0.693      0.365     0.637    0.549     0.606   0.840     0.136      0.057     0.01647  -1	   0.0913468    -0.0218526
    D1N8O-a104d      0.046     0.049       0.204     0.614      0.031     0.806      0.572     0.471      1.000     0.663    0.591     0.597   0.725     0.108      0.185     0.02149  -1	   0.1303795     0.0819518
    D1N8O-a105a      0.039     0.081       0.335     0.645     -0.027     0.807      0.410     0.455      0.748     0.593    0.544     0.568   0.680     0.082      0.101     0.01691  -1	   0.1192686     0.0641011
    D1N8O-a105b      0.024     0.048       0.196     0.610     -0.058     0.803      0.554     0.566      0.728     0.564    0.521     0.558   0.756     0.113      0.123     0.01117  -1	   0.0037149    -0.0093957
    D1N8O-a105c      0.028     0.062       0.261     0.692      0.085     0.806      0.493     0.627      0.314     0.535    0.493     0.554   0.805     0.099      0.155     0.01030  -1	   0.1251827    -0.0405271
    D1N8O-a105d      0.042     0.079       0.318     0.667      0.077     0.806      0.417     0.483      0.798     0.586    0.533     0.569   0.805     0.083      0.180     0.01724  -1	   0.1862085     0.0768460
    D1N8O-a106a      0.029     0.067       0.286     0.560     -0.160     0.791      0.442     0.478      0.487     0.539    0.499     0.554   0.538     0.083      0.078     0.00995  -1	   0.0139402     0.0303664
    D1N8O-a106b      0.042     0.065       0.273     0.541     -0.017     0.795      0.543     0.610      0.808     0.557    0.529     0.546   0.401     0.091      0.121     0.01238  -1	   0.1100395     0.0479655
    D1N8O-a106c      0.039     0.071       0.298     0.657     -0.004     0.820      0.474     0.472      0.594     0.645    0.555     0.607   0.747     0.084      0.126     0.01633  -1	   0.1016251     0.0460555
    D1N8O-a106d      0.041     0.050       0.220     0.679      0.146     0.829      0.546     0.434      0.124     0.564    0.488     0.585   0.827     0.103      0.191     0.01637  -1	   0.1963753     0.1930360
    D1N8O-a107a      0.034     0.063       0.273     0.502     -0.225     0.804      0.510     0.606      0.743     0.573    0.517     0.570   0.291     0.087      0.099     0.01155  -1	   0.0355062     0.0305425
    D1N8O-a107b      0.035     0.060       0.241     0.647     -0.066     0.809      0.529     0.473      0.048     0.534    0.494     0.553   0.680     0.097      0.191     0.02203  -1	   0.1588235     0.0919052
    D1N8O-a107c      0.039     0.051       0.245     0.517      0.314     0.806      0.509     0.595      0.605     0.537    0.502     0.549   0.574     0.111      0.143     0.01255  -1	   0.2164670     0.1284706
    D1N8O-a107d      0.040     0.040       0.180     0.583     -0.134     0.825      0.565     0.593      0.696     0.602    0.525     0.591   0.714     0.130      0.157     0.07158  -1	  -0.0028125    -0.0033944
    D1N8O-a108a      0.044     0.060       0.249     0.664      0.119     0.822      0.469     0.359      0.121     0.575    0.546     0.549   0.780     0.095      0.332     0.03836  -1	   0.3281566     0.2637591
    D1N8O-a108b      0.037     0.049       0.237     0.611      0.146     0.814      0.529     0.561      0.128     0.543    0.497     0.558   0.771     0.094      0.149     0.03228  -1	   0.1400402     0.0383237
    D1N8O-a108c      0.042     0.071       0.302     0.641     -0.015     0.821      0.476     0.474      0.225     0.555    0.546     0.530   0.680     0.081      0.126     0.01668  -1	   0.1222426     0.0409238
    D1N8O-a108d      0.034     0.055       0.241     0.641      0.084     0.806      0.482     0.500      0.034     0.531    0.505     0.540   0.738     0.111      0.197     0.02762  -1	   0.2014707     0.0760006
    D1N8O-a109a      0.030     0.044       0.188     0.690     -0.088     0.798      0.483     0.446      0.359     0.568    0.529     0.556   0.812     0.118      0.406     0.02441  -1	   0.1473320     0.0956087
    D1N8O-a109b      0.048     0.059       0.233     0.582      0.079     0.841      0.502     0.313      0.230     0.567    0.502     0.577   0.612     0.102      0.187     0.11001  -1	   0.1459652     0.2319597
    D1N8O-a109c      0.046     0.063       0.253     0.658      0.039     0.839      0.494     0.285      0.090     0.570    0.526     0.561   0.780     0.096      0.222     0.11313  -1	   0.2230870     0.3174727
    D1N8O-a109d      0.047     0.062       0.245     0.635      0.130     0.839      0.499     0.303      0.176     0.539    0.481     0.568   0.713     0.094      0.188     0.11208  -1	   0.2046963     0.2741934
     D1N8O-a10a      0.048     0.045       0.200     0.602     -0.211     0.836      0.583     0.434      0.401     0.525    0.481     0.554   0.718     0.139      0.570     0.01474  -1	   0.1766482     0.0992719
     D1N8O-a10b      0.056     0.071       0.273     0.670      0.354     0.843      0.434     0.231      0.069     0.531    0.517     0.531   0.898     0.082      0.225     0.05998  -1	   0.4839105     0.5178887
     D1N8O-a10c      0.037     0.066       0.273     0.674      0.080     0.816      0.397     0.329      0.088     0.560    0.508     0.565   0.805     0.097      0.242     0.01675  -1	   0.2581537     0.2144010
     D1N8O-a10d      0.051     0.071       0.302     0.661      0.157     0.840      0.504     0.352      0.064     0.543    0.501     0.555   0.845     0.079      0.129     0.03790  -1	   0.2578088     0.2407878
    D1N8O-a110a      0.042     0.057       0.257     0.618     -0.275     0.819      0.492     0.444      0.383     0.571    0.526     0.561   0.515     0.088      0.189     0.00667  -1	   0.0335794     0.0460010
    D1N8O-a110b      0.040     0.068       0.298     0.615     -0.411     0.784      0.512     0.619      0.933     0.638    0.525     0.625   0.000     0.080      0.119     0.00823  -1	   0.0457293     0.0085216
    D1N8O-a110c      0.028     0.073       0.290     0.648     -0.524     0.800      0.444     0.473      0.643     0.629    0.550     0.596   0.515     0.090      0.262     0.00763  -1	   0.0585138     0.0166847
    D1N8O-a110d      0.045     0.043       0.188     0.699     -0.823     0.811      0.499     0.491      0.637     0.583    0.503     0.591   0.000     0.125      0.123     0.00647  -1	   0.1461358    -0.0136945
    D1N8O-a111a      0.036     0.048       0.233     0.692     -0.022     0.819      0.565     0.599      0.275     0.555    0.497     0.569   0.852     0.101      0.110     0.03144  -1	   0.0426923    -0.0185258
    D1N8O-a111b      0.033     0.056       0.237     0.697      0.138     0.808      0.550     0.630      0.344     0.570    0.530     0.557   0.780     0.095      0.160     0.01119  -1	   0.1434648     0.0144104
    D1N8O-a111c      0.043     0.062       0.257     0.632     -0.011     0.824      0.494     0.394      0.198     0.552    0.517     0.550   0.680     0.093      0.171     0.01690  -1	   0.1279291     0.1290340
    D1N8O-a111d      0.037     0.055       0.245     0.573      0.043     0.813      0.521     0.537      0.133     0.556    0.535     0.540   0.587     0.104      0.158     0.02891  -1	   0.1137086     0.0397324
     D1N8O-a11a      0.036     0.072       0.298     0.527      0.242     0.805      0.466     0.494      0.614     0.593    0.510     0.593   0.508     0.075      0.179     0.02228  -1	   0.2630216     0.1533252
     D1N8O-a11b      0.037     0.103       0.367     0.611     -0.256     0.817      0.393     0.343      0.012     0.628    0.554     0.592   0.512     0.072      0.234     0.03059  -1	   0.2445704     0.1103966
     D1N8O-a11c      0.047     0.066       0.273     0.592      0.122     0.823      0.506     0.266      0.182     0.560    0.537     0.542   0.587     0.088      0.206     0.06944  -1	   0.2219447     0.3152203
     D1N8O-a11d      0.049     0.061       0.245     0.586      0.116     0.826      0.527     0.299      0.494     0.593    0.552     0.560   0.587     0.092      0.299     0.05819  -1	   0.2021891     0.2384212
     D1N8O-a12a      0.045     0.068       0.278     0.597      0.152     0.821      0.491     0.266      0.079     0.566    0.505     0.573   0.652     0.083      0.277     0.07432  -1	   0.3103817     0.3616916
     D1N8O-a12b      0.042     0.053       0.220     0.430      0.068     0.819      0.525     0.585      0.467     0.645    0.511     0.641   0.000     0.126      0.093     0.01459  -1	   0.0511085     0.0144190
     D1N8O-a12c      0.048     0.067       0.261     0.574      0.135     0.827      0.489     0.258      0.406     0.597    0.553     0.564   0.587     0.088      0.273     0.06414  -1	   0.2270453     0.2821679
     D1N8O-a12d      0.046     0.070       0.278     0.585      0.132     0.825      0.494     0.266      0.311     0.571    0.546     0.545   0.587     0.083      0.214     0.06558  -1	   0.2187097     0.2748003
     D1N8O-a13a      0.034     0.058       0.237     0.720      0.003     0.796      0.558     0.517      0.674     0.673    0.524     0.658   0.834     0.093      0.176     0.01404  -1	   0.0859334     0.0295253
     D1N8O-a13b      0.046     0.046       0.204     0.674     -0.179     0.840      0.509     0.509      0.856     0.638    0.504     0.640   0.757     0.136      0.258     0.00897  -1	   0.0464695     0.0403927
     D1N8O-a13c      0.041     0.053       0.233     0.642      0.172     0.815      0.496     0.541      0.494     0.641    0.539     0.616   0.778     0.124      0.072     0.01342  -1	   0.1114176     0.0574088
     D1N8O-a13d      0.045     0.052       0.229     0.588      0.228     0.812      0.542     0.577      0.128     0.602    0.554     0.568   0.661     0.114      0.066     0.01386  -1	   0.1478431     0.0675437
     D1N8O-a14a      0.047     0.078       0.302     0.695     -0.455     0.828      0.392     0.244      0.976     0.711    0.662     0.586   0.613     0.099      0.048     0.01037  -1	   0.0618339     0.0798882
     D1N8O-a14b      0.045     0.039       0.167     0.657     -0.198     0.810      0.589     0.709      0.791     0.546    0.503     0.556   0.757     0.161      0.045     0.00722  -1	   0.0002644    -0.0155226
     D1N8O-a14c      0.036     0.058       0.261     0.543     -0.518     0.794      0.535     0.629      1.000     0.680    0.629     0.582   0.236     0.098      0.075     0.00791  -1	   0.0671365     0.0171716
     D1N8O-a14d      0.048     0.077       0.294     0.647     -0.439     0.820      0.390     0.283      0.392     0.629    0.561     0.587   0.000     0.090      0.038     0.01029  -1	   0.0332239     0.0689762
     D1N8O-a15a      0.048     0.073       0.282     0.772     -0.172     0.829      0.375     0.217      0.063     0.574    0.518     0.570   0.777     0.098      0.051     0.01038  -1	   0.1196521     0.2538823
     D1N8O-a15b      0.043     0.064       0.282     0.638     -0.488     0.788      0.481     0.562      0.993     0.651    0.584     0.592   0.546     0.085      0.146     0.00816  -1	   0.0583235     0.0404276
     D1N8O-a15c      0.045     0.079       0.302     0.645     -0.151     0.817      0.426     0.292      0.019     0.566    0.510     0.569   0.664     0.088      0.073     0.01012  -1	   0.1247647     0.1792358
     D1N8O-a16a      0.036     0.066       0.278     0.594     -0.627     0.787      0.486     0.559      0.832     0.642    0.570     0.592   0.271     0.094      0.131     0.00800  -1	   0.0668200     0.0098640
     D1N8O-a16b      0.036     0.065       0.273     0.588     -0.626     0.785      0.492     0.557      0.636     0.610    0.544     0.584   0.271     0.090      0.131     0.00800  -1	   0.0646123    -0.0005989
     D1N8O-a16c      0.040     0.068       0.265     0.676     -0.289     0.805      0.519     0.673      0.614     0.588    0.556     0.552   0.582     0.087      0.144     0.00765  -1	   0.0279904    -0.0223415
     D1N8O-a16d      0.040     0.064       0.269     0.658     -0.621     0.784      0.482     0.559      0.985     0.673    0.586     0.611   0.464     0.095      0.097     0.00793  -1	   0.0883977     0.0300041
     D1N8O-a17a      0.038     0.059       0.265     0.664     -0.605     0.805      0.470     0.533      0.972     0.661    0.576     0.606   0.464     0.095      0.096     0.00783  -1	   0.0637886     0.0319150
     D1N8O-a17b      0.040     0.064       0.273     0.617     -0.693     0.784      0.479     0.540      0.967     0.646    0.521     0.635   0.471     0.095      0.115     0.00781  -1	   0.1361830     0.0505883
     D1N8O-a17c      0.036     0.066       0.278     0.556     -0.606     0.792      0.428     0.464      0.676     0.643    0.557     0.604   0.271     0.096      0.168     0.00803  -1	   0.0616209     0.0617382
     D1N8O-a17d      0.039     0.065       0.278     0.709     -0.570     0.793      0.451     0.530      0.996     0.682    0.629     0.584   0.518     0.091      0.053     0.00793  -1	   0.0534245     0.0224061
     D1N8O-a18a      0.052     0.057       0.237     0.613     -0.060     0.807      0.485     0.380      0.480     0.577    0.548     0.549   0.680     0.102      0.153     0.00672  -1	   0.0606767     0.1063716
     D1N8O-a18b      0.049     0.068       0.290     0.631     -0.389     0.826      0.461     0.441      0.140     0.554    0.526     0.545   0.471     0.077      0.182     0.00709  -1	   0.1163261     0.0713598
     D1N8O-a18c      0.041     0.045       0.188     0.604     -0.579     0.814      0.512     0.586      0.902     0.600    0.560     0.560   0.607     0.132      0.056     0.00604  -1	   0.0910557     0.0553350
     D1N8O-a18d      0.046     0.061       0.286     0.583     -0.163     0.824      0.502     0.431      0.132     0.537    0.496     0.553   0.538     0.083      0.152     0.00687  -1	   0.0823336     0.0817280
     D1N8O-a19a      0.038     0.045       0.204     0.673      0.566     0.824      0.439     0.385      0.129     0.584    0.498     0.595   0.889     0.139      0.035     0.00530  -1	   0.3778219     0.3640041
     D1N8O-a19b      0.053     0.063       0.261     0.642     -0.338     0.827      0.476     0.349      0.179     0.569    0.525     0.560   0.515     0.100      0.412     0.00693  -1	   0.2403241     0.1915902
     D1N8O-a19c      0.038     0.050       0.229     0.580      0.142     0.816      0.574     0.586      0.391     0.546    0.506     0.553   0.753     0.107      0.093     0.00571  -1	   0.0747840     0.0216671
     D1N8O-a19d      0.035     0.060       0.282     0.604     -0.520     0.791      0.486     0.563      0.961     0.686    0.542     0.658   0.515     0.097      0.098     0.00777  -1	   0.0687469     0.0481317
      D1N8O-a1a      0.037     0.045       0.200     0.490      0.323     0.815      0.524     0.519      0.510     0.605    0.513     0.603   0.672     0.122      0.261     0.00937  -1	   0.2073049     0.1491071
      D1N8O-a1b      0.037     0.052       0.204     0.679      0.182     0.817      0.532     0.600      0.644     0.571    0.526     0.561   0.845     0.135      0.132     0.00913  -1	   0.1199818     0.0134470
      D1N8O-a1c      0.039     0.052       0.220     0.706     -0.406     0.815      0.492     0.409      0.341     0.565    0.492     0.582   0.000     0.122      0.171     0.00731  -1	   0.0547172     0.0352007
      D1N8O-a1d      0.045     0.051       0.208     0.647     -0.175     0.815      0.541     0.550      0.045     0.538    0.511     0.542   0.664     0.114      0.164     0.00683  -1	   0.1298239     0.0471459
     D1N8O-a20a      0.039     0.051       0.196     0.627      0.321     0.821      0.497     0.525      0.491     0.561    0.511     0.564   0.853     0.141      0.067     0.00543  -1	   0.1668791     0.0698009
     D1N8O-a20b      0.042     0.043       0.184     0.719      0.571     0.821      0.438     0.446      0.826     0.595    0.535     0.576   0.913     0.129      0.158     0.00531  -1	   0.4646520     0.3594262
     D1N8O-a20c      0.036     0.037       0.167     0.677      0.327     0.805      0.493     0.400      0.495     0.651    0.525     0.637   0.872     0.137      0.363     0.00516  -1	   0.2760093     0.2820705
     D1N8O-a20d      0.031     0.041       0.163     0.655      0.287     0.804      0.488     0.437      0.334     0.618    0.502     0.623   0.872     0.131      0.035     0.00541  -1	   0.0860105     0.1342605
     D1N8O-a21a      0.038     0.047       0.196     0.715      0.400     0.831      0.435     0.377      0.150     0.614    0.535     0.594   0.902     0.126      0.049     0.00547  -1	   0.2633210     0.2904474
     D1N8O-a21b      0.033     0.049       0.196     0.662      0.459     0.809      0.449     0.391      0.194     0.589    0.505     0.596   0.891     0.133      0.035     0.00535  -1	   0.2537501     0.2479274
     D1N8O-a21c      0.040     0.049       0.184     0.606      0.283     0.819      0.512     0.541      0.792     0.558    0.528     0.547   0.816     0.139      0.081     0.00539  -1	   0.1725873     0.0752920
     D1N8O-a21d      0.038     0.048       0.196     0.717      0.486     0.810      0.434     0.431      0.266     0.676    0.505     0.675   0.916     0.144      0.067     0.00532  -1	   0.3245743     0.2624724
     D1N8O-a22a      0.038     0.033       0.151     0.636      0.451     0.826      0.568     0.472      0.540     0.586    0.530     0.572   0.836     0.152      0.683     0.00560  -1	   0.5067758     0.3224972
     D1N8O-a22b      0.040     0.047       0.196     0.612      0.020     0.807      0.494     0.506      0.654     0.533    0.524     0.528   0.725     0.106      0.344     0.00744  -1	   0.0803176     0.0566614
     D1N8O-a22c      0.034     0.052       0.208     0.694      0.248     0.801      0.449     0.383      0.098     0.529    0.505     0.538   0.854     0.123      0.435     0.00757  -1	   0.4487682     0.2986158
     D1N8O-a22d      0.035     0.051       0.196     0.696      0.371     0.799      0.462     0.430      0.324     0.561    0.525     0.553   0.898     0.131      0.463     0.00769  -1	   0.4549954     0.2492916
     D1N8O-a23a      0.045     0.060       0.249     0.627      0.148     0.835      0.475     0.380      0.114     0.551    0.534     0.536   0.713     0.097      0.167     0.01219  -1	   0.2149120     0.2092127
     D1N8O-a23b      0.035     0.063       0.245     0.543     -0.244     0.812      0.546     0.559      0.168     0.600    0.518     0.594   0.291     0.105      0.180     0.01073  -1	   0.0658425    -0.0066336
     D1N8O-a23c      0.039     0.045       0.184     0.653     -0.018     0.810      0.475     0.478      0.253     0.531    0.515     0.533   0.852     0.116      0.363     0.00744  -1	   0.1748167     0.0841594
     D1N8O-a23d      0.039     0.052       0.233     0.643      0.248     0.840      0.493     0.605      0.156     0.524    0.502     0.536   0.787     0.125      0.168     0.00872  -1	   0.2334927     0.0252214
     D1N8O-a24a      0.048     0.069       0.286     0.660      0.098     0.843      0.479     0.236      0.346     0.562    0.516     0.560   0.805     0.077      0.603     0.03929  -1	   0.4461534     0.3601517
     D1N8O-a24b      0.032     0.069       0.261     0.677     -0.169     0.822      0.548     0.512      0.137     0.610    0.555     0.574   0.730     0.110      0.149     0.01099  -1	   0.1122793     0.0179422
     D1N8O-a24c      0.050     0.071       0.294     0.589      0.157     0.847      0.482     0.223      0.410     0.592    0.532     0.576   0.652     0.075      0.493     0.05172  -1	   0.3910418     0.3681919
     D1N8O-a24d      0.029     0.070       0.249     0.617     -0.077     0.828      0.503     0.478      0.152     0.566    0.524     0.558   0.680     0.105      0.184     0.01080  -1	   0.1268179     0.0291335
     D1N8O-a25a      0.036     0.052       0.220     0.565      0.133     0.825      0.532     0.549      0.102     0.558    0.512     0.559   0.587     0.118      0.060     0.01243  -1	   0.0811713     0.0335811
     D1N8O-a25b      0.048     0.071       0.310     0.648      0.166     0.846      0.454     0.198      0.211     0.582    0.504     0.589   0.778     0.076      0.378     0.05189  -1	   0.3969326     0.4356332
     D1N8O-a25c      0.049     0.070       0.302     0.598      0.167     0.846      0.471     0.220      0.238     0.565    0.521     0.559   0.652     0.079      0.582     0.04339  -1	   0.5169791     0.4441453
     D1N8O-a25d      0.038     0.044       0.200     0.617      0.071     0.842      0.565     0.478      0.537     0.568    0.503     0.577   0.761     0.127      0.299     0.00724  -1	   0.1008283     0.0771914
     D1N8O-a26a      0.043     0.062       0.269     0.644      0.086     0.808      0.530     0.544      0.482     0.553    0.516     0.553   0.738     0.098      0.180     0.01595  -1	   0.1313974     0.0331580
     D1N8O-a26b      0.048     0.066       0.269     0.674     -0.476     0.809      0.446     0.463      0.939     0.624    0.527     0.610   0.613     0.100      0.145     0.02123  -1	   0.0671030     0.0498890
     D1N8O-a26c      0.043     0.067       0.269     0.631     -0.314     0.810      0.450     0.426      0.192     0.577    0.512     0.578   0.515     0.098      0.037     0.02004  -1	   0.0353253     0.0522718
     D1N8O-a26d      0.048     0.066       0.273     0.670     -0.283     0.814      0.459     0.483      0.767     0.572    0.502     0.581   0.582     0.091      0.101     0.02101  -1	   0.0386050     0.0275560
     D1N8O-a27a      0.035     0.070       0.269     0.639     -0.059     0.810      0.510     0.506      0.138     0.695    0.563     0.650   0.680     0.108      0.146     0.02582  -1	   0.1181384     0.0166959
     D1N8O-a27b      0.037     0.057       0.241     0.571     -0.270     0.817      0.576     0.491      0.942     0.658    0.542     0.631   0.389     0.103      0.425     0.01763  -1	   0.0587646     0.0131724
     D1N8O-a27c      0.045     0.077       0.298     0.646     -0.200     0.801      0.439     0.429      0.957     0.695    0.602     0.620   0.664     0.081      0.143     0.02333  -1	   0.1055880     0.0612547
     D1N8O-a27d      0.043     0.068       0.278     0.556      0.290     0.832      0.401     0.329      0.361     0.591    0.507     0.595   0.699     0.085      0.208     0.05354  -1	   0.2977342     0.2699062
     D1N8O-a28a      0.048     0.070       0.290     0.579      0.115     0.827      0.488     0.253      0.318     0.565    0.527     0.555   0.587     0.084      0.163     0.06802  -1	   0.1839271     0.2590594
     D1N8O-a28b      0.047     0.053       0.220     0.559      0.232     0.806      0.555     0.612      0.525     0.607    0.536     0.587   0.661     0.120      0.079     0.01335  -1	   0.1410232     0.0565633
     D1N8O-a28c      0.046     0.063       0.257     0.481      0.071     0.835      0.528     0.312      0.152     0.547    0.531     0.535   0.341     0.087      0.175     0.05772  -1	   0.1405653     0.2239949
     D1N8O-a28d      0.047     0.071       0.282     0.585      0.075     0.822      0.503     0.281      0.307     0.569    0.524     0.561   0.612     0.085      0.206     0.06527  -1	   0.1828592     0.2300566
     D1N8O-a29a      0.042     0.053       0.237     0.628     -0.157     0.806      0.546     0.540      0.578     0.546    0.509     0.552   0.664     0.097      0.120     0.01572  -1	   0.0092085     0.0001220
     D1N8O-a29b      0.034     0.045       0.204     0.674      0.034     0.826      0.598     0.670      0.826     0.588    0.514     0.587   0.781     0.112      0.146     0.01374  -1	   0.0626269     0.0134625
     D1N8O-a29c      0.038     0.050       0.208     0.664      0.113     0.818      0.503     0.581      0.556     0.580    0.524     0.571   0.827     0.133      0.140     0.01390  -1	   0.0834869     0.0030904
     D1N8O-a29d      0.047     0.067       0.265     0.573     -0.061     0.825      0.497     0.315      0.296     0.582    0.520     0.575   0.554     0.092      0.063     0.06187  -1	   0.0519677     0.1385046
      D1N8O-a2a      0.033     0.047       0.196     0.726     -0.202     0.773      0.594     0.783      0.465     0.694    0.514     0.686   0.798     0.141      0.030     0.00850  -1	  -0.0128953    -0.0282542
      D1N8O-a2b      0.042     0.054       0.224     0.699     -0.290     0.801      0.546     0.565      0.157     0.559    0.518     0.556   0.582     0.107      0.178     0.00704  -1	   0.1160569     0.0257868
      D1N8O-a2c      0.049     0.054       0.233     0.633     -0.742     0.820      0.592     0.661      0.389     0.510    0.520     0.509   0.644     0.102      0.121     0.00652  -1	   0.1737958    -0.0257669
      D1N8O-a2d      0.046     0.037       0.155     0.555     -0.133     0.814      0.579     0.648      0.828     0.590    0.532     0.574   0.714     0.159     -0.049     0.00618  -1	   0.0200068    -0.0069689
     D1N8O-a30a      0.034     0.055       0.241     0.586     -0.128     0.815      0.579     0.604      0.654     0.580    0.501     0.589   0.463     0.091      0.151     0.01603  -1	   0.0236073    -0.0047008
     D1N8O-a30b      0.048     0.081       0.298     0.713     -0.514     0.833      0.395     0.219      0.553     0.648    0.567     0.601   0.636     0.100      0.062     0.01023  -1	   0.0437376     0.1048081
     D1N8O-a30c      0.041     0.058       0.245     0.642      0.157     0.816      0.526     0.505      0.483     0.577    0.485     0.599   0.778     0.108      0.132     0.01324  -1	   0.1369226     0.0659380
     D1N8O-a30d      0.045     0.084       0.310     0.678     -0.441     0.832      0.380     0.234      0.996     0.719    0.637     0.617   0.000     0.092      0.030     0.01044  -1	   0.0923650     0.0334265
     D1N8O-a31a      0.045     0.076       0.302     0.663     -0.435     0.832      0.402     0.245      0.959     0.650    0.584     0.589   0.000     0.093      0.042     0.01026  -1	   0.0701200     0.0267483
     D1N8O-a31b      0.043     0.076       0.294     0.754     -0.226     0.829      0.345     0.193      0.018     0.577    0.541     0.555   0.683     0.099      0.065     0.01043  -1	   0.1343654     0.2913720
     D1N8O-a31c      0.045     0.078       0.302     0.697     -0.499     0.831      0.388     0.236      0.762     0.655    0.552     0.620   0.613     0.098      0.041     0.01023  -1	   0.0393555     0.0839066
     D1N8O-a31d      0.050     0.079       0.294     0.699     -0.497     0.824      0.375     0.207      0.671     0.650    0.568     0.602   0.613     0.095      0.030     0.01024  -1	   0.0395344     0.1159059
     D1N8O-a32a      0.037     0.071       0.282     0.708      0.011     0.812      0.462     0.278      0.190     0.575    0.537     0.556   0.834     0.097      0.127     0.01325  -1	   0.1449274     0.2111575
     D1N8O-a32b      0.043     0.084       0.314     0.693     -0.370     0.823      0.343     0.179      0.369     0.667    0.585     0.606   0.538     0.097      0.099     0.01041  -1	   0.0563792     0.1677597
     D1N8O-a32c      0.038     0.053       0.212     0.734     -0.350     0.810      0.486     0.411      0.145     0.559    0.507     0.565   0.636     0.122      0.160     0.00728  -1	   0.1254993     0.1380425
     D1N8O-a32d      0.050     0.059       0.253     0.656     -0.564     0.804      0.548     0.590      0.698     0.580    0.528     0.567   0.464     0.099      0.130     0.01059  -1	   0.0557785    -0.0147231
     D1N8O-a33a      0.037     0.073       0.269     0.666     -0.332     0.801      0.447     0.607      0.950     0.617    0.584     0.557   0.582     0.098      0.181     0.00797  -1	   0.0561973     0.0397581
     D1N8O-a33b      0.038     0.064       0.278     0.615     -0.681     0.788      0.533     0.601      0.837     0.640    0.558     0.600   0.471     0.088      0.139     0.00803  -1	   0.0915374     0.0084170
     D1N8O-a33c      0.035     0.066       0.278     0.633     -0.633     0.784      0.518     0.583      0.848     0.615    0.542     0.590   0.397     0.088      0.146     0.00802  -1	   0.0712888    -0.0031757
     D1N8O-a33d      0.038     0.062       0.249     0.657     -0.288     0.791      0.434     0.483      0.581     0.668    0.515     0.660   0.582     0.109      0.187     0.00848  -1	   0.0398196     0.0349427
     D1N8O-a34a      0.037     0.066       0.269     0.585     -0.655     0.791      0.506     0.583      0.975     0.654    0.593     0.586   0.345     0.091      0.131     0.00799  -1	   0.1007415     0.0272730
     D1N8O-a34b      0.036     0.062       0.282     0.674     -0.570     0.792      0.484     0.569      0.959     0.654    0.575     0.600   0.464     0.086      0.082     0.00789  -1	   0.0474548     0.0173492
     D1N8O-a34c      0.038     0.063       0.273     0.599     -0.634     0.790      0.488     0.567      0.953     0.638    0.579     0.582   0.271     0.088      0.081     0.00792  -1	   0.0812151     0.0152081
     D1N8O-a34d      0.039     0.062       0.273     0.591     -0.574     0.784      0.468     0.556      0.986     0.649    0.574     0.596   0.271     0.088      0.081     0.00791  -1	   0.0777717     0.0353012
     D1N8O-a35a      0.026     0.078       0.290     0.702     -0.520     0.783      0.428     0.514      0.774     0.638    0.564     0.594   0.636     0.095      0.186     0.00780  -1	   0.0519142     0.0021709
     D1N8O-a35b      0.037     0.067       0.294     0.617     -0.612     0.779      0.485     0.547      0.498     0.620    0.557     0.581   0.397     0.089      0.144     0.00812  -1	   0.0694412    -0.0018747
     D1N8O-a35c      0.028     0.076       0.286     0.688     -0.516     0.781      0.438     0.517      0.833     0.639    0.546     0.610   0.582     0.087      0.166     0.00771  -1	   0.0532915     0.0163803
     D1N8O-a35d      0.041     0.044       0.188     0.569     -0.573     0.808      0.498     0.592      0.428     0.572    0.533     0.557   0.590     0.148      0.053     0.00602  -1	   0.0814073     0.0321385
     D1N8O-a36a      0.042     0.058       0.249     0.666     -0.409     0.816      0.474     0.486      0.185     0.580    0.544     0.555   0.000     0.103      0.218     0.00685  -1	   0.1154764     0.0456870
     D1N8O-a36b      0.033     0.065       0.253     0.653     -0.548     0.788      0.540     0.625      0.692     0.582    0.535     0.564   0.582     0.102      0.085     0.00778  -1	   0.0555808    -0.0172155
     D1N8O-a36c      0.038     0.045       0.224     0.653     -0.824     0.800      0.505     0.538      0.870     0.699    0.564     0.653   0.000     0.120      0.159     0.00648  -1	   0.1078821    -0.0083585
     D1N8O-a36d      0.047     0.044       0.204     0.633     -0.846     0.797      0.523     0.540      0.934     0.573    0.514     0.572   0.000     0.124      0.108     0.00642  -1	   0.1680481    -0.0417377
     D1N8O-a37a      0.045     0.040       0.176     0.676      0.444     0.819      0.485     0.465      0.697     0.555    0.523     0.549   0.878     0.134      0.189     0.00526  -1	   0.2972722     0.2350384
     D1N8O-a37b      0.040     0.043       0.188     0.706     -0.051     0.820      0.501     0.533      0.260     0.545    0.518     0.544   0.836     0.129      0.365     0.00744  -1	   0.1813474     0.0293154
     D1N8O-a37c      0.047     0.056       0.245     0.671      0.061     0.827      0.477     0.300      0.297     0.561    0.521     0.556   0.805     0.096      0.152     0.00709  -1	   0.1222082     0.2288177
     D1N8O-a37d      0.049     0.075       0.298     0.584     -0.474     0.800      0.406     0.338      0.828     0.599    0.550     0.569   0.420     0.083      0.276     0.00696  -1	   0.0684650     0.1056368
     D1N8O-a38a      0.041     0.075       0.310     0.727     -0.099     0.830      0.451     0.427      0.015     0.514    0.513     0.519   0.802     0.078      0.105     0.00778  -1	   0.1677086     0.0708699
     D1N8O-a38b      0.040     0.039       0.167     0.643     -0.242     0.828      0.483     0.481      0.484     0.539    0.490     0.561   0.718     0.160      0.161     0.00643  -1	   0.0008589     0.0485871
     D1N8O-a38c      0.037     0.049       0.204     0.693      0.416     0.812      0.437     0.399      0.075     0.565    0.514     0.565   0.878     0.132      0.016     0.00537  -1	   0.2518276     0.2334879
     D1N8O-a38d      0.045     0.071       0.286     0.662     -0.029     0.835      0.493     0.471      0.051     0.552    0.557     0.517   0.747     0.082      0.113     0.00769  -1	   0.1634395     0.0684611
     D1N8O-a39a      0.036     0.045       0.196     0.673      0.469     0.825      0.447     0.389      0.156     0.595    0.496     0.606   0.891     0.130      0.060     0.00534  -1	   0.2926391     0.3026235
     D1N8O-a39b      0.044     0.049       0.224     0.554      0.145     0.821      0.535     0.604      0.521     0.595    0.570     0.547   0.753     0.103      0.134     0.00698  -1	   0.0982616     0.0353005
     D1N8O-a39c      0.036     0.047       0.208     0.663      0.502     0.814      0.453     0.390      0.115     0.592    0.512     0.592   0.896     0.128      0.030     0.00536  -1	   0.3094421     0.3125020
     D1N8O-a39d      0.040     0.048       0.200     0.703      0.028     0.835      0.516     0.635      0.304     0.540    0.508     0.547   0.805     0.124      0.073     0.00748  -1	   0.0465672    -0.0435615
      D1N8O-a3a      0.047     0.042       0.167     0.638     -0.372     0.815      0.476     0.518      0.224     0.557    0.509     0.561   0.644     0.144      0.027     0.00585  -1	   0.0384819     0.0644728
      D1N8O-a3b      0.045     0.051       0.224     0.661     -0.165     0.814      0.491     0.517      0.187     0.530    0.482     0.558   0.730     0.112      0.242     0.00708  -1	   0.1246223     0.0296198
      D1N8O-a3c      0.039     0.063       0.282     0.578     -0.496     0.791      0.502     0.581      0.997     0.668    0.602     0.592   0.420     0.083      0.131     0.00796  -1	   0.0633514     0.0399676
      D1N8O-a3d      0.036     0.054       0.253     0.649     -0.540     0.802      0.473     0.544      0.993     0.615    0.559     0.575   0.515     0.101      0.078     0.00775  -1	   0.0556111     0.0413604
     D1N8O-a40a      0.039     0.054       0.196     0.590     -0.229     0.815      0.501     0.505      0.168     0.515    0.506     0.524   0.444     0.112      0.334     0.00734  -1	   0.1600547     0.0829330
     D1N8O-a40b      0.042     0.071       0.282     0.702     -0.055     0.836      0.476     0.442      0.023     0.534    0.540     0.515   0.802     0.080      0.099     0.00778  -1	   0.1605468     0.0839769
     D1N8O-a40c      0.036     0.054       0.245     0.708     -0.272     0.830      0.576     0.631      0.231     0.502    0.469     0.543   0.636     0.104      0.066     0.00819  -1	   0.0222861    -0.0257371
     D1N8O-a40d      0.035     0.044       0.192     0.487      0.408     0.818      0.515     0.460      0.332     0.559    0.521     0.553   0.678     0.136      0.515     0.00786  -1	   0.4077767     0.2749622
     D1N8O-a41a      0.042     0.066       0.290     0.627      0.043     0.834      0.492     0.398      0.154     0.553    0.531     0.541   0.713     0.088      0.127     0.01106  -1	   0.1427050     0.1296459
     D1N8O-a41b      0.033     0.059       0.249     0.621      0.161     0.828      0.504     0.608      0.077     0.614    0.576     0.561   0.778     0.118      0.239     0.00910  -1	   0.2691536     0.0074022
     D1N8O-a41c      0.029     0.065       0.269     0.684      0.082     0.819      0.480     0.509      0.875     0.601    0.571     0.553   0.805     0.093      0.111     0.00860  -1	   0.1349424     0.0619189
     D1N8O-a41d      0.042     0.044       0.167     0.643      0.082     0.818      0.507     0.460      0.519     0.545    0.523     0.541   0.761     0.128      0.226     0.01320  -1	   0.0769863     0.0867987
     D1N8O-a42a      0.044     0.049       0.200     0.734      0.009     0.804      0.547     0.539      0.028     0.548    0.539     0.529   0.805     0.113      0.363     0.01446  -1	   0.3533753     0.1245622
     D1N8O-a42b      0.032     0.069       0.253     0.619     -0.092     0.822      0.518     0.501      0.070     0.539    0.516     0.539   0.680     0.100      0.186     0.01066  -1	   0.1543285     0.0326109
     D1N8O-a42c      0.029     0.052       0.229     0.659      0.223     0.830      0.517     0.503      0.774     0.532    0.501     0.545   0.854     0.103      0.180     0.01017  -1	   0.1692162     0.0974555
     D1N8O-a42d      0.044     0.052       0.237     0.635      0.155     0.817      0.526     0.519      0.477     0.606    0.540     0.584   0.778     0.097      0.153     0.01964  -1	   0.1323116     0.0818089
     D1N8O-a43a      0.048     0.076       0.314     0.592      0.122     0.853      0.437     0.182      0.036     0.586    0.519     0.581   0.587     0.072      0.533     0.03901  -1	   0.5601790     0.5222083
     D1N8O-a43b      0.049     0.071       0.302     0.618      0.180     0.854      0.471     0.212      0.121     0.604    0.523     0.594   0.778     0.075      0.458     0.05172  -1	   0.4974485     0.4995364
     D1N8O-a43c      0.045     0.049       0.196     0.682      0.068     0.817      0.505     0.453      0.065     0.530    0.516     0.531   0.817     0.105      0.300     0.01376  -1	   0.2708261     0.1813356
     D1N8O-a43d      0.033     0.069       0.249     0.598     -0.099     0.822      0.519     0.503      0.032     0.550    0.512     0.553   0.554     0.105      0.184     0.01068  -1	   0.1574071     0.0443129
     D1N8O-a44a      0.043     0.065       0.273     0.641     -0.013     0.815      0.568     0.604      0.326     0.642    0.553     0.606   0.680     0.092      0.153     0.02811  -1	   0.1052676     0.0056118
     D1N8O-a44b      0.039     0.072       0.298     0.563      0.255     0.791      0.484     0.392      0.166     0.622    0.505     0.625   0.699     0.088      0.248     0.02537  -1	   0.3168880     0.1986449
     D1N8O-a44c      0.048     0.048       0.233     0.513      0.472     0.827      0.544     0.543      0.625     0.575    0.521     0.569   0.756     0.106      0.185     0.02176  -1	   0.3743820     0.2578558
     D1N8O-a44d      0.034     0.065       0.282     0.709      0.235     0.815      0.522     0.552      0.185     0.571    0.514     0.570   0.909     0.093      0.128     0.02924  -1	   0.2454281     0.0726303
     D1N8O-a45a      0.039     0.070       0.302     0.568      0.268     0.835      0.449     0.379      0.234     0.589    0.561     0.549   0.699     0.081      0.180     0.05032  -1	   0.3015555     0.2313552
     D1N8O-a45b      0.040     0.059       0.261     0.651     -0.011     0.817      0.501     0.317      0.519     0.623    0.547     0.593   0.747     0.090      0.353     0.04723  -1	   0.1545991     0.1736394
     D1N8O-a45c      0.036     0.092       0.371     0.628     -0.232     0.813      0.478     0.418      0.306     0.637    0.535     0.616   0.570     0.066      0.406     0.02987  -1	   0.2271037     0.0230556
     D1N8O-a45d      0.037     0.077       0.302     0.706      0.174     0.819      0.466     0.401      0.900     0.662    0.539     0.637   0.900     0.080      0.239     0.02488  -1	   0.2883083     0.1464465
     D1N8O-a46a      0.043     0.072       0.286     0.569      0.236     0.834      0.446     0.382      0.130     0.587    0.522     0.579   0.661     0.085      0.197     0.05243  -1	   0.3002386     0.2013034
     D1N8O-a46b      0.046     0.079       0.298     0.626     -0.216     0.810      0.414     0.326      0.411     0.574    0.520     0.568   0.570     0.089      0.164     0.02226  -1	   0.0826997     0.0904647
     D1N8O-a46c      0.043     0.080       0.306     0.527      0.372     0.799      0.430     0.401      0.615     0.574    0.518     0.570   0.552     0.087      0.265     0.02373  -1	   0.4251483     0.2486338
     D1N8O-a46d      0.043     0.071       0.314     0.599      0.284     0.823      0.473     0.433      0.051     0.588    0.508     0.591   0.699     0.078      0.211     0.04361  -1	   0.3789186     0.2072636
     D1N8O-a47a      0.047     0.060       0.257     0.591     -0.052     0.811      0.514     0.542      0.468     0.577    0.526     0.567   0.554     0.096      0.324     0.06457  -1	   0.1263254     0.0213774
     D1N8O-a47b      0.051     0.048       0.208     0.590      0.057     0.848      0.505     0.312      0.227     0.580    0.495     0.593   0.744     0.124      0.465     0.10627  -1	   0.2743917     0.3240696
     D1N8O-a47c      0.039     0.070       0.298     0.594      0.231     0.829      0.462     0.430      0.229     0.594    0.526     0.582   0.661     0.085      0.189     0.04710  -1	   0.2779890     0.1623015
     D1N8O-a47d      0.042     0.067       0.273     0.663      0.017     0.816      0.442     0.428      0.523     0.644    0.525     0.630   0.780     0.100      0.345     0.04588  -1	   0.1904202     0.0788686
     D1N8O-a48a      0.045     0.043       0.196     0.561      0.067     0.839      0.527     0.383      0.280     0.584    0.510     0.586   0.744     0.117      0.399     0.07670  -1	   0.1851705     0.2244849
     D1N8O-a48b      0.049     0.047       0.204     0.570      0.074     0.851      0.512     0.315      0.217     0.600    0.513     0.599   0.744     0.119      0.434     0.10776  -1	   0.2538169     0.3313255
     D1N8O-a48c      0.039     0.072       0.322     0.594      0.177     0.824      0.411     0.361      0.215     0.605    0.550     0.573   0.652     0.081      0.187     0.05021  -1	   0.2563458     0.1900663
     D1N8O-a48d      0.047     0.061       0.261     0.701      0.138     0.814      0.468     0.464      0.547     0.563    0.521     0.557   0.834     0.110      0.352     0.04437  -1	   0.2359266     0.0811174
     D1N8O-a49a      0.042     0.076       0.306     0.571      0.133     0.821      0.428     0.318      0.162     0.542    0.510     0.547   0.587     0.080      0.134     0.01820  -1	   0.2059496     0.1900129
     D1N8O-a49b      0.035     0.052       0.200     0.645     -0.110     0.798      0.549     0.529      0.901     0.572    0.525     0.563   0.589     0.125      0.007     0.01688  -1	   0.0482573     0.0085313
     D1N8O-a49c      0.040     0.082       0.310     0.554     -0.025     0.828      0.423     0.359      0.442     0.564    0.499     0.576   0.554     0.080      0.136     0.01711  -1	   0.1198345     0.0956271
     D1N8O-a49d      0.033     0.048       0.224     0.571     -0.004     0.829      0.567     0.594      0.985     0.603    0.542     0.579   0.778     0.089      0.208     0.01565  -1	   0.0992324     0.0542387
      D1N8O-a4a      0.033     0.061       0.278     0.617     -0.646     0.784      0.541     0.611      0.948     0.643    0.547     0.613   0.397     0.096      0.107     0.00788  -1	   0.0843223     0.0054983
      D1N8O-a4b      0.035     0.064       0.282     0.607     -0.609     0.788      0.501     0.565      0.900     0.637    0.565     0.592   0.397     0.092      0.136     0.00800  -1	   0.0649882     0.0131988
      D1N8O-a4c      0.043     0.040       0.192     0.612     -0.303     0.815      0.620     0.750      0.816     0.568    0.494     0.584   0.756     0.135      0.120     0.00659  -1	   0.0114344    -0.0060363
      D1N8O-a4d      0.046     0.066       0.265     0.588     -0.049     0.818      0.509     0.526      0.322     0.578    0.543     0.555   0.554     0.086      0.300     0.00684  -1	   0.1604857     0.0261224
     D1N8O-a50a      0.040     0.050       0.208     0.717      0.069     0.821      0.510     0.597      0.426     0.581    0.541     0.559   0.841     0.122      0.098     0.01832  -1	   0.0668269    -0.0148512
     D1N8O-a50b      0.047     0.085       0.314     0.684     -0.495     0.829      0.335     0.181      1.000     0.716    0.627     0.620   0.613     0.090      0.064     0.01042  -1	   0.0864337     0.1453583
     D1N8O-a50c      0.041     0.048       0.204     0.684      0.136     0.829      0.528     0.603      0.419     0.597    0.567     0.551   0.827     0.117      0.098     0.01811  -1	   0.0942918     0.0158002
     D1N8O-a50d      0.028     0.054       0.220     0.613      0.149     0.808      0.549     0.588      0.990     0.612    0.513     0.610   0.713     0.110      0.150     0.01203  -1	   0.1782981     0.0669517
     D1N8O-a51a      0.038     0.071       0.282     0.657      0.111     0.813      0.486     0.303      0.167     0.568    0.532     0.554   0.780     0.103      0.133     0.01299  -1	   0.1874017     0.2278200
     D1N8O-a51b      0.038     0.071       0.282     0.703      0.024     0.815      0.482     0.296      0.172     0.577    0.531     0.563   0.834     0.092      0.127     0.01319  -1	   0.1532531     0.2106824
     D1N8O-a51c      0.044     0.085       0.314     0.706     -0.432     0.827      0.346     0.210      0.984     0.708    0.604     0.631   0.000     0.093      0.065     0.01050  -1	   0.0860352     0.0473493
     D1N8O-a51d      0.038     0.071       0.273     0.683      0.052     0.799      0.493     0.306      0.079     0.558    0.522     0.552   0.805     0.098      0.127     0.01317  -1	   0.1858293     0.2418096
     D1N8O-a52a      0.046     0.081       0.298     0.728     -0.512     0.831      0.359     0.193      0.278     0.714    0.627     0.620   0.636     0.099      0.124     0.01024  -1	   0.1050867     0.2196063
     D1N8O-a52b      0.038     0.071       0.273     0.655      0.105     0.813      0.515     0.372      0.255     0.570    0.547     0.543   0.780     0.100      0.124     0.01259  -1	   0.1618105     0.1512203
     D1N8O-a52c      0.039     0.068       0.278     0.681      0.087     0.822      0.469     0.281      0.515     0.579    0.531     0.565   0.805     0.096      0.136     0.01309  -1	   0.1330834     0.1750865
     D1N8O-a52d      0.035     0.072       0.290     0.678      0.096     0.812      0.459     0.288      0.484     0.570    0.547     0.543   0.805     0.090      0.130     0.01309  -1	   0.1395226     0.1648467
     D1N8O-a53a      0.038     0.073       0.269     0.585     -0.281     0.793      0.467     0.639      0.714     0.659    0.591     0.592   0.389     0.097      0.171     0.00803  -1	   0.0512097     0.0301209
     D1N8O-a53b      0.031     0.070       0.286     0.696     -0.538     0.784      0.482     0.563      0.846     0.618    0.554     0.583   0.582     0.092      0.104     0.00780  -1	   0.0394259    -0.0040443
     D1N8O-a53c      0.037     0.067       0.269     0.583     -0.650     0.785      0.508     0.583      0.626     0.598    0.553     0.564   0.271     0.095      0.100     0.00762  -1	   0.0821656    -0.0079772
     D1N8O-a53d      0.044     0.069       0.273     0.609     -0.208     0.798      0.480     0.630      0.958     0.615    0.546     0.586   0.570     0.102      0.107     0.01009  -1	   0.0899913     0.0578793
     D1N8O-a54a      0.039     0.070       0.269     0.602     -0.224     0.793      0.464     0.617      0.641     0.695    0.550     0.660   0.570     0.097      0.153     0.00784  -1	   0.0483556     0.0190088
     D1N8O-a54b      0.027     0.073       0.290     0.696     -0.497     0.787      0.416     0.495      0.905     0.649    0.547     0.618   0.613     0.093      0.132     0.00782  -1	   0.0453439     0.0335428
     D1N8O-a54c      0.038     0.052       0.233     0.675     -0.620     0.832      0.539     0.608      0.930     0.635    0.581     0.577   0.464     0.118      0.055     0.00551  -1	   0.0582511    -0.0002381
     D1N8O-a54d      0.034     0.062       0.261     0.661     -0.510     0.784      0.508     0.576      0.692     0.604    0.522     0.595   0.582     0.090      0.121     0.00787  -1	   0.0376106    -0.0053756
     D1N8O-a55a      0.041     0.056       0.241     0.570     -0.398     0.826      0.482     0.493      0.264     0.567    0.554     0.534   0.345     0.099      0.204     0.00683  -1	   0.0635825     0.0511223
     D1N8O-a55b      0.043     0.044       0.188     0.579     -0.564     0.807      0.488     0.558      0.709     0.596    0.541     0.573   0.590     0.129      0.038     0.00607  -1	   0.0717028     0.0607536
     D1N8O-a55c      0.044     0.055       0.241     0.568     -0.458     0.820      0.473     0.482      0.159     0.565    0.544     0.541   0.420     0.095      0.221     0.00682  -1	   0.1163124     0.0918966
     D1N8O-a55d      0.043     0.054       0.237     0.577     -0.359     0.823      0.484     0.490      0.142     0.549    0.533     0.534   0.345     0.095      0.208     0.00680  -1	   0.0945598     0.0742723
     D1N8O-a56a      0.030     0.076       0.286     0.709     -0.574     0.776      0.441     0.522      0.815     0.646    0.576     0.592   0.518     0.091      0.164     0.00774  -1	   0.0578164     0.0044357
     D1N8O-a56b      0.049     0.054       0.229     0.742      0.124     0.841      0.468     0.271      0.526     0.562    0.545     0.537   0.834     0.102      0.285     0.00725  -1	   0.2016774     0.2703501
     D1N8O-a56c      0.039     0.068       0.294     0.530     -0.547     0.814      0.553     0.531      0.650     0.590    0.504     0.596   0.236     0.072      0.416     0.00782  -1	   0.0655506    -0.0088414
     D1N8O-a56d      0.051     0.062       0.261     0.680     -0.343     0.813      0.457     0.325      0.126     0.532    0.514     0.535   0.582     0.077      0.205     0.00699  -1	   0.1486447     0.2109744
     D1N8O-a57a      0.035     0.068       0.269     0.681     -0.581     0.794      0.500     0.571      0.601     0.619    0.556     0.581   0.464     0.098      0.135     0.00781  -1	   0.0585948    -0.0181713
     D1N8O-a57b      0.030     0.062       0.245     0.560      0.068     0.833      0.524     0.583      0.480     0.556    0.502     0.566   0.612     0.110      0.187     0.00723  -1	   0.1029315     0.0060454
     D1N8O-a57c      0.029     0.063       0.241     0.518      0.043     0.824      0.512     0.559      0.513     0.559    0.521     0.554   0.434     0.114      0.163     0.00733  -1	   0.0838243     0.0208135
     D1N8O-a57d      0.038     0.053       0.220     0.671     -0.439     0.829      0.439     0.478      0.758     0.615    0.522     0.605   0.000     0.118      0.192     0.00621  -1	   0.0116934     0.0241048
     D1N8O-a58a      0.040     0.058       0.229     0.723     -0.530     0.826      0.416     0.446      0.554     0.589    0.535     0.571   0.636     0.102      0.149     0.00626  -1	   0.0486861     0.0564624
     D1N8O-a58b      0.030     0.062       0.241     0.556      0.067     0.826      0.521     0.566      0.729     0.562    0.522     0.556   0.612     0.111      0.215     0.00722  -1	   0.1179203     0.0360911
     D1N8O-a58c      0.042     0.055       0.233     0.690     -0.534     0.826      0.445     0.470      0.468     0.595    0.530     0.581   0.582     0.111      0.152     0.00623  -1	   0.0562788     0.0420679
     D1N8O-a58d      0.043     0.057       0.233     0.754     -0.463     0.830      0.404     0.402      0.487     0.635    0.560     0.594   0.659     0.110      0.162     0.00621  -1	   0.0482841     0.0741519
     D1N8O-a59a      0.035     0.055       0.220     0.667      0.167     0.830      0.498     0.507      0.992     0.621    0.542     0.596   0.845     0.108      0.104     0.00932  -1	   0.1965645     0.1012872
     D1N8O-a59b      0.029     0.063       0.245     0.589      0.083     0.816      0.513     0.570      0.121     0.547    0.542     0.526   0.612     0.115      0.147     0.00729  -1	   0.1445306     0.0041822
     D1N8O-a59c      0.032     0.062       0.237     0.636      0.068     0.828      0.493     0.559      0.472     0.559    0.520     0.555   0.738     0.116      0.169     0.00726  -1	   0.1032553    -0.0040024
     D1N8O-a59d      0.042     0.065       0.286     0.597      0.141     0.835      0.457     0.325      0.255     0.556    0.522     0.551   0.587     0.088      0.107     0.01141  -1	   0.1617724     0.1980891
      D1N8O-a5a      0.039     0.053       0.233     0.671     -0.142     0.816      0.520     0.604      0.742     0.557    0.516     0.556   0.656     0.108      0.206     0.00603  -1	   0.0289757    -0.0002334
      D1N8O-a5b      0.048     0.065       0.282     0.670     -0.087     0.821      0.434     0.407      0.339     0.560    0.525     0.552   0.747     0.083      0.146     0.00674  -1	   0.0825959     0.0660413
      D1N8O-a5c      0.044     0.043       0.188     0.689     -0.839     0.813      0.522     0.532      0.816     0.586    0.513     0.585   0.000     0.133      0.134     0.00645  -1	   0.1450431    -0.0386112
      D1N8O-a5d      0.046     0.066       0.290     0.647     -0.239     0.823      0.397     0.442      0.026     0.558    0.502     0.568   0.570     0.091      0.116     0.00654  -1	   0.1117981     0.0739684
     D1N8O-a60a      0.036     0.057       0.229     0.661      0.147     0.834      0.478     0.494      0.994     0.596    0.532     0.579   0.780     0.103      0.046     0.00940  -1	   0.1962714     0.1089677
     D1N8O-a60b      0.033     0.058       0.233     0.685      0.153     0.820      0.469     0.579      0.096     0.522    0.487     0.546   0.845     0.119      0.217     0.00918  -1	   0.2449857    -0.0132130
     D1N8O-a60c      0.043     0.076       0.306     0.597      0.214     0.836      0.420     0.296      0.356     0.534    0.535     0.519   0.661     0.079      0.106     0.01172  -1	   0.2379419     0.2254784
     D1N8O-a60d      0.038     0.059       0.245     0.598      0.072     0.838      0.510     0.523      0.405     0.588    0.499     0.599   0.612     0.096      0.130     0.00911  -1	   0.0942899     0.0412106
     D1N8O-a61a      0.045     0.045       0.184     0.637      0.037     0.810      0.513     0.468      0.064     0.528    0.511     0.533   0.725     0.122      0.220     0.01344  -1	   0.1738847     0.1494927
     D1N8O-a61b      0.045     0.043       0.184     0.624      0.018     0.818      0.529     0.517      0.289     0.542    0.528     0.532   0.725     0.131      0.181     0.01386  -1	   0.0735437     0.0520850
     D1N8O-a61c      0.045     0.060       0.257     0.595      0.175     0.825      0.464     0.306      0.047     0.508    0.509     0.516   0.652     0.090      0.049     0.01834  -1	   0.1592618     0.2682515
     D1N8O-a61d      0.045     0.055       0.224     0.653     -0.374     0.808      0.570     0.562      0.508     0.557    0.511     0.560   0.538     0.116      0.165     0.01295  -1	   0.0371528    -0.0162661
     D1N8O-a62a      0.046     0.060       0.253     0.733      0.400     0.835      0.456     0.286      0.025     0.493    0.492     0.516   1.000     0.098      0.058     0.02030  -1	   0.3676256     0.4289747
     D1N8O-a62b      0.048     0.060       0.245     0.707      0.407     0.840      0.477     0.306      0.026     0.508    0.512     0.514   1.000     0.099      0.203     0.01997  -1	   0.4855979     0.4960199
     D1N8O-a62c      0.034     0.057       0.237     0.582      0.340     0.809      0.479     0.451      0.271     0.539    0.531     0.527   0.727     0.101      0.204     0.01317  -1	   0.2807376     0.1881633
     D1N8O-a62d      0.047     0.059       0.245     0.693      0.384     0.831      0.480     0.307      0.243     0.527    0.522     0.524   0.898     0.096      0.075     0.02004  -1	   0.3082658     0.3646883
     D1N8O-a63a      0.040     0.047       0.192     0.582      0.029     0.828      0.544     0.571      0.210     0.529    0.480     0.559   0.708     0.135      0.475     0.01652  -1	   0.2460967     0.0136674
     D1N8O-a63b      0.043     0.060       0.237     0.638      0.116     0.812      0.456     0.309      0.273     0.582    0.505     0.588   0.713     0.106      0.183     0.02008  -1	   0.1622164     0.2204814
     D1N8O-a63c      0.037     0.076       0.306     0.598      0.252     0.802      0.414     0.307      0.057     0.618    0.491     0.632   0.699     0.096      0.250     0.02502  -1	   0.3699651     0.2657566
     D1N8O-a63d      0.045     0.058       0.233     0.728      0.402     0.837      0.490     0.331      0.669     0.543    0.534     0.528   1.000     0.098      0.092     0.01991  -1	   0.3173652     0.2950406
     D1N8O-a64a      0.042     0.064       0.261     0.632     -0.005     0.833      0.468     0.311      0.137     0.550    0.520     0.546   0.680     0.085      0.325     0.04478  -1	   0.2490735     0.2646038
     D1N8O-a64b      0.040     0.067       0.278     0.600      0.012     0.821      0.465     0.309      0.607     0.585    0.546     0.559   0.713     0.078      0.306     0.04202  -1	   0.1463245     0.1679699
     D1N8O-a64c      0.037     0.098       0.371     0.552     -0.221     0.815      0.427     0.325      0.382     0.615    0.536     0.593   0.444     0.068      0.265     0.03046  -1	   0.1443390     0.0759675
     D1N8O-a64d      0.041     0.059       0.257     0.672     -0.075     0.806      0.500     0.315      0.274     0.636    0.526     0.622   0.747     0.087      0.353     0.04681  -1	   0.1939057     0.2073439
     D1N8O-a65a      0.037     0.101       0.363     0.538     -0.234     0.813      0.423     0.369      0.019     0.634    0.542     0.608   0.000     0.067      0.214     0.02592  -1	   0.1960486     0.0676428
     D1N8O-a65b      0.036     0.054       0.249     0.736      0.209     0.858      0.421     0.189      0.063     0.625    0.621     0.535   0.909     0.118      0.549     0.68460   1	   0.6737290     0.7182500
     D1N8O-a65c      0.041     0.067       0.278     0.654     -0.150     0.835      0.457     0.440      0.229     0.614    0.520     0.606   0.656     0.078      0.199     0.10891  -1	   0.1044945     0.0509624
     D1N8O-a65d      0.038     0.086       0.339     0.602     -0.204     0.801      0.451     0.443      0.211     0.647    0.510     0.644   0.570     0.075      0.117     0.02758  -1	   0.0804885     0.0114500
     D1N8O-a66a      0.035     0.054       0.249     0.745      0.155     0.858      0.430     0.195      0.099     0.608    0.620     0.519   0.900     0.119      0.517     0.67578   1	   0.5807851     0.6443490
     D1N8O-a66b      0.038     0.054       0.241     0.745      0.081     0.866      0.433     0.199      0.034     0.597    0.605     0.520   0.859     0.123      0.502     0.69829   1	   0.5562744     0.6415185
     D1N8O-a66c      0.038     0.067       0.261     0.568      0.126     0.811      0.493     0.432      0.141     0.506    0.500     0.521   0.587     0.083      0.422     0.03700  -1	   0.3476587     0.1626275
     D1N8O-a66d      0.035     0.054       0.249     0.742      0.142     0.862      0.434     0.198      0.048     0.603    0.616     0.516   0.834     0.117      0.468     0.68003   1	   0.5562703     0.6537466
     D1N8O-a67a      0.035     0.055       0.253     0.748      0.171     0.859      0.430     0.194      0.018     0.640    0.607     0.561   0.900     0.114      0.527     0.68819   1	   0.6545823     0.6977659
     D1N8O-a67b      0.036     0.054       0.241     0.748      0.190     0.861      0.411     0.180      0.002     0.583    0.558     0.545   0.900     0.118      0.514     0.69121   1	   0.6330711     0.7225415
     D1N8O-a67c      0.042     0.056       0.229     0.680      0.049     0.819      0.481     0.366      0.587     0.566    0.537     0.547   0.780     0.115      0.163     0.08558  -1	   0.0885743     0.1136469
     D1N8O-a67d      0.047     0.063       0.257     0.701      0.112     0.819      0.451     0.448      0.494     0.556    0.518     0.553   0.834     0.113      0.356     0.04651  -1	   0.2365591     0.0766754
     D1N8O-a68a      0.045     0.066       0.273     0.639      0.096     0.820      0.464     0.467      0.937     0.587    0.545     0.560   0.738     0.100      0.356     0.04558  -1	   0.2131689     0.1110205
     D1N8O-a68b      0.034     0.052       0.208     0.643      0.137     0.821      0.494     0.571      0.809     0.643    0.544     0.615   0.713     0.125      0.058     0.01750  -1	   0.1229526     0.0630727
     D1N8O-a68c      0.040     0.057       0.237     0.604      0.391     0.800      0.504     0.563      0.480     0.629    0.552     0.595   0.831     0.100      0.056     0.02714  -1	   0.2530996     0.1351849
     D1N8O-a68d      0.043     0.081       0.310     0.581      0.349     0.799      0.429     0.424      0.082     0.573    0.529     0.561   0.727     0.083      0.326     0.02743  -1	   0.5279362     0.2177640
     D1N8O-a69a      0.045     0.048       0.208     0.519      0.004     0.840      0.549     0.593      0.313     0.640    0.558     0.600   0.646     0.125      0.108     0.02088  -1	   0.0213901    -0.0110519
     D1N8O-a69b      0.038     0.079       0.306     0.596      0.032     0.825      0.437     0.381      0.061     0.536    0.505     0.545   0.587     0.078      0.103     0.01674  -1	   0.1667655     0.1106934
     D1N8O-a69c      0.042     0.054       0.212     0.595      0.363     0.816      0.434     0.450      0.054     0.620    0.512     0.617   0.705     0.142      0.060     0.01579  -1	   0.2287026     0.1436966
     D1N8O-a69d      0.043     0.052       0.208     0.593      0.292     0.814      0.462     0.473      0.403     0.621    0.514     0.617   0.699     0.150      0.058     0.01466  -1	   0.1567311     0.1084484
      D1N8O-a6a      0.038     0.045       0.192     0.662      0.454     0.814      0.460     0.397      0.372     0.666    0.530     0.647   0.891     0.124      0.034     0.00543  -1	   0.2534135     0.2829185
      D1N8O-a6b      0.031     0.076       0.294     0.701     -0.603     0.798      0.503     0.602      0.934     0.635    0.568     0.588   0.518     0.094      0.168     0.00783  -1	   0.0615019    -0.0026514
      D1N8O-a6c      0.047     0.043       0.184     0.600     -0.289     0.816      0.487     0.529      0.778     0.606    0.518     0.600   0.671     0.154      0.233     0.00599  -1	   0.0245109     0.0560056
      D1N8O-a6d      0.036     0.047       0.192     0.692      0.386     0.817      0.436     0.369      0.140     0.602    0.485     0.622   0.903     0.139      0.038     0.00536  -1	   0.2151428     0.2440184
     D1N8O-a70a      0.036     0.049       0.216     0.710      0.090     0.831      0.522     0.606      0.456     0.600    0.553     0.566   0.841     0.126      0.090     0.01852  -1	   0.0669515    -0.0034442
     D1N8O-a70b      0.041     0.043       0.171     0.643      0.377     0.814      0.596     0.682      0.559     0.588    0.529     0.574   0.848     0.127      0.018     0.01817  -1	   0.1759153     0.0686066
     D1N8O-a70c      0.036     0.045       0.180     0.632      0.357     0.823      0.584     0.673      0.440     0.590    0.530     0.576   0.848     0.121      0.001     0.01821  -1	   0.1468447     0.0444267
     D1N8O-a70d      0.040     0.041       0.176     0.613      0.272     0.819      0.592     0.668      0.525     0.571    0.505     0.577   0.816     0.129      0.049     0.01775  -1	   0.1035029     0.0228113
     D1N8O-a71a      0.040     0.058       0.245     0.599     -0.100     0.827      0.546     0.385      0.526     0.574    0.510     0.576   0.554     0.094      0.267     0.01424  -1	   0.0714463     0.0849842
     D1N8O-a71b      0.038     0.052       0.216     0.727      0.121     0.816      0.525     0.634      0.601     0.594    0.551     0.562   0.834     0.115      0.110     0.01825  -1	   0.0967555     0.0100630
     D1N8O-a71c      0.036     0.074       0.290     0.689     -0.018     0.816      0.451     0.258      0.162     0.598    0.539     0.577   0.747     0.089      0.180     0.01447  -1	   0.1762525     0.2376217
     D1N8O-a71d      0.036     0.071       0.282     0.669      0.057     0.820      0.464     0.272      0.188     0.583    0.545     0.557   0.805     0.095      0.130     0.01331  -1	   0.1562654     0.2355055
     D1N8O-a72a      0.026     0.075       0.282     0.668     -0.526     0.786      0.470     0.547      0.878     0.629    0.543     0.603   0.582     0.089      0.187     0.00770  -1	   0.0588401     0.0110908
     D1N8O-a72b      0.041     0.076       0.306     0.614     -0.398     0.833      0.380     0.216      0.546     0.660    0.594     0.591   0.471     0.087      0.042     0.00993  -1	   0.0035142     0.1317745
     D1N8O-a72c      0.042     0.072       0.286     0.579     -0.176     0.809      0.513     0.583      0.064     0.636    0.517     0.629   0.538     0.093      0.052     0.01011  -1	   0.0499071    -0.0329568
     D1N8O-a72d      0.043     0.065       0.269     0.672     -0.307     0.798      0.428     0.419      0.354     0.602    0.577     0.549   0.582     0.093      0.196     0.00738  -1	   0.0759316     0.0630637
     D1N8O-a73a      0.040     0.071       0.282     0.592     -0.182     0.804      0.427     0.494      0.997     0.654    0.592     0.586   0.538     0.095      0.110     0.01009  -1	   0.1070980     0.0847015
     D1N8O-a73b      0.036     0.059       0.257     0.642     -0.328     0.818      0.556     0.686      0.990     0.608    0.577     0.554   0.515     0.097      0.168     0.01018  -1	   0.0372187     0.0276970
     D1N8O-a73c      0.041     0.070       0.282     0.619     -0.333     0.810      0.481     0.555      0.996     0.650    0.607     0.571   0.515     0.092      0.104     0.01007  -1	   0.0705516     0.0364281
     D1N8O-a73d      0.040     0.060       0.233     0.557     -0.466     0.816      0.535     0.431      0.554     0.579    0.544     0.553   0.420     0.089      0.098     0.01237  -1	   0.0260306     0.0392814
     D1N8O-a74a      0.043     0.065       0.265     0.659     -0.264     0.796      0.503     0.584      0.354     0.616    0.540     0.592   0.582     0.092      0.055     0.01008  -1	   0.0163578    -0.0212608
     D1N8O-a74b      0.038     0.067       0.257     0.612     -0.289     0.804      0.455     0.550      0.749     0.584    0.538     0.564   0.515     0.104      0.171     0.00787  -1	   0.0382723     0.0252032
     D1N8O-a74c      0.039     0.070       0.257     0.648     -0.344     0.809      0.488     0.638      0.624     0.575    0.547     0.547   0.515     0.103      0.175     0.00796  -1	   0.0412305    -0.0157722
     D1N8O-a74d      0.030     0.075       0.286     0.677     -0.547     0.784      0.489     0.578      0.965     0.625    0.567     0.578   0.582     0.091      0.165     0.00779  -1	   0.0652141     0.0103400
     D1N8O-a75a      0.023     0.074       0.306     0.595     -0.526     0.804      0.528     0.588      0.310     0.597    0.547     0.569   0.389     0.088      0.213     0.00927  -1	   0.0844530    -0.0331494
     D1N8O-a75b      0.043     0.075       0.318     0.479     -0.556     0.809      0.535     0.486      0.825     0.595    0.554     0.561   0.000     0.082      0.368     0.00802  -1	   0.0558274     0.0041626
     D1N8O-a75c      0.031     0.061       0.245     0.674      0.105     0.825      0.498     0.565      0.962     0.564    0.553     0.532   0.780     0.114      0.175     0.00740  -1	   0.1535302     0.0562044
     D1N8O-a75d      0.036     0.066       0.269     0.671     -0.545     0.789      0.484     0.554      0.898     0.586    0.554     0.553   0.582     0.095      0.111     0.00773  -1	   0.0536310     0.0106808
     D1N8O-a76a      0.022     0.079       0.322     0.606     -0.461     0.819      0.512     0.591      0.508     0.624    0.548     0.593   0.546     0.086      0.192     0.00929  -1	   0.0346092    -0.0414220
     D1N8O-a76b      0.041     0.070       0.290     0.649      0.329     0.837      0.423     0.342      0.073     0.539    0.526     0.532   0.853     0.082      0.164     0.00913  -1	   0.3871472     0.2962823
     D1N8O-a76c      0.029     0.067       0.294     0.639     -0.268     0.808      0.497     0.504      0.178     0.617    0.537     0.596   0.515     0.088      0.263     0.01140  -1	   0.1251326     0.0119388
     D1N8O-a76d      0.025     0.075       0.327     0.625     -0.443     0.812      0.531     0.588      0.647     0.665    0.554     0.628   0.000     0.083      0.222     0.00928  -1	   0.0149349    -0.0262049
     D1N8O-a77a      0.031     0.061       0.241     0.589      0.048     0.817      0.507     0.572      0.618     0.551    0.519     0.548   0.587     0.112      0.169     0.00726  -1	   0.0892227     0.0210337
     D1N8O-a77b      0.031     0.063       0.241     0.638      0.069     0.826      0.460     0.491      0.210     0.552    0.539     0.533   0.738     0.114      0.183     0.00714  -1	   0.1532048     0.0372798
     D1N8O-a77c      0.030     0.062       0.241     0.602      0.080     0.823      0.482     0.536      0.166     0.579    0.523     0.571   0.738     0.113      0.154     0.00723  -1	   0.1298810    -0.0004397
     D1N8O-a77d      0.034     0.058       0.241     0.594      0.121     0.806      0.528     0.625      0.462     0.563    0.506     0.569   0.587     0.080      0.063     0.01087  -1	   0.0809992     0.0245942
     D1N8O-a78a      0.029     0.063       0.241     0.596      0.077     0.819      0.493     0.544      0.290     0.586    0.543     0.561   0.612     0.111      0.187     0.00717  -1	   0.1307548     0.0182213
     D1N8O-a78b      0.030     0.063       0.241     0.556      0.073     0.824      0.515     0.566      0.524     0.573    0.506     0.579   0.612     0.112      0.168     0.00725  -1	   0.0989295     0.0135692
     D1N8O-a78c      0.030     0.062       0.241     0.567      0.072     0.819      0.522     0.574      0.555     0.568    0.532     0.553   0.612     0.108      0.204     0.00732  -1	   0.1072867     0.0167025
     D1N8O-a78d      0.028     0.062       0.245     0.549      0.082     0.830      0.523     0.586      0.323     0.549    0.525     0.541   0.459     0.111      0.187     0.00723  -1	   0.1197549     0.0120993
     D1N8O-a79a      0.044     0.050       0.208     0.658     -0.684     0.821      0.600     0.603      0.899     0.556    0.549     0.528   0.639     0.122      0.157     0.00997  -1	   0.1063333     0.0115275
     D1N8O-a79b      0.031     0.052       0.229     0.657      0.118     0.816      0.514     0.616      0.116     0.583    0.503     0.591   0.780     0.112      0.147     0.00945  -1	   0.1411156    -0.0194623
     D1N8O-a79c      0.044     0.068       0.278     0.648      0.188     0.843      0.441     0.317      0.275     0.553    0.514     0.553   0.778     0.081      0.101     0.01132  -1	   0.2001606     0.2178330
     D1N8O-a79d      0.035     0.053       0.224     0.559      0.172     0.809      0.533     0.613      0.642     0.597    0.531     0.581   0.652     0.116      0.206     0.00904  -1	   0.1394405     0.0506219
      D1N8O-a7a      0.037     0.044       0.184     0.697      0.377     0.813      0.467     0.390      0.137     0.627    0.519     0.619   0.903     0.124      0.062     0.00544  -1	   0.2219118     0.2745804
      D1N8O-a7b      0.038     0.040       0.176     0.623      0.526     0.810      0.482     0.401      0.428     0.623    0.523     0.612   0.841     0.126      0.104     0.00520  -1	   0.3176211     0.3531719
      D1N8O-a7c      0.034     0.046       0.200     0.667      0.441     0.810      0.427     0.366      0.112     0.591    0.495     0.604   0.878     0.132      0.007     0.00535  -1	   0.2287609     0.2612618
      D1N8O-a7d      0.039     0.041       0.180     0.685      0.522     0.824      0.428     0.363      0.429     0.598    0.520     0.590   0.896     0.135      0.084     0.00533  -1	   0.3334985     0.3664526
     D1N8O-a80a      0.027     0.054       0.233     0.749     -0.064     0.781      0.565     0.701      0.641     0.704    0.567     0.656   0.802     0.116      0.180     0.02098  -1	   0.0500722    -0.0136534
     D1N8O-a80b      0.047     0.063       0.261     0.637      0.230     0.827      0.422     0.255      0.075     0.523    0.507     0.532   0.787     0.095      0.212     0.01867  -1	   0.3177436     0.3900532
     D1N8O-a80c      0.043     0.060       0.249     0.737      0.344     0.839      0.488     0.327      0.035     0.483    0.499     0.502   0.974     0.097      0.058     0.02018  -1	   0.3182742     0.3661063
     D1N8O-a80d      0.044     0.059       0.249     0.716      0.441     0.831      0.488     0.283      0.043     0.595    0.536     0.576   1.000     0.100      0.085     0.01933  -1	   0.4089847     0.5335445
     D1N8O-a81a      0.045     0.058       0.245     0.711      0.386     0.839      0.480     0.314      0.123     0.529    0.525     0.523   0.952     0.104      0.075     0.02050  -1	   0.3326162     0.3942007
     D1N8O-a81b      0.047     0.058       0.237     0.630      0.054     0.815      0.510     0.460      0.537     0.546    0.512     0.549   0.738     0.089      0.212     0.02031  -1	   0.1136641     0.0709183
     D1N8O-a81c      0.045     0.060       0.233     0.687      0.422     0.833      0.456     0.267      0.034     0.568    0.518     0.565   0.945     0.095      0.140     0.01932  -1	   0.4215967     0.5182870
     D1N8O-a81d      0.046     0.058       0.237     0.696      0.394     0.834      0.457     0.284      0.125     0.518    0.507     0.528   0.898     0.100      0.092     0.02045  -1	   0.3408439     0.4177021
     D1N8O-a82a      0.033     0.073       0.306     0.684      0.330     0.802      0.458     0.428      0.007     0.636    0.561     0.593   0.920     0.092      0.214     0.02625  -1	   0.4599090     0.2419916
     D1N8O-a82b      0.040     0.062       0.278     0.659      0.499     0.810      0.448     0.412      0.140     0.654    0.549     0.621   0.915     0.101      0.265     0.02721  -1	   0.5821234     0.4022585
     D1N8O-a82c      0.049     0.055       0.233     0.543      0.378     0.829      0.490     0.469      0.179     0.586    0.527     0.574   0.552     0.102      0.242     0.03141  -1	   0.3627668     0.2330756
     D1N8O-a82d      0.031     0.063       0.282     0.596      0.282     0.818      0.494     0.457      0.104     0.691    0.588     0.626   0.699     0.092      0.251     0.02711  -1	   0.3578465     0.2229440
     D1N8O-a83a      0.034     0.063       0.298     0.635      0.380     0.815      0.468     0.436      0.062     0.651    0.559     0.610   0.831     0.096      0.157     0.03078  -1	   0.3923101     0.2730177
     D1N8O-a83b      0.032     0.062       0.282     0.596      0.426     0.810      0.522     0.504      0.556     0.659    0.505     0.658   0.752     0.083      0.313     0.02832  -1	   0.4531136     0.2916435
     D1N8O-a83c      0.035     0.064       0.273     0.643      0.424     0.802      0.446     0.436      0.193     0.676    0.580     0.618   0.879     0.095      0.261     0.02757  -1	   0.4831479     0.3023219
     D1N8O-a83d      0.031     0.099       0.363     0.631     -0.079     0.796      0.340     0.294      0.015     0.623    0.532     0.605   0.680     0.066      0.338     0.02954  -1	   0.3593013     0.1752819
     D1N8O-a84a      0.045     0.064       0.282     0.728      0.129     0.831      0.443     0.441      0.623     0.566    0.522     0.560   0.834     0.089      0.212     0.10312  -1	   0.1895258     0.1008380
     D1N8O-a84b      0.039     0.055       0.245     0.712      0.064     0.853      0.431     0.204      0.014     0.577    0.551     0.546   0.859     0.112      0.285     0.67741   1	   0.3170813     0.5186815
     D1N8O-a84c      0.037     0.065       0.273     0.706      0.064     0.847      0.456     0.449      0.091     0.589    0.515     0.586   0.859     0.086      0.148     0.11731  -1	   0.1892098     0.0808300
     D1N8O-a84d      0.035     0.053       0.249     0.737      0.139     0.856      0.434     0.198      0.059     0.593    0.608     0.514   0.834     0.117      0.504     0.67439   1	   0.5689665     0.6496905
     D1N8O-a85a      0.036     0.055       0.249     0.750      0.172     0.842      0.430     0.193      0.049     0.570    0.578     0.517   0.892     0.112      0.540     0.70163   1	   0.6257497     0.6718256
     D1N8O-a85b      0.037     0.054       0.245     0.741      0.217     0.861      0.425     0.192      0.063     0.604    0.612     0.519   0.909     0.119      0.484     0.68435   1	   0.6153038     0.7044435
     D1N8O-a85c      0.034     0.055       0.253     0.748      0.142     0.861      0.442     0.200      0.064     0.614    0.607     0.535   0.834     0.113      0.500     0.68555   1	   0.5773174     0.6398296
     D1N8O-a85d      0.037     0.054       0.241     0.730      0.222     0.847      0.424     0.195      0.005     0.582    0.565     0.539   0.909     0.118      0.527     0.68162   1	   0.6565560     0.7163884
     D1N8O-a86a      0.046     0.072       0.273     0.579      0.329     0.831      0.415     0.186      0.279     0.699    0.611     0.617   0.727     0.085      0.195     0.16477  -1	   0.3717824     0.4868686
     D1N8O-a86b      0.037     0.056       0.253     0.744      0.124     0.857      0.442     0.201      0.021     0.642    0.613     0.557   0.834     0.119      0.517     0.68613   1	   0.6172369     0.6545884
     D1N8O-a86c      0.035     0.055       0.253     0.746      0.183     0.849      0.422     0.188      0.022     0.580    0.581     0.524   0.900     0.109      0.532     0.69945   1	   0.6453872     0.7025451
     D1N8O-a86d      0.043     0.044       0.192     0.562      0.149     0.828      0.544     0.521      0.888     0.585    0.522     0.577   0.753     0.156      0.160     0.05345  -1	   0.1295840     0.0728426
     D1N8O-a87a      0.044     0.044       0.188     0.596      0.081     0.829      0.535     0.504      0.744     0.562    0.509     0.566   0.744     0.156      0.157     0.05122  -1	   0.0711346     0.0487269
     D1N8O-a87b      0.043     0.046       0.188     0.567      0.128     0.830      0.527     0.504      0.198     0.556    0.520     0.552   0.753     0.159      0.132     0.05184  -1	   0.0899643     0.0569256
     D1N8O-a87c      0.043     0.043       0.192     0.532      0.140     0.841      0.552     0.542      0.600     0.597    0.524     0.587   0.692     0.148      0.135     0.05383  -1	   0.0786985     0.0541499
     D1N8O-a87d      0.045     0.045       0.188     0.550      0.110     0.832      0.501     0.464      0.260     0.556    0.490     0.576   0.753     0.152      0.146     0.05151  -1	   0.0738927     0.0808630
     D1N8O-a88a      0.036     0.041       0.176     0.611      0.243     0.822      0.592     0.670      0.360     0.572    0.517     0.569   0.784     0.122      0.049     0.01775  -1	   0.0754764     0.0041949
     D1N8O-a88b      0.041     0.047       0.208     0.705      0.137     0.809      0.521     0.608      0.399     0.599    0.523     0.590   0.851     0.124      0.090     0.01834  -1	   0.0850082     0.0034836
     D1N8O-a88c      0.039     0.050       0.208     0.702      0.036     0.817      0.524     0.602      0.378     0.610    0.545     0.582   0.805     0.116      0.098     0.01800  -1	   0.0576599    -0.0124956
     D1N8O-a88d      0.042     0.042       0.171     0.598      0.316     0.816      0.610     0.692      0.500     0.573    0.500     0.584   0.798     0.124      0.038     0.01821  -1	   0.1248944     0.0277112
     D1N8O-a89a      0.042     0.061       0.257     0.490     -0.439     0.811      0.535     0.420      0.527     0.621    0.560     0.581   0.000     0.087      0.077     0.01241  -1	  -0.0003683     0.0075215
     D1N8O-a89b      0.037     0.046       0.196     0.508      0.168     0.757      0.511     0.545      0.721     0.988    0.687     0.972   0.659     0.123      0.130     0.02535  -1	   0.0730521     0.0782968
     D1N8O-a89c      0.038     0.070       0.278     0.684      0.116     0.819      0.446     0.271      0.708     0.592    0.551     0.560   0.780     0.095      0.135     0.01343  -1	   0.1628212     0.1729144
     D1N8O-a89d      0.040     0.061       0.241     0.545     -0.371     0.816      0.513     0.404      0.567     0.578    0.547     0.551   0.192     0.088      0.131     0.01239  -1	   0.0109076     0.0332058
      D1N8O-a8a      0.038     0.051       0.188     0.741     -0.321     0.832      0.572     0.586      0.385     0.538    0.510     0.544   0.636     0.138      0.372     0.00660  -1	   0.1360243    -0.0215923
      D1N8O-a8b      0.038     0.052       0.196     0.747     -0.287     0.818      0.555     0.554      0.384     0.541    0.510     0.546   0.636     0.135      0.357     0.00670  -1	   0.1339757    -0.0045433
      D1N8O-a8c      0.036     0.050       0.200     0.730     -0.127     0.819      0.543     0.527      0.335     0.571    0.520     0.566   0.812     0.123      0.305     0.00665  -1	   0.1260618     0.0100303
      D1N8O-a8d      0.040     0.049       0.200     0.640      0.129     0.817      0.528     0.476      0.472     0.610    0.537     0.589   0.771     0.133      0.245     0.00732  -1	   0.1359173     0.0897739
     D1N8O-a90a      0.038     0.075       0.314     0.610      0.011     0.812      0.443     0.505      0.414     0.595    0.510     0.596   0.713     0.084      0.208     0.01711  -1	   0.1446758     0.0252540
     D1N8O-a90b      0.027     0.077       0.290     0.699     -0.546     0.777      0.438     0.532      0.979     0.672    0.617     0.584   0.582     0.092      0.184     0.00775  -1	   0.0591342     0.0217581
     D1N8O-a90c      0.041     0.061       0.245     0.516     -0.364     0.815      0.548     0.443      0.606     0.594    0.545     0.567   0.192     0.087      0.102     0.01230  -1	   0.0092718     0.0077307
     D1N8O-a90d      0.038     0.075       0.290     0.667      0.009     0.817      0.463     0.264      0.061     0.583    0.523     0.574   0.780     0.092      0.179     0.01403  -1	   0.2148937     0.2746675
     D1N8O-a91a      0.039     0.081       0.331     0.675      0.025     0.811      0.388     0.417      0.684     0.591    0.542     0.567   0.780     0.084      0.104     0.01700  -1	   0.1320635     0.0658916
     D1N8O-a91b      0.031     0.072       0.294     0.714     -0.238     0.807      0.408     0.478      0.077     0.590    0.586     0.530   0.691     0.091      0.018     0.01237  -1	   0.0541725     0.0082633
     D1N8O-a91c      0.038     0.077       0.310     0.646      0.074     0.807      0.403     0.398      0.584     0.596    0.554     0.562   0.738     0.091      0.181     0.01621  -1	   0.1649649     0.0902613
     D1N8O-a91d      0.024     0.050       0.208     0.656      0.190     0.811      0.572     0.572      0.998     0.593    0.546     0.566   0.794     0.120      0.138     0.01696  -1	   0.1673321     0.0633276
     D1N8O-a92a      0.024     0.076       0.310     0.581     -0.516     0.805      0.519     0.593      0.818     0.635    0.537     0.613   0.389     0.092      0.218     0.00926  -1	   0.0480658    -0.0001754
     D1N8O-a92b      0.022     0.078       0.302     0.624     -0.478     0.809      0.488     0.559      0.757     0.618    0.529     0.603   0.546     0.092      0.191     0.00952  -1	   0.0420948    -0.0096134
     D1N8O-a92c      0.026     0.064       0.278     0.626     -0.034     0.807      0.487     0.512      0.321     0.552    0.499     0.565   0.680     0.078      0.115     0.01015  -1	   0.0515477     0.0057900
     D1N8O-a92d      0.037     0.052       0.249     0.691      0.344     0.816      0.465     0.529      0.102     0.526    0.520     0.524   0.920     0.088      0.147     0.01078  -1	   0.3163860     0.1222117
     D1N8O-a93b      0.021     0.078       0.327     0.627     -0.364     0.802      0.434     0.499      0.498     0.658    0.539     0.633   0.471     0.088      0.122     0.00934  -1	   0.0093849    -0.0044672
     D1N8O-a93c      0.024     0.075       0.310     0.610     -0.449     0.792      0.489     0.529      0.319     0.652    0.589     0.588   0.000     0.086      0.172     0.00914  -1	   0.0485592    -0.0122428
     D1N8O-a93d      0.027     0.072       0.306     0.596     -0.525     0.814      0.491     0.545      0.516     0.564    0.513     0.565   0.389     0.088      0.232     0.00926  -1	   0.0494615    -0.0225773
     D1N8O-a94a      0.030     0.067       0.294     0.622     -0.028     0.819      0.465     0.535      0.513     0.583    0.493     0.598   0.680     0.084      0.123     0.01012  -1	   0.0654646     0.0195493
     D1N8O-a94b      0.028     0.067       0.278     0.557     -0.115     0.800      0.507     0.613      0.409     0.584    0.485     0.606   0.463     0.079      0.129     0.00988  -1	   0.0321272    -0.0138294
     D1N8O-a94c      0.039     0.049       0.249     0.621      0.226     0.785      0.530     0.459      0.530     0.747    0.506     0.741   0.784     0.084      0.085     0.01111  -1	   0.1427463     0.1638568
     D1N8O-a94d      0.034     0.074       0.298     0.670     -0.175     0.803      0.421     0.510      0.366     0.645    0.574     0.592   0.730     0.087      0.027     0.01268  -1	   0.0085879    -0.0264392
     D1N8O-a95a      0.031     0.074       0.294     0.694     -0.228     0.806      0.452     0.519      0.238     0.611    0.580     0.554   0.637     0.088      0.009     0.01225  -1	   0.0130305    -0.0231367
     D1N8O-a95b      0.020     0.071       0.298     0.651     -0.343     0.809      0.454     0.568      0.974     0.587    0.570     0.539   0.582     0.078      0.168     0.01012  -1	   0.0271678     0.0345239
     D1N8O-a95c      0.031     0.059       0.253     0.591     -0.274     0.801      0.517     0.604      0.310     0.554    0.512     0.556   0.389     0.084      0.022     0.01066  -1	  -0.0192801    -0.0204138
     D1N8O-a95d      0.036     0.057       0.237     0.654      0.119     0.822      0.494     0.517      0.599     0.641    0.547     0.611   0.780     0.100      0.101     0.00951  -1	   0.1081997     0.0606259
     D1N8O-a96a      0.038     0.067       0.286     0.682      0.032     0.803      0.501     0.610      0.757     0.663    0.549     0.630   0.780     0.088      0.110     0.01212  -1	   0.1172364     0.0452946
     D1N8O-a96b      0.040     0.069       0.298     0.593     -0.030     0.819      0.518     0.524      0.773     0.612    0.529     0.596   0.554     0.082      0.166     0.01584  -1	   0.1200793     0.0568066
     D1N8O-a96c      0.043     0.067       0.294     0.632      0.054     0.818      0.506     0.478      0.648     0.605    0.540     0.582   0.738     0.081      0.156     0.01593  -1	   0.1325479     0.0716506
     D1N8O-a96d      0.040     0.073       0.314     0.614     -0.075     0.810      0.474     0.532      0.840     0.637    0.555     0.599   0.680     0.099      0.172     0.02682  -1	   0.1134821     0.0513266
     D1N8O-a97a      0.036     0.047       0.208     0.609     -0.123     0.798      0.585     0.534      0.631     0.710    0.540     0.682   0.732     0.141      0.155     0.02229  -1	   0.0171184     0.0074898
     D1N8O-a97b      0.043     0.061       0.253     0.608      0.185     0.815      0.488     0.403      0.836     0.593    0.591     0.528   0.778     0.092      0.221     0.03934  -1	   0.2149221     0.1649421
     D1N8O-a97c      0.042     0.053       0.224     0.594      0.256     0.818      0.556     0.512      0.575     0.577    0.537     0.557   0.699     0.112      0.134     0.02500  -1	   0.1816475     0.1211464
     D1N8O-a97d      0.043     0.070       0.290     0.698      0.018     0.811      0.466     0.431      0.161     0.576    0.544     0.550   0.780     0.086      0.147     0.01628  -1	   0.1737415     0.0855319
     D1N8O-a98a      0.041     0.061       0.269     0.591      0.469     0.812      0.495     0.458      0.387     0.608    0.542     0.583   0.722     0.089      0.254     0.02861  -1	   0.4698616     0.3265375
     D1N8O-a98b      0.043     0.061       0.241     0.587      0.139     0.836      0.507     0.304      0.326     0.559    0.521     0.553   0.587     0.099      0.220     0.10291  -1	   0.1860153     0.2480509
     D1N8O-a98c      0.049     0.057       0.237     0.630      0.237     0.832      0.540     0.424      0.902     0.600    0.555     0.564   0.787     0.086      0.084     0.05501  -1	   0.2522804     0.1776414
     D1N8O-a98d      0.033     0.044       0.184     0.681     -0.056     0.800      0.503     0.480      0.849     0.559    0.537     0.541   0.812     0.128      0.388     0.02386  -1	   0.0413148     0.0412704
     D1N8O-a99a      0.044     0.056       0.241     0.627     -0.025     0.818      0.575     0.433      0.404     0.562    0.503     0.571   0.680     0.091      0.077     0.05740  -1	   0.0372629     0.0820218
     D1N8O-a99b      0.041     0.063       0.282     0.589      0.510     0.797      0.467     0.420      0.370     0.651    0.579     0.594   0.715     0.093      0.258     0.02805  -1	   0.5364057     0.4024720
     D1N8O-a99c      0.026     0.047       0.188     0.690      0.420     0.807      0.546     0.639      0.318     0.545    0.486     0.568   0.878     0.136      0.373     0.03914  -1	   0.4005100     0.0935602
     D1N8O-a99d      0.041     0.068       0.294     0.633      0.079     0.828      0.448     0.480      0.118     0.577    0.527     0.566   0.738     0.078      0.264     0.09728  -1	   0.2640995     0.0734075
      D1N8O-a9a      0.037     0.047       0.204     0.629      0.291     0.835      0.513     0.424      0.386     0.586    0.505     0.592   0.816     0.138      0.294     0.00725  -1	   0.2573809     0.2154107
      D1N8O-a9b      0.037     0.053       0.200     0.629      0.380     0.818      0.474     0.428      0.397     0.606    0.514     0.603   0.831     0.143      0.210     0.00727  -1	   0.2875115     0.2131638
      D1N8O-a9c      0.038     0.052       0.192     0.746     -0.280     0.821      0.554     0.552      0.510     0.547    0.516     0.546   0.636     0.137      0.344     0.00669  -1	   0.0883294    -0.0169514
      D1N8O-a9d      0.030     0.060       0.233     0.661      0.092     0.813      0.525     0.523      0.240     0.599    0.507     0.601   0.805     0.122      0.143     0.00750  -1	   0.1232555     0.0219095
