      D1PPE-a9d      0.020     0.046       0.129     0.710      0.182     0.871      0.553     0.702      0.728     0.862    0.657     0.775   0.819     0.214      0.141     0.03007  -1	   0.1566473     0.0375909
      D1PPE-a0a      0.020     0.060       0.155     0.711     -0.596     0.866      0.463     0.430      0.448     0.888    0.629     0.825   0.518     0.176      0.198     0.02442  -1	   0.1319040     0.1275053
      D1PPE-a0b      0.026     0.056       0.137     0.743     -0.163     0.851      0.484     0.423      0.545     0.829    0.623     0.754   0.785     0.227      0.275     0.07136  -1	   0.1220343     0.0649914
      D1PPE-a0c      0.021     0.063       0.159     0.721     -0.048     0.864      0.450     0.352      0.510     0.836    0.641     0.749   0.802     0.175      0.147     0.10161  -1	   0.0840336     0.1066097
      D1PPE-a0d      0.031     0.048       0.146     0.695      0.033     0.865      0.488     0.557      0.491     0.852    0.635     0.775   0.781     0.164      0.053     0.02016  -1	   0.0319658     0.0151043
    D1PPE-a100a      0.028     0.056       0.172     0.527     -0.286     0.855      0.432     0.327      0.245     0.858    0.633     0.783   0.236     0.169      0.093     0.02009  -1	  -0.0271007     0.1257065
    D1PPE-a100b      0.026     0.044       0.137     0.650     -0.388     0.845      0.492     0.377      0.597     0.808    0.565     0.765   0.699     0.173      0.272     0.02005  -1	   0.0587907     0.1526505
    D1PPE-a100c      0.024     0.048       0.129     0.706     -0.093     0.850      0.601     0.667      0.799     0.848    0.595     0.792   0.836     0.193      0.112     0.01789  -1	   0.0512774    -0.0302536
    D1PPE-a100d      0.028     0.052       0.150     0.579     -0.447     0.870      0.506     0.489      0.385     0.851    0.624     0.780   0.000     0.153      0.452     0.01986  -1	   0.1382389     0.1100671
    D1PPE-a101a      0.024     0.050       0.150     0.785     -0.209     0.843      0.508     0.553      0.827     0.853    0.677     0.748   0.777     0.185      0.078     0.01789  -1	   0.0438931     0.0017153
    D1PPE-a101b      0.028     0.048       0.129     0.635     -0.051     0.867      0.541     0.557      0.787     0.849    0.610     0.786   0.756     0.201      0.123     0.01827  -1	   0.0598133     0.0155459
    D1PPE-a101c      0.027     0.045       0.124     0.728      0.155     0.849      0.524     0.554      0.287     0.845    0.621     0.774   0.819     0.219      0.214     0.01887  -1	   0.1810355     0.0722777
    D1PPE-a101d      0.024     0.046       0.129     0.690     -0.434     0.846      0.532     0.500      0.378     0.828    0.621     0.753   0.639     0.194      0.134     0.02108  -1	   0.0618385     0.0607437
    D1PPE-a102a      0.029     0.051       0.142     0.658     -0.527     0.853      0.476     0.482      0.530     0.868    0.638     0.794   0.582     0.159      0.158     0.01831  -1	   0.0734556     0.1100751
    D1PPE-a102b      0.028     0.046       0.124     0.689      0.054     0.836      0.467     0.569      0.277     0.821    0.614     0.749   0.817     0.205      0.071     0.01934  -1	   0.0355249    -0.0164629
    D1PPE-a102c      0.026     0.053       0.163     0.671      0.220     0.862      0.489     0.479      0.440     0.817    0.614     0.745   0.854     0.174      0.290     0.01480  -1	   0.2522752     0.1520608
    D1PPE-a102d      0.023     0.056       0.172     0.713      0.296     0.830      0.433     0.588      0.360     0.862    0.609     0.802   0.946     0.157      0.075     0.01641  -1	   0.1740571     0.0352582
    D1PPE-a103a      0.029     0.052       0.155     0.641     -0.141     0.851      0.452     0.610      0.547     0.857    0.652     0.770   0.589     0.158      0.105     0.01665  -1	   0.0137403     0.0216703
    D1PPE-a103b      0.026     0.048       0.150     0.823     -0.087     0.834      0.495     0.555      0.542     0.835    0.625     0.760   0.687     0.171      0.128     0.01557  -1	   0.0679302     0.0220249
    D1PPE-a103c      0.024     0.049       0.146     0.690     -0.094     0.848      0.476     0.564      0.895     0.843    0.650     0.752   0.812     0.173      0.137     0.01564  -1	   0.0729805     0.0496741
    D1PPE-a103d      0.024     0.049       0.150     0.806     -0.086     0.847      0.492     0.585      0.405     0.849    0.591     0.797   0.687     0.200      0.063     0.01567  -1	   0.0366755    -0.0039073
    D1PPE-a104a      0.029     0.047       0.142     0.811     -0.010     0.834      0.502     0.588      0.612     0.857    0.636     0.780   0.727     0.196      0.124     0.01538  -1	   0.0896734     0.0224672
    D1PPE-a104b      0.023     0.054       0.176     0.704      0.327     0.828      0.448     0.588      0.470     0.867    0.653     0.783   0.974     0.153      0.089     0.01632  -1	   0.2094344     0.0861742
    D1PPE-a104c      0.015     0.043       0.124     0.726      0.269     0.885      0.508     0.588      0.791     0.857    0.627     0.786   0.896     0.246      0.136     0.01754  -1	   0.2061929     0.0997781
    D1PPE-a104d      0.033     0.067       0.193     0.595     -0.372     0.839      0.427     0.453      0.339     0.861    0.669     0.765   0.345     0.142      0.262     0.01649  -1	   0.1116960     0.1060968
    D1PPE-a105a      0.016     0.042       0.124     0.735      0.299     0.880      0.496     0.572      0.802     0.830    0.623     0.755   0.896     0.263      0.136     0.01758  -1	   0.2207382     0.1086530
    D1PPE-a105b      0.017     0.043       0.124     0.717      0.230     0.881      0.514     0.599      0.717     0.836    0.616     0.765   0.864     0.242      0.136     0.01753  -1	   0.1653395     0.0684101
    D1PPE-a105c      0.027     0.048       0.133     0.757     -0.369     0.863      0.485     0.478      0.171     0.874    0.651     0.794   0.703     0.187      0.156     0.01775  -1	   0.1127363     0.0956887
    D1PPE-a105d      0.026     0.045       0.124     0.716      0.280     0.851      0.498     0.521      0.421     0.851    0.637     0.772   0.896     0.211      0.242     0.01896  -1	   0.2486653     0.1504326
    D1PPE-a106a      0.027     0.044       0.129     0.731      0.116     0.844      0.488     0.518      0.612     0.844    0.602     0.784   0.851     0.200      0.195     0.01925  -1	   0.1247393     0.0740133
    D1PPE-a106b      0.028     0.047       0.129     0.715      0.075     0.839      0.480     0.562      0.333     0.846    0.625     0.773   0.841     0.201      0.063     0.01926  -1	   0.0436897    -0.0072978
    D1PPE-a106c      0.030     0.039       0.133     0.682      0.191     0.853      0.500     0.516      0.570     0.867    0.635     0.794   0.794     0.196      0.105     0.01996  -1	   0.1070931     0.1053699
    D1PPE-a106d      0.026     0.044       0.129     0.713      0.329     0.857      0.531     0.550      0.286     0.833    0.607     0.768   0.896     0.218      0.255     0.01899  -1	   0.3026832     0.1729092
    D1PPE-a107a      0.030     0.047       0.142     0.765     -0.164     0.841      0.487     0.549      0.629     0.874    0.642     0.800   0.761     0.179     -0.003     0.02412  -1	  -0.0034827    -0.0009823
    D1PPE-a107b      0.029     0.059       0.163     0.670     -0.641     0.843      0.449     0.371      0.765     0.868    0.650     0.786   0.464     0.158      0.150     0.02272  -1	   0.1290526     0.1698382
    D1PPE-a107c      0.032     0.043       0.133     0.760      0.130     0.864      0.497     0.568      0.301     0.809    0.560     0.770   0.831     0.194      0.227     0.02087  -1	   0.1848132     0.0619481
    D1PPE-a107d      0.027     0.058       0.167     0.644     -0.691     0.853      0.459     0.371      0.716     0.885    0.645     0.813   0.471     0.163      0.168     0.02279  -1	   0.1419182     0.1886667
    D1PPE-a108a      0.025     0.043       0.133     0.653      0.017     0.862      0.550     0.574      0.634     0.871    0.593     0.822   0.781     0.176      0.113     0.01785  -1	   0.0342186     0.0155644
    D1PPE-a108b      0.028     0.046       0.129     0.686      0.055     0.839      0.497     0.597      0.296     0.842    0.638     0.760   0.817     0.205      0.049     0.01930  -1	   0.0205476    -0.0342235
    D1PPE-a108c      0.030     0.058       0.167     0.480     -0.208     0.861      0.448     0.353      0.582     0.867    0.615     0.805   0.173     0.163      0.457     0.02087  -1	   0.1003493     0.1846837
    D1PPE-a108d      0.025     0.047       0.133     0.687     -0.029     0.860      0.610     0.685      0.663     0.851    0.647     0.766   0.852     0.193      0.112     0.01791  -1	   0.0401016    -0.0390269
     D1PPE-a10a      0.022     0.061       0.155     0.734      0.029     0.850      0.432     0.331      0.674     0.812    0.637     0.724   0.834     0.178      0.174     0.10565  -1	   0.1206905     0.1390690
     D1PPE-a10b      0.023     0.061       0.155     0.721      0.177     0.858      0.455     0.385      0.688     0.831    0.626     0.755   0.900     0.175      0.270     0.10179  -1	   0.2371065     0.1767774
     D1PPE-a10c      0.025     0.059       0.155     0.735     -0.184     0.858      0.469     0.401      0.855     0.828    0.672     0.718   0.785     0.182      0.301     0.07759  -1	   0.1188968     0.0959950
     D1PPE-a10d      0.025     0.059       0.155     0.738     -0.172     0.858      0.460     0.400      0.551     0.834    0.660     0.734   0.785     0.190      0.245     0.07821  -1	   0.1096448     0.0842405
     D1PPE-a11a      0.022     0.055       0.155     0.783      0.268     0.849      0.504     0.529      0.264     0.796    0.633     0.707   0.938     0.186      0.083     0.06169  -1	   0.2096001     0.1059902
     D1PPE-a11b      0.023     0.056       0.159     0.765      0.276     0.853      0.477     0.506      0.246     0.826    0.642     0.737   0.938     0.190      0.084     0.06332  -1	   0.2129505     0.1111503
     D1PPE-a11c      0.027     0.075       0.202     0.672     -0.397     0.861      0.391     0.266      0.464     0.880    0.681     0.785   0.538     0.142      0.188     0.23946   1	   0.0866124     0.1785710
     D1PPE-a11d      0.024     0.062       0.146     0.760     -0.113     0.862      0.500     0.452      0.381     0.823    0.642     0.733   0.703     0.218      0.243     0.07361  -1	   0.1631653     0.0553753
     D1PPE-a12a      0.019     0.056       0.150     0.797      0.166     0.861      0.475     0.515      0.193     0.820    0.540     0.792   0.892     0.186      0.082     0.06264  -1	   0.1475903     0.0495850
     D1PPE-a12b      0.026     0.056       0.167     0.679     -0.092     0.843      0.453     0.476      0.912     0.871    0.552     0.842   0.747     0.156      0.206     0.22340  -1	   0.1193857     0.0997778
     D1PPE-a12c      0.022     0.051       0.155     0.804      0.241     0.843      0.522     0.528      0.330     0.807    0.638     0.717   0.738     0.171      0.121     0.06165  -1	   0.2272445     0.1551801
     D1PPE-a12d      0.020     0.064       0.176     0.694      0.355     0.836      0.372     0.275      0.184     0.851    0.626     0.779   0.898     0.157      0.032     0.10560  -1	   0.2015794     0.2813503
     D1PPE-a13a      0.024     0.041       0.124     0.590      0.317     0.841      0.558     0.610      0.778     0.811    0.618     0.735   0.798     0.203      0.159     0.03954  -1	   0.1967189     0.1026023
     D1PPE-a13b      0.028     0.039       0.133     0.594      0.292     0.860      0.453     0.382      0.997     0.859    0.634     0.784   0.798     0.194      0.505     0.03332  -1	   0.3551668     0.4062514
     D1PPE-a13c      0.020     0.045       0.146     0.687      0.297     0.847      0.501     0.560      0.419     0.862    0.673     0.764   0.872     0.200      0.272     0.03189  -1	   0.2781122     0.1520508
     D1PPE-a13d      0.017     0.047       0.142     0.776      0.321     0.852      0.520     0.619      0.502     0.848    0.622     0.778   0.875     0.191      0.289     0.03077  -1	   0.3335011     0.1477841
     D1PPE-a14a      0.029     0.043       0.142     0.568      0.216     0.846      0.469     0.448      0.937     0.842    0.563     0.803   0.767     0.195      0.484     0.03397  -1	   0.2702414     0.2687274
     D1PPE-a14b      0.018     0.053       0.159     0.731      0.398     0.837      0.415     0.520      0.359     0.854    0.629     0.780   0.952     0.188      0.250     0.03482  -1	   0.3743995     0.1946330
     D1PPE-a14c      0.011     0.056       0.172     0.711      0.284     0.830      0.412     0.482      0.371     0.908    0.601     0.864   0.946     0.156      0.242     0.03437  -1	   0.2528352     0.1351879
     D1PPE-a14d      0.019     0.050       0.155     0.779      0.394     0.831      0.393     0.481      0.591     0.890    0.600     0.841   0.907     0.167      0.331     0.03229  -1	   0.4242523     0.2886525
     D1PPE-a15a      0.019     0.042       0.146     0.574      0.352     0.817      0.530     0.543      0.343     0.892    0.653     0.819   0.830     0.199      0.270     0.03385  -1	   0.2251727     0.1621808
     D1PPE-a15b      0.023     0.043       0.137     0.600      0.421     0.845      0.441     0.415      0.982     0.887    0.646     0.814   0.822     0.183      0.313     0.03468  -1	   0.4190537     0.4175123
     D1PPE-a15c      0.015     0.049       0.142     0.675      0.163     0.825      0.499     0.576      0.639     0.865    0.546     0.837   0.794     0.157      0.235     0.02872  -1	   0.1451887     0.0624986
     D1PPE-a15d      0.015     0.042       0.142     0.556      0.308     0.853      0.512     0.484      0.650     0.857    0.625     0.787   0.798     0.227      0.255     0.03229  -1	   0.2026272     0.1937635
     D1PPE-a16a      0.028     0.043       0.129     0.780      0.154     0.869      0.493     0.552      0.297     0.804    0.583     0.751   0.798     0.191      0.236     0.02088  -1	   0.2146353     0.0949790
     D1PPE-a16b      0.029     0.045       0.142     0.751     -0.181     0.851      0.510     0.551      0.468     0.841    0.627     0.765   0.761     0.187     -0.033     0.02392  -1	  -0.0377926    -0.0167472
     D1PPE-a16c      0.027     0.043       0.133     0.718      0.127     0.850      0.519     0.599      0.326     0.845    0.599     0.787   0.851     0.198      0.140     0.02099  -1	   0.0985327     0.0153100
     D1PPE-a16d      0.026     0.043       0.133     0.781      0.121     0.857      0.502     0.559      0.321     0.833    0.627     0.755   0.831     0.188      0.234     0.02089  -1	   0.1987589     0.0813870
     D1PPE-a17a      0.027     0.043       0.133     0.751      0.141     0.868      0.499     0.557      0.310     0.812    0.604     0.746   0.831     0.200      0.238     0.02102  -1	   0.1958617     0.0769390
     D1PPE-a17b      0.032     0.047       0.142     0.637     -0.566     0.866      0.541     0.512      0.652     0.851    0.612     0.786   0.607     0.192      0.113     0.01955  -1	   0.0788672     0.0712902
     D1PPE-a17c      0.028     0.043       0.133     0.769      0.147     0.857      0.495     0.557      0.322     0.825    0.603     0.761   0.831     0.191      0.230     0.02092  -1	   0.1986432     0.0824704
     D1PPE-a17d      0.030     0.043       0.133     0.766      0.149     0.855      0.512     0.579      0.318     0.829    0.622     0.754   0.831     0.200      0.236     0.02096  -1	   0.2112458     0.0757311
     D1PPE-a18a      0.030     0.043       0.133     0.777      0.148     0.852      0.493     0.557      0.317     0.828    0.632     0.745   0.831     0.191      0.230     0.02087  -1	   0.2160309     0.0935295
     D1PPE-a18b      0.034     0.052       0.163     0.686      0.443     0.877      0.401     0.476      0.244     0.828    0.650     0.734   0.945     0.178      0.114     0.01958  -1	   0.3522505     0.2515971
     D1PPE-a18c      0.030     0.043       0.133     0.767      0.131     0.871      0.480     0.540      0.310     0.814    0.580     0.763   0.831     0.191      0.230     0.02089  -1	   0.1917560     0.0859482
     D1PPE-a18d      0.028     0.043       0.129     0.777      0.152     0.862      0.501     0.567      0.311     0.823    0.627     0.744   0.798     0.191      0.236     0.02098  -1	   0.2211670     0.0934946
     D1PPE-a19a      0.026     0.046       0.133     0.722      0.181     0.851      0.451     0.506      0.754     0.866    0.640     0.790   0.819     0.188      0.057     0.01801  -1	   0.1361420     0.1010587
     D1PPE-a19b      0.031     0.067       0.189     0.665     -0.025     0.894      0.466     0.653      0.595     0.841    0.619     0.770   0.747     0.131     -0.026     0.01994  -1	   0.0382993    -0.0165597
     D1PPE-a19c      0.032     0.066       0.189     0.643     -0.305     0.881      0.510     0.676      0.566     0.842    0.631     0.765   0.515     0.123      0.055     0.02015  -1	   0.0038968    -0.0117595
     D1PPE-a19d      0.031     0.065       0.189     0.641     -0.242     0.875      0.494     0.663      0.416     0.836    0.607     0.771   0.570     0.119      0.011     0.02008  -1	  -0.0304617    -0.0391881
      D1PPE-a1a      0.020     0.053       0.137     0.639     -0.063     0.848      0.466     0.496      0.642     0.861    0.622     0.793   0.680     0.146      0.025     0.06588  -1	  -0.0014125     0.0326327
      D1PPE-a1b      0.024     0.062       0.150     0.768     -0.128     0.856      0.509     0.458      0.441     0.825    0.639     0.738   0.703     0.206      0.243     0.07511  -1	   0.1482354     0.0425961
      D1PPE-a1c      0.029     0.047       0.133     0.671     -0.482     0.874      0.529     0.484      0.698     0.842    0.622     0.769   0.683     0.201      0.094     0.01949  -1	   0.0518615     0.0589198
      D1PPE-a1d      0.026     0.068       0.180     0.705     -0.167     0.848      0.391     0.433      0.524     0.832    0.623     0.757   0.785     0.140      0.046     0.12590  -1	   0.0200856     0.0418119
     D1PPE-a20a      0.032     0.057       0.159     0.616     -0.234     0.901      0.460     0.547      1.000     0.950    0.812     0.831   0.570     0.163      0.292     0.01726  -1	   0.1748370     0.2110685
     D1PPE-a20b      0.035     0.065       0.189     0.663     -0.458     0.882      0.488     0.623      0.766     0.857    0.631     0.783   0.613     0.143      0.062     0.01990  -1	   0.0538167     0.0398800
     D1PPE-a20c      0.031     0.047       0.142     0.768      0.101     0.861      0.448     0.510      0.109     0.858    0.636     0.781   0.831     0.158      0.103     0.01954  -1	   0.1324192     0.0776151
     D1PPE-a20d      0.034     0.066       0.193     0.613     -0.373     0.884      0.475     0.627      0.571     0.822    0.613     0.751   0.471     0.139      0.001     0.02001  -1	  -0.0034543     0.0087161
     D1PPE-a21a      0.027     0.050       0.150     0.800      0.261     0.852      0.402     0.473      0.162     0.838    0.586     0.787   0.747     0.163      0.146     0.01965  -1	   0.2618286     0.1616620
     D1PPE-a21b      0.035     0.051       0.163     0.742     -0.177     0.870      0.553     0.662      0.579     0.828    0.641     0.740   0.785     0.150      0.168     0.01812  -1	   0.0556092    -0.0248084
     D1PPE-a21c      0.030     0.050       0.159     0.654      0.212     0.851      0.460     0.516      0.514     0.842    0.595     0.785   0.840     0.174      0.114     0.01972  -1	   0.1354402     0.0912759
     D1PPE-a21d      0.029     0.058       0.180     0.632      0.001     0.877      0.548     0.678      1.000     0.903    0.694     0.811   0.713     0.140      0.296     0.01771  -1	   0.2193109     0.1180504
     D1PPE-a22a      0.022     0.056       0.163     0.708      0.262     0.873      0.484     0.637      0.612     0.845    0.594     0.791   0.946     0.178      0.026     0.02209  -1	   0.1655272     0.0320386
     D1PPE-a22b      0.023     0.052       0.146     0.665      0.422     0.880      0.507     0.612      0.820     0.858    0.603     0.801   0.945     0.178      0.171     0.02425  -1	   0.3845355     0.2136674
     D1PPE-a22c      0.035     0.051       0.163     0.751     -0.124     0.868      0.515     0.629      0.711     0.844    0.628     0.768   0.703     0.152      0.184     0.01801  -1	   0.0836472     0.0231537
     D1PPE-a23a      0.013     0.045       0.142     0.715      0.071     0.860      0.548     0.724      0.619     0.819    0.584     0.766   0.841     0.158      0.039     0.02830  -1	   0.0262571    -0.0287691
     D1PPE-a23b      0.024     0.047       0.163     0.685      0.127     0.835      0.468     0.593      0.365     0.961    0.631     0.930   0.827     0.188      0.222     0.01887  -1	   0.1158143     0.0126059
     D1PPE-a23c      0.026     0.061       0.155     0.720     -0.571     0.864      0.462     0.446      0.274     0.834    0.585     0.782   0.518     0.174      0.190     0.02440  -1	   0.1655264     0.1300161
     D1PPE-a23d      0.020     0.049       0.146     0.663      0.196     0.877      0.567     0.690      0.721     0.853    0.662     0.759   0.794     0.190      0.178     0.02372  -1	   0.1848600     0.0603325
     D1PPE-a24a      0.029     0.041       0.107     0.709     -0.210     0.884      0.505     0.471      0.296     0.822    0.643     0.731   0.798     0.214      0.229     0.03930  -1	   0.0942055     0.0992562
     D1PPE-a24b      0.021     0.061       0.159     0.698     -0.621     0.856      0.471     0.468      0.302     0.833    0.655     0.736   0.464     0.176      0.222     0.02505  -1	   0.1992664     0.1362569
     D1PPE-a24c      0.021     0.059       0.155     0.583     -0.351     0.877      0.527     0.595      0.689     0.857    0.620     0.790   0.345     0.165      0.172     0.03043  -1	   0.0316661     0.0209449
     D1PPE-a24d      0.023     0.050       0.133     0.574     -0.041     0.867      0.503     0.550      0.584     0.826    0.591     0.770   0.778     0.190      0.204     0.03513  -1	   0.0383071     0.0224788
     D1PPE-a25a      0.021     0.062       0.155     0.762      0.050     0.857      0.431     0.327      0.590     0.808    0.630     0.723   0.851     0.172      0.301     0.10941  -1	   0.2000393     0.1817231
     D1PPE-a25b      0.026     0.049       0.150     0.635     -0.422     0.881      0.482     0.329      0.395     0.837    0.641     0.752   0.584     0.166      0.343     0.03686  -1	   0.1153052     0.2259082
     D1PPE-a25c      0.022     0.058       0.150     0.720     -0.259     0.866      0.554     0.571      0.290     0.812    0.586     0.757   0.636     0.156      0.164     0.08185  -1	   0.0633921    -0.0152580
     D1PPE-a25d      0.024     0.061       0.137     0.758     -0.155     0.852      0.497     0.437      0.373     0.827    0.627     0.748   0.777     0.231      0.288     0.07003  -1	   0.1804566     0.0674608
     D1PPE-a26a      0.023     0.071       0.189     0.734     -0.523     0.850      0.428     0.337      0.762     0.815    0.567     0.771   0.636     0.141      0.097     0.16661  -1	   0.0851778     0.1047028
     D1PPE-a26b      0.024     0.065       0.176     0.718     -0.059     0.852      0.369     0.412      0.404     0.837    0.583     0.787   0.802     0.147      0.040     0.12521  -1	   0.0237305     0.0532184
     D1PPE-a26c      0.029     0.063       0.193     0.685     -0.224     0.845      0.458     0.497      0.931     0.883    0.632     0.817   0.637     0.165      0.176     0.11110  -1	   0.1063849     0.0666353
     D1PPE-a26d      0.030     0.056       0.155     0.639     -0.423     0.867      0.522     0.469      0.664     0.852    0.652     0.764   0.000     0.157      0.667     0.06927  -1	   0.2092295     0.1499524
     D1PPE-a27a      0.025     0.076       0.193     0.696     -0.524     0.873      0.430     0.286      0.749     0.859    0.650     0.775   0.582     0.151      0.126     0.22590   1	   0.0921534     0.1359842
     D1PPE-a27b      0.030     0.079       0.206     0.700     -0.350     0.875      0.329     0.193      0.456     0.880    0.649     0.804   0.636     0.138      0.163     0.23985   1	   0.0787691     0.2419465
     D1PPE-a27c      0.029     0.079       0.206     0.656     -0.424     0.859      0.334     0.178      0.369     0.873    0.636     0.801   0.000     0.140      0.183     0.23185  -1	   0.0958017     0.2106751
     D1PPE-a27d      0.026     0.072       0.197     0.736     -0.422     0.873      0.363     0.216      0.510     0.869    0.563     0.834   0.000     0.132      0.196     0.23294  -1	   0.0713446     0.1301079
     D1PPE-a28a      0.025     0.063       0.176     0.751     -0.731     0.861      0.415     0.280      0.769     0.870    0.650     0.789   0.757     0.167      0.098     0.19817  -1	   0.1605950     0.2200787
     D1PPE-a28b      0.031     0.077       0.197     0.751     -0.370     0.865      0.378     0.222      0.521     0.880    0.578     0.839   0.585     0.146      0.165     0.24146  -1	   0.0922201     0.1660098
     D1PPE-a28c      0.029     0.057       0.180     0.658     -0.041     0.867      0.441     0.438      0.822     0.838    0.595     0.781   0.747     0.150      0.257     0.24231  -1	   0.1310381     0.1307146
     D1PPE-a28d      0.029     0.073       0.202     0.717     -0.416     0.877      0.365     0.210      0.999     0.888    0.655     0.812   0.000     0.151      0.193     0.23682  -1	   0.1355881     0.1517339
     D1PPE-a29a      0.015     0.048       0.150     0.714     -0.144     0.841      0.670     0.772      0.862     0.869    0.670     0.776   0.812     0.177      0.011     0.02939  -1	   0.0214074    -0.0244903
     D1PPE-a29b      0.021     0.060       0.180     0.767     -0.012     0.867      0.403     0.438      0.119     0.827    0.597     0.766   0.793     0.165      0.223     0.10395  -1	   0.2044149     0.0936967
     D1PPE-a29c      0.021     0.042       0.133     0.672      0.048     0.837      0.493     0.612      0.582     0.811    0.605     0.744   0.781     0.184      0.267     0.03073  -1	   0.0940521     0.0246720
     D1PPE-a29d      0.026     0.049       0.133     0.642      0.185     0.879      0.510     0.522      0.167     0.836    0.601     0.775   0.739     0.200      0.983     0.05745  -1	   0.8745645     0.2042832
      D1PPE-a2a      0.033     0.043       0.124     0.762      0.215     0.847      0.493     0.529      0.210     0.875    0.629     0.807   0.844     0.229      0.155     0.01891  -1	   0.1994460     0.1131352
      D1PPE-a2b      0.029     0.045       0.142     0.732      0.110     0.870      0.513     0.588      0.452     0.854    0.630     0.780   0.851     0.184      0.136     0.02134  -1	   0.1063952     0.0343052
      D1PPE-a2c      0.027     0.043       0.133     0.756      0.128     0.860      0.506     0.565      0.294     0.819    0.602     0.755   0.831     0.207      0.230     0.02103  -1	   0.1878146     0.0650511
      D1PPE-a2d      0.031     0.060       0.167     0.687     -0.604     0.844      0.463     0.378      0.722     0.869    0.652     0.786   0.464     0.170      0.147     0.02269  -1	   0.1193098     0.1341190
     D1PPE-a30a      0.023     0.047       0.150     0.719      0.614     0.847      0.401     0.423      0.777     0.852    0.639     0.772   0.831     0.177      0.349     0.03559  -1	   0.6760240     0.5849734
     D1PPE-a30b      0.022     0.047       0.150     0.726      0.580     0.849      0.397     0.424      0.219     0.846    0.627     0.772   0.913     0.183      0.387     0.03579  -1	   0.6978103     0.5382425
     D1PPE-a30c      0.019     0.048       0.137     0.611      0.009     0.849      0.594     0.743      0.718     0.859    0.616     0.794   0.725     0.193      0.246     0.03032  -1	   0.0833476    -0.0124752
     D1PPE-a30d      0.024     0.060       0.172     0.770     -0.240     0.854      0.429     0.266      0.251     0.867    0.660     0.779   0.683     0.159      0.260     0.02697  -1	   0.1692832     0.2375667
     D1PPE-a31a      0.012     0.047       0.146     0.552      0.409     0.834      0.504     0.516      0.398     0.854    0.589     0.803   0.804     0.225      0.230     0.03121  -1	   0.2390133     0.1773928
     D1PPE-a31b      0.025     0.061       0.176     0.708     -0.193     0.854      0.465     0.331      0.236     0.870    0.667     0.779   0.785     0.156      0.277     0.02834  -1	   0.1616971     0.1810511
     D1PPE-a31c      0.019     0.051       0.155     0.725      0.308     0.835      0.494     0.542      0.989     0.891    0.721     0.775   0.974     0.193      0.376     0.03163  -1	   0.3900733     0.2374986
     D1PPE-a31d      0.027     0.063       0.176     0.768     -0.115     0.862      0.372     0.232      0.391     0.882    0.659     0.800   0.703     0.171      0.311     0.02654  -1	   0.2002824     0.2525776
     D1PPE-a32a      0.014     0.054       0.150     0.661      0.045     0.844      0.606     0.706      0.345     0.884    0.647     0.810   0.780     0.172      0.079     0.02967  -1	   0.0127805    -0.0692804
     D1PPE-a32b      0.025     0.063       0.172     0.740     -0.144     0.853      0.436     0.298      0.372     0.879    0.676     0.785   0.711     0.175      0.319     0.02734  -1	   0.1951982     0.1902085
     D1PPE-a32c      0.028     0.060       0.172     0.718     -0.043     0.863      0.399     0.249      0.372     0.861    0.642     0.781   0.802     0.150      0.259     0.02752  -1	   0.1544554     0.2669897
     D1PPE-a32d      0.028     0.059       0.167     0.754     -0.166     0.855      0.405     0.232      0.267     0.883    0.679     0.790   0.777     0.177      0.272     0.02687  -1	   0.1818846     0.2878038
     D1PPE-a33a      0.023     0.038       0.129     0.761      0.307     0.861      0.448     0.431      0.494     0.898    0.687     0.809   0.875     0.159      0.371     0.02871  -1	   0.3802811     0.3456867
     D1PPE-a33b      0.016     0.043       0.142     0.743      0.155     0.860      0.546     0.602      0.690     0.847    0.623     0.775   0.819     0.156      0.141     0.02507  -1	   0.1311767     0.0733374
     D1PPE-a33c      0.028     0.058       0.167     0.760     -0.184     0.849      0.414     0.246      0.280     0.883    0.649     0.808   0.777     0.172      0.272     0.02684  -1	   0.1667152     0.2571980
     D1PPE-a33d      0.029     0.059       0.167     0.783     -0.214     0.861      0.404     0.240      0.319     0.891    0.681     0.801   0.683     0.176      0.272     0.02682  -1	   0.1784872     0.2512902
     D1PPE-a34a      0.023     0.063       0.176     0.677      0.242     0.835      0.383     0.315      0.273     0.887    0.705     0.780   0.854     0.143      0.325     0.02211  -1	   0.3570674     0.3344495
     D1PPE-a34b      0.013     0.052       0.155     0.542      0.065     0.849      0.439     0.450      0.763     0.863    0.627     0.793   0.459     0.169      0.054     0.02171  -1	   0.0658915     0.0928273
     D1PPE-a34c      0.026     0.054       0.159     0.570     -0.222     0.865      0.498     0.503      0.522     0.824    0.584     0.772   0.444     0.151      0.231     0.01974  -1	   0.0233838     0.0415327
     D1PPE-a34d      0.027     0.043       0.133     0.777      0.138     0.862      0.494     0.545      0.306     0.832    0.645     0.743   0.831     0.200      0.230     0.02094  -1	   0.2142617     0.0987842
     D1PPE-a35a      0.040     0.044       0.133     0.705     -0.230     0.881      0.501     0.507      0.755     0.852    0.639     0.771   0.798     0.207     -0.030     0.01553  -1	   0.0100616     0.0177240
     D1PPE-a35b      0.030     0.045       0.146     0.605      0.086     0.867      0.492     0.491      0.330     0.825    0.632     0.742   0.761     0.162      0.109     0.02128  -1	   0.0359146     0.0696701
     D1PPE-a35c      0.030     0.074       0.193     0.691     -0.262     0.876      0.509     0.711      0.707     0.839    0.615     0.771   0.582     0.139      0.035     0.02009  -1	   0.0489723     0.0002001
     D1PPE-a35d      0.032     0.047       0.159     0.669      0.121     0.848      0.462     0.531      0.110     0.909    0.607     0.864   0.827     0.177      0.180     0.02086  -1	   0.1227168     0.0266967
     D1PPE-a36a      0.035     0.059       0.167     0.575     -0.099     0.878      0.546     0.645      0.999     0.896    0.674     0.812   0.554     0.150      0.175     0.01765  -1	   0.1585608     0.0759169
     D1PPE-a36b      0.037     0.053       0.159     0.716     -0.259     0.878      0.469     0.527      1.000     0.935    0.844     0.761   0.636     0.151      0.025     0.01794  -1	   0.1317042     0.1001758
     D1PPE-a36c      0.037     0.048       0.133     0.715     -0.540     0.866      0.465     0.483      1.000     0.937    0.826     0.785   0.688     0.196      0.075     0.01497  -1	   0.1518594     0.1598525
     D1PPE-a36d      0.037     0.049       0.155     0.676     -0.038     0.893      0.525     0.550      0.474     0.831    0.592     0.775   0.852     0.151      0.223     0.01740  -1	   0.0872663     0.0233440
     D1PPE-a37a      0.034     0.053       0.180     0.615      0.116     0.877      0.490     0.576      0.963     0.882    0.690     0.782   0.713     0.125      0.060     0.01752  -1	   0.2166225     0.1411889
     D1PPE-a37b      0.029     0.058       0.159     0.724      0.163     0.877      0.418     0.433      0.409     0.881    0.634     0.813   0.900     0.175      0.156     0.02028  -1	   0.1727130     0.1243470
     D1PPE-a37c      0.040     0.048       0.133     0.606     -0.362     0.859      0.462     0.478      1.000     0.923    0.763     0.804   0.644     0.191     -0.000     0.01532  -1	   0.1078409     0.1325130
     D1PPE-a37d      0.033     0.060       0.189     0.673     -0.078     0.871      0.500     0.596      1.000     0.912    0.768     0.778   0.747     0.163      0.297     0.01751  -1	   0.2121454     0.1250126
     D1PPE-a38a      0.036     0.050       0.159     0.743     -0.198     0.880      0.543     0.649      0.646     0.840    0.659     0.743   0.781     0.154      0.174     0.01802  -1	   0.0586091    -0.0097326
     D1PPE-a38b      0.029     0.055       0.159     0.550      0.177     0.842      0.497     0.620      0.622     0.891    0.634     0.826   0.652     0.165      0.122     0.01943  -1	   0.1189420     0.0529273
     D1PPE-a38c      0.025     0.058       0.185     0.724      0.164     0.864      0.435     0.515      0.188     0.876    0.677     0.781   0.900     0.163      0.204     0.02047  -1	   0.2378479     0.0714481
     D1PPE-a38d      0.032     0.050       0.155     0.787      0.104     0.859      0.390     0.448      0.166     0.878    0.631     0.811   0.831     0.179      0.137     0.01969  -1	   0.1660587     0.1098942
     D1PPE-a39a      0.023     0.056       0.172     0.738      0.191     0.876      0.493     0.627      0.680     0.830    0.593     0.772   0.900     0.203      0.054     0.02283  -1	   0.1586945     0.0317330
     D1PPE-a39b      0.031     0.052       0.167     0.689      0.162     0.855      0.418     0.472      0.851     0.840    0.596     0.783   0.845     0.179      0.137     0.01961  -1	   0.1911216     0.1515847
     D1PPE-a39c      0.033     0.048       0.146     0.827      0.168     0.868      0.421     0.488      0.162     0.838    0.602     0.777   0.669     0.176      0.080     0.01931  -1	   0.1884966     0.1275938
     D1PPE-a39d      0.024     0.053       0.142     0.609     -0.004     0.866      0.522     0.700      0.447     0.857    0.626     0.786   0.680     0.193      0.117     0.02053  -1	   0.0263446    -0.0511820
      D1PPE-a3a      0.031     0.048       0.150     0.750     -0.168     0.856      0.530     0.596      0.748     0.866    0.689     0.758   0.761     0.176      0.003     0.02442  -1	   0.0197033    -0.0095066
      D1PPE-a3b      0.029     0.041       0.133     0.605      0.233     0.852      0.514     0.537      0.377     0.833    0.548     0.801   0.784     0.204      0.289     0.02179  -1	   0.1843669     0.1106742
      D1PPE-a3c      0.032     0.053       0.155     0.608      0.134     0.860      0.518     0.609      0.617     0.866    0.640     0.789   0.713     0.200      0.056     0.02011  -1	   0.0924647     0.0182159
      D1PPE-a3d      0.019     0.041       0.124     0.762      0.053     0.842      0.461     0.423      0.492     0.860    0.627     0.790   0.821     0.192      0.056     0.02332  -1	   0.0243651     0.0913538
     D1PPE-a40a      0.022     0.050       0.146     0.658      0.337     0.893      0.567     0.691      0.819     0.859    0.659     0.768   0.872     0.206      0.016     0.02331  -1	   0.2620933     0.0998996
     D1PPE-a40b      0.021     0.059       0.155     0.715     -0.564     0.870      0.485     0.462      0.205     0.854    0.640     0.774   0.518     0.182      0.209     0.02446  -1	   0.1853148     0.1283851
     D1PPE-a40c      0.023     0.049       0.142     0.607     -0.076     0.871      0.481     0.648      0.382     0.861    0.646     0.779   0.756     0.174      0.104     0.02010  -1	  -0.0167100    -0.0499597
     D1PPE-a40d      0.024     0.060       0.155     0.700     -0.569     0.868      0.487     0.477      0.288     0.842    0.630     0.764   0.518     0.185      0.209     0.02503  -1	   0.1691436     0.1077599
     D1PPE-a41a      0.026     0.055       0.150     0.702     -0.378     0.885      0.497     0.361      0.152     0.815    0.626     0.734   0.593     0.168      0.194     0.03730  -1	   0.1208675     0.1924134
     D1PPE-a41b      0.025     0.050       0.146     0.586     -0.617     0.885      0.533     0.412      0.427     0.795    0.568     0.750   0.535     0.159      0.172     0.03755  -1	   0.0812045     0.1377621
     D1PPE-a41c      0.029     0.053       0.150     0.597     -0.586     0.873      0.522     0.385      0.346     0.821    0.618     0.746   0.271     0.153      0.297     0.03974  -1	   0.1350239     0.1802361
     D1PPE-a41d      0.024     0.053       0.155     0.536     -0.634     0.867      0.533     0.423      0.336     0.859    0.636     0.783   0.118     0.174      0.401     0.03590  -1	   0.1865580     0.1983025
     D1PPE-a42a      0.023     0.067       0.189     0.630     -0.486     0.853      0.399     0.290      0.797     0.858    0.703     0.736   0.546     0.125      0.176     0.11028  -1	   0.0792772     0.2211447
     D1PPE-a42b      0.019     0.053       0.159     0.577     -0.551     0.857      0.543     0.424      0.522     0.896    0.675     0.812   0.271     0.185      0.317     0.03350  -1	   0.1121101     0.1268131
     D1PPE-a42c      0.026     0.068       0.189     0.656     -0.641     0.862      0.392     0.286      0.899     0.860    0.644     0.779   0.464     0.130      0.157     0.10443  -1	   0.1260521     0.2345339
     D1PPE-a42d      0.030     0.045       0.116     0.688     -0.143     0.864      0.525     0.519      0.357     0.819    0.623     0.742   0.788     0.229      0.144     0.03927  -1	   0.0423514     0.0197965
     D1PPE-a43a      0.024     0.053       0.159     0.553     -0.404     0.876      0.478     0.363      0.330     0.877    0.630     0.809   0.000     0.161      0.247     0.03525  -1	   0.0333394     0.1131740
     D1PPE-a43b      0.024     0.065       0.185     0.653     -0.544     0.869      0.420     0.300      0.620     0.869    0.681     0.768   0.582     0.139      0.269     0.10907  -1	   0.1083938     0.2249744
     D1PPE-a43c      0.022     0.065       0.180     0.702     -0.036     0.852      0.383     0.426      0.359     0.817    0.563     0.776   0.802     0.156      0.045     0.12530  -1	   0.0271265     0.0348780
     D1PPE-a43d      0.030     0.048       0.150     0.572     -0.673     0.858      0.565     0.473      0.741     0.852    0.561     0.815   0.566     0.178      0.299     0.04454  -1	   0.1572508     0.1531328
     D1PPE-a44a      0.023     0.066       0.176     0.679     -0.076     0.852      0.390     0.432      0.412     0.799    0.543     0.770   0.747     0.158      0.037     0.12640  -1	   0.0167996     0.0338200
     D1PPE-a44b      0.028     0.056       0.176     0.684     -0.093     0.850      0.454     0.512      0.500     0.826    0.638     0.739   0.747     0.159      0.117     0.10064  -1	   0.0389077     0.0186194
     D1PPE-a44c      0.023     0.064       0.172     0.677     -0.072     0.855      0.414     0.474      0.389     0.816    0.549     0.784   0.747     0.163      0.034     0.12546  -1	   0.0095211     0.0052709
     D1PPE-a44d      0.021     0.066       0.180     0.713     -0.060     0.846      0.376     0.417      0.545     0.860    0.662     0.767   0.802     0.147      0.048     0.12588  -1	   0.0370980     0.0587313
     D1PPE-a45a      0.027     0.063       0.176     0.672     -0.017     0.847      0.422     0.478      0.478     0.851    0.636     0.773   0.747     0.160      0.052     0.12484  -1	   0.0371631     0.0208655
     D1PPE-a45b      0.020     0.063       0.163     0.658      0.011     0.834      0.459     0.545      0.138     0.903    0.719     0.797   0.780     0.169      0.032     0.12273  -1	   0.0136630    -0.0598322
     D1PPE-a45c      0.027     0.057       0.159     0.684      0.043     0.825      0.458     0.320      0.335     0.941    0.623     0.901   0.780     0.142      0.213     0.10809  -1	   0.1038734     0.1592995
     D1PPE-a45d      0.025     0.066       0.176     0.703     -0.023     0.843      0.389     0.429      0.366     0.795    0.518     0.779   0.802     0.160      0.037     0.12471  -1	   0.0390736     0.0312838
     D1PPE-a46a      0.022     0.057       0.172     0.667     -0.647     0.866      0.465     0.307      0.569     0.841    0.609     0.777   0.464     0.151      0.625     0.12932  -1	   0.2647013     0.3089867
     D1PPE-a46b      0.022     0.054       0.150     0.701     -0.114     0.840      0.459     0.502      0.211     0.890    0.678     0.801   0.711     0.172      0.189     0.10896  -1	   0.0960631     0.0321807
     D1PPE-a46c      0.023     0.066       0.176     0.689     -0.074     0.850      0.388     0.428      0.461     0.798    0.528     0.776   0.747     0.154      0.037     0.12597  -1	   0.0250516     0.0436396
     D1PPE-a46d      0.028     0.053       0.155     0.576     -0.718     0.886      0.512     0.349      0.577     0.828    0.600     0.766   0.518     0.147      0.249     0.16032  -1	   0.1386892     0.2285993
     D1PPE-a47a      0.029     0.049       0.129     0.623      0.121     0.860      0.503     0.539      0.090     0.818    0.625     0.738   0.771     0.200      0.826     0.05855  -1	   0.7310149     0.1639783
     D1PPE-a47b      0.031     0.048       0.129     0.635      0.138     0.868      0.498     0.537      0.128     0.829    0.606     0.764   0.771     0.200      0.902     0.05944  -1	   0.7878207     0.1679616
     D1PPE-a47c      0.023     0.056       0.172     0.632     -0.744     0.860      0.518     0.340      0.511     0.886    0.625     0.824   0.644     0.131      0.324     0.15874  -1	   0.2020845     0.2565558
     D1PPE-a47d      0.028     0.048       0.124     0.629      0.118     0.868      0.498     0.534      0.126     0.825    0.625     0.748   0.771     0.196      0.902     0.05952  -1	   0.7787544     0.1753204
     D1PPE-a48a      0.026     0.059       0.163     0.781     -0.175     0.853      0.397     0.232      0.255     0.863    0.626     0.794   0.777     0.181      0.272     0.02692  -1	   0.1853036     0.2802564
     D1PPE-a48b      0.014     0.050       0.167     0.714      0.320     0.838      0.444     0.453      0.908     0.864    0.609     0.805   0.896     0.155      0.396     0.03175  -1	   0.3811631     0.2946537
     D1PPE-a48c      0.030     0.049       0.133     0.622      0.193     0.871      0.514     0.527      0.149     0.819    0.549     0.787   0.739     0.211      0.835     0.05753  -1	   0.7005229     0.1699750
     D1PPE-a48d      0.035     0.048       0.124     0.660      0.165     0.865      0.490     0.512      0.074     0.827    0.615     0.755   0.794     0.210      0.697     0.06107  -1	   0.6625255     0.2078716
     D1PPE-a49a      0.033     0.045       0.129     0.527     -0.510     0.857      0.559     0.513      0.913     0.870    0.685     0.767   0.528     0.164      0.231     0.02052  -1	   0.0990527     0.1502096
     D1PPE-a49b      0.025     0.047       0.150     0.707      0.636     0.839      0.358     0.361      0.874     0.877    0.649     0.799   0.831     0.177      0.349     0.03571  -1	   0.7131410     0.6770992
     D1PPE-a49c      0.026     0.052       0.150     0.589     -0.375     0.856      0.523     0.505      0.901     0.882    0.629     0.816   0.345     0.177      0.287     0.02418  -1	   0.0809888     0.0881894
     D1PPE-a49d      0.025     0.059       0.163     0.761     -0.159     0.846      0.407     0.232      0.248     0.865    0.681     0.762   0.777     0.162      0.272     0.02685  -1	   0.1932456     0.3135117
      D1PPE-a4a      0.029     0.050       0.150     0.638      0.311     0.851      0.483     0.458      0.440     0.846    0.636     0.767   0.816     0.167      0.162     0.02168  -1	   0.2169538     0.1969875
      D1PPE-a4b      0.029     0.043       0.133     0.756      0.148     0.863      0.495     0.556      0.308     0.828    0.615     0.757   0.831     0.194      0.230     0.02093  -1	   0.2009228     0.0848854
      D1PPE-a4c      0.028     0.045       0.133     0.757     -0.217     0.854      0.488     0.545      0.726     0.859    0.672     0.759   0.777     0.184      0.011     0.02412  -1	   0.0063375     0.0097333
      D1PPE-a4d      0.026     0.047       0.146     0.391      0.117     0.855      0.484     0.496      0.538     0.892    0.676     0.806   0.398     0.179      0.038     0.02335  -1	  -0.0168296     0.0568349
     D1PPE-a50a      0.028     0.059       0.167     0.778     -0.166     0.854      0.433     0.262      0.323     0.869    0.679     0.769   0.777     0.177      0.260     0.02701  -1	   0.1754798     0.2399349
     D1PPE-a50b      0.026     0.058       0.163     0.732     -0.184     0.842      0.421     0.251      0.264     0.876    0.658     0.794   0.785     0.174      0.272     0.02657  -1	   0.1613002     0.2665318
     D1PPE-a50c      0.027     0.062       0.167     0.675     -0.099     0.865      0.418     0.276      0.473     0.881    0.609     0.826   0.747     0.165      0.271     0.02766  -1	   0.1167974     0.2016511
     D1PPE-a50d      0.027     0.063       0.172     0.735     -0.175     0.845      0.418     0.251      0.254     0.879    0.682     0.783   0.785     0.163      0.260     0.02711  -1	   0.1734979     0.2614177
     D1PPE-a51a      0.031     0.065       0.197     0.649      0.138     0.849      0.422     0.378      0.267     0.827    0.546     0.797   0.713     0.138      0.140     0.01905  -1	   0.1422675     0.1213723
     D1PPE-a51b      0.030     0.066       0.206     0.602      0.196     0.850      0.356     0.319      0.073     0.821    0.639     0.732   0.778     0.134      0.086     0.01909  -1	   0.1477763     0.2064225
     D1PPE-a51c      0.031     0.050       0.142     0.523     -0.572     0.856      0.513     0.433      0.977     0.885    0.656     0.806   0.528     0.168      0.232     0.02058  -1	   0.1389155     0.2215946
     D1PPE-a51d      0.027     0.059       0.163     0.770     -0.279     0.846      0.378     0.326      0.756     0.872    0.684     0.771   0.628     0.154      0.403     0.02411  -1	   0.1639047     0.2095126
     D1PPE-a52a      0.029     0.059       0.172     0.762     -0.134     0.862      0.405     0.233      0.235     0.898    0.678     0.814   0.703     0.170      0.272     0.02690  -1	   0.1932168     0.2752973
     D1PPE-a52b      0.030     0.064       0.180     0.622     -0.355     0.852      0.440     0.434      0.379     0.851    0.662     0.756   0.471     0.124      0.430     0.01668  -1	   0.1890768     0.1499742
     D1PPE-a52c      0.030     0.067       0.197     0.659      0.117     0.858      0.399     0.328      0.933     0.867    0.664     0.777   0.780     0.136      0.154     0.01913  -1	   0.2425732     0.2306870
     D1PPE-a52d      0.028     0.059       0.180     0.697      0.106     0.846      0.340     0.274      0.103     0.921    0.573     0.891   0.780     0.155      0.257     0.01927  -1	   0.2151633     0.2465700
     D1PPE-a53b      0.024     0.070       0.202     0.734     -0.384     0.865      0.382     0.377      0.670     0.875    0.674     0.781   0.593     0.113      0.400     0.01719  -1	   0.1545689     0.1647066
     D1PPE-a53c      0.019     0.068       0.210     0.649      0.575     0.847      0.402     0.456      0.236     0.881    0.611     0.825   0.823     0.134      0.137     0.01866  -1	   0.5039268     0.3392788
     D1PPE-a53d      0.025     0.069       0.202     0.756     -0.422     0.862      0.380     0.371      0.744     0.879    0.678     0.784   0.000     0.117      0.383     0.01723  -1	   0.1446351     0.1424776
     D1PPE-a54a      0.038     0.043       0.124     0.638     -0.395     0.869      0.494     0.529      1.000     0.895    0.690     0.802   0.644     0.206      0.007     0.01525  -1	   0.0994739     0.0930838
     D1PPE-a54b      0.038     0.041       0.124     0.604     -0.066     0.872      0.535     0.594      1.000     0.931    0.773     0.814   0.756     0.201      0.047     0.01480  -1	   0.1136225     0.0670659
     D1PPE-a54c      0.033     0.046       0.120     0.744     -0.384     0.863      0.548     0.619      0.727     0.876    0.651     0.796   0.724     0.183      0.122     0.01452  -1	   0.0542793     0.0206268
     D1PPE-a54d      0.032     0.045       0.124     0.681     -0.546     0.872      0.527     0.639      0.439     0.826    0.612     0.757   0.663     0.215      0.146     0.01397  -1	   0.1033324     0.0339672
     D1PPE-a55a      0.039     0.042       0.124     0.661     -0.242     0.881      0.513     0.549      1.000     0.904    0.742     0.781   0.773     0.231      0.007     0.01517  -1	   0.0855878     0.0478282
     D1PPE-a55b      0.033     0.059       0.176     0.731      0.019     0.871      0.467     0.597      0.424     0.839    0.626     0.763   0.834     0.143      0.185     0.01830  -1	   0.1347664    -0.0000438
     D1PPE-a55c      0.030     0.059       0.172     0.719     -0.041     0.863      0.484     0.616      0.446     0.863    0.624     0.796   0.802     0.137      0.154     0.01836  -1	   0.0805845    -0.0224737
     D1PPE-a55d      0.034     0.049       0.146     0.748     -0.157     0.869      0.536     0.635      0.737     0.862    0.645     0.782   0.781     0.154      0.174     0.01797  -1	   0.0689792     0.0105898
     D1PPE-a56a      0.022     0.055       0.167     0.742      0.246     0.880      0.502     0.654      0.772     0.844    0.593     0.790   0.909     0.181      0.000     0.02260  -1	   0.1995944     0.0621154
     D1PPE-a56b      0.035     0.055       0.163     0.766     -0.019     0.867      0.472     0.579      0.654     0.850    0.644     0.766   0.793     0.142      0.173     0.01822  -1	   0.1226220     0.0427462
     D1PPE-a56c      0.024     0.053       0.146     0.708      0.302     0.865      0.480     0.727      0.444     0.841    0.597     0.784   0.974     0.194      0.082     0.01879  -1	   0.1810254    -0.0171718
     D1PPE-a56d      0.037     0.048       0.155     0.747     -0.149     0.860      0.540     0.635      0.660     0.832    0.633     0.751   0.812     0.145      0.174     0.01809  -1	   0.0604099    -0.0030059
     D1PPE-a57a      0.024     0.052       0.150     0.759      0.284     0.863      0.469     0.689      0.190     0.828    0.627     0.749   0.938     0.179      0.102     0.01874  -1	   0.2234138    -0.0120155
     D1PPE-a57b      0.025     0.054       0.167     0.637     -0.530     0.875      0.542     0.581      0.730     0.865    0.613     0.804   0.515     0.153      0.163     0.02183  -1	   0.0558090     0.0425647
     D1PPE-a57c      0.030     0.050       0.155     0.789      0.175     0.847      0.411     0.477      0.192     0.867    0.616     0.805   0.798     0.188      0.089     0.01959  -1	   0.1596388     0.0933217
     D1PPE-a57d      0.034     0.048       0.155     0.775      0.176     0.854      0.401     0.438      0.383     0.892    0.665     0.811   0.798     0.180      0.102     0.01932  -1	   0.1586060     0.1427982
     D1PPE-a58a      0.025     0.060       0.155     0.709     -0.554     0.864      0.466     0.458      0.207     0.847    0.639     0.766   0.518     0.182      0.223     0.02479  -1	   0.1998913     0.1416723
     D1PPE-a58b      0.031     0.046       0.155     0.775      0.183     0.859      0.431     0.499      0.334     0.850    0.659     0.757   0.798     0.175      0.144     0.01947  -1	   0.1934450     0.1302852
     D1PPE-a58c      0.021     0.050       0.150     0.641      0.423     0.881      0.530     0.651      0.827     0.837    0.633     0.757   0.822     0.182      0.133     0.02368  -1	   0.3737633     0.2066505
     D1PPE-a58d      0.030     0.051       0.142     0.761     -0.284     0.887      0.532     0.580      0.785     0.867    0.646     0.788   0.628     0.160      0.105     0.02222  -1	   0.0471391     0.0173670
     D1PPE-a59a      0.022     0.052       0.163     0.572     -0.513     0.870      0.533     0.393      0.285     0.867    0.632     0.795   0.389     0.167      0.408     0.03521  -1	   0.1702822     0.1838264
     D1PPE-a59b      0.022     0.057       0.146     0.742     -0.646     0.865      0.516     0.503      0.500     0.838    0.618     0.767   0.518     0.163      0.234     0.02294  -1	   0.1620568     0.0892931
     D1PPE-a59c      0.026     0.058       0.163     0.687     -0.435     0.888      0.516     0.365      0.322     0.853    0.656     0.763   0.000     0.165      0.216     0.03704  -1	   0.1034987     0.0930310
     D1PPE-a59d      0.022     0.061       0.155     0.769     -0.554     0.864      0.453     0.438      0.212     0.849    0.639     0.768   0.510     0.171      0.198     0.02473  -1	   0.1976010     0.1468892
      D1PPE-a5a      0.030     0.042       0.133     0.719      0.169     0.864      0.507     0.560      0.299     0.813    0.556     0.776   0.819     0.200      0.236     0.02102  -1	   0.1856689     0.0763055
      D1PPE-a5b      0.030     0.043       0.133     0.729      0.150     0.862      0.506     0.564      0.306     0.806    0.584     0.752   0.819     0.207      0.228     0.02114  -1	   0.1822651     0.0658554
      D1PPE-a5c      0.026     0.045       0.133     0.721      0.065     0.873      0.520     0.621      0.596     0.854    0.645     0.771   0.841     0.198      0.153     0.02095  -1	   0.0936335     0.0140522
      D1PPE-a5d      0.026     0.043       0.133     0.769      0.188     0.858      0.494     0.552      0.294     0.817    0.614     0.746   0.798     0.207      0.228     0.02098  -1	   0.2278432     0.1054228
     D1PPE-a60a      0.026     0.051       0.155     0.519     -0.434     0.868      0.529     0.413      0.394     0.849    0.634     0.771   0.000     0.173      0.154     0.03596  -1	   0.0016839     0.0648996
     D1PPE-a60b      0.026     0.051       0.150     0.582     -0.604     0.862      0.552     0.437      0.492     0.825    0.575     0.778   0.271     0.174      0.418     0.03697  -1	   0.1544841     0.1414679
     D1PPE-a60c      0.023     0.051       0.150     0.621     -0.504     0.883      0.525     0.395      0.292     0.814    0.600     0.751   0.515     0.171      0.415     0.03696  -1	   0.1892905     0.1917735
     D1PPE-a60d      0.028     0.051       0.150     0.632     -0.437     0.878      0.480     0.329      0.211     0.841    0.664     0.741   0.000     0.174      0.382     0.03736  -1	   0.2050547     0.2261882
     D1PPE-a61a      0.021     0.052       0.150     0.622     -0.565     0.860      0.523     0.402      0.527     0.893    0.710     0.785   0.397     0.204      0.379     0.03668  -1	   0.1791118     0.1829597
     D1PPE-a61b      0.021     0.052       0.159     0.623     -0.440     0.868      0.503     0.355      0.230     0.855    0.643     0.773   0.000     0.172      0.309     0.03683  -1	   0.1316973     0.1453544
     D1PPE-a61c      0.025     0.056       0.159     0.668     -0.518     0.876      0.520     0.368      0.256     0.818    0.631     0.734   0.582     0.172      0.201     0.03668  -1	   0.1259405     0.1755851
     D1PPE-a61d      0.032     0.042       0.120     0.544     -0.258     0.875      0.524     0.443      0.684     0.848    0.543     0.821   0.591     0.202      0.298     0.04644  -1	   0.0410762     0.1204356
     D1PPE-a62a      0.024     0.066       0.185     0.705      0.009     0.858      0.411     0.463      0.316     0.833    0.566     0.791   0.834     0.153      0.041     0.12607  -1	   0.0412071     0.0046671
     D1PPE-a62b      0.028     0.063       0.180     0.605     -0.277     0.863      0.470     0.519      0.534     0.888    0.681     0.796   0.515     0.147      0.088     0.12339  -1	   0.0048143     0.0219151
     D1PPE-a62c      0.028     0.054       0.180     0.719     -0.173     0.848      0.471     0.511      0.530     0.814    0.614     0.742   0.785     0.163      0.015     0.10370  -1	  -0.0153556    -0.0103657
     D1PPE-a62d      0.026     0.061       0.176     0.736     -0.591     0.863      0.368     0.261      0.779     0.858    0.633     0.784   0.518     0.148      0.240     0.10268  -1	   0.1116758     0.2504564
     D1PPE-a63a      0.024     0.066       0.176     0.699     -0.086     0.846      0.388     0.433      0.351     0.814    0.547     0.782   0.747     0.161      0.028     0.12575  -1	   0.0161116     0.0268993
     D1PPE-a63b      0.023     0.068       0.180     0.691     -0.157     0.850      0.400     0.453      0.345     0.829    0.625     0.752   0.730     0.153      0.053     0.12568  -1	   0.0174384     0.0180394
     D1PPE-a63c      0.026     0.051       0.159     0.661      0.420     0.844      0.474     0.415      0.320     0.833    0.627     0.756   0.945     0.164      0.191     0.19603  -1	   0.3287750     0.3223446
     D1PPE-a63d      0.022     0.067       0.176     0.701     -0.160     0.846      0.396     0.447      0.472     0.844    0.667     0.741   0.785     0.143      0.046     0.12606  -1	   0.0155338     0.0321194
     D1PPE-a64a      0.023     0.062       0.172     0.709     -0.074     0.848      0.420     0.479      0.146     0.883    0.612     0.827   0.802     0.154      0.040     0.12460  -1	   0.0070227    -0.0141620
     D1PPE-a64b      0.024     0.067       0.180     0.702     -0.090     0.845      0.375     0.415      0.412     0.832    0.604     0.768   0.802     0.144      0.037     0.12565  -1	   0.0170164     0.0453964
     D1PPE-a64c      0.028     0.062       0.180     0.686     -0.190     0.850      0.487     0.564      0.355     0.830    0.538     0.804   0.730     0.151      0.172     0.11295  -1	   0.0617471    -0.0225736
     D1PPE-a64d      0.031     0.055       0.155     0.518      0.196     0.862      0.518     0.345      0.303     0.813    0.609     0.743   0.499     0.185      0.739     0.10308  -1	   0.5093698     0.3370088
     D1PPE-a65a      0.030     0.051       0.137     0.531     -0.083     0.865      0.527     0.501      0.707     0.848    0.546     0.818   0.401     0.153      0.240     0.08699  -1	   0.0527489     0.0513147
     D1PPE-a65b      0.017     0.051       0.150     0.650     -0.004     0.758      0.489     0.470      0.550     0.997    0.831     0.986   0.747     0.149      0.252     0.08547  -1	   0.0404422     0.0187729
     D1PPE-a65c      0.032     0.057       0.155     0.692     -0.102     0.872      0.468     0.400      0.298     0.875    0.639     0.802   0.656     0.141      0.328     0.08143  -1	   0.1776417     0.1381784
     D1PPE-a65d      0.028     0.051       0.159     0.569     -0.820     0.872      0.542     0.407      0.842     0.826    0.609     0.758   0.271     0.160      0.287     0.15957  -1	   0.1829155     0.1855897
     D1PPE-a66a      0.035     0.055       0.155     0.543      0.101     0.866      0.538     0.355      0.146     0.828    0.636     0.744   0.434     0.191      0.775     0.10285  -1	   0.5976815     0.3361481
     D1PPE-a66b      0.027     0.049       0.142     0.779     -0.802     0.865      0.540     0.526      0.975     0.845    0.608     0.783   0.000     0.164      0.254     0.03216  -1	   0.1577719     0.0932198
     D1PPE-a66c      0.030     0.049       0.129     0.646      0.248     0.888      0.513     0.550      0.172     0.838    0.563     0.799   0.784     0.226      0.816     0.05478  -1	   0.7405693     0.1819141
     D1PPE-a66d      0.033     0.056       0.159     0.521      0.069     0.869      0.525     0.338      0.181     0.821    0.647     0.727   0.459     0.190      0.739     0.10307  -1	   0.5268046     0.3471794
     D1PPE-a67a      0.032     0.049       0.129     0.625      0.062     0.849      0.532     0.590      0.112     0.839    0.622     0.766   0.761     0.183      0.697     0.05813  -1	   0.5557372     0.0648021
     D1PPE-a67b      0.028     0.059       0.167     0.756     -0.099     0.861      0.411     0.246      0.282     0.867    0.655     0.783   0.793     0.164      0.291     0.02709  -1	   0.1970408     0.2824040
     D1PPE-a67c      0.028     0.059       0.167     0.773     -0.158     0.863      0.406     0.239      0.258     0.880    0.680     0.786   0.777     0.161      0.260     0.02703  -1	   0.1811406     0.2857694
     D1PPE-a67d      0.020     0.043       0.129     0.675     -0.104     0.862      0.556     0.717      0.919     0.822    0.562     0.781   0.788     0.207      0.223     0.03750  -1	   0.0730515     0.0159812
     D1PPE-a68a      0.028     0.064       0.172     0.719     -0.041     0.841      0.381     0.233      0.357     0.880    0.674     0.789   0.802     0.167      0.262     0.02750  -1	   0.1759972     0.2716302
     D1PPE-a68b      0.030     0.043       0.142     0.528     -0.528     0.862      0.549     0.448      0.844     0.834    0.567     0.792   0.528     0.180      0.396     0.02236  -1	   0.0966687     0.1765034
     D1PPE-a68c      0.026     0.050       0.155     0.699     -0.328     0.850      0.458     0.353      0.763     0.936    0.653     0.883   0.812     0.185      0.229     0.02493  -1	   0.0663787     0.1494963
     D1PPE-a68d      0.028     0.060       0.172     0.747     -0.166     0.853      0.398     0.227      0.313     0.880    0.675     0.787   0.785     0.163      0.260     0.02710  -1	   0.1577271     0.2801674
     D1PPE-a69a      0.025     0.056       0.163     0.606     -0.392     0.846      0.457     0.391      0.687     0.852    0.636     0.774   0.471     0.164      0.300     0.02418  -1	   0.0751315     0.1467174
     D1PPE-a69b      0.027     0.061       0.176     0.680     -0.158     0.859      0.380     0.214      0.361     0.865    0.624     0.798   0.730     0.152      0.194     0.02777  -1	   0.0704579     0.2632941
     D1PPE-a69c      0.027     0.060       0.167     0.692     -0.136     0.858      0.424     0.260      0.341     0.844    0.631     0.767   0.656     0.163      0.277     0.02780  -1	   0.1389384     0.2373633
     D1PPE-a69d      0.025     0.062       0.167     0.756     -0.099     0.861      0.399     0.239      0.292     0.873    0.632     0.804   0.793     0.149      0.260     0.02719  -1	   0.1644506     0.2662543
      D1PPE-a6a      0.028     0.043       0.129     0.774      0.143     0.858      0.512     0.577      0.281     0.848    0.611     0.784   0.831     0.194      0.199     0.02096  -1	   0.1833975     0.0689332
      D1PPE-a6b      0.025     0.058       0.163     0.680      0.129     0.842      0.474     0.595      0.360     0.908    0.693     0.820   0.780     0.150      0.067     0.02426  -1	   0.0739918    -0.0122265
      D1PPE-a6c      0.027     0.054       0.137     0.707     -0.552     0.872      0.485     0.415      0.345     0.860    0.560     0.825   0.518     0.192      0.077     0.01978  -1	   0.0862141     0.1193812
      D1PPE-a6d      0.027     0.053       0.142     0.728     -0.313     0.870      0.488     0.421      0.328     0.836    0.617     0.766   0.636     0.188      0.102     0.01983  -1	   0.0395906     0.0763194
     D1PPE-a70a      0.028     0.066       0.193     0.621      0.147     0.843      0.398     0.361      0.139     0.812    0.584     0.759   0.713     0.129      0.169     0.01910  -1	   0.1655691     0.1583471
     D1PPE-a70b      0.022     0.061       0.163     0.702     -0.288     0.860      0.458     0.278      0.448     0.892    0.660     0.814   0.636     0.153      0.243     0.02718  -1	   0.0869717     0.1801683
     D1PPE-a70c      0.031     0.067       0.197     0.671      0.152     0.867      0.401     0.357      0.290     0.793    0.581     0.739   0.845     0.140      0.165     0.01931  -1	   0.1876691     0.1690577
     D1PPE-a70d      0.027     0.060       0.172     0.738     -0.048     0.851      0.461     0.380      0.366     0.885    0.668     0.799   0.802     0.159      0.187     0.02815  -1	   0.1165825     0.1088479
     D1PPE-a71a      0.033     0.068       0.197     0.705     -0.011     0.872      0.380     0.301      0.223     0.804    0.589     0.746   0.802     0.137      0.155     0.01934  -1	   0.1323732     0.1857127
     D1PPE-a71b      0.027     0.059       0.172     0.759     -0.201     0.847      0.398     0.226      0.264     0.875    0.674     0.781   0.683     0.175      0.272     0.02691  -1	   0.1833273     0.2832378
     D1PPE-a71c      0.032     0.068       0.180     0.642     -0.099     0.842      0.470     0.432      1.000     0.931    0.776     0.812   0.680     0.146      0.235     0.01564  -1	   0.1976224     0.1447520
     D1PPE-a71d      0.025     0.069       0.189     0.663     -0.245     0.850      0.508     0.617      0.320     0.862    0.590     0.812   0.637     0.130      0.075     0.01844  -1	   0.0049867    -0.0547705
     D1PPE-a72a      0.033     0.055       0.172     0.671      0.079     0.828      0.457     0.646      0.429     0.878    0.571     0.840   0.805     0.184      0.132     0.01675  -1	   0.0905050    -0.0117206
     D1PPE-a72b      0.029     0.069       0.193     0.667     -0.496     0.847      0.443     0.460      0.530     0.879    0.682     0.782   0.613     0.154      0.239     0.01670  -1	   0.1213016     0.0935246
     D1PPE-a72c      0.032     0.062       0.172     0.681     -0.057     0.868      0.387     0.315      0.428     0.844    0.642     0.760   0.747     0.149      0.101     0.01963  -1	   0.0547611     0.1598286
     D1PPE-a72d      0.030     0.053       0.155     0.656     -0.195     0.844      0.461     0.627      0.415     0.864    0.620     0.799   0.730     0.169      0.118     0.01671  -1	   0.0116723    -0.0204866
     D1PPE-a73a      0.029     0.052       0.155     0.664     -0.072     0.849      0.449     0.604      0.465     0.883    0.651     0.805   0.747     0.169      0.119     0.01664  -1	   0.0270476    -0.0040938
     D1PPE-a73b      0.031     0.044       0.133     0.742      0.312     0.854      0.437     0.410      0.560     0.846    0.659     0.751   0.896     0.200      0.106     0.01521  -1	   0.2202919     0.2343294
     D1PPE-a73c      0.030     0.053       0.155     0.653     -0.196     0.844      0.469     0.642      0.765     0.855    0.585     0.807   0.730     0.177      0.110     0.01660  -1	   0.0449404     0.0372980
     D1PPE-a73d      0.023     0.049       0.142     0.693      0.298     0.854      0.449     0.445      0.734     0.842    0.637     0.761   0.872     0.165      0.065     0.01555  -1	   0.2079922     0.1878153
     D1PPE-a74a      0.029     0.053       0.155     0.647     -0.127     0.860      0.446     0.610      0.634     0.866    0.667     0.774   0.589     0.165      0.110     0.01663  -1	   0.0338474     0.0395559
     D1PPE-a74b      0.032     0.050       0.150     0.697      0.242     0.854      0.411     0.426      0.884     0.925    0.700     0.846   0.840     0.186      0.166     0.01941  -1	   0.2680724     0.2455236
     D1PPE-a74c      0.024     0.047       0.142     0.687      0.347     0.791      0.394     0.390      0.750     0.961    0.620     0.933   0.872     0.190      0.125     0.01493  -1	   0.2254536     0.2392950
     D1PPE-a74d      0.024     0.052       0.155     0.732     -0.194     0.858      0.475     0.567      0.462     0.860    0.626     0.791   0.785     0.199      0.019     0.01623  -1	  -0.0180508    -0.0339559
     D1PPE-a75a      0.026     0.051       0.180     0.613      0.146     0.850      0.485     0.600      0.787     0.888    0.672     0.801   0.713     0.142      0.293     0.01995  -1	   0.2187261     0.1503834
     D1PPE-a75b      0.026     0.050       0.155     0.813     -0.071     0.841      0.482     0.564      0.338     0.873    0.680     0.775   0.687     0.175      0.057     0.01575  -1	   0.0557727     0.0121138
     D1PPE-a75c      0.025     0.046       0.155     0.609      0.281     0.875      0.535     0.654      0.692     0.834    0.646     0.744   0.816     0.156      0.129     0.01957  -1	   0.2064135     0.1134857
     D1PPE-a75d      0.028     0.042       0.137     0.673      0.275     0.857      0.469     0.453      0.577     0.836    0.619     0.764   0.872     0.193      0.110     0.01508  -1	   0.1602099     0.1754165
     D1PPE-a76a      0.035     0.056       0.176     0.569      0.018     0.883      0.500     0.625      0.998     0.844    0.664     0.746   0.587     0.150      0.323     0.01787  -1	   0.2180157     0.1591768
     D1PPE-a76b      0.026     0.050       0.150     0.804     -0.136     0.829      0.511     0.595      0.548     0.851    0.615     0.785   0.663     0.184      0.057     0.01573  -1	   0.0293085    -0.0057659
     D1PPE-a76c      0.027     0.050       0.163     0.798      0.161     0.860      0.486     0.568      0.245     0.875    0.660     0.790   0.798     0.164      0.131     0.01992  -1	   0.1909284     0.0802830
     D1PPE-a76d      0.032     0.042       0.133     0.638      0.481     0.880      0.439     0.467      0.293     0.855    0.531     0.833   0.836     0.221      0.173     0.02823  -1	   0.3384230     0.2945600
     D1PPE-a77a      0.022     0.058       0.146     0.738     -0.638     0.861      0.495     0.486      0.595     0.871    0.640     0.797   0.518     0.159      0.273     0.02357  -1	   0.1631212     0.1161327
     D1PPE-a77b      0.026     0.051       0.146     0.578     -0.366     0.875      0.554     0.443      0.287     0.816    0.574     0.769   0.345     0.166      0.221     0.03665  -1	   0.0366234     0.0673953
     D1PPE-a77c      0.023     0.057       0.146     0.770     -0.703     0.865      0.484     0.463      0.610     0.861    0.614     0.799   0.757     0.157      0.234     0.02298  -1	   0.1872471     0.1396413
     D1PPE-a77d      0.021     0.052       0.150     0.517     -0.586     0.874      0.544     0.441      0.345     0.860    0.610     0.800   0.118     0.179      0.293     0.03621  -1	   0.0986678     0.1315003
     D1PPE-a78a      0.028     0.050       0.159     0.668     -0.239     0.871      0.478     0.496      0.624     0.854    0.620     0.786   0.773     0.155      0.137     0.03178  -1	   0.0109726     0.0437710
     D1PPE-a78b      0.031     0.058       0.150     0.718     -0.484     0.878      0.479     0.372      0.607     0.855    0.611     0.793   0.667     0.159      0.206     0.03268  -1	   0.0879664     0.1291643
     D1PPE-a78c      0.025     0.052       0.150     0.566     -0.598     0.868      0.551     0.436      0.570     0.852    0.635     0.775   0.271     0.179      0.293     0.03629  -1	   0.1074866     0.1248208
     D1PPE-a78d      0.023     0.052       0.159     0.655     -0.431     0.863      0.500     0.341      0.375     0.860    0.608     0.800   0.000     0.176      0.366     0.03820  -1	   0.1285493     0.1175368
     D1PPE-a79a      0.022     0.065       0.185     0.691     -0.101     0.837      0.401     0.450      0.553     0.825    0.567     0.783   0.656     0.144      0.030     0.12513  -1	   0.0187225     0.0356289
     D1PPE-a79b      0.029     0.043       0.112     0.705     -0.180     0.877      0.526     0.507      0.292     0.829    0.635     0.745   0.781     0.214      0.220     0.04057  -1	   0.0915573     0.0592499
     D1PPE-a79c      0.026     0.052       0.150     0.612     -0.579     0.874      0.529     0.396      0.697     0.829    0.623     0.754   0.397     0.166      0.349     0.03744  -1	   0.1083428     0.1514048
     D1PPE-a79d      0.024     0.052       0.155     0.565     -0.524     0.868      0.563     0.446      0.483     0.858    0.593     0.805   0.389     0.179      0.196     0.03690  -1	   0.0547418     0.0769795
      D1PPE-a7a      0.021     0.052       0.176     0.719      0.262     0.839      0.394     0.477      0.162     0.932    0.605     0.896   0.946     0.167      0.114     0.01991  -1	   0.1522943     0.0709122
      D1PPE-a7b      0.023     0.060       0.155     0.705     -0.594     0.867      0.505     0.501      0.326     0.849    0.655     0.758   0.518     0.190      0.209     0.02510  -1	   0.1772401     0.0923645
      D1PPE-a7c      0.036     0.070       0.215     0.644     -0.097     0.884      0.461     0.623      0.880     0.870    0.617     0.807   0.680     0.136      0.011     0.01989  -1	   0.1242034     0.0633080
      D1PPE-a7d      0.025     0.061       0.189     0.695      0.001     0.876      0.451     0.622      0.477     0.833    0.603     0.771   0.780     0.143      0.101     0.02019  -1	   0.0643343    -0.0142212
     D1PPE-a80a      0.024     0.065       0.189     0.709     -0.087     0.845      0.372     0.413      0.448     0.836    0.593     0.780   0.802     0.148      0.045     0.12615  -1	   0.0190138     0.0495434
     D1PPE-a80b      0.030     0.060       0.176     0.765     -0.140     0.842      0.432     0.506      0.440     0.835    0.638     0.752   0.703     0.168      0.058     0.11946  -1	   0.0390202     0.0042555
     D1PPE-a80c      0.023     0.065       0.176     0.702      0.005     0.844      0.395     0.438      0.162     0.824    0.569     0.780   0.834     0.165      0.037     0.12493  -1	   0.0420248     0.0146260
     D1PPE-a80d      0.033     0.057       0.163     0.678     -0.145     0.846      0.477     0.504      0.316     0.864    0.663     0.772   0.656     0.168      0.117     0.10929  -1	   0.0478789     0.0185676
     D1PPE-a81a      0.035     0.058       0.150     0.700     -0.459     0.860      0.441     0.373      0.704     0.853    0.665     0.756   0.667     0.192      0.172     0.04043  -1	   0.0953862     0.1405217
     D1PPE-a81b      0.033     0.052       0.133     0.752     -0.385     0.860      0.524     0.488      0.691     0.862    0.666     0.768   0.585     0.222      0.146     0.04089  -1	   0.0835805     0.0374270
     D1PPE-a81c      0.028     0.047       0.133     0.765      0.326     0.835      0.476     0.643      0.371     0.843    0.656     0.749   0.875     0.224      0.110     0.03122  -1	   0.2340068     0.0686864
     D1PPE-a81d      0.035     0.059       0.159     0.700     -0.522     0.851      0.486     0.420      0.601     0.840    0.654     0.747   0.636     0.189      0.177     0.04040  -1	   0.1145133     0.0996232
     D1PPE-a82a      0.034     0.056       0.155     0.531      0.070     0.864      0.541     0.357      0.145     0.852    0.611     0.789   0.459     0.196      0.739     0.10806  -1	   0.5229093     0.2882006
     D1PPE-a82b      0.033     0.051       0.133     0.701     -0.529     0.854      0.512     0.455      0.644     0.854    0.609     0.792   0.636     0.221      0.132     0.04106  -1	   0.1072769     0.0880055
     D1PPE-a82c      0.034     0.040       0.116     0.746     -0.335     0.863      0.535     0.476      0.393     0.823    0.630     0.740   0.836     0.169      0.350     0.02794  -1	   0.1588636     0.1129369
     D1PPE-a82d      0.036     0.062       0.172     0.690     -0.231     0.839      0.465     0.387      0.549     0.856    0.601     0.798   0.637     0.144      0.198     0.03115  -1	   0.0751605     0.0853987
     D1PPE-a83a      0.030     0.051       0.159     0.510     -0.750     0.854      0.499     0.363      0.873     0.810    0.591     0.752   0.365     0.155      0.275     0.16004  -1	   0.1713200     0.2527669
     D1PPE-a83b      0.032     0.052       0.133     0.752     -0.377     0.862      0.547     0.506      0.732     0.860    0.611     0.799   0.585     0.174      0.221     0.04230  -1	   0.0829184     0.0393562
     D1PPE-a83c      0.032     0.054       0.163     0.642      0.162     0.870      0.487     0.332      0.206     0.825    0.596     0.765   0.778     0.178      0.159     0.11075  -1	   0.1484266     0.2381579
     D1PPE-a83d      0.033     0.053       0.142     0.768     -0.319     0.849      0.545     0.481      0.545     0.847    0.620     0.778   0.628     0.191      0.237     0.04303  -1	   0.1050955     0.0409649
     D1PPE-a84a      0.027     0.046       0.129     0.695      0.070     0.849      0.487     0.572      0.294     0.849    0.634     0.771   0.817     0.196      0.049     0.01932  -1	   0.0249052    -0.0144588
     D1PPE-a84b      0.028     0.051       0.146     0.691     -0.827     0.864      0.526     0.559      0.951     0.827    0.645     0.736   0.464     0.171      0.206     0.03171  -1	   0.2152430     0.1383222
     D1PPE-a84c      0.030     0.052       0.150     0.798     -0.149     0.859      0.465     0.377      0.390     0.838    0.602     0.778   0.703     0.184      0.319     0.03870  -1	   0.1805834     0.1360110
     D1PPE-a84d      0.027     0.044       0.124     0.599     -0.025     0.868      0.497     0.478      0.662     0.886    0.616     0.830   0.778     0.212      0.459     0.05556  -1	   0.1515509     0.1407015
     D1PPE-a85a      0.031     0.053       0.167     0.565     -0.325     0.849      0.471     0.410      0.589     0.857    0.615     0.792   0.389     0.159      0.137     0.02017  -1	   0.0073838     0.0878525
     D1PPE-a85b      0.026     0.049       0.142     0.700     -0.807     0.861      0.575     0.614      0.950     0.836    0.646     0.748   0.000     0.171      0.194     0.03157  -1	   0.1677150     0.0717849
     D1PPE-a85c      0.031     0.044       0.129     0.706     -0.044     0.858      0.468     0.318      0.473     0.828    0.610     0.760   0.876     0.175      0.423     0.02348  -1	   0.1911327     0.2663501
     D1PPE-a85d      0.024     0.058       0.167     0.651     -0.041     0.854      0.409     0.249      0.298     0.884    0.681     0.790   0.747     0.151      0.298     0.02687  -1	   0.1588055     0.3014637
     D1PPE-a86a      0.026     0.061       0.167     0.705     -0.208     0.847      0.452     0.292      0.366     0.851    0.591     0.799   0.691     0.174      0.296     0.02687  -1	   0.1380885     0.1805454
     D1PPE-a86b      0.030     0.059       0.176     0.576     -0.281     0.842      0.436     0.349      0.306     0.847    0.616     0.780   0.389     0.146      0.139     0.02009  -1	   0.0095332     0.1241254
     D1PPE-a86c      0.025     0.057       0.163     0.764     -0.088     0.860      0.425     0.265      0.376     0.858    0.637     0.781   0.793     0.168      0.316     0.02697  -1	   0.1885686     0.2476681
     D1PPE-a86d      0.029     0.049       0.146     0.747     -0.850     0.855      0.558     0.572      0.964     0.830    0.626     0.752   0.000     0.163      0.185     0.03191  -1	   0.1827252     0.0709015
     D1PPE-a87a      0.024     0.058       0.163     0.701     -0.166     0.852      0.415     0.263      0.483     0.870    0.654     0.787   0.785     0.147      0.205     0.02707  -1	   0.0681755     0.2174429
     D1PPE-a87b      0.027     0.060       0.193     0.656     -0.054     0.855      0.340     0.262      0.213     0.944    0.562     0.922   0.747     0.144      0.051     0.01957  -1	  -0.0269488     0.1466411
     D1PPE-a87c      0.029     0.047       0.137     0.617     -0.336     0.882      0.547     0.446      0.960     0.876    0.720     0.751   0.756     0.183      0.328     0.02240  -1	   0.1022282     0.1546316
     D1PPE-a87d      0.025     0.042       0.120     0.747      0.037     0.819      0.495     0.552      0.763     0.892    0.677     0.805   0.805     0.200      0.123     0.02276  -1	   0.0805154     0.0433799
     D1PPE-a88a      0.024     0.031       0.112     0.805      0.143     0.849      0.555     0.672      0.770     0.870    0.666     0.780   0.702     0.219      0.076     0.01457  -1	   0.1193045     0.0759760
     D1PPE-a88b      0.029     0.066       0.185     0.618     -0.563     0.852      0.475     0.500      0.857     0.883    0.698     0.778   0.397     0.142      0.257     0.01644  -1	   0.1247829     0.1363324
     D1PPE-a88c      0.029     0.059       0.176     0.679     -0.092     0.857      0.382     0.216      0.294     0.860    0.657     0.772   0.747     0.153      0.223     0.02773  -1	   0.1146725     0.3038176
     D1PPE-a88d      0.030     0.052       0.159     0.655     -0.169     0.855      0.474     0.642      0.575     0.862    0.674     0.763   0.730     0.165      0.110     0.01661  -1	   0.0173003    -0.0057210
     D1PPE-a89a      0.031     0.052       0.155     0.595     -0.234     0.862      0.498     0.663      0.573     0.859    0.646     0.776   0.444     0.167      0.087     0.01669  -1	  -0.0022828     0.0108736
     D1PPE-a89b      0.034     0.055       0.167     0.585      0.068     0.841      0.467     0.645      0.461     0.873    0.613     0.813   0.612     0.175      0.133     0.01672  -1	   0.0681488     0.0106063
     D1PPE-a89c      0.028     0.054       0.155     0.623     -0.023     0.851      0.485     0.653      0.384     0.860    0.667     0.765   0.680     0.169      0.110     0.01669  -1	   0.0308633    -0.0377907
     D1PPE-a89d      0.030     0.052       0.155     0.640     -0.124     0.847      0.452     0.612      0.464     0.882    0.713     0.764   0.589     0.153      0.110     0.01665  -1	   0.0253323     0.0166872
      D1PPE-a8a      0.019     0.054       0.159     0.728      0.131     0.873      0.545     0.610      0.583     0.866    0.611     0.806   0.834     0.181      0.143     0.02565  -1	   0.1363021     0.0303826
      D1PPE-a8b      0.022     0.047       0.116     0.614     -0.769     0.847      0.598     0.625      0.937     0.814    0.556     0.776   0.584     0.189      0.239     0.03681  -1	   0.2341748     0.1377970
      D1PPE-a8c      0.018     0.044       0.124     0.771     -0.400     0.854      0.540     0.652      0.795     0.833    0.636     0.749   0.703     0.194      0.233     0.03082  -1	   0.0646112     0.0203500
      D1PPE-a8d      0.027     0.049       0.155     0.731      0.299     0.854      0.473     0.549      0.469     0.873    0.678     0.775   0.896     0.171      0.115     0.02023  -1	   0.2250000     0.1405702
     D1PPE-a90a      0.028     0.055       0.159     0.684     -0.164     0.852      0.443     0.615      0.515     0.877    0.687     0.776   0.730     0.175      0.119     0.01669  -1	   0.0327468    -0.0042284
     D1PPE-a90b      0.028     0.053       0.163     0.648     -0.201     0.841      0.444     0.602      0.501     0.882    0.667     0.796   0.570     0.160      0.119     0.01663  -1	   0.0116786     0.0205728
     D1PPE-a90c      0.028     0.047       0.155     0.804      0.052     0.836      0.466     0.516      0.479     0.845    0.621     0.775   0.692     0.171      0.109     0.01554  -1	   0.0988538     0.0624972
     D1PPE-a90d      0.026     0.057       0.176     0.686      0.162     0.837      0.427     0.551      0.393     0.865    0.666     0.772   0.845     0.142      0.063     0.01655  -1	   0.0979679     0.0286586
     D1PPE-a91a      0.025     0.059       0.185     0.754      0.140     0.833      0.404     0.522      0.978     0.874    0.615     0.813   0.826     0.139      0.073     0.01666  -1	   0.2224045     0.1366908
     D1PPE-a91b      0.016     0.051       0.180     0.777      0.165     0.814      0.452     0.514      0.356     0.969    0.681     0.934   0.892     0.176      0.104     0.01548  -1	   0.0817658     0.0196706
     D1PPE-a91c      0.027     0.049       0.146     0.699     -0.136     0.851      0.481     0.616      0.661     0.852    0.641     0.771   0.788     0.218      0.163     0.01564  -1	   0.0491295    -0.0040661
     D1PPE-a91d      0.028     0.050       0.146     0.805     -0.056     0.846      0.475     0.543      0.308     0.848    0.612     0.784   0.687     0.189      0.085     0.01571  -1	   0.0702545     0.0196989
     D1PPE-a92a      0.026     0.050       0.159     0.797     -0.048     0.839      0.496     0.562      0.345     0.844    0.640     0.761   0.855     0.166      0.060     0.01570  -1	   0.0397268    -0.0073707
     D1PPE-a92b      0.023     0.050       0.137     0.726     -0.067     0.840      0.500     0.647      0.653     0.862    0.659     0.772   0.836     0.185      0.125     0.01561  -1	   0.0483781    -0.0225417
     D1PPE-a92c      0.026     0.050       0.150     0.802     -0.145     0.839      0.518     0.615      0.403     0.873    0.640     0.799   0.663     0.197      0.075     0.01569  -1	   0.0416392    -0.0121309
     D1PPE-a92d      0.023     0.048       0.142     0.694      0.071     0.846      0.452     0.560      0.546     0.891    0.660     0.813   0.817     0.185      0.129     0.01565  -1	   0.0708776     0.0339799
     D1PPE-a93a      0.015     0.042       0.120     0.730      0.257     0.887      0.492     0.590      0.699     0.846    0.612     0.780   0.896     0.250      0.136     0.01757  -1	   0.1784463     0.0842165
     D1PPE-a93b      0.024     0.051       0.150     0.579     -0.489     0.860      0.541     0.629      0.692     0.842    0.664     0.741   0.420     0.169      0.017     0.01546  -1	   0.0240088     0.0163906
     D1PPE-a93c      0.026     0.047       0.137     0.688     -0.162     0.842      0.470     0.562      0.792     0.850    0.640     0.768   0.757     0.171      0.163     0.01565  -1	   0.0478916     0.0520470
     D1PPE-a93d      0.027     0.049       0.142     0.699     -0.021     0.834      0.498     0.616      0.501     0.842    0.649     0.753   0.852     0.173      0.125     0.01567  -1	   0.0449582    -0.0272579
     D1PPE-a94a      0.024     0.050       0.129     0.668     -0.142     0.850      0.507     0.578      0.845     0.861    0.670     0.764   0.788     0.191      0.263     0.02361  -1	   0.0890428     0.0480572
     D1PPE-a94b      0.021     0.058       0.146     0.747     -0.700     0.862      0.503     0.486      0.700     0.860    0.654     0.772   0.593     0.162      0.273     0.02331  -1	   0.1836667     0.1292958
     D1PPE-a94c      0.015     0.042       0.129     0.718      0.225     0.886      0.512     0.591      0.718     0.859    0.584     0.812   0.864     0.254      0.136     0.01748  -1	   0.1643456     0.0771017
     D1PPE-a94d      0.016     0.043       0.120     0.713      0.238     0.881      0.503     0.608      0.696     0.847    0.644     0.762   0.864     0.239      0.136     0.01759  -1	   0.1672134     0.0704415
     D1PPE-a95a      0.023     0.066       0.176     0.692     -0.082     0.851      0.386     0.428      0.373     0.798    0.546     0.766   0.747     0.157      0.037     0.12685  -1	   0.0180585     0.0350698
     D1PPE-a95b      0.022     0.044       0.137     0.584     -0.266     0.870      0.562     0.602      0.724     0.832    0.635     0.749   0.653     0.172      0.292     0.03023  -1	   0.0350225     0.0296048
     D1PPE-a95c      0.026     0.055       0.159     0.622     -0.598     0.884      0.556     0.425      0.415     0.823    0.650     0.727   0.397     0.166      0.201     0.03702  -1	   0.1021331     0.1103888
     D1PPE-a95d      0.023     0.048       0.155     0.666     -0.290     0.872      0.485     0.517      0.781     0.840    0.627     0.764   0.726     0.159      0.222     0.03128  -1	   0.0385873     0.0678393
     D1PPE-a96a      0.026     0.049       0.155     0.673     -0.217     0.870      0.421     0.438      0.777     0.835    0.646     0.745   0.773     0.164      0.148     0.03151  -1	   0.0328044     0.1175102
     D1PPE-a96b      0.023     0.056       0.155     0.685     -0.549     0.870      0.565     0.559      0.883     0.853    0.661     0.759   0.582     0.174      0.074     0.03350  -1	   0.0886569     0.0288888
     D1PPE-a96c      0.026     0.053       0.155     0.656      0.624     0.843      0.469     0.595      0.875     0.856    0.667     0.759   0.896     0.170      0.137     0.03086  -1	   0.6055395     0.4111885
     D1PPE-a96d      0.027     0.050       0.159     0.665     -0.288     0.867      0.435     0.449      0.637     0.835    0.637     0.752   0.726     0.153      0.165     0.03173  -1	   0.0194635     0.0972918
     D1PPE-a97a      0.027     0.046       0.124     0.691      0.103     0.844      0.495     0.579      0.342     0.845    0.653     0.754   0.827     0.213      0.058     0.01906  -1	   0.0441663    -0.0112448
     D1PPE-a97b      0.030     0.038       0.133     0.670      0.085     0.850      0.535     0.562      0.691     0.864    0.636     0.789   0.817     0.189      0.174     0.02011  -1	   0.0894750     0.0669025
     D1PPE-a97c      0.025     0.052       0.146     0.800     -0.208     0.850      0.525     0.588      0.931     0.828    0.656     0.730   0.520     0.178      0.070     0.01782  -1	   0.0771696     0.0093442
     D1PPE-a97d      0.029     0.045       0.133     0.689      0.083     0.846      0.503     0.593      0.302     0.822    0.609     0.754   0.817     0.192      0.058     0.01886  -1	   0.0325581    -0.0186335
     D1PPE-a98a      0.025     0.049       0.129     0.694     -0.071     0.857      0.585     0.643      0.667     0.855    0.534     0.832   0.812     0.205      0.112     0.01793  -1	   0.0471150    -0.0285035
     D1PPE-a98b      0.029     0.052       0.142     0.595     -0.302     0.873      0.485     0.453      0.350     0.853    0.616     0.786   0.389     0.166      0.452     0.01998  -1	   0.1609675     0.1323057
     D1PPE-a98c      0.034     0.049       0.146     0.705     -0.198     0.851      0.541     0.522      0.589     0.862    0.677     0.760   0.781     0.172      0.224     0.02738  -1	   0.0758178     0.0329180
     D1PPE-a98d      0.026     0.048       0.129     0.715     -0.051     0.862      0.581     0.643      0.788     0.854    0.627     0.781   0.836     0.190      0.117     0.01797  -1	   0.0646881    -0.0162555
     D1PPE-a99a      0.026     0.043       0.129     0.690     -0.052     0.855      0.607     0.675      0.541     0.839    0.617     0.769   0.812     0.208      0.118     0.01724  -1	   0.0203900    -0.0404885
     D1PPE-a99b      0.031     0.057       0.167     0.646     -0.212     0.849      0.532     0.471      0.316     0.865    0.665     0.772   0.570     0.151      0.218     0.02321  -1	   0.0821726     0.0516953
     D1PPE-a99c      0.027     0.049       0.129     0.599     -0.464     0.863      0.496     0.436      0.682     0.821    0.624     0.743   0.609     0.197      0.255     0.02039  -1	   0.0781457     0.1408016
     D1PPE-a99d      0.026     0.046       0.129     0.692      0.030     0.845      0.510     0.610      0.347     0.832    0.630     0.753   0.781     0.205      0.058     0.01910  -1	   0.0190736    -0.0346239
      D1PPE-a9a      0.028     0.057       0.150     0.751     -0.193     0.849      0.487     0.431      0.573     0.849    0.657     0.757   0.777     0.208      0.297     0.07577  -1	   0.1359427     0.0642839
      D1PPE-a9b      0.026     0.058       0.163     0.698     -0.416     0.871      0.455     0.468      0.980     0.863    0.693     0.751   0.000     0.164      0.213     0.02314  -1	   0.1090700     0.0945814
      D1PPE-a9c      0.022     0.049       0.146     0.812      0.187     0.865      0.533     0.532      0.399     0.810    0.633     0.724   0.669     0.173      0.125     0.06071  -1	   0.1979076     0.1369485
      D1PPE-a9d      0.020     0.046       0.129     0.710      0.182     0.871      0.553     0.702      0.728     0.862    0.657     0.775   0.819     0.214      0.141     0.03007  -1	   0.1566473     0.0375909
