      D1D6R-a9d      0.012     0.065       0.227     0.687      0.086     0.811      0.435     0.382      0.106     0.835    0.575     0.789   0.805     0.121      0.145     0.01171  -1	   0.1252655     0.0981336
      D1D6R-a0a      0.009     0.073       0.232     0.697      0.267     0.817      0.480     0.452      0.203     0.849    0.593     0.795   0.892     0.113      0.098     0.01245  -1	   0.2013089     0.1041463
      D1D6R-a0b      0.014     0.057       0.176     0.638      0.201     0.819      0.435     0.293      0.059     0.785    0.497     0.781   0.787     0.178      0.208     0.01113  -1	   0.1956522     0.2672368
      D1D6R-a0c      0.018     0.056       0.189     0.711     -0.544     0.816      0.488     0.508      0.125     0.798    0.528     0.777   0.636     0.161      0.320     0.01043  -1	   0.2679992     0.1053841
      D1D6R-a0d      0.017     0.055       0.180     0.628      0.049     0.813      0.529     0.504      0.326     0.782    0.507     0.773   0.713     0.147      0.244     0.00930  -1	   0.1029909     0.0283167
    D1D6R-a100a      0.007     0.064       0.206     0.669     -0.162     0.797      0.555     0.597      0.977     0.942    0.783     0.831   0.730     0.133      0.047     0.11810  -1	   0.0803413    -0.0025702
    D1D6R-a100b     -0.002     0.074       0.236     0.626      0.015     0.829      0.427     0.295      0.717     0.829    0.547     0.798   0.713     0.107      0.342     0.08299  -1	   0.1679970     0.1627316
    D1D6R-a100c      0.005     0.074       0.249     0.513      0.555     0.813      0.443     0.381      0.209     0.885    0.537     0.862   0.544     0.105      0.070     0.23134  -1	   0.3544461     0.2449317
    D1D6R-a100d      0.001     0.064       0.202     0.547      0.261     0.803      0.523     0.532      0.528     0.816    0.521     0.798   0.546     0.133     -0.011     0.15070  -1	   0.0934511     0.0251491
    D1D6R-a101a      0.007     0.053       0.180     0.717     -0.352     0.811      0.554     0.598      0.779     0.820    0.521     0.802   0.593     0.141      0.084     0.10690  -1	   0.0172411    -0.0087712
    D1D6R-a101b      0.013     0.054       0.176     0.664      0.035     0.797      0.520     0.625      0.667     0.806    0.501     0.799   0.780     0.170      0.136     0.06004  -1	   0.0654319    -0.0101004
    D1D6R-a101c      0.011     0.051       0.176     0.616      0.058     0.787      0.562     0.665      0.760     0.837    0.511     0.824   0.738     0.176      0.237     0.05629  -1	   0.0982460     0.0078717
    D1D6R-a101d      0.011     0.054       0.176     0.694     -0.034     0.807      0.548     0.668      0.633     0.829    0.511     0.816   0.747     0.168      0.129     0.06319  -1	   0.0446657    -0.0207358
    D1D6R-a102a      0.015     0.035       0.124     0.753      0.210     0.801      0.526     0.613      0.540     0.825    0.510     0.813   0.844     0.186     -0.005     0.03837  -1	   0.0385833     0.0279612
    D1D6R-a102b      0.015     0.050       0.176     0.718      0.291     0.815      0.540     0.569      0.512     0.813    0.515     0.799   0.896     0.145      0.067     0.01982  -1	   0.1547568     0.0908327
    D1D6R-a102c      0.011     0.055       0.176     0.681      0.068     0.802      0.535     0.649      0.642     0.808    0.494     0.804   0.805     0.165      0.136     0.06396  -1	   0.0789223    -0.0134258
    D1D6R-a102d      0.009     0.051       0.176     0.702     -0.051     0.782      0.492     0.563      0.536     0.888    0.545     0.862   0.802     0.186      0.250     0.06335  -1	   0.0763585    -0.0003341
    D1D6R-a103a      0.012     0.055       0.180     0.548      0.399     0.811      0.532     0.597      0.649     0.781    0.489     0.783   0.552     0.145      0.192     0.02458  -1	   0.2763379     0.1340927
    D1D6R-a103b      0.017     0.063       0.215     0.621      0.049     0.821      0.399     0.583      1.000     0.934    0.700     0.862   0.713     0.133      0.002     0.01781  -1	   0.1666246     0.1256374
    D1D6R-a103c      0.014     0.062       0.210     0.543      0.002     0.826      0.465     0.645      1.000     0.913    0.693     0.828   0.434     0.134     -0.037     0.01742  -1	   0.1548482     0.0788469
    D1D6R-a103d      0.019     0.044       0.155     0.659     -0.059     0.808      0.597     0.643      0.823     0.857    0.587     0.808   0.812     0.176      0.100     0.02145  -1	   0.0373936    -0.0131115
    D1D6R-a104a      0.015     0.074       0.227     0.699      0.087     0.849      0.393     0.361      0.143     0.832    0.518     0.815   0.805     0.118      0.085     0.01894  -1	   0.1093713     0.0770218
    D1D6R-a104b      0.009     0.066       0.227     0.688     -0.142     0.830      0.466     0.501      0.985     0.896    0.687     0.805   0.656     0.107      0.165     0.02058  -1	   0.1156011     0.0701499
    D1D6R-a104c      0.016     0.072       0.223     0.615      0.242     0.797      0.392     0.329      0.091     0.873    0.523     0.855   0.787     0.113      0.109     0.01933  -1	   0.1501034     0.1244798
    D1D6R-a104d      0.011     0.071       0.236     0.656     -0.170     0.815      0.469     0.509      0.928     0.867    0.558     0.833   0.730     0.106      0.188     0.02061  -1	   0.1085495     0.0552003
    D1D6R-a105a      0.013     0.054       0.180     0.609      0.131     0.811      0.473     0.346      0.540     0.812    0.533     0.788   0.713     0.135      0.065     0.01333  -1	   0.0472690     0.1244196
    D1D6R-a105b      0.011     0.055       0.185     0.578      0.175     0.794      0.493     0.417      0.120     0.794    0.516     0.779   0.652     0.143      0.157     0.01124  -1	   0.0866436     0.0950192
    D1D6R-a105c      0.018     0.058       0.206     0.698     -0.013     0.818      0.484     0.451      0.068     0.790    0.520     0.774   0.747     0.169      0.149     0.00932  -1	   0.1125294     0.0575794
    D1D6R-a105d      0.009     0.054       0.185     0.621      0.075     0.808      0.484     0.342      0.403     0.806    0.528     0.785   0.738     0.148      0.179     0.01266  -1	   0.0593436     0.1348869
    D1D6R-a106a      0.017     0.055       0.185     0.710      0.174     0.799      0.503     0.564      0.225     0.806    0.520     0.789   0.900     0.130      0.125     0.01622  -1	   0.1221501     0.0074022
    D1D6R-a106b      0.023     0.054       0.185     0.681      0.183     0.835      0.470     0.421      0.187     0.817    0.536     0.792   0.845     0.168      0.165     0.01812  -1	   0.1615531     0.1308385
    D1D6R-a106c      0.010     0.057       0.185     0.686      0.143     0.819      0.508     0.443      0.352     0.819    0.558     0.781   0.780     0.139      0.208     0.02510  -1	   0.1417391     0.0993629
    D1D6R-a106d      0.016     0.059       0.193     0.698      0.092     0.824      0.496     0.384      0.103     0.840    0.599     0.781   0.805     0.129      0.215     0.02229  -1	   0.1830961     0.1727388
     D1D6R-a10a      0.028     0.043       0.159     0.645      0.091     0.824      0.486     0.438      0.523     0.823    0.534     0.798   0.761     0.183      0.228     0.00887  -1	   0.0981077     0.1138449
     D1D6R-a10b      0.030     0.042       0.163     0.660      0.039     0.803      0.488     0.433      0.710     0.842    0.587     0.790   0.781     0.169      0.219     0.00886  -1	   0.0854397     0.1126649
     D1D6R-a10c      0.023     0.060       0.219     0.660     -0.218     0.803      0.446     0.488      0.067     0.840    0.578     0.793   0.637     0.134      0.099     0.01091  -1	   0.0332652     0.0095599
     D1D6R-a10d      0.016     0.053       0.197     0.721      0.387     0.802      0.516     0.480      0.237     0.825    0.525     0.805   0.952     0.128      0.246     0.01105  -1	   0.3561236     0.2484135
     D1D6R-a11a      0.025     0.043       0.159     0.665      0.076     0.804      0.488     0.446      0.459     0.794    0.554     0.757   0.817     0.173      0.212     0.00892  -1	   0.0800717     0.0950220
     D1D6R-a11b      0.023     0.062       0.240     0.619     -0.475     0.759      0.459     0.494      0.498     0.902    0.559     0.873   0.546     0.130      0.089     0.01093  -1	   0.0339347     0.0617758
     D1D6R-a11c      0.027     0.043       0.159     0.690      0.084     0.818      0.480     0.437      0.465     0.801    0.525     0.781   0.817     0.178      0.212     0.00892  -1	   0.0971671     0.1066632
     D1D6R-a11d      0.028     0.043       0.159     0.687      0.123     0.815      0.509     0.466      0.680     0.793    0.537     0.767   0.827     0.183      0.230     0.00890  -1	   0.1212663     0.0969586
     D1D6R-a12a      0.021     0.054       0.185     0.653     -0.144     0.810      0.417     0.342      0.265     0.859    0.591     0.807   0.656     0.161      0.343     0.01434  -1	   0.1498600     0.1667323
     D1D6R-a12b      0.021     0.058       0.210     0.671     -0.630     0.797      0.488     0.565      0.150     0.831    0.518     0.815   0.464     0.134      0.055     0.01135  -1	   0.1175162     0.0772032
     D1D6R-a12c      0.015     0.059       0.210     0.630      0.411     0.803      0.458     0.464      0.187     0.810    0.528     0.789   0.879     0.146      0.188     0.01112  -1	   0.3093311     0.1867742
     D1D6R-a12d      0.008     0.065       0.197     0.709      0.237     0.817      0.357     0.270      0.915     0.859    0.638     0.782   0.909     0.140      0.402     0.01250  -1	   0.3447870     0.3553755
     D1D6R-a13a      0.019     0.045       0.142     0.729     -0.128     0.805      0.455     0.429      0.226     0.789    0.506     0.780   0.812     0.177      0.213     0.01115  -1	   0.0952459     0.1037899
     D1D6R-a13b      0.021     0.043       0.129     0.703     -0.036     0.820      0.510     0.438      0.456     0.896    0.671     0.814   0.876     0.181      0.279     0.00966  -1	   0.1030514     0.1101702
     D1D6R-a13c      0.013     0.058       0.180     0.661      0.232     0.814      0.446     0.312      0.061     0.788    0.510     0.777   0.854     0.152      0.222     0.01112  -1	   0.2334607     0.2761675
     D1D6R-a13d      0.004     0.061       0.223     0.668     -0.174     0.792      0.432     0.223      0.852     0.850    0.580     0.803   0.730     0.111      0.137     0.01367  -1	   0.0422232     0.1544011
     D1D6R-a14a      0.008     0.050       0.155     0.692      0.205     0.816      0.537     0.424      0.391     0.782    0.507     0.773   0.840     0.153      0.142     0.01145  -1	   0.1056964     0.1306777
     D1D6R-a14b      0.020     0.042       0.155     0.627     -0.117     0.817      0.531     0.497      0.351     0.791    0.493     0.789   0.732     0.149      0.186     0.01189  -1	   0.0084110     0.0319902
     D1D6R-a14c      0.019     0.040       0.150     0.492     -0.114     0.822      0.546     0.519      0.732     0.802    0.512     0.790   0.588     0.162      0.194     0.01207  -1	   0.0041829     0.0453959
     D1D6R-a14d      0.011     0.052       0.180     0.643      0.099     0.787      0.522     0.401      0.990     0.921    0.708     0.834   0.738     0.120      0.211     0.02330  -1	   0.1790966     0.1552660
     D1D6R-a15a      0.020     0.054       0.197     0.706      0.012     0.863      0.447     0.287      0.051     0.804    0.530     0.781   0.834     0.155      0.488     0.02441  -1	   0.4040784     0.3476305
     D1D6R-a15b      0.015     0.049       0.180     0.549     -0.029     0.813      0.493     0.453      0.896     0.828    0.528     0.807   0.717     0.160      0.243     0.01299  -1	   0.0936859     0.1082428
     D1D6R-a15c      0.022     0.054       0.193     0.632     -0.188     0.804      0.463     0.392      0.788     0.858    0.609     0.797   0.664     0.158      0.285     0.01407  -1	   0.0719120     0.1034871
     D1D6R-a15d      0.018     0.053       0.180     0.762      0.005     0.848      0.414     0.220      0.152     0.828    0.554     0.793   0.826     0.154      0.412     0.02480  -1	   0.3185003     0.3872552
     D1D6R-a16a      0.021     0.070       0.240     0.654     -0.406     0.815      0.449     0.263      0.273     0.812    0.524     0.793   0.000     0.122      0.231     0.02693  -1	   0.0735940     0.0756063
     D1D6R-a16b      0.012     0.063       0.202     0.678     -0.520     0.799      0.403     0.239      0.988     0.890    0.612     0.836   0.582     0.160      0.216     0.01895  -1	   0.1161711     0.2055948
     D1D6R-a16c      0.019     0.070       0.219     0.709     -0.484     0.831      0.451     0.322      0.162     0.809    0.524     0.790   0.667     0.140      0.235     0.02557  -1	   0.1776394     0.1759938
     D1D6R-a16d      0.018     0.077       0.240     0.731     -0.396     0.819      0.413     0.240      0.084     0.878    0.591     0.830   0.593     0.137      0.247     0.02678  -1	   0.1985419     0.2142678
     D1D6R-a17a      0.017     0.066       0.206     0.601      0.117     0.841      0.473     0.294      0.060     0.803    0.570     0.757   0.713     0.117      0.457     0.04148  -1	   0.3813522     0.3288696
     D1D6R-a17b      0.018     0.052       0.146     0.693      0.065     0.839      0.562     0.488      0.513     0.809    0.534     0.785   0.805     0.182      0.452     0.01721  -1	   0.2212524     0.0716849
     D1D6R-a17c      0.027     0.051       0.172     0.715     -0.050     0.835      0.450     0.323      0.585     0.796    0.497     0.792   0.802     0.146      0.124     0.03530  -1	   0.0487719     0.1368148
     D1D6R-a17d      0.023     0.055       0.180     0.753      0.217     0.799      0.518     0.591      0.626     0.843    0.580     0.796   0.901     0.147      0.021     0.02210  -1	   0.1268905     0.0424750
     D1D6R-a18a      0.020     0.053       0.146     0.708      0.030     0.831      0.549     0.469      0.532     0.826    0.562     0.787   0.834     0.200      0.363     0.01720  -1	   0.1727593     0.0643159
     D1D6R-a18b      0.014     0.061       0.176     0.625      0.061     0.853      0.458     0.292      0.113     0.830    0.577     0.782   0.738     0.158      0.187     0.02439  -1	   0.1122991     0.2233711
     D1D6R-a18c      0.018     0.054       0.172     0.766      0.025     0.799      0.537     0.635      0.141     0.834    0.569     0.791   0.826     0.154      0.056     0.02225  -1	   0.0549441    -0.0338869
     D1D6R-a18d      0.012     0.065       0.193     0.638      0.107     0.827      0.576     0.550      0.060     0.791    0.525     0.771   0.713     0.152      0.180     0.02257  -1	   0.1504957     0.0196259
     D1D6R-a19a      0.015     0.066       0.189     0.666      0.247     0.835      0.494     0.332      0.041     0.799    0.528     0.778   0.854     0.142      0.155     0.03154  -1	   0.2222457     0.2557549
     D1D6R-a19b      0.017     0.061       0.172     0.600      0.158     0.841      0.479     0.327      0.162     0.799    0.534     0.775   0.778     0.162      0.223     0.02479  -1	   0.1607427     0.2136082
     D1D6R-a19c      0.018     0.062       0.180     0.627      0.070     0.846      0.453     0.291      0.167     0.851    0.578     0.805   0.738     0.162      0.213     0.02459  -1	   0.1327354     0.2131384
     D1D6R-a19d      0.008     0.057       0.176     0.611      0.061     0.830      0.536     0.355      0.455     0.807    0.524     0.788   0.738     0.130      0.235     0.02724  -1	   0.0833332     0.1335388
      D1D6R-a1a      0.019     0.058       0.197     0.650     -0.017     0.803      0.465     0.433      0.120     0.824    0.508     0.812   0.747     0.171      0.177     0.00935  -1	   0.0994722     0.0560343
      D1D6R-a1b      0.007     0.050       0.155     0.689      0.194     0.808      0.561     0.447      0.385     0.790    0.495     0.787   0.794     0.136      0.154     0.01143  -1	   0.1022865     0.1173580
      D1D6R-a1c      0.021     0.040       0.137     0.748      0.256     0.817      0.533     0.583      0.621     0.790    0.507     0.780   0.896     0.201      0.153     0.00973  -1	   0.1537604     0.0733859
      D1D6R-a1d      0.008     0.047       0.176     0.535      0.186     0.816      0.527     0.407      0.363     0.799    0.515     0.785   0.659     0.140      0.295     0.01030  -1	   0.1173363     0.1530791
     D1D6R-a20a      0.016     0.063       0.185     0.628      0.247     0.837      0.494     0.335      0.159     0.815    0.528     0.793   0.787     0.143      0.154     0.03116  -1	   0.1778391     0.2213951
     D1D6R-a20b      0.013     0.057       0.176     0.615      0.128     0.839      0.510     0.316      0.283     0.827    0.495     0.822   0.713     0.134      0.187     0.02784  -1	   0.0983772     0.1861169
     D1D6R-a20c      0.018     0.061       0.180     0.630      0.132     0.836      0.431     0.276      0.160     0.833    0.529     0.811   0.713     0.161      0.223     0.02428  -1	   0.1632745     0.2377076
     D1D6R-a20d      0.017     0.050       0.159     0.572     -0.068     0.840      0.445     0.298      0.434     0.819    0.532     0.796   0.738     0.185      0.256     0.01828  -1	   0.0458631     0.2054088
     D1D6R-a21a      0.018     0.049       0.163     0.585      0.249     0.835      0.437     0.283      0.684     0.809    0.548     0.776   0.767     0.176      0.295     0.01874  -1	   0.2076390     0.3171482
     D1D6R-a21b      0.016     0.065       0.189     0.670      0.070     0.839      0.446     0.276      0.060     0.817    0.529     0.796   0.805     0.165      0.234     0.02588  -1	   0.1997935     0.2545445
     D1D6R-a21c      0.019     0.062       0.180     0.636      0.153     0.821      0.421     0.249      0.164     0.815    0.541     0.786   0.778     0.152      0.269     0.02452  -1	   0.2136129     0.3068022
     D1D6R-a21d      0.015     0.068       0.193     0.714      0.321     0.818      0.523     0.380      0.056     0.815    0.529     0.793   0.974     0.138      0.142     0.03155  -1	   0.2839877     0.2652066
     D1D6R-a22a      0.006     0.050       0.159     0.733     -0.623     0.815      0.504     0.491      0.835     0.836    0.573     0.791   0.633     0.164     -0.030     0.01031  -1	   0.0982010     0.0594860
     D1D6R-a22b      0.008     0.052       0.172     0.649      0.134     0.824      0.488     0.327      0.414     0.803    0.553     0.767   0.713     0.134      0.113     0.03309  -1	   0.0543162     0.1654775
     D1D6R-a22c      0.012     0.066       0.232     0.663     -0.006     0.810      0.412     0.338      0.071     0.836    0.580     0.787   0.747     0.107      0.163     0.01160  -1	   0.1009552     0.1226209
     D1D6R-a22d      0.023     0.060       0.219     0.675     -0.448     0.798      0.471     0.535      0.199     0.829    0.580     0.780   0.000     0.124      0.089     0.01092  -1	   0.0290178     0.0184818
     D1D6R-a23a      0.025     0.057       0.202     0.642      0.114     0.832      0.414     0.396      0.346     0.791    0.549     0.758   0.713     0.135      0.249     0.01073  -1	   0.1612691     0.1435819
     D1D6R-a23b      0.028     0.056       0.206     0.649      0.220     0.816      0.403     0.384      0.362     0.807    0.553     0.772   0.787     0.133      0.235     0.01065  -1	   0.2136385     0.1918959
     D1D6R-a23c      0.027     0.056       0.206     0.650      0.198     0.820      0.408     0.396      0.419     0.796    0.552     0.761   0.845     0.138      0.235     0.01065  -1	   0.1963862     0.1740232
     D1D6R-a23d      0.013     0.065       0.227     0.715     -0.057     0.815      0.428     0.364      0.181     0.836    0.582     0.786   0.802     0.121      0.121     0.01164  -1	   0.0617038     0.0782791
     D1D6R-a24a      0.026     0.056       0.197     0.638      0.111     0.822      0.384     0.362      0.284     0.799    0.533     0.776   0.713     0.144      0.239     0.01065  -1	   0.1525223     0.1673590
     D1D6R-a24b      0.027     0.055       0.206     0.638      0.203     0.822      0.432     0.402      0.288     0.784    0.543     0.754   0.787     0.133      0.227     0.01067  -1	   0.1964758     0.1673875
     D1D6R-a24c      0.025     0.057       0.197     0.638      0.086     0.834      0.404     0.383      0.288     0.805    0.541     0.776   0.738     0.135      0.227     0.01077  -1	   0.1363709     0.1431105
     D1D6R-a24d      0.026     0.053       0.189     0.617      0.210     0.833      0.424     0.424      0.503     0.790    0.530     0.767   0.787     0.149      0.183     0.01045  -1	   0.1586927     0.1583757
     D1D6R-a25a      0.012     0.084       0.266     0.683      0.028     0.796      0.348     0.359      0.020     0.816    0.541     0.788   0.780     0.100      0.120     0.01244  -1	   0.1430152     0.0437000
     D1D6R-a25b      0.022     0.061       0.215     0.676     -0.195     0.799      0.435     0.473      0.043     0.849    0.568     0.808   0.730     0.129      0.104     0.01084  -1	   0.0478046     0.0151050
     D1D6R-a25c      0.009     0.065       0.223     0.628      0.081     0.834      0.442     0.438      0.151     0.812    0.545     0.781   0.738     0.123      0.314     0.01222  -1	   0.2153091     0.0805934
     D1D6R-a25d      0.024     0.061       0.219     0.700     -0.073     0.815      0.399     0.425      0.036     0.836    0.541     0.808   0.802     0.125      0.108     0.01082  -1	   0.0721986     0.0440111
     D1D6R-a26a      0.014     0.058       0.197     0.610      0.212     0.847      0.483     0.361      0.062     0.826    0.551     0.793   0.787     0.129      0.210     0.01101  -1	   0.1903331     0.2164377
     D1D6R-a26b      0.011     0.078       0.249     0.641     -0.177     0.810      0.401     0.286      0.036     0.883    0.628     0.819   0.664     0.128      0.104     0.01217  -1	   0.0423897     0.1049498
     D1D6R-a26c      0.015     0.056       0.197     0.644      0.182     0.845      0.454     0.328      0.566     0.804    0.540     0.776   0.778     0.124      0.108     0.01097  -1	   0.1245540     0.1922545
     D1D6R-a26d      0.001     0.062       0.210     0.684     -0.211     0.822      0.404     0.184      0.934     0.856    0.563     0.819   0.637     0.124      0.144     0.01390  -1	   0.0633882     0.1786635
     D1D6R-a27a      0.006     0.062       0.193     0.674      0.297     0.806      0.370     0.286      0.972     0.876    0.648     0.799   0.892     0.145      0.309     0.01227  -1	   0.3476829     0.3652970
     D1D6R-a27b      0.007     0.064       0.197     0.711      0.225     0.815      0.351     0.266      0.978     0.860    0.619     0.793   0.909     0.142      0.341     0.01251  -1	   0.3158235     0.3425946
     D1D6R-a27c      0.021     0.055       0.202     0.711      0.193     0.799      0.414     0.401      0.971     0.828    0.559     0.790   0.900     0.153      0.196     0.01081  -1	   0.2328197     0.1831628
     D1D6R-a27d      0.027     0.060       0.227     0.697     -0.544     0.787      0.380     0.398      0.069     0.838    0.556     0.802   0.582     0.129      0.080     0.01093  -1	   0.1212453     0.1665439
     D1D6R-a28a      0.013     0.048       0.180     0.696      0.179     0.809      0.486     0.422      0.388     0.835    0.518     0.818   0.794     0.167      0.111     0.01099  -1	   0.0891954     0.1131542
     D1D6R-a28b      0.003     0.063       0.215     0.613     -0.281     0.798      0.442     0.236      0.738     0.851    0.570     0.809   0.515     0.124      0.161     0.01388  -1	   0.0178801     0.1266760
     D1D6R-a28c      0.014     0.052       0.197     0.637      0.055     0.774      0.473     0.419      0.409     0.953    0.661     0.909   0.738     0.148      0.131     0.01120  -1	   0.0046581     0.0397034
     D1D6R-a28d      0.003     0.061       0.215     0.711     -0.224     0.810      0.417     0.215      0.993     0.888    0.641     0.819   0.691     0.119      0.137     0.01369  -1	   0.0695594     0.1579257
     D1D6R-a29a      0.017     0.046       0.163     0.631     -0.101     0.808      0.548     0.519      0.723     0.804    0.523     0.785   0.732     0.198      0.109     0.01106  -1	   0.0195816     0.0024406
     D1D6R-a29b      0.019     0.048       0.185     0.629      0.277     0.814      0.447     0.379      0.481     0.830    0.555     0.795   0.816     0.150      0.101     0.01090  -1	   0.1341645     0.1948020
     D1D6R-a29c      0.012     0.048       0.167     0.671     -0.347     0.813      0.521     0.388      0.657     0.852    0.555     0.819   0.812     0.184      0.193     0.01519  -1	   0.0361122     0.0824495
     D1D6R-a29d      0.010     0.055       0.167     0.698      0.382     0.806      0.412     0.327      0.518     0.849    0.558     0.813   0.898     0.164      0.358     0.01224  -1	   0.3751935     0.3511707
      D1D6R-a2a      0.021     0.058       0.189     0.601      0.046     0.807      0.480     0.421      0.132     0.797    0.487     0.798   0.713     0.164      0.178     0.00941  -1	   0.0939576     0.0723167
      D1D6R-a2b      0.026     0.051       0.185     0.653      0.010     0.817      0.490     0.465      0.193     0.878    0.627     0.813   0.780     0.165      0.412     0.01022  -1	   0.2603829     0.0957283
      D1D6R-a2c      0.020     0.059       0.202     0.621      0.045     0.795      0.490     0.462      0.130     0.787    0.486     0.790   0.713     0.170      0.168     0.00936  -1	   0.1012521     0.0373511
      D1D6R-a2d      0.023     0.059       0.189     0.655     -0.009     0.803      0.485     0.445      0.137     0.809    0.484     0.811   0.747     0.172      0.190     0.00936  -1	   0.1187288     0.0546404
     D1D6R-a30a      0.009     0.058       0.202     0.727      0.454     0.797      0.408     0.303      0.385     0.815    0.504     0.806   0.970     0.129      0.218     0.01670  -1	   0.3873006     0.3923840
     D1D6R-a30b      0.016     0.051       0.189     0.629      0.366     0.790      0.519     0.595      0.739     0.933    0.812     0.786   0.831     0.142      0.163     0.01843  -1	   0.3172814     0.2413806
     D1D6R-a30c      0.003     0.064       0.202     0.703      0.634     0.803      0.475     0.387      0.457     0.849    0.626     0.777   0.950     0.144      0.150     0.01611  -1	   0.5503120     0.5182916
     D1D6R-a30d      0.013     0.053       0.167     0.610     -0.186     0.827      0.484     0.449      0.227     0.852    0.578     0.807   0.664     0.156      0.354     0.01844  -1	   0.1261692     0.0794948
     D1D6R-a31a      0.004     0.061       0.197     0.630      0.468     0.811      0.474     0.437      0.420     0.799    0.538     0.772   0.848     0.128      0.204     0.01905  -1	   0.3566693     0.2739602
     D1D6R-a31b      0.007     0.056       0.197     0.583      0.154     0.799      0.432     0.320      0.401     0.952    0.507     0.943   0.652     0.145      0.343     0.02772  -1	   0.1732397     0.1778217
     D1D6R-a31c      0.021     0.073       0.249     0.684     -0.422     0.831      0.424     0.234      0.127     0.820    0.517     0.804   0.000     0.132      0.367     0.02670  -1	   0.2097177     0.1498578
     D1D6R-a31d      0.005     0.062       0.202     0.605      0.486     0.826      0.508     0.476      0.377     0.797    0.522     0.779   0.848     0.130      0.192     0.01923  -1	   0.3704263     0.2651885
     D1D6R-a32a      0.018     0.055       0.193     0.759     -0.011     0.854      0.419     0.239      0.026     0.825    0.570     0.781   0.793     0.157      0.411     0.02450  -1	   0.3757635     0.3960734
     D1D6R-a32b      0.008     0.056       0.202     0.594      0.090     0.805      0.404     0.296      0.198     0.943    0.512     0.932   0.612     0.147      0.326     0.02719  -1	   0.1502171     0.1630547
     D1D6R-a32c      0.015     0.055       0.189     0.685      0.039     0.834      0.486     0.323      0.164     0.837    0.550     0.805   0.780     0.137      0.497     0.02913  -1	   0.3496046     0.2607216
     D1D6R-a32d      0.015     0.054       0.185     0.788     -0.021     0.847      0.417     0.220      0.206     0.839    0.562     0.800   0.793     0.137      0.375     0.02493  -1	   0.2695876     0.3427021
     D1D6R-a33a      0.020     0.069       0.232     0.692     -0.413     0.800      0.440     0.275      0.817     0.839    0.536     0.815   0.000     0.126      0.240     0.02793  -1	   0.0546992     0.0205207
     D1D6R-a33b      0.020     0.074       0.236     0.704     -0.230     0.825      0.368     0.171      0.486     0.840    0.546     0.810   0.691     0.113      0.222     0.02953  -1	   0.0820539     0.2110169
     D1D6R-a33c      0.011     0.078       0.249     0.658     -0.465     0.821      0.377     0.288      0.363     0.870    0.556     0.838   0.613     0.119      0.107     0.04592  -1	   0.0351650     0.1286279
     D1D6R-a33d      0.017     0.055       0.197     0.754     -0.072     0.854      0.421     0.247      0.020     0.813    0.539     0.785   0.793     0.157      0.451     0.02458  -1	   0.3871246     0.3780555
     D1D6R-a34a      0.015     0.053       0.185     0.584      0.240     0.796      0.538     0.580      0.130     0.795    0.541     0.765   0.661     0.127      0.100     0.11740  -1	   0.0825809     0.0102955
     D1D6R-a34b      0.012     0.086       0.270     0.642     -0.136     0.818      0.490     0.353      0.994     0.861    0.572     0.821   0.589     0.106      0.164     0.10132  -1	   0.1663942     0.0346397
     D1D6R-a34c      0.012     0.079       0.240     0.592      0.077     0.808      0.451     0.327      0.257     0.856    0.562     0.819   0.612     0.124      0.242     0.06480  -1	   0.1631595     0.1017387
     D1D6R-a34d      0.018     0.057       0.197     0.753     -0.592     0.804      0.487     0.492      0.249     0.818    0.558     0.780   0.510     0.129      0.021     0.05987  -1	   0.0758648     0.0706746
     D1D6R-a35a      0.023     0.054       0.176     0.568     -0.349     0.798      0.519     0.431      0.857     0.831    0.493     0.827   0.389     0.162      0.081     0.02997  -1	   0.0707063     0.0384998
     D1D6R-a35b      0.013     0.082       0.249     0.663      0.038     0.843      0.413     0.218      0.525     0.911    0.612     0.864   0.780     0.100      0.184     0.05512  -1	   0.1425533     0.1768275
     D1D6R-a35c      0.020     0.077       0.236     0.571      0.218     0.851      0.387     0.242      0.417     0.826    0.522     0.808   0.661     0.121      0.438     0.05082  -1	   0.3695501     0.3238043
     D1D6R-a35d      0.015     0.073       0.227     0.526      0.152     0.849      0.415     0.301      0.277     0.803    0.499     0.798   0.499     0.120      0.500     0.05095  -1	   0.3312266     0.2321308
     D1D6R-a36a      0.014     0.065       0.185     0.662      0.222     0.847      0.499     0.329      0.063     0.809    0.540     0.781   0.854     0.138      0.132     0.03231  -1	   0.1788655     0.2440989
     D1D6R-a36b      0.013     0.056       0.185     0.618      0.101     0.835      0.469     0.295      0.294     0.810    0.532     0.786   0.713     0.142      0.175     0.03447  -1	   0.0819192     0.1973741
     D1D6R-a36c      0.014     0.064       0.185     0.644      0.240     0.830      0.494     0.325      0.124     0.814    0.545     0.784   0.787     0.143      0.214     0.03120  -1	   0.2298071     0.2576745
     D1D6R-a36d      0.016     0.061       0.180     0.620      0.081     0.849      0.444     0.289      0.134     0.813    0.534     0.788   0.738     0.157      0.253     0.02482  -1	   0.1636074     0.2406366
     D1D6R-a37a      0.017     0.051       0.159     0.571      0.001     0.841      0.431     0.286      0.379     0.797    0.523     0.778   0.587     0.185      0.242     0.01865  -1	   0.0577541     0.2059709
     D1D6R-a37b      0.011     0.059       0.185     0.606      0.125     0.839      0.456     0.279      0.189     0.840    0.572     0.797   0.713     0.129      0.184     0.03523  -1	   0.0997311     0.2319093
     D1D6R-a37c      0.010     0.051       0.142     0.743      0.234     0.831      0.507     0.426      0.279     0.886    0.698     0.783   0.909     0.169      0.120     0.03000  -1	   0.1601459     0.1927047
     D1D6R-a37d      0.012     0.059       0.180     0.686      0.096     0.822      0.484     0.317      0.193     0.825    0.548     0.793   0.805     0.149      0.142     0.04670  -1	   0.0983904     0.1843997
     D1D6R-a38a      0.020     0.055       0.172     0.607      0.051     0.833      0.441     0.306      0.077     0.776    0.487     0.779   0.738     0.178      0.330     0.01995  -1	   0.2109958     0.2629863
     D1D6R-a38b      0.019     0.050       0.159     0.623      0.150     0.850      0.398     0.250      0.265     0.813    0.535     0.787   0.739     0.185      0.222     0.01866  -1	   0.1322019     0.3057272
     D1D6R-a38c      0.018     0.063       0.185     0.699      0.096     0.821      0.423     0.265      0.081     0.904    0.599     0.860   0.805     0.170      0.188     0.02456  -1	   0.1641041     0.2250346
     D1D6R-a38d      0.012     0.055       0.167     0.600      0.026     0.829      0.415     0.277      0.192     0.807    0.531     0.784   0.713     0.181      0.220     0.01877  -1	   0.0853921     0.2296718
     D1D6R-a39a      0.019     0.077       0.223     0.713      0.157     0.852      0.355     0.334      0.133     0.846    0.545     0.817   0.900     0.130      0.058     0.01857  -1	   0.1411326     0.0987447
     D1D6R-a39b      0.010     0.051       0.180     0.604     -0.595     0.803      0.495     0.499      0.792     0.858    0.563     0.821   0.397     0.157      0.092     0.01810  -1	   0.0807019     0.0782405
     D1D6R-a39c      0.019     0.064       0.189     0.689      0.140     0.832      0.436     0.265      0.109     0.849    0.571     0.807   0.780     0.142      0.205     0.02551  -1	   0.2014137     0.2706737
     D1D6R-a39d      0.018     0.050       0.163     0.592      0.149     0.847      0.430     0.279      0.455     0.803    0.533     0.779   0.753     0.177      0.282     0.01874  -1	   0.1398739     0.2787379
      D1D6R-a3a      0.011     0.056       0.176     0.636      0.198     0.806      0.423     0.279      0.068     0.804    0.531     0.781   0.778     0.178      0.208     0.01120  -1	   0.1819174     0.2755523
      D1D6R-a3b      0.014     0.059       0.210     0.760      0.024     0.831      0.409     0.224      0.571     0.874    0.555     0.843   0.826     0.141      0.389     0.02563  -1	   0.2181381     0.2458134
      D1D6R-a3c      0.009     0.051       0.176     0.570      0.161     0.825      0.542     0.387      0.432     0.803    0.528     0.781   0.652     0.134      0.139     0.01421  -1	   0.0563591     0.1243495
      D1D6R-a3d      0.017     0.048       0.167     0.583     -0.244     0.814      0.531     0.517      0.737     0.820    0.504     0.811   0.700     0.180      0.310     0.01303  -1	   0.0565895     0.0484023
     D1D6R-a40a      0.025     0.056       0.193     0.659      0.060     0.834      0.394     0.372      0.321     0.798    0.537     0.771   0.805     0.138      0.231     0.01062  -1	   0.1300847     0.1524088
     D1D6R-a40b      0.020     0.060       0.197     0.747     -0.072     0.806      0.529     0.489      0.136     0.859    0.580     0.814   0.802     0.160      0.063     0.01140  -1	   0.0431531     0.0210910
     D1D6R-a40c      0.008     0.048       0.180     0.604     -0.779     0.822      0.594     0.633      0.696     0.827    0.554     0.792   0.584     0.169      0.099     0.01798  -1	   0.1721373     0.0702837
     D1D6R-a40d      0.023     0.055       0.197     0.620      0.307     0.824      0.418     0.401      0.171     0.799    0.530     0.777   0.853     0.146      0.166     0.01051  -1	   0.2134276     0.1827199
     D1D6R-a41a      0.030     0.055       0.202     0.630      0.128     0.828      0.420     0.390      0.305     0.795    0.537     0.768   0.713     0.136      0.249     0.01065  -1	   0.1680177     0.1565860
     D1D6R-a41b      0.026     0.061       0.227     0.689     -0.186     0.805      0.446     0.481      0.081     0.822    0.514     0.808   0.730     0.127      0.113     0.01084  -1	   0.0580336     0.0122152
     D1D6R-a41c      0.025     0.056       0.206     0.652      0.035     0.821      0.407     0.394      0.285     0.809    0.561     0.768   0.780     0.134      0.244     0.01062  -1	   0.1319819     0.1248675
     D1D6R-a41d      0.025     0.056       0.202     0.638      0.139     0.831      0.418     0.407      0.301     0.802    0.554     0.766   0.713     0.133      0.232     0.01072  -1	   0.1638090     0.1404223
     D1D6R-a42a      0.016     0.054       0.202     0.704     -0.422     0.815      0.511     0.650      0.779     0.932    0.742     0.836   0.000     0.149      0.076     0.01104  -1	   0.0424802     0.0390603
     D1D6R-a42b      0.028     0.058       0.189     0.688      0.009     0.821      0.394     0.371      0.350     0.798    0.551     0.764   0.780     0.153      0.243     0.01075  -1	   0.1351333     0.1336807
     D1D6R-a42c      0.005     0.065       0.219     0.624      0.147     0.835      0.418     0.400      0.194     0.795    0.530     0.772   0.713     0.114      0.279     0.01222  -1	   0.2045254     0.1266542
     D1D6R-a42d      0.027     0.056       0.197     0.624      0.171     0.809      0.429     0.414      0.629     0.827    0.514     0.812   0.778     0.144      0.231     0.01065  -1	   0.1780268     0.1607891
     D1D6R-a43a      0.012     0.079       0.270     0.597      0.007     0.816      0.425     0.381      0.163     0.820    0.551     0.786   0.587     0.095      0.220     0.01200  -1	   0.1359478     0.0562407
     D1D6R-a43b      0.023     0.046       0.167     0.669      0.221     0.814      0.467     0.501      0.219     0.804    0.549     0.770   0.840     0.170      0.077     0.01172  -1	   0.0874848     0.0615866
     D1D6R-a43c      0.008     0.055       0.197     0.726     -0.719     0.806      0.569     0.679      0.296     0.885    0.676     0.794   0.765     0.143      0.001     0.01133  -1	   0.1134803     0.0344395
     D1D6R-a43d      0.015     0.070       0.232     0.617      0.088     0.806      0.450     0.437      0.485     0.855    0.612     0.792   0.738     0.114      0.156     0.01214  -1	   0.1082434     0.0638322
     D1D6R-a44a      0.001     0.063       0.219     0.617     -0.311     0.810      0.424     0.219      0.796     0.865    0.618     0.800   0.515     0.117      0.165     0.01385  -1	   0.0202176     0.1545399
     D1D6R-a44b      0.005     0.075       0.236     0.664     -0.199     0.812      0.427     0.337      1.000     0.906    0.708     0.808   0.730     0.120      0.128     0.01221  -1	   0.1065612     0.0962407
     D1D6R-a44c      0.022     0.060       0.227     0.634     -0.553     0.793      0.466     0.521      0.217     0.849    0.577     0.803   0.397     0.132      0.095     0.01096  -1	   0.0650821     0.0573136
     D1D6R-a44d      0.004     0.060       0.215     0.708     -0.218     0.809      0.422     0.214      0.987     0.883    0.613     0.825   0.691     0.121      0.143     0.01362  -1	   0.0706955     0.1563175
     D1D6R-a45a      0.004     0.062       0.223     0.676     -0.201     0.813      0.426     0.220      0.902     0.837    0.568     0.795   0.637     0.115      0.133     0.01365  -1	   0.0523697     0.1404107
     D1D6R-a45b      0.004     0.058       0.202     0.742     -0.202     0.807      0.442     0.232      0.989     0.886    0.612     0.831   0.691     0.124      0.133     0.01361  -1	   0.0700823     0.1304066
     D1D6R-a45c      0.017     0.046       0.172     0.734     -0.086     0.810      0.545     0.519      0.549     0.836    0.571     0.792   0.836     0.176      0.124     0.01119  -1	   0.0155125     0.0068154
     D1D6R-a45d      0.004     0.060       0.215     0.691     -0.285     0.809      0.435     0.222      0.991     0.861    0.610     0.800   0.582     0.117      0.137     0.01366  -1	   0.0584403     0.1322241
     D1D6R-a46a     -0.000     0.064       0.219     0.630     -0.271     0.804      0.443     0.238      0.688     0.855    0.588     0.805   0.515     0.124      0.170     0.01384  -1	   0.0108083     0.1157670
     D1D6R-a46b      0.013     0.049       0.176     0.700     -0.019     0.806      0.570     0.561      0.631     0.825    0.527     0.804   0.876     0.154      0.058     0.01112  -1	   0.0122939    -0.0083325
     D1D6R-a46c      0.001     0.064       0.227     0.598     -0.174     0.794      0.428     0.255      0.929     0.853    0.600     0.796   0.538     0.128      0.108     0.01367  -1	   0.0614253     0.1155178
     D1D6R-a46d      0.003     0.060       0.206     0.697     -0.037     0.802      0.452     0.276      0.990     0.864    0.621     0.798   0.747     0.136      0.036     0.01341  -1	   0.0984335     0.1065975
     D1D6R-a47a      0.019     0.037       0.133     0.795     -0.446     0.806      0.485     0.411      0.635     0.863    0.610     0.803   0.643     0.179      0.306     0.01188  -1	   0.1030331     0.1271894
     D1D6R-a47b      0.020     0.048       0.172     0.627     -0.403     0.820      0.649     0.673      0.574     0.797    0.516     0.781   0.584     0.174      0.134     0.01098  -1	   0.0251736    -0.0172853
     D1D6R-a47c      0.019     0.042       0.155     0.727     -0.159     0.819      0.554     0.524      0.603     0.822    0.554     0.786   0.781     0.224      0.102     0.01105  -1	   0.0048760    -0.0009345
     D1D6R-a47d      0.004     0.057       0.172     0.627      0.273     0.827      0.549     0.526      0.539     0.832    0.530     0.810   0.825     0.140      0.242     0.01922  -1	   0.2068107     0.1042416
     D1D6R-a48a      0.019     0.072       0.240     0.654     -0.378     0.810      0.416     0.229      0.572     0.830    0.555     0.794   0.538     0.120      0.252     0.02819  -1	   0.0713398     0.1508863
     D1D6R-a48b      0.011     0.057       0.189     0.572      0.072     0.798      0.508     0.499      0.285     0.846    0.513     0.832   0.612     0.150      0.173     0.01580  -1	   0.0462770     0.0077114
     D1D6R-a48c      0.005     0.060       0.202     0.666      0.617     0.778      0.356     0.282      0.382     0.841    0.490     0.837   0.896     0.129      0.142     0.01422  -1	   0.4698957     0.4773922
     D1D6R-a48d      0.021     0.050       0.180     0.646     -0.067     0.799      0.529     0.554      0.365     0.821    0.527     0.800   0.756     0.177      0.206     0.01511  -1	   0.0560764    -0.0082489
     D1D6R-a49a      0.014     0.057       0.172     0.733      0.048     0.825      0.458     0.323      0.097     0.787    0.514     0.774   0.834     0.147      0.159     0.01989  -1	   0.1317564     0.2041644
     D1D6R-a49b      0.023     0.054       0.172     0.614     -0.245     0.782      0.457     0.357      0.625     0.946    0.718     0.875   0.570     0.161      0.501     0.02258  -1	   0.1713959     0.1843585
     D1D6R-a49c      0.015     0.056       0.180     0.777      0.274     0.841      0.451     0.349      0.236     0.827    0.581     0.777   0.938     0.139      0.215     0.01835  -1	   0.2954274     0.2925509
     D1D6R-a49d      0.011     0.047       0.180     0.568      0.345     0.838      0.521     0.518      0.381     0.817    0.509     0.806   0.798     0.135      0.228     0.01703  -1	   0.2143245     0.1618475
      D1D6R-a4a      0.013     0.051       0.167     0.690      0.129     0.830      0.475     0.294      0.521     0.817    0.513     0.804   0.780     0.147      0.187     0.01436  -1	   0.1105616     0.2063226
      D1D6R-a4b      0.011     0.055       0.189     0.628      0.080     0.820      0.467     0.320      0.822     0.808    0.552     0.773   0.738     0.150      0.191     0.01275  -1	   0.1208975     0.1575602
      D1D6R-a4c      0.018     0.055       0.180     0.676     -0.029     0.810      0.456     0.409      0.264     0.801    0.512     0.788   0.747     0.148      0.271     0.01131  -1	   0.1268552     0.0960605
      D1D6R-a4d      0.013     0.060       0.219     0.641     -0.099     0.856      0.423     0.303      0.178     0.797    0.506     0.787   0.680     0.117      0.493     0.02468  -1	   0.2682910     0.2293878
     D1D6R-a50a      0.016     0.053       0.185     0.748     -0.095     0.842      0.431     0.244      0.192     0.798    0.536     0.772   0.802     0.149      0.460     0.02407  -1	   0.2968670     0.3315118
     D1D6R-a50b      0.021     0.053       0.193     0.718     -0.060     0.858      0.415     0.238      0.053     0.813    0.536     0.787   0.802     0.149      0.562     0.02426  -1	   0.4512507     0.4200602
     D1D6R-a50c      0.011     0.076       0.245     0.657      0.054     0.838      0.480     0.305      0.271     0.856    0.602     0.798   0.805     0.113      0.548     0.06772  -1	   0.4185442     0.2223797
     D1D6R-a50d      0.016     0.055       0.197     0.759     -0.017     0.850      0.398     0.228      0.020     0.801    0.530     0.779   0.793     0.157      0.433     0.02431  -1	   0.3871810     0.4066967
     D1D6R-a51a      0.016     0.074       0.236     0.720     -0.444     0.813      0.417     0.231      0.726     0.906    0.694     0.816   0.000     0.125      0.243     0.02887  -1	   0.0935506     0.0763134
     D1D6R-a51b      0.021     0.090       0.275     0.672      0.111     0.833      0.350     0.196      0.087     0.808    0.528     0.787   0.780     0.100      0.207     0.05077  -1	   0.2662740     0.2504393
     D1D6R-a51c      0.016     0.074       0.240     0.727     -0.500     0.811      0.413     0.245      0.101     0.832    0.523     0.813   0.667     0.121      0.316     0.02608  -1	   0.2618117     0.2721624
     D1D6R-a51d      0.020     0.090       0.270     0.642     -0.389     0.829      0.355     0.263      0.175     0.833    0.575     0.786   0.471     0.104      0.248     0.04785  -1	   0.1482347     0.1712708
     D1D6R-a52a      0.017     0.075       0.232     0.569      0.210     0.843      0.421     0.278      0.349     0.809    0.497     0.804   0.661     0.123      0.502     0.05042  -1	   0.3953369     0.2874659
     D1D6R-a52b      0.014     0.071       0.236     0.690      0.065     0.811      0.430     0.333      0.651     0.845    0.538     0.820   0.805     0.114      0.117     0.05576  -1	   0.1222121     0.1095732
     D1D6R-a52c      0.019     0.075       0.227     0.573      0.149     0.849      0.387     0.273      0.434     0.825    0.502     0.816   0.587     0.119      0.412     0.04954  -1	   0.2906916     0.2520943
     D1D6R-a52d      0.020     0.075       0.223     0.557      0.247     0.847      0.417     0.288      0.427     0.826    0.510     0.813   0.661     0.116      0.536     0.05051  -1	   0.4311721     0.3153476
     D1D6R-a53a      0.017     0.069       0.240     0.700     -0.022     0.811      0.414     0.304      0.879     0.868    0.589     0.820   0.802     0.110      0.205     0.05766  -1	   0.1493685     0.1463243
     D1D6R-a53b      0.017     0.092       0.266     0.709      0.121     0.852      0.376     0.193      0.062     0.799    0.532     0.776   0.834     0.101      0.244     0.04979  -1	   0.3302944     0.2987583
     D1D6R-a53c      0.017     0.074       0.223     0.570      0.217     0.836      0.401     0.262      0.470     0.816    0.500     0.809   0.661     0.121      0.536     0.05040  -1	   0.3935626     0.3168923
     D1D6R-a53d      0.018     0.071       0.223     0.556     -0.584     0.817      0.492     0.374      0.985     0.843    0.566     0.803   0.271     0.117      0.171     0.05322  -1	   0.1237894     0.0911615
     D1D6R-a54a      0.015     0.064       0.210     0.556     -0.417     0.815      0.435     0.295      0.656     0.837    0.559     0.799   0.000     0.129      0.052     0.03551  -1	  -0.0049373     0.0602098
     D1D6R-a54b      0.019     0.045       0.150     0.579     -0.182     0.854      0.526     0.369      0.610     0.819    0.548     0.787   0.684     0.159      0.591     0.02555  -1	   0.1412431     0.1828940
     D1D6R-a54c      0.019     0.061       0.219     0.670     -0.369     0.819      0.496     0.294      0.995     0.844    0.580     0.797   0.538     0.127      0.190     0.03217  -1	   0.0788449     0.0796174
     D1D6R-a54d      0.021     0.059       0.210     0.652     -0.363     0.817      0.492     0.317      0.999     0.862    0.608     0.803   0.538     0.130      0.190     0.03114  -1	   0.0820801     0.0924575
     D1D6R-a55a      0.016     0.058       0.197     0.564     -0.430     0.810      0.500     0.332      0.831     0.798    0.516     0.784   0.000     0.138      0.219     0.03364  -1	   0.0301197     0.0257800
     D1D6R-a55b      0.007     0.056       0.150     0.626      0.102     0.826      0.485     0.405      0.670     0.790    0.513     0.777   0.713     0.177      0.153     0.03132  -1	   0.0830131     0.0775461
     D1D6R-a55c      0.017     0.067       0.189     0.692      0.283     0.833      0.511     0.353      0.038     0.815    0.533     0.791   0.892     0.137      0.135     0.03103  -1	   0.2456566     0.2638124
     D1D6R-a55d      0.023     0.062       0.219     0.515     -0.518     0.812      0.525     0.365      0.837     0.804    0.519     0.788   0.236     0.119      0.230     0.03382  -1	   0.0710516     0.0695663
     D1D6R-a56a      0.027     0.054       0.159     0.632      0.214     0.840      0.409     0.279      0.351     0.798    0.543     0.768   0.787     0.184      0.024     0.01776  -1	   0.0730429     0.2052981
     D1D6R-a56b      0.017     0.061       0.172     0.591      0.098     0.833      0.455     0.310      0.252     0.849    0.559     0.813   0.612     0.179      0.223     0.02429  -1	   0.1192445     0.1671186
     D1D6R-a56c      0.019     0.056       0.185     0.702      0.038     0.842      0.462     0.295      0.240     0.845    0.575     0.800   0.834     0.132      0.163     0.03341  -1	   0.0924492     0.2091593
     D1D6R-a56d      0.012     0.055       0.176     0.670      0.090     0.826      0.452     0.257      0.273     0.845    0.572     0.802   0.805     0.136      0.131     0.03419  -1	   0.0615302     0.2373932
     D1D6R-a57a      0.009     0.052       0.176     0.707     -0.223     0.811      0.600     0.612      0.831     0.832    0.502     0.823   0.691     0.174      0.079     0.01906  -1	   0.0394324    -0.0167923
     D1D6R-a57b      0.005     0.049       0.176     0.691     -0.782     0.797      0.574     0.590      0.949     0.942    0.652     0.894   0.639     0.151      0.169     0.01859  -1	   0.2038578     0.1479593
     D1D6R-a57c      0.017     0.062       0.176     0.621      0.082     0.841      0.437     0.272      0.093     0.827    0.564     0.786   0.738     0.162      0.206     0.02453  -1	   0.1420447     0.2529121
     D1D6R-a57d      0.006     0.067       0.210     0.689     -0.077     0.829      0.518     0.509      0.874     0.827    0.540     0.799   0.747     0.128      0.111     0.02225  -1	   0.0932302     0.0078863
     D1D6R-a58a      0.011     0.049       0.180     0.760      0.295     0.819      0.471     0.480      0.406     0.908    0.706     0.813   0.875     0.146      0.184     0.01963  -1	   0.2535674     0.2023927
     D1D6R-a58b      0.008     0.068       0.206     0.647     -0.012     0.836      0.526     0.491      0.825     0.851    0.531     0.830   0.680     0.122      0.090     0.02227  -1	   0.1091909     0.0188819
     D1D6R-a58c      0.005     0.073       0.223     0.641      0.184     0.840      0.527     0.550      0.998     0.887    0.672     0.800   0.778     0.121      0.045     0.01776  -1	   0.2708948     0.0903298
     D1D6R-a58d      0.011     0.051       0.185     0.628     -0.749     0.824      0.476     0.486      0.715     0.909    0.698     0.818   0.644     0.159      0.082     0.01829  -1	   0.1355482     0.1474987
     D1D6R-a59a      0.005     0.076       0.227     0.577      0.103     0.836      0.496     0.537      0.145     0.840    0.556     0.804   0.587     0.111      0.121     0.01828  -1	   0.0766618    -0.0424975
     D1D6R-a59b      0.010     0.056       0.202     0.622      0.019     0.805      0.536     0.627      0.532     0.824    0.539     0.797   0.713     0.138      0.045     0.02075  -1	   0.0023639    -0.0252564
     D1D6R-a59c      0.008     0.069       0.210     0.663      0.230     0.840      0.507     0.481      0.760     0.853    0.513     0.839   0.854     0.117      0.153     0.02281  -1	   0.2518730     0.1229632
     D1D6R-a59d      0.006     0.069       0.206     0.645     -0.066     0.840      0.518     0.484      0.999     0.859    0.614     0.795   0.680     0.113      0.128     0.02216  -1	   0.1396010     0.0392439
      D1D6R-a5a      0.015     0.062       0.197     0.648     -0.600     0.805      0.515     0.563      0.644     0.833    0.564     0.793   0.397     0.135      0.192     0.01096  -1	   0.0921076     0.0433229
      D1D6R-a5b      0.018     0.044       0.163     0.648     -0.001     0.815      0.534     0.624      0.444     0.803    0.523     0.784   0.796     0.169      0.173     0.01526  -1	   0.0296351    -0.0262358
      D1D6R-a5c      0.014     0.054       0.172     0.606      0.015     0.806      0.465     0.430      0.279     0.786    0.504     0.778   0.713     0.190      0.362     0.01090  -1	   0.1617964     0.0945008
      D1D6R-a5d      0.016     0.054       0.176     0.630      0.029     0.800      0.448     0.403      0.342     0.784    0.505     0.776   0.713     0.174      0.338     0.01107  -1	   0.1472661     0.1123091
     D1D6R-a60a      0.015     0.061       0.219     0.522      0.057     0.827      0.454     0.649      1.000     0.932    0.736     0.839   0.459     0.130     -0.043     0.01766  -1	   0.1796137     0.1077363
     D1D6R-a60b      0.004     0.074       0.215     0.668      0.179     0.833      0.542     0.573      0.326     0.873    0.618     0.811   0.845     0.123      0.045     0.01810  -1	   0.0901034    -0.0130932
     D1D6R-a60c      0.018     0.068       0.206     0.704     -0.071     0.790      0.387     0.503      0.104     0.834    0.539     0.807   0.802     0.134      0.064     0.01721  -1	   0.0486997    -0.0346436
     D1D6R-a60d      0.020     0.069       0.227     0.762      0.052     0.844      0.363     0.363      0.221     0.851    0.574     0.807   0.851     0.126      0.030     0.01915  -1	   0.0673320     0.0651963
     D1D6R-a61a      0.024     0.061       0.210     0.641     -0.289     0.798      0.402     0.437      0.050     0.841    0.545     0.812   0.515     0.130      0.104     0.01090  -1	   0.0396927     0.0668983
     D1D6R-a61b      0.010     0.067       0.227     0.633      0.120     0.826      0.434     0.425      0.131     0.813    0.548     0.780   0.713     0.119      0.323     0.01223  -1	   0.2552765     0.1017531
     D1D6R-a61c      0.025     0.065       0.253     0.647     -0.562     0.807      0.483     0.532      0.728     0.949    0.625     0.914   0.397     0.122      0.132     0.01245  -1	   0.0533934     0.0670783
     D1D6R-a61d      0.021     0.056       0.219     0.667     -0.530     0.797      0.483     0.535      0.659     0.902    0.706     0.804   0.582     0.122      0.120     0.01089  -1	   0.0400321     0.0507574
     D1D6R-a62a      0.020     0.060       0.210     0.682     -0.407     0.797      0.468     0.522      0.141     0.832    0.590     0.778   0.000     0.138      0.088     0.01091  -1	   0.0428757     0.0216181
     D1D6R-a62b      0.028     0.044       0.159     0.763      0.218     0.809      0.471     0.510      0.121     0.802    0.533     0.778   0.844     0.178      0.146     0.01148  -1	   0.1926621     0.1079442
     D1D6R-a62c      0.023     0.060       0.215     0.653     -0.281     0.802      0.459     0.510      0.167     0.815    0.532     0.792   0.582     0.129      0.106     0.01083  -1	   0.0245921     0.0081153
     D1D6R-a62d      0.024     0.060       0.215     0.647     -0.306     0.802      0.464     0.512      0.102     0.821    0.548     0.788   0.515     0.135      0.104     0.01091  -1	   0.0375943     0.0158876
     D1D6R-a63a      0.022     0.048       0.185     0.728      0.189     0.834      0.462     0.443      0.224     0.787    0.501     0.781   0.819     0.171      0.121     0.01145  -1	   0.1386730     0.1213096
     D1D6R-a63b      0.021     0.049       0.185     0.731      0.143     0.813      0.426     0.410      0.308     0.807    0.543     0.778   0.851     0.182      0.139     0.01141  -1	   0.1161787     0.1113257
     D1D6R-a63c      0.017     0.047       0.180     0.625      0.141     0.811      0.512     0.466      0.196     0.822    0.546     0.790   0.771     0.157      0.107     0.01090  -1	   0.0453021     0.0719310
     D1D6R-a63d      0.022     0.045       0.159     0.776      0.217     0.813      0.464     0.494      0.145     0.781    0.515     0.768   0.844     0.181      0.151     0.01150  -1	   0.1920426     0.1129211
     D1D6R-a64a      0.004     0.060       0.223     0.640     -0.258     0.810      0.422     0.206      0.986     0.852    0.597     0.797   0.515     0.111      0.153     0.01373  -1	   0.0608522     0.1543923
     D1D6R-a64b      0.002     0.061       0.219     0.701     -0.295     0.808      0.442     0.242      0.633     0.848    0.594     0.793   0.636     0.136      0.186     0.01385  -1	   0.0177113     0.1199622
     D1D6R-a64c      0.016     0.059       0.189     0.718      0.011     0.815      0.511     0.401      0.830     0.842    0.593     0.786   0.834     0.127      0.194     0.02366  -1	   0.1201097     0.0856385
     D1D6R-a64d      0.003     0.061       0.215     0.693     -0.189     0.791      0.436     0.226      0.966     0.864    0.591     0.814   0.730     0.115      0.104     0.01365  -1	   0.0637196     0.1403150
     D1D6R-a65a      0.016     0.048       0.180     0.676      0.240     0.801      0.459     0.396      0.493     0.842    0.557     0.805   0.840     0.147      0.081     0.01091  -1	   0.1069447     0.1558882
     D1D6R-a65b      0.002     0.062       0.215     0.637     -0.324     0.811      0.433     0.234      0.961     0.876    0.639     0.804   0.515     0.117      0.148     0.01389  -1	   0.0531214     0.1425208
     D1D6R-a65c      0.017     0.058       0.189     0.670      0.297     0.800      0.440     0.444      0.194     0.831    0.543     0.802   0.892     0.161      0.158     0.01099  -1	   0.2094321     0.1207256
     D1D6R-a65d      0.009     0.062       0.197     0.698      0.321     0.804      0.355     0.270      0.554     0.850    0.595     0.794   0.920     0.146      0.348     0.01232  -1	   0.3528729     0.3656674
     D1D6R-a66a      0.020     0.044       0.159     0.720     -0.490     0.812      0.491     0.392      0.556     0.849    0.490     0.845   0.707     0.179      0.229     0.01211  -1	   0.1017248     0.1308110
     D1D6R-a66b      0.018     0.044       0.172     0.705     -0.204     0.818      0.576     0.544      0.412     0.815    0.539     0.787   0.798     0.212      0.145     0.01103  -1	   0.0185398    -0.0010777
     D1D6R-a66c      0.015     0.057       0.193     0.722     -0.794     0.802      0.606     0.670      0.701     0.862    0.615     0.798   0.000     0.150      0.129     0.01364  -1	   0.1433293     0.0374961
     D1D6R-a66d      0.002     0.062       0.219     0.669     -0.253     0.815      0.422     0.217      0.991     0.869    0.604     0.813   0.582     0.119      0.150     0.01369  -1	   0.0686063     0.1466532
     D1D6R-a67a      0.014     0.064       0.210     0.698      0.239     0.831      0.409     0.319      0.963     0.835    0.524     0.816   0.854     0.133      0.278     0.01883  -1	   0.3295250     0.2719966
     D1D6R-a67b      0.001     0.083       0.236     0.679      0.029     0.792      0.432     0.496      0.911     0.835    0.568     0.792   0.780     0.127      0.190     0.02035  -1	   0.1757067     0.0404291
     D1D6R-a67c      0.019     0.044       0.167     0.659     -0.070     0.811      0.492     0.520      0.274     0.787    0.509     0.776   0.812     0.180      0.196     0.01456  -1	   0.0500146     0.0146645
     D1D6R-a67d      0.016     0.059       0.189     0.786      0.324     0.816      0.417     0.306      0.101     0.795    0.556     0.757   0.966     0.150      0.198     0.01782  -1	   0.3524578     0.3531741
     D1D6R-a68a      0.010     0.050       0.180     0.586      0.430     0.832      0.457     0.443      0.600     0.825    0.545     0.794   0.804     0.147      0.342     0.01768  -1	   0.3766000     0.3256814
     D1D6R-a68b      0.019     0.053       0.193     0.757     -0.038     0.865      0.409     0.238      0.028     0.797    0.519     0.781   0.793     0.152      0.493     0.02340  -1	   0.4250826     0.4159398
     D1D6R-a68c      0.003     0.068       0.210     0.749      0.594     0.800      0.358     0.272      0.656     0.808    0.525     0.789   0.944     0.128      0.076     0.01510  -1	   0.5085325     0.4561446
     D1D6R-a68d      0.005     0.062       0.193     0.684      0.272     0.811      0.376     0.285      0.600     0.860    0.594     0.808   0.892     0.133      0.372     0.01246  -1	   0.3192604     0.3330311
     D1D6R-a69a      0.009     0.074       0.245     0.634      0.092     0.831      0.486     0.319      0.063     0.853    0.568     0.812   0.738     0.113      0.610     0.05609  -1	   0.5477680     0.2571422
     D1D6R-a69b      0.018     0.070       0.240     0.712      0.134     0.821      0.422     0.331      0.512     0.829    0.532     0.806   0.834     0.112      0.199     0.05643  -1	   0.1922411     0.1556087
     D1D6R-a69c      0.011     0.076       0.253     0.677      0.114     0.819      0.472     0.434      0.327     0.818    0.566     0.776   0.780     0.107      0.112     0.09299  -1	   0.1251554     0.0489569
     D1D6R-a69d      0.020     0.072       0.240     0.569     -0.099     0.817      0.501     0.386      0.348     0.823    0.536     0.797   0.554     0.097      0.223     0.09192  -1	   0.0672865     0.0493730
      D1D6R-a6a      0.019     0.055       0.180     0.625     -0.015     0.802      0.455     0.410      0.274     0.802    0.526     0.782   0.680     0.158      0.293     0.01121  -1	   0.1229673     0.0974851
      D1D6R-a6b      0.019     0.048       0.167     0.716     -0.046     0.820      0.510     0.483      0.526     0.792    0.495     0.789   0.876     0.136      0.122     0.01345  -1	   0.0263686     0.0300677
      D1D6R-a6c      0.009     0.054       0.185     0.616      0.088     0.822      0.469     0.323      0.339     0.788    0.516     0.774   0.738     0.152      0.179     0.01269  -1	   0.0665678     0.1619319
      D1D6R-a6d      0.023     0.056       0.185     0.612      0.134     0.813      0.453     0.412      0.073     0.789    0.471     0.799   0.713     0.180      0.245     0.00921  -1	   0.1880163     0.1207991
     D1D6R-a70a      0.007     0.087       0.292     0.724      0.207     0.845      0.355     0.127      0.255     0.898    0.711     0.793   0.909     0.095      0.292     0.12788  -1	   0.4027438     0.4388201
     D1D6R-a70b      0.016     0.071       0.245     0.662     -0.029     0.822      0.414     0.303      0.725     0.829    0.559     0.791   0.747     0.112      0.146     0.05605  -1	   0.1025364     0.1248616
     D1D6R-a70c      0.015     0.070       0.236     0.700      0.137     0.825      0.409     0.310      0.472     0.824    0.555     0.789   0.834     0.106      0.215     0.05627  -1	   0.1933308     0.1811410
     D1D6R-a70d      0.010     0.058       0.215     0.636     -0.001     0.811      0.492     0.517      0.262     0.854    0.573     0.811   0.680     0.143      0.026     0.05533  -1	  -0.0347731    -0.0278331
     D1D6R-a71a      0.017     0.074       0.219     0.574      0.137     0.856      0.411     0.271      0.373     0.829    0.510     0.816   0.587     0.124      0.400     0.05095  -1	   0.2755968     0.2403225
     D1D6R-a71b      0.017     0.073       0.249     0.691      0.209     0.808      0.403     0.294      0.614     0.840    0.549     0.809   0.854     0.110      0.200     0.05528  -1	   0.2471090     0.2150381
     D1D6R-a71c      0.020     0.071       0.219     0.588      0.147     0.845      0.426     0.304      0.274     0.817    0.503     0.808   0.587     0.128      0.483     0.05078  -1	   0.3511541     0.2325025
     D1D6R-a71d      0.015     0.070       0.232     0.704      0.174     0.817      0.413     0.307      0.613     0.840    0.551     0.807   0.900     0.109      0.142     0.05562  -1	   0.1877287     0.1859997
     D1D6R-a72a      0.014     0.069       0.227     0.719      0.128     0.820      0.414     0.269      0.457     0.856    0.578     0.811   0.834     0.113      0.118     0.05758  -1	   0.1333477     0.1814327
     D1D6R-a72b      0.014     0.070       0.240     0.697     -0.074     0.833      0.430     0.317      0.568     0.856    0.556     0.821   0.747     0.104      0.125     0.05588  -1	   0.0584473     0.0913493
     D1D6R-a72c      0.019     0.089       0.270     0.677      0.142     0.837      0.371     0.203      0.136     0.792    0.519     0.776   0.780     0.105      0.247     0.04940  -1	   0.3066454     0.2694185
     D1D6R-a72d      0.017     0.080       0.270     0.624     -0.037     0.834      0.428     0.307      0.104     0.834    0.533     0.810   0.680     0.100      0.156     0.10039  -1	   0.1003268     0.0978883
     D1D6R-a73a      0.012     0.062       0.202     0.628      0.146     0.818      0.448     0.328      0.541     0.843    0.554     0.809   0.713     0.129      0.510     0.10531  -1	   0.3012924     0.2255325
     D1D6R-a73b      0.021     0.065       0.219     0.615     -0.592     0.815      0.494     0.328      0.804     0.790    0.530     0.768   0.397     0.115      0.395     0.03440  -1	   0.1079895     0.1283673
     D1D6R-a73c      0.016     0.049       0.167     0.588     -0.767     0.804      0.594     0.562      0.871     0.895    0.688     0.803   0.566     0.162      0.140     0.02884  -1	   0.1996524     0.1310271
     D1D6R-a73d      0.020     0.061       0.210     0.633     -0.351     0.818      0.490     0.299      0.645     0.814    0.532     0.791   0.471     0.138      0.201     0.03242  -1	   0.0372380     0.0836560
     D1D6R-a74a      0.006     0.054       0.185     0.652      0.177     0.816      0.581     0.694      0.512     0.805    0.532     0.781   0.845     0.145      0.198     0.05346  -1	   0.1257736    -0.0052429
     D1D6R-a74b      0.009     0.051       0.180     0.718     -0.134     0.818      0.591     0.619      0.690     0.809    0.489     0.808   0.711     0.176      0.090     0.01936  -1	   0.0207649    -0.0173332
     D1D6R-a74c      0.007     0.046       0.167     0.675      0.409     0.831      0.588     0.519      0.657     0.806    0.535     0.781   0.878     0.149      0.040     0.02738  -1	   0.2335356     0.2048273
     D1D6R-a74d      0.008     0.049       0.180     0.634     -0.780     0.824      0.546     0.564      0.512     0.846    0.563     0.808   0.584     0.160      0.099     0.01802  -1	   0.1615212     0.0882662
     D1D6R-a75a      0.011     0.050       0.167     0.680      0.004     0.815      0.617     0.643      0.668     0.817    0.489     0.816   0.781     0.170      0.050     0.01913  -1	   0.0315443    -0.0175508
     D1D6R-a75b      0.006     0.066       0.206     0.672     -0.110     0.832      0.528     0.509      0.577     0.821    0.536     0.796   0.656     0.117      0.089     0.02210  -1	   0.0151558    -0.0192187
     D1D6R-a75c      0.013     0.049       0.185     0.622      0.154     0.832      0.498     0.475      0.494     0.797    0.513     0.784   0.739     0.136      0.083     0.01991  -1	   0.0577601     0.0732120
     D1D6R-a75d      0.012     0.051       0.185     0.703      0.281     0.807      0.518     0.532      0.534     0.824    0.527     0.803   0.946     0.136      0.133     0.02036  -1	   0.1749623     0.1073742
     D1D6R-a76a      0.015     0.069       0.223     0.715      0.045     0.839      0.422     0.410      0.558     0.823    0.551     0.790   0.834     0.126      0.021     0.01896  -1	   0.0630858     0.0450100
     D1D6R-a76b      0.004     0.075       0.219     0.621      0.126     0.811      0.500     0.529      0.186     0.834    0.526     0.814   0.713     0.119      0.054     0.01789  -1	   0.0534380    -0.0444474
     D1D6R-a76c      0.011     0.056       0.202     0.579      0.040     0.799      0.558     0.666      0.389     0.796    0.529     0.774   0.587     0.130      0.044     0.02045  -1	  -0.0184503    -0.0441010
     D1D6R-a76d      0.008     0.065       0.215     0.661     -0.030     0.818      0.594     0.577      0.963     0.855    0.594     0.802   0.747     0.121      0.119     0.02244  -1	   0.1275259     0.0086248
     D1D6R-a77a      0.019     0.072       0.227     0.711     -0.015     0.825      0.407     0.385      1.000     0.849    0.518     0.833   0.802     0.120      0.033     0.01852  -1	   0.1848347     0.1078384
     D1D6R-a77b      0.008     0.068       0.210     0.705     -0.091     0.826      0.473     0.440      0.982     0.841    0.589     0.788   0.802     0.118      0.126     0.02238  -1	   0.1171825     0.0503749
     D1D6R-a77c      0.007     0.071       0.219     0.664      0.202     0.823      0.512     0.519      0.418     0.827    0.530     0.804   0.854     0.108      0.096     0.01729  -1	   0.1423600     0.0380950
     D1D6R-a77d      0.004     0.074       0.210     0.688      0.204     0.831      0.498     0.498      0.523     0.858    0.611     0.796   0.854     0.102      0.159     0.01812  -1	   0.1973798     0.0731559
     D1D6R-a78a      0.008     0.049       0.176     0.662     -0.058     0.814      0.619     0.662      0.325     0.799    0.464     0.811   0.812     0.164      0.055     0.01944  -1	  -0.0210068    -0.0423301
     D1D6R-a78b      0.017     0.072       0.236     0.701      0.026     0.833      0.349     0.324      1.000     0.877    0.590     0.830   0.834     0.114      0.021     0.01911  -1	   0.1892568     0.1793751
     D1D6R-a78c      0.008     0.057       0.189     0.631     -0.314     0.817      0.577     0.574      0.836     0.909    0.661     0.839   0.515     0.152      0.142     0.01819  -1	   0.0332677    -0.0053969
     D1D6R-a78d      0.015     0.074       0.223     0.718     -0.006     0.832      0.339     0.327      0.997     0.867    0.561     0.831   0.802     0.124      0.086     0.01871  -1	   0.1860100     0.1791298
     D1D6R-a79a      0.021     0.071       0.223     0.742     -0.009     0.843      0.422     0.381      0.138     0.840    0.587     0.789   0.802     0.120      0.037     0.01962  -1	   0.0545820     0.0516052
     D1D6R-a79b      0.015     0.075       0.227     0.714     -0.026     0.841      0.342     0.334      0.994     0.857    0.562     0.820   0.802     0.121      0.057     0.01873  -1	   0.1758005     0.1670116
     D1D6R-a79c      0.023     0.075       0.236     0.714      0.053     0.843      0.365     0.352      0.087     0.844    0.515     0.829   0.859     0.118      0.039     0.01838  -1	   0.0836093     0.0592763
     D1D6R-a79d      0.028     0.043       0.159     0.654      0.037     0.815      0.490     0.593      1.000     0.969    0.884     0.833   0.781     0.158     -0.028     0.01235  -1	   0.1377802     0.0798465
      D1D6R-a7a      0.009     0.054       0.189     0.551      0.029     0.809      0.543     0.417      0.819     0.793    0.529     0.771   0.587     0.141      0.183     0.01271  -1	   0.0830545     0.0602641
      D1D6R-a7b      0.007     0.058       0.189     0.681     -0.061     0.820      0.537     0.470      0.275     0.779    0.522     0.761   0.747     0.129      0.200     0.01061  -1	   0.0661588     0.0292413
      D1D6R-a7c      0.021     0.052       0.176     0.487     -0.009     0.801      0.488     0.448      0.262     0.780    0.507     0.771   0.283     0.167      0.354     0.01104  -1	   0.0864617     0.0561780
      D1D6R-a7d      0.023     0.056       0.202     0.648      0.028     0.834      0.389     0.363      0.544     0.794    0.539     0.767   0.713     0.136      0.232     0.01071  -1	   0.1037321     0.1589382
     D1D6R-a80a      0.006     0.070       0.219     0.671     -0.200     0.806      0.506     0.560      0.984     0.899    0.612     0.849   0.730     0.120      0.121     0.02071  -1	   0.0966890     0.0198569
     D1D6R-a80b      0.022     0.041       0.146     0.542      0.223     0.820      0.477     0.548      1.000     0.943    0.815     0.810   0.705     0.155      0.062     0.01186  -1	   0.2239301     0.2001198
     D1D6R-a80c      0.014     0.050       0.167     0.656      0.155     0.819      0.526     0.583      0.430     0.808    0.541     0.780   0.794     0.178      0.214     0.01115  -1	   0.1200518     0.0183715
     D1D6R-a80d      0.026     0.049       0.172     0.520      0.017     0.793      0.475     0.468      1.000     0.978    0.898     0.861   0.646     0.162      0.079     0.01192  -1	   0.1481837     0.1554881
     D1D6R-a81a      0.007     0.057       0.189     0.741     -0.152     0.806      0.502     0.436      0.604     0.836    0.582     0.786   0.785     0.142      0.166     0.01603  -1	   0.0310558     0.0227478
     D1D6R-a81b      0.009     0.061       0.219     0.785     -0.521     0.805      0.378     0.261      0.264     0.864    0.598     0.810   0.628     0.110      0.141     0.01469  -1	   0.0835629     0.2057953
     D1D6R-a81c      0.010     0.064       0.197     0.592      0.029     0.816      0.518     0.408      0.181     0.838    0.591     0.784   0.587     0.139      0.260     0.01827  -1	   0.1270879     0.0839185
     D1D6R-a81d      0.006     0.067       0.215     0.652     -0.378     0.803      0.492     0.521      0.742     0.854    0.550     0.824   0.538     0.124      0.046     0.01439  -1	   0.0211156     0.0079844
     D1D6R-a82a      0.012     0.056       0.189     0.620      0.381     0.810      0.512     0.373      0.272     0.837    0.569     0.795   0.831     0.149      0.110     0.01942  -1	   0.2028472     0.2603555
     D1D6R-a82b      0.008     0.065       0.202     0.613      0.034     0.814      0.501     0.378      0.178     0.853    0.592     0.800   0.713     0.134      0.161     0.01833  -1	   0.0661355     0.0885841
     D1D6R-a82c      0.005     0.057       0.193     0.781     -0.527     0.809      0.400     0.275      0.334     0.822    0.525     0.802   0.628     0.131      0.227     0.01437  -1	   0.1264081     0.2143667
     D1D6R-a82d      0.008     0.063       0.189     0.585      0.033     0.824      0.523     0.428      0.202     0.818    0.557     0.780   0.587     0.136      0.147     0.01842  -1	   0.0406203     0.0426511
     D1D6R-a83a      0.006     0.057       0.189     0.711     -0.123     0.812      0.507     0.466      0.528     0.859    0.581     0.814   0.711     0.138      0.090     0.01668  -1	  -0.0058774     0.0024425
     D1D6R-a83b      0.006     0.075       0.253     0.700      0.164     0.800      0.463     0.452      0.990     0.887    0.658     0.808   0.900     0.109      0.193     0.01857  -1	   0.2763079     0.1370286
     D1D6R-a83c      0.010     0.047       0.163     0.550     -0.406     0.812      0.513     0.415      0.686     0.807    0.494     0.804   0.566     0.150      0.231     0.01803  -1	   0.0327500     0.1057375
     D1D6R-a83d      0.007     0.056       0.172     0.651      0.213     0.828      0.548     0.377      0.153     0.829    0.588     0.775   0.854     0.134      0.110     0.02006  -1	   0.1030153     0.2109465
     D1D6R-a84a      0.007     0.053       0.185     0.646      0.296     0.810      0.475     0.553      0.657     0.890    0.658     0.813   0.825     0.152      0.051     0.02062  -1	   0.1564236     0.1044920
     D1D6R-a84b     -0.000     0.068       0.236     0.595      0.291     0.794      0.518     0.545      0.875     0.891    0.687     0.797   0.699     0.114      0.095     0.01877  -1	   0.2800835     0.1521262
     D1D6R-a84c      0.003     0.074       0.240     0.704      0.173     0.802      0.497     0.488      0.140     0.848    0.559     0.812   0.900     0.112      0.181     0.01857  -1	   0.2053715     0.0413006
     D1D6R-a84d      0.001     0.074       0.227     0.612      0.113     0.796      0.479     0.538      0.436     0.826    0.508     0.815   0.713     0.130      0.161     0.02042  -1	   0.1115579    -0.0062777
     D1D6R-a85a      0.017     0.040       0.142     0.574      0.004     0.819      0.514     0.488      0.688     0.821    0.517     0.805   0.708     0.226      0.117     0.01207  -1	   0.0195048     0.0430801
     D1D6R-a85b      0.005     0.059       0.202     0.590     -0.389     0.794      0.566     0.662      0.525     0.854    0.574     0.811   0.345     0.138      0.088     0.03022  -1	  -0.0208744    -0.0216237
     D1D6R-a85c      0.008     0.058       0.189     0.666      0.260     0.803      0.435     0.494      0.252     0.821    0.534     0.797   0.892     0.143      0.031     0.02122  -1	   0.0835545     0.0220942
     D1D6R-a85d      0.003     0.074       0.245     0.694      0.127     0.805      0.498     0.486      0.639     0.858    0.588     0.809   0.780     0.110      0.183     0.01838  -1	   0.1724597     0.0592580
     D1D6R-a86a      0.004     0.059       0.206     0.800      0.123     0.825      0.488     0.353      0.762     0.854    0.538     0.830   0.663     0.134      0.211     0.10445  -1	   0.1916497     0.1257489
     D1D6R-a86b      0.004     0.060       0.202     0.756      0.093     0.803      0.456     0.345      0.705     0.871    0.573     0.831   0.851     0.128      0.304     0.10837  -1	   0.1852794     0.1476563
     D1D6R-a86c      0.007     0.055       0.185     0.615      0.171     0.833      0.512     0.356      0.127     0.796    0.509     0.785   0.778     0.146      0.353     0.06293  -1	   0.2505272     0.2412675
     D1D6R-a86d      0.008     0.078       0.245     0.672      0.186     0.816      0.469     0.317      0.394     0.844    0.606     0.782   0.845     0.102      0.100     0.17675  -1	   0.1564086     0.1595314
     D1D6R-a87a      0.004     0.077       0.245     0.673     -0.032     0.815      0.473     0.367      0.533     0.799    0.531     0.775   0.747     0.120      0.265     0.08237  -1	   0.1313040     0.0563462
     D1D6R-a87b      0.006     0.086       0.253     0.638      0.402     0.823      0.427     0.240      0.140     0.945    0.739     0.863   0.879     0.102      0.333     0.24413   1	   0.5301645     0.4550314
     D1D6R-a87c      0.007     0.070       0.236     0.586      0.506     0.810      0.485     0.451      0.359     0.874    0.527     0.855   0.715     0.121      0.107     0.22895  -1	   0.3672125     0.2607931
     D1D6R-a87d      0.007     0.075       0.223     0.626      0.450     0.821      0.446     0.312      0.332     0.877    0.688     0.775   0.848     0.117      0.364     0.29184   1	   0.5572950     0.4751250
     D1D6R-a88a      0.014     0.073       0.245     0.728     -0.525     0.821      0.433     0.364      0.648     0.829    0.538     0.803   0.636     0.121      0.115     0.04444  -1	   0.0555898     0.0592566
     D1D6R-a88b      0.016     0.060       0.202     0.614      0.264     0.799      0.544     0.486      0.833     0.880    0.606     0.826   0.825     0.120      0.105     0.36069   1	   0.2298450     0.1402905
     D1D6R-a88c      0.006     0.068       0.215     0.567      0.099     0.833      0.515     0.450      0.140     0.835    0.537     0.809   0.612     0.125      0.189     0.12743  -1	   0.0979740     0.0337030
     D1D6R-a88d      0.017     0.062       0.206     0.566      0.408     0.809      0.501     0.384      0.329     0.832    0.537     0.806   0.752     0.118      0.220     0.43876   1	   0.3066107     0.2779177
     D1D6R-a89a      0.022     0.072       0.227     0.629     -0.079     0.822      0.467     0.415      0.196     0.816    0.498     0.810   0.680     0.109      0.055     0.07427  -1	   0.0139512     0.0143160
     D1D6R-a89b      0.019     0.046       0.163     0.548      0.122     0.814      0.488     0.393      0.714     0.797    0.512     0.785   0.692     0.172      0.094     0.03207  -1	   0.0689324     0.1162386
     D1D6R-a89c      0.014     0.051       0.180     0.701      0.383     0.813      0.535     0.557      0.345     0.812    0.501     0.805   0.952     0.141      0.074     0.01967  -1	   0.2074098     0.1330226
     D1D6R-a89d      0.012     0.052       0.155     0.592      0.015     0.833      0.505     0.414      0.834     0.822    0.545     0.791   0.587     0.185      0.202     0.03252  -1	   0.0907428     0.0740582
      D1D6R-a8a      0.009     0.057       0.189     0.723     -0.102     0.799      0.500     0.407      0.218     0.817    0.548     0.785   0.711     0.139      0.152     0.01055  -1	   0.0558784     0.0709183
      D1D6R-a8b      0.016     0.058       0.206     0.679     -0.030     0.812      0.467     0.398      0.445     0.920    0.582     0.887   0.747     0.134      0.178     0.01130  -1	   0.0524856     0.0598948
      D1D6R-a8c      0.024     0.053       0.193     0.644      0.242     0.826      0.456     0.455      0.614     0.799    0.532     0.776   0.787     0.157      0.191     0.01051  -1	   0.1975290     0.1512435
      D1D6R-a8d      0.005     0.062       0.193     0.718     -0.176     0.814      0.521     0.444      0.057     0.801    0.541     0.772   0.785     0.134      0.167     0.01065  -1	   0.1022941     0.0683790
     D1D6R-a90a      0.003     0.050       0.159     0.700      0.199     0.817      0.596     0.534      0.608     0.857    0.587     0.807   0.819     0.150      0.064     0.02937  -1	   0.0856708     0.0708830
     D1D6R-a90b      0.013     0.055       0.176     0.701     -0.002     0.789      0.540     0.659      0.910     0.819    0.518     0.804   0.802     0.171      0.129     0.06359  -1	   0.0993969    -0.0020771
     D1D6R-a90c      0.011     0.055       0.185     0.683      0.070     0.816      0.588     0.719      0.335     0.829    0.514     0.815   0.805     0.152      0.146     0.07198  -1	   0.0694086    -0.0436619
     D1D6R-a90d      0.008     0.056       0.167     0.659      0.088     0.826      0.453     0.277      0.373     0.803    0.568     0.759   0.805     0.140      0.119     0.03286  -1	   0.0471024     0.2041139
     D1D6R-a91a      0.016     0.049       0.180     0.693      0.280     0.819      0.494     0.509      0.526     0.806    0.527     0.785   0.872     0.142      0.114     0.02048  -1	   0.1650477     0.1197289
     D1D6R-a91b      0.012     0.048       0.155     0.582      0.097     0.798      0.573     0.677      0.744     0.842    0.569     0.800   0.744     0.156      0.010     0.03135  -1	   0.0366083    -0.0236843
     D1D6R-a91c      0.012     0.055       0.176     0.580      0.348     0.802      0.528     0.589      0.643     0.811    0.527     0.790   0.727     0.135      0.167     0.02428  -1	   0.2249488     0.1096340
     D1D6R-a91d      0.011     0.053       0.176     0.666     -0.377     0.816      0.534     0.555      0.700     0.918    0.523     0.903   0.538     0.143      0.119     0.02117  -1	   0.0227938     0.0223379
     D1D6R-a92a      0.010     0.068       0.210     0.683     -0.028     0.835      0.535     0.510      0.917     0.845    0.562     0.807   0.747     0.110      0.087     0.02213  -1	   0.1269868     0.0215798
     D1D6R-a92b      0.008     0.069       0.206     0.677     -0.021     0.827      0.502     0.464      0.837     0.852    0.570     0.810   0.747     0.121      0.121     0.02225  -1	   0.1098701     0.0313568
     D1D6R-a92c      0.007     0.069       0.206     0.679      0.038     0.827      0.482     0.447      0.978     0.865    0.585     0.818   0.780     0.121      0.128     0.02255  -1	   0.1761674     0.0718805
     D1D6R-a92d      0.018     0.060       0.219     0.601      0.146     0.822      0.404     0.588      1.000     0.945    0.725     0.872   0.713     0.128     -0.006     0.01784  -1	   0.2140406     0.1582355
     D1D6R-a93a      0.011     0.061       0.215     0.516      0.093     0.818      0.430     0.628      1.000     0.925    0.712     0.839   0.459     0.133     -0.007     0.01731  -1	   0.1902936     0.1334040
     D1D6R-a93b      0.013     0.071       0.227     0.700     -0.023     0.844      0.347     0.304      0.998     0.862    0.591     0.810   0.802     0.113      0.055     0.01904  -1	   0.1641964     0.1906802
     D1D6R-a93c      0.011     0.060       0.206     0.525      0.010     0.822      0.465     0.668      1.000     0.935    0.761     0.831   0.434     0.135     -0.036     0.01766  -1	   0.1490234     0.0850727
     D1D6R-a93d      0.019     0.061       0.219     0.537      0.043     0.832      0.398     0.572      1.000     0.946    0.789     0.837   0.434     0.128     -0.023     0.01682  -1	   0.1902582     0.1559698
     D1D6R-a94a      0.014     0.063       0.219     0.620      0.049     0.814      0.387     0.570      1.000     0.942    0.749     0.853   0.713     0.133      0.002     0.01782  -1	   0.1603276     0.1297366
     D1D6R-a94b      0.012     0.058       0.206     0.546      0.123     0.834      0.497     0.688      1.000     0.947    0.781     0.846   0.434     0.128     -0.037     0.01753  -1	   0.2141427     0.0991884
     D1D6R-a94c      0.014     0.073       0.236     0.649      0.320     0.816      0.406     0.572      0.057     0.852    0.604     0.793   0.853     0.122      0.044     0.01813  -1	   0.1890670    -0.0337085
     D1D6R-a94d      0.014     0.074       0.236     0.667     -0.023     0.829      0.413     0.402      0.999     0.872    0.572     0.833   0.747     0.123      0.074     0.01899  -1	   0.1782258     0.1047926
     D1D6R-a95a      0.018     0.054       0.176     0.613      0.099     0.803      0.514     0.554      0.224     0.809    0.514     0.796   0.738     0.153      0.121     0.01832  -1	   0.0478504    -0.0170967
     D1D6R-a95b      0.020     0.074       0.236     0.631      0.144     0.815      0.401     0.390      0.999     0.856    0.534     0.833   0.713     0.130      0.108     0.01843  -1	   0.2800189     0.1664777
     D1D6R-a95c      0.007     0.063       0.206     0.666     -0.178     0.821      0.481     0.542      0.995     0.884    0.659     0.803   0.730     0.120      0.174     0.02083  -1	   0.0946829     0.0576041
     D1D6R-a95d      0.024     0.054       0.189     0.683      0.053     0.833      0.477     0.416      0.133     0.801    0.535     0.776   0.805     0.146      0.197     0.01820  -1	   0.1368157     0.1151892
     D1D6R-a96a      0.021     0.055       0.176     0.586      0.199     0.804      0.515     0.557      0.315     0.812    0.513     0.799   0.652     0.152      0.137     0.01849  -1	   0.0938701     0.0169355
     D1D6R-a96b      0.026     0.048       0.176     0.659      0.101     0.824      0.505     0.520      0.233     0.838    0.561     0.799   0.827     0.169      0.160     0.01811  -1	   0.0915457     0.0388731
     D1D6R-a96c      0.028     0.051       0.185     0.684      0.145     0.832      0.507     0.480      0.228     0.842    0.573     0.798   0.780     0.178      0.190     0.01814  -1	   0.1589031     0.0961261
     D1D6R-a96d      0.007     0.055       0.176     0.634     -0.086     0.810      0.517     0.475      0.467     0.834    0.565     0.793   0.680     0.147      0.119     0.01631  -1	  -0.0080334     0.0057146
     D1D6R-a97a      0.007     0.063       0.210     0.707     -0.535     0.787      0.526     0.456      0.239     0.943    0.535     0.928   0.636     0.122      0.063     0.01771  -1	   0.0481535     0.0703415
     D1D6R-a97b      0.008     0.059       0.210     0.783     -0.532     0.812      0.374     0.253      0.326     0.852    0.585     0.803   0.628     0.114      0.229     0.01469  -1	   0.1194737     0.2317951
     D1D6R-a97c      0.009     0.065       0.197     0.627      0.086     0.821      0.503     0.392      0.139     0.837    0.581     0.789   0.738     0.136      0.181     0.01840  -1	   0.1129944     0.1043794
     D1D6R-a97d      0.010     0.062       0.202     0.649      0.339     0.824      0.469     0.314      0.308     0.851    0.624     0.780   0.853     0.124      0.191     0.02270  -1	   0.2723708     0.3304755
     D1D6R-a98a      0.007     0.056       0.185     0.758     -0.215     0.805      0.458     0.383      0.679     0.815    0.553     0.780   0.683     0.137      0.153     0.01602  -1	   0.0220542     0.0508248
     D1D6R-a98b      0.007     0.062       0.223     0.774     -0.511     0.822      0.425     0.306      0.371     0.856    0.562     0.819   0.628     0.112      0.253     0.01512  -1	   0.1045233     0.1393381
     D1D6R-a98c      0.010     0.060       0.206     0.741      0.118     0.801      0.467     0.385      0.561     0.824    0.568     0.781   0.834     0.128      0.179     0.02522  -1	   0.1338465     0.1126460
     D1D6R-a98d      0.026     0.056       0.180     0.628      0.156     0.838      0.431     0.396      0.191     0.827    0.523     0.808   0.778     0.177      0.118     0.01835  -1	   0.1016912     0.1084491
     D1D6R-a99a      0.010     0.067       0.210     0.626      0.474     0.815      0.473     0.359      0.997     0.859    0.585     0.811   0.848     0.113      0.017     0.27910   1	   0.4868102     0.3281526
     D1D6R-a99b      0.006     0.074       0.227     0.612      0.066     0.815      0.523     0.481      0.228     0.825    0.519     0.808   0.738     0.116      0.205     0.08536  -1	   0.1248550     0.0078620
     D1D6R-a99c      0.007     0.065       0.219     0.679      0.138     0.823      0.486     0.404      0.444     0.876    0.596     0.826   0.780     0.130      0.114     0.12024  -1	   0.1041349     0.0890214
     D1D6R-a99d      0.017     0.049       0.167     0.694      0.115     0.807      0.536     0.578      0.783     0.842    0.573     0.797   0.827     0.154      0.101     0.02157  -1	   0.1018599     0.0359198
      D1D6R-a9a      0.014     0.044       0.159     0.477      0.003     0.822      0.537     0.462      0.508     0.776    0.510     0.765   0.582     0.145      0.413     0.00990  -1	   0.0641553     0.0914650
      D1D6R-a9b      0.018     0.056       0.193     0.520      0.077     0.800      0.463     0.419      0.190     0.786    0.511     0.774   0.459     0.180      0.209     0.00932  -1	   0.0736077     0.0645764
      D1D6R-a9c      0.017     0.048       0.185     0.665     -0.252     0.806      0.577     0.585      0.402     0.795    0.513     0.783   0.726     0.166      0.038     0.01013  -1	  -0.0316238    -0.0242556
      D1D6R-a9d      0.012     0.065       0.227     0.687      0.086     0.811      0.435     0.382      0.106     0.835    0.575     0.789   0.805     0.121      0.145     0.01171  -1	   0.1252655     0.0981336
