      D1CGI-a9d      0.027     0.054       0.184     0.688     -0.285     0.894      0.428     0.398      0.370     0.486    0.447     0.546   0.582     0.122      0.115     0.01174  -1	   0.0055391     0.0930362
      D1CGI-a0a      0.026     0.055       0.184     0.694     -0.435     0.884      0.445     0.367      0.658     0.496    0.437     0.565   0.000     0.133      0.144     0.01160  -1	   0.0147483     0.0345897
      D1CGI-a0b      0.026     0.056       0.184     0.714     -0.415     0.883      0.445     0.364      0.534     0.515    0.420     0.595   0.000     0.136      0.150     0.01166  -1	   0.0227099     0.0391819
      D1CGI-a0c      0.023     0.048       0.155     0.564     -0.036     0.876      0.531     0.571      0.450     0.496    0.438     0.565   0.778     0.142      0.206     0.01332  -1	   0.0120402    -0.0435753
      D1CGI-a0d      0.026     0.056       0.180     0.700     -0.398     0.884      0.433     0.325      0.407     0.470    0.451     0.529   0.593     0.133      0.144     0.01171  -1	   0.0325874     0.1457062
    D1CGI-a100a      0.021     0.050       0.176     0.701      0.253     0.881      0.455     0.451      0.391     0.470    0.443     0.536   0.896     0.144      0.203     0.01465  -1	   0.1759719     0.1016294
    D1CGI-a100b      0.019     0.053       0.180     0.642      0.322     0.872      0.487     0.494      0.789     0.504    0.438     0.572   0.853     0.143      0.195     0.01467  -1	   0.2256652     0.1115056
    D1CGI-a100c      0.019     0.052       0.180     0.649      0.301     0.864      0.512     0.524      0.543     0.543    0.487     0.566   0.853     0.140      0.207     0.01461  -1	   0.1975019     0.0780523
    D1CGI-a100d      0.025     0.044       0.155     0.609     -0.222     0.876      0.588     0.520      0.911     0.526    0.442     0.588   0.718     0.174      0.040     0.01467  -1	   0.0394411    -0.0048155
    D1CGI-a101a      0.020     0.042       0.151     0.611     -0.241     0.875      0.604     0.524      0.718     0.567    0.452     0.616   0.718     0.160      0.013     0.01459  -1	  -0.0179657    -0.0228235
    D1CGI-a101b      0.019     0.063       0.192     0.669      0.031     0.849      0.463     0.286      0.553     0.601    0.467     0.635   0.780     0.141      0.068     0.01739  -1	   0.0509008     0.1272187
    D1CGI-a101c      0.022     0.051       0.151     0.671      0.065     0.880      0.495     0.457      0.466     0.496    0.455     0.549   0.805     0.146      0.190     0.02475  -1	   0.0607702     0.0480891
    D1CGI-a101d      0.018     0.046       0.155     0.565      0.015     0.883      0.587     0.617      0.821     0.559    0.472     0.592   0.708     0.179      0.103     0.01733  -1	   0.0438690    -0.0299232
    D1CGI-a102a      0.023     0.048       0.147     0.666      0.255     0.879      0.459     0.354      0.373     0.549    0.467     0.588   0.872     0.145      0.284     0.03306  -1	   0.2030730     0.2546490
    D1CGI-a102b      0.022     0.044       0.131     0.736      0.172     0.865      0.511     0.395      0.752     0.521    0.451     0.575   0.819     0.166      0.214     0.03195  -1	   0.0966863     0.1128242
    D1CGI-a102c      0.021     0.053       0.155     0.682      0.054     0.857      0.533     0.515      0.645     0.538    0.464     0.579   0.805     0.162      0.230     0.01884  -1	   0.0672865    -0.0079464
    D1CGI-a102d      0.016     0.051       0.176     0.572     -0.071     0.863      0.552     0.538      0.805     0.551    0.469     0.588   0.554     0.153      0.107     0.02047  -1	   0.0329901    -0.0045959
    D1CGI-a103a      0.021     0.040       0.131     0.695      0.251     0.884      0.533     0.514      0.448     0.517    0.446     0.575   0.872     0.183      0.203     0.03256  -1	   0.1279090     0.0661816
    D1CGI-a103b      0.023     0.047       0.143     0.688      0.119     0.873      0.514     0.440      0.137     0.516    0.473     0.553   0.827     0.149      0.184     0.03291  -1	   0.1367832     0.1474193
    D1CGI-a103c      0.021     0.048       0.159     0.682      0.107     0.883      0.462     0.254      0.757     0.561    0.476     0.592   0.827     0.161      0.152     0.04405  -1	   0.0774526     0.2174626
    D1CGI-a103d      0.022     0.044       0.131     0.682      0.286     0.869      0.538     0.455      0.685     0.519    0.472     0.557   0.872     0.162      0.194     0.03161  -1	   0.1430248     0.1055734
    D1CGI-a104a      0.019     0.049       0.151     0.697      0.142     0.875      0.479     0.293      0.603     0.532    0.468     0.570   0.827     0.153      0.119     0.04205  -1	   0.0690597     0.1909915
    D1CGI-a104b      0.017     0.052       0.163     0.692      0.081     0.876      0.456     0.253      0.925     0.580    0.493     0.596   0.805     0.146      0.193     0.05044  -1	   0.1045856     0.2065241
    D1CGI-a104c      0.021     0.044       0.131     0.655      0.159     0.887      0.506     0.478      0.589     0.585    0.515     0.583   0.794     0.184      0.075     0.03156  -1	   0.0486897     0.0465590
    D1CGI-a104d      0.017     0.049       0.143     0.751      0.285     0.877      0.460     0.251      0.701     0.549    0.474     0.582   0.875     0.151      0.188     0.04887  -1	   0.1818179     0.2960051
    D1CGI-a105a      0.017     0.049       0.151     0.700      0.150     0.880      0.496     0.336      0.853     0.533    0.479     0.564   0.819     0.154      0.119     0.04218  -1	   0.0999419     0.1357077
    D1CGI-a105b      0.019     0.054       0.155     0.616      0.142     0.892      0.451     0.264      0.762     0.516    0.461     0.563   0.713     0.161      0.127     0.05539  -1	   0.1031953     0.2109775
    D1CGI-a105c      0.028     0.043       0.143     0.749     -0.079     0.878      0.485     0.506      0.315     0.511    0.441     0.574   0.836     0.176      0.124     0.03534  -1	   0.0294627     0.0136381
    D1CGI-a105d      0.019     0.049       0.155     0.705      0.135     0.876      0.502     0.350      0.865     0.527    0.452     0.580   0.851     0.161      0.146     0.04225  -1	   0.0990274     0.1172645
    D1CGI-a106b      0.019     0.050       0.155     0.682      0.218     0.876      0.483     0.313      0.921     0.529    0.491     0.550   0.840     0.156      0.136     0.04177  -1	   0.1525274     0.1766393
    D1CGI-a106c      0.017     0.049       0.151     0.718      0.174     0.887      0.493     0.340      0.519     0.504    0.438     0.571   0.819     0.159      0.153     0.04126  -1	   0.0965661     0.1676602
    D1CGI-a106d      0.016     0.043       0.131     0.721      0.173     0.893      0.538     0.477      0.558     0.550    0.453     0.599   0.819     0.179      0.076     0.03259  -1	   0.0591966     0.0541541
    D1CGI-a107a      0.021     0.047       0.151     0.705      0.103     0.879      0.474     0.243      0.494     0.530    0.459     0.577   0.851     0.163      0.165     0.04362  -1	   0.0628311     0.2632441
    D1CGI-a107b      0.017     0.047       0.139     0.575      0.146     0.866      0.509     0.337      0.476     0.573    0.468     0.609   0.753     0.188      0.101     0.04649  -1	   0.0303665     0.1493866
    D1CGI-a107c      0.017     0.048       0.151     0.705      0.234     0.880      0.488     0.343      0.853     0.508    0.447     0.566   0.864     0.157      0.136     0.04204  -1	   0.1440301     0.1597836
    D1CGI-a107d      0.006     0.055       0.155     0.625      0.374     0.884      0.471     0.478      0.308     0.485    0.457     0.537   0.831     0.167      0.187     0.02471  -1	   0.2281056     0.0999107
    D1CGI-a108a      0.023     0.057       0.184     0.639     -0.051     0.872      0.578     0.689      0.337     0.522    0.457     0.570   0.680     0.126      0.053     0.01385  -1	   0.0073764    -0.0865538
    D1CGI-a108b      0.024     0.039       0.143     0.598      0.379     0.867      0.522     0.426      0.618     0.730    0.455     0.755   0.830     0.184      0.118     0.01585  -1	   0.2154501     0.2293933
    D1CGI-a108c      0.017     0.049       0.155     0.711      0.199     0.880      0.477     0.325      0.854     0.521    0.456     0.571   0.819     0.154      0.154     0.04188  -1	   0.1348261     0.1687166
    D1CGI-a108d      0.005     0.075       0.220     0.730      0.204     0.885      0.415     0.574      0.736     0.593    0.497     0.604   0.909     0.128      0.147     0.01616  -1	   0.2067528     0.0210820
    D1CGI-a109a      0.015     0.057       0.176     0.591      0.163     0.860      0.524     0.550      0.363     0.532    0.515     0.534   0.652     0.152      0.104     0.01469  -1	   0.0786201    -0.0055484
    D1CGI-a109b      0.016     0.059       0.200     0.669      0.444     0.891      0.426     0.341      0.768     0.587    0.538     0.566   0.945     0.132      0.422     0.01281  -1	   0.4689482     0.3892458
    D1CGI-a109c      0.016     0.053       0.163     0.699     -0.180     0.874      0.548     0.605      0.748     0.514    0.427     0.588   0.730     0.141      0.196     0.01298  -1	   0.0100317    -0.0424066
     D1CGI-a10a      0.019     0.058       0.192     0.686     -0.575     0.877      0.431     0.308      0.695     0.676    0.519     0.666   0.464     0.121      0.349     0.01135  -1	   0.0628689     0.1637230
     D1CGI-a10b      0.029     0.056       0.180     0.693     -0.427     0.875      0.436     0.341      0.632     0.499    0.443     0.562   0.000     0.128      0.144     0.01168  -1	   0.0197757     0.0562272
     D1CGI-a10c      0.024     0.056       0.188     0.705     -0.441     0.893      0.451     0.372      0.621     0.494    0.431     0.567   0.000     0.131      0.130     0.01165  -1	   0.0128388     0.0235854
     D1CGI-a10d      0.031     0.063       0.208     0.599     -0.167     0.880      0.443     0.460      0.783     0.651    0.481     0.669   0.538     0.117      0.269     0.01258  -1	   0.0743919     0.0924071
    D1CGI-a110a      0.016     0.055       0.151     0.595     -0.024     0.875      0.512     0.563      0.281     0.520    0.468     0.561   0.554     0.140      0.123     0.01389  -1	   0.0191936    -0.0267312
    D1CGI-a110b      0.016     0.053       0.151     0.577      0.015     0.867      0.520     0.578      0.257     0.510    0.469     0.549   0.587     0.148      0.100     0.01387  -1	   0.0152143    -0.0384480
    D1CGI-a110c      0.022     0.050       0.151     0.699     -0.251     0.871      0.438     0.356      0.170     0.517    0.453     0.569   0.726     0.181      0.166     0.01465  -1	   0.0845199     0.1914008
    D1CGI-a110d      0.019     0.052       0.159     0.598      0.066     0.862      0.499     0.559      0.261     0.492    0.456     0.545   0.612     0.145      0.078     0.01378  -1	   0.0279248    -0.0205415
    D1CGI-a111a      0.023     0.046       0.147     0.742     -0.174     0.875      0.465     0.407      0.329     0.508    0.460     0.556   0.781     0.174      0.225     0.03581  -1	   0.0599621     0.1053232
    D1CGI-a111b      0.019     0.044       0.143     0.753      0.145     0.908      0.496     0.472      0.547     0.575    0.476     0.603   0.831     0.186      0.117     0.03441  -1	   0.0796077     0.0647567
    D1CGI-a111c      0.021     0.047       0.147     0.676     -0.255     0.878      0.502     0.458      0.479     0.519    0.472     0.556   0.726     0.196      0.258     0.03624  -1	   0.0282710     0.0346010
    D1CGI-a111d      0.018     0.042       0.131     0.734      0.287     0.897      0.539     0.504      0.370     0.534    0.456     0.583   0.896     0.177      0.076     0.03281  -1	   0.1203932     0.0863041
     D1CGI-a11a      0.029     0.068       0.241     0.570     -0.276     0.885      0.360     0.284      0.997     0.713    0.595     0.644   0.389     0.121      0.080     0.01218  -1	   0.1017992     0.1889941
     D1CGI-a11b      0.023     0.062       0.188     0.596     -0.241     0.917      0.501     0.490      0.659     0.522    0.467     0.563   0.444     0.127      0.208     0.01454  -1	   0.0203207     0.0125955
     D1CGI-a11c      0.026     0.057       0.204     0.642     -0.434     0.880      0.439     0.272      0.650     0.539    0.436     0.603   0.000     0.112      0.212     0.01278  -1	   0.0060759     0.0772885
     D1CGI-a11d      0.018     0.052       0.159     0.602     -0.461     0.870      0.569     0.580      0.731     0.536    0.476     0.569   0.546     0.150      0.028     0.01160  -1	   0.0325682    -0.0249270
     D1CGI-a12a      0.025     0.058       0.184     0.702     -0.109     0.880      0.491     0.401      0.125     0.474    0.435     0.545   0.711     0.122      0.277     0.01353  -1	   0.1705167     0.1565631
     D1CGI-a12b      0.019     0.064       0.204     0.705     -0.329     0.878      0.440     0.407      0.553     0.546    0.496     0.561   0.636     0.110      0.174     0.01149  -1	   0.0128809     0.0472960
     D1CGI-a12c      0.024     0.059       0.184     0.686     -0.252     0.878      0.521     0.438      0.196     0.485    0.455     0.539   0.582     0.122      0.291     0.01356  -1	   0.1339134     0.0949904
     D1CGI-a12d      0.018     0.060       0.167     0.762     -0.217     0.896      0.544     0.510      0.258     0.518    0.453     0.569   0.683     0.137      0.257     0.01352  -1	   0.1158555     0.0136983
     D1CGI-a13a      0.026     0.057       0.184     0.644     -0.059     0.894      0.491     0.375      0.141     0.512    0.415     0.596   0.680     0.138      0.035     0.01619  -1	   0.0231088     0.1066249
     D1CGI-a13b      0.008     0.066       0.208     0.620     -0.514     0.900      0.542     0.690      0.914     0.530    0.475     0.563   0.515     0.127      0.158     0.02056  -1	   0.0481012     0.0018820
     D1CGI-a13c      0.021     0.061       0.188     0.611     -0.077     0.895      0.519     0.553      0.878     0.511    0.427     0.587   0.680     0.143      0.104     0.01814  -1	   0.0836404     0.0092263
     D1CGI-a13d      0.023     0.058       0.180     0.602     -0.043     0.896      0.528     0.537      0.936     0.527    0.449     0.582   0.680     0.146      0.124     0.01833  -1	   0.0985823     0.0218050
     D1CGI-a14a      0.020     0.063       0.176     0.656     -0.005     0.897      0.503     0.525      0.558     0.492    0.403     0.588   0.747     0.128      0.108     0.01741  -1	   0.0548222    -0.0208203
     D1CGI-a14b      0.016     0.055       0.171     0.689     -0.144     0.905      0.488     0.403      0.991     0.551    0.503     0.561   0.656     0.123      0.194     0.01735  -1	   0.0479933     0.0768187
     D1CGI-a14c      0.023     0.056       0.176     0.629     -0.074     0.912      0.575     0.625      0.671     0.518    0.415     0.602   0.680     0.145      0.137     0.01682  -1	   0.0382345    -0.0481627
     D1CGI-a14d      0.030     0.061       0.171     0.575     -0.029     0.900      0.520     0.429      0.301     0.513    0.450     0.569   0.554     0.142      0.242     0.01376  -1	   0.0934272     0.0772550
     D1CGI-a15a      0.012     0.066       0.184     0.675     -0.346     0.859      0.497     0.462      0.268     0.589    0.477     0.616   0.582     0.160      0.113     0.02654  -1	   0.0547221     0.0194614
     D1CGI-a15b      0.025     0.052       0.171     0.633     -0.318     0.892      0.634     0.561      0.938     0.504    0.461     0.553   0.515     0.144      0.153     0.03583  -1	   0.0323503    -0.0369360
     D1CGI-a15c      0.023     0.042       0.147     0.652     -0.220     0.898      0.537     0.476      0.323     0.506    0.445     0.566   0.773     0.193      0.225     0.02967  -1	   0.0278384     0.0329240
     D1CGI-a16a      0.019     0.047       0.135     0.581      0.166     0.889      0.519     0.494      0.479     0.559    0.453     0.607   0.721     0.174      0.144     0.04663  -1	   0.0608225     0.0413714
     D1CGI-a16b      0.027     0.058       0.163     0.781      0.093     0.871      0.476     0.380      0.269     0.518    0.476     0.552   0.851     0.155      0.358     0.05111  -1	   0.2676725     0.1849953
     D1CGI-a16c      0.021     0.057       0.176     0.658      0.005     0.886      0.534     0.442      0.807     0.500    0.476     0.536   0.780     0.151      0.303     0.03985  -1	   0.0721152     0.0272132
     D1CGI-a16d      0.027     0.052       0.176     0.710     -0.163     0.890      0.599     0.475      0.526     0.484    0.451     0.541   0.785     0.143      0.139     0.03561  -1	   0.0025154    -0.0016518
     D1CGI-a17a      0.021     0.087       0.245     0.593     -0.140     0.890      0.400     0.307      0.964     0.584    0.502     0.592   0.463     0.116      0.229     0.06205  -1	   0.1524575     0.1331211
     D1CGI-a17b      0.024     0.057       0.176     0.559     -0.025     0.883      0.525     0.426      0.228     0.533    0.504     0.544   0.554     0.141      0.211     0.03716  -1	   0.0757113     0.0975973
     D1CGI-a17c      0.027     0.050       0.163     0.701      0.168     0.883      0.511     0.324      0.805     0.510    0.447     0.567   0.819     0.124      0.430     0.25289  -1	   0.1757311     0.2025573
     D1CGI-a17d      0.029     0.064       0.204     0.627     -0.544     0.883      0.460     0.336      0.396     0.552    0.457     0.599   0.515     0.130      0.146     0.06364  -1	   0.0735150     0.1216326
     D1CGI-a18a      0.023     0.077       0.229     0.551     -0.432     0.883      0.475     0.321      0.436     0.518    0.443     0.580   0.000     0.113      0.171     0.07708  -1	   0.0500616     0.0498205
     D1CGI-a18b      0.019     0.051       0.163     0.685     -0.348     0.898      0.504     0.478      0.625     0.532    0.447     0.588   0.582     0.163      0.105     0.04452  -1	  -0.0058019     0.0041895
     D1CGI-a18c      0.030     0.074       0.216     0.670     -0.397     0.868      0.508     0.315      0.311     0.526    0.463     0.571   0.538     0.114      0.244     0.09892  -1	   0.1175752     0.1356475
     D1CGI-a18d      0.021     0.086       0.245     0.601     -0.231     0.898      0.428     0.353      0.974     0.591    0.506     0.596   0.570     0.121      0.184     0.06191  -1	   0.1234788     0.0891320
     D1CGI-a19a      0.015     0.045       0.131     0.630     -0.047     0.869      0.628     0.585      0.916     0.502    0.429     0.576   0.796     0.169      0.110     0.02597  -1	   0.0328171    -0.0460801
     D1CGI-a19b      0.015     0.054       0.171     0.582     -0.085     0.889      0.558     0.468      0.332     0.496    0.418     0.579   0.554     0.145      0.102     0.04429  -1	  -0.0018409     0.0106622
     D1CGI-a19c      0.011     0.045       0.131     0.614     -0.123     0.884      0.645     0.602      0.962     0.539    0.456     0.588   0.732     0.163      0.100     0.02537  -1	   0.0322299    -0.0484626
     D1CGI-a19d      0.025     0.088       0.249     0.688     -0.266     0.877      0.367     0.189      0.133     0.541    0.438     0.605   0.582     0.113      0.206     0.11166  -1	   0.1700508     0.2886793
      D1CGI-a1a      0.024     0.061       0.184     0.601     -0.278     0.909      0.501     0.485      0.665     0.516    0.449     0.572   0.515     0.139      0.188     0.01464  -1	   0.0196221     0.0118046
      D1CGI-a1b      0.020     0.042       0.139     0.580     -0.059     0.899      0.589     0.688      0.592     0.468    0.416     0.554   0.738     0.157      0.102     0.01276  -1	  -0.0207603    -0.0810578
      D1CGI-a1c      0.026     0.060       0.220     0.648     -0.368     0.865      0.487     0.373      0.559     0.532    0.475     0.565   0.471     0.120      0.250     0.01264  -1	   0.0276830     0.0555062
      D1CGI-a1d      0.021     0.050       0.151     0.624     -0.007     0.881      0.493     0.523      0.383     0.457    0.405     0.555   0.796     0.142      0.164     0.01348  -1	   0.0278324    -0.0112566
     D1CGI-a20a      0.013     0.047       0.131     0.650      0.234     0.869      0.533     0.506      0.530     0.484    0.444     0.548   0.840     0.167      0.070     0.02886  -1	   0.0622139     0.0107512
     D1CGI-a20b      0.011     0.048       0.135     0.662      0.034     0.867      0.539     0.519      0.475     0.497    0.429     0.572   0.781     0.172      0.021     0.02913  -1	  -0.0165231    -0.0321899
     D1CGI-a20c      0.014     0.045       0.131     0.609     -0.103     0.875      0.643     0.599      0.943     0.530    0.452     0.582   0.732     0.173      0.100     0.02518  -1	   0.0333899    -0.0488192
     D1CGI-a20d      0.029     0.075       0.216     0.666     -0.394     0.867      0.494     0.303      0.221     0.524    0.450     0.577   0.538     0.116      0.260     0.09818  -1	   0.1554487     0.1830941
     D1CGI-a21a      0.018     0.044       0.143     0.697     -0.203     0.876      0.500     0.441      0.369     0.565    0.459     0.609   0.773     0.177      0.242     0.01733  -1	   0.0365313     0.0658013
     D1CGI-a21b      0.018     0.049       0.151     0.612     -0.128     0.901      0.457     0.371      0.812     0.544    0.464     0.585   0.732     0.167      0.208     0.01651  -1	   0.0140946     0.1258470
     D1CGI-a21c      0.012     0.045       0.127     0.624     -0.082     0.881      0.638     0.597      0.921     0.532    0.465     0.574   0.756     0.155      0.113     0.02562  -1	   0.0206815    -0.0485012
     D1CGI-a21d      0.015     0.053       0.159     0.748     -0.074     0.876      0.501     0.588      0.641     0.545    0.453     0.596   0.802     0.163      0.125     0.01408  -1	   0.0126030    -0.0464042
     D1CGI-a22a      0.023     0.061       0.229     0.645     -0.410     0.869      0.505     0.405      0.656     0.572    0.496     0.586   0.000     0.117      0.269     0.01283  -1	   0.0143577    -0.0162067
     D1CGI-a22b      0.019     0.049       0.151     0.524     -0.133     0.883      0.496     0.453      0.845     0.516    0.452     0.569   0.653     0.167      0.117     0.01596  -1	   0.0301811     0.0727105
     D1CGI-a22c      0.021     0.050       0.155     0.535     -0.062     0.887      0.499     0.449      0.816     0.531    0.451     0.584   0.677     0.170      0.117     0.01575  -1	   0.0401987     0.0646328
     D1CGI-a22d      0.027     0.050       0.147     0.702     -0.302     0.878      0.478     0.506      0.381     0.522    0.453     0.574   0.836     0.171      0.127     0.01170  -1	   0.0257506     0.0025769
     D1CGI-a23b      0.029     0.058       0.233     0.625     -0.419     0.879      0.448     0.309      0.680     0.555    0.470     0.591   0.000     0.115      0.241     0.01268  -1	   0.0073785     0.0460025
     D1CGI-a23c      0.016     0.069       0.237     0.604     -0.293     0.858      0.486     0.501      0.775     0.584    0.508     0.588   0.515     0.097      0.209     0.01272  -1	   0.0278590     0.0111796
     D1CGI-a23d      0.020     0.074       0.249     0.578     -0.342     0.861      0.434     0.405      0.641     0.565    0.521     0.559   0.389     0.094      0.178     0.01258  -1	   0.0248304     0.0557110
     D1CGI-a24a      0.029     0.070       0.249     0.588     -0.259     0.886      0.382     0.369      1.000     0.765    0.655     0.653   0.389     0.109      0.030     0.01213  -1	   0.1100044     0.1358587
     D1CGI-a24b      0.024     0.055       0.188     0.688     -0.416     0.884      0.467     0.391      0.669     0.504    0.442     0.569   0.000     0.137      0.144     0.01153  -1	   0.0115641     0.0101870
     D1CGI-a24c      0.027     0.061       0.224     0.634     -0.337     0.876      0.505     0.362      0.864     0.532    0.510     0.537   0.515     0.123      0.241     0.01276  -1	   0.0219478     0.0454846
     D1CGI-a24d      0.032     0.068       0.233     0.636     -0.224     0.872      0.401     0.359      0.998     0.734    0.553     0.697   0.570     0.104      0.050     0.01237  -1	   0.1127539     0.1306436
     D1CGI-a25a      0.028     0.061       0.224     0.639     -0.370     0.867      0.465     0.342      0.604     0.550    0.477     0.581   0.471     0.118      0.255     0.01283  -1	   0.0273021     0.0803309
     D1CGI-a25b      0.028     0.058       0.229     0.609     -0.412     0.873      0.449     0.301      0.582     0.559    0.484     0.583   0.000     0.113      0.293     0.01272  -1	   0.0152951     0.0724067
     D1CGI-a25c      0.015     0.071       0.245     0.574     -0.173     0.864      0.465     0.462      0.999     0.648    0.570     0.599   0.538     0.099      0.186     0.01281  -1	   0.0995708     0.0738772
     D1CGI-a25d      0.024     0.056       0.184     0.714     -0.409     0.876      0.459     0.370      0.523     0.478    0.433     0.551   0.000     0.133      0.144     0.01168  -1	   0.0225670     0.0321930
     D1CGI-a26a      0.021     0.056       0.188     0.711     -0.404     0.884      0.447     0.376      0.680     0.491    0.440     0.557   0.000     0.133      0.150     0.01161  -1	   0.0102907     0.0244622
     D1CGI-a26b      0.025     0.074       0.261     0.634     -0.353     0.862      0.412     0.318      0.767     0.626    0.522     0.616   0.471     0.102      0.251     0.01268  -1	   0.0463497     0.0937471
     D1CGI-a26c      0.024     0.059       0.196     0.637     -0.727     0.879      0.454     0.312      0.743     0.647    0.498     0.654   0.644     0.138      0.247     0.01107  -1	   0.1287135     0.1801395
     D1CGI-a26d      0.018     0.065       0.216     0.631     -0.372     0.877      0.507     0.395      0.578     0.554    0.456     0.602   0.471     0.109      0.123     0.01193  -1	   0.0064898     0.0178860
     D1CGI-a27a      0.023     0.044       0.147     0.616      0.051     0.894      0.518     0.504      0.776     0.563    0.444     0.619   0.761     0.153     -0.052     0.01113  -1	   0.0486392     0.0249492
     D1CGI-a27b      0.028     0.063       0.220     0.720     -0.338     0.868      0.485     0.390      0.369     0.572    0.484     0.596   0.636     0.116      0.279     0.01224  -1	   0.0895254     0.0672404
     D1CGI-a27c      0.025     0.053       0.192     0.655     -0.656     0.880      0.428     0.309      0.820     0.589    0.466     0.625   0.538     0.121      0.256     0.01115  -1	   0.0709242     0.1758572
     D1CGI-a27d      0.020     0.055       0.188     0.677     -0.626     0.885      0.415     0.318      0.761     0.571    0.479     0.598   0.464     0.115      0.274     0.01137  -1	   0.0462347     0.1619106
     D1CGI-a28a      0.024     0.051       0.171     0.746      0.190     0.880      0.476     0.415      0.632     0.571    0.490     0.590   0.900     0.163      0.250     0.01230  -1	   0.1636285     0.1156039
     D1CGI-a28b      0.027     0.059       0.188     0.625     -0.290     0.906      0.503     0.478      0.779     0.495    0.434     0.565   0.515     0.147      0.223     0.01462  -1	   0.0302541     0.0201380
     D1CGI-a28c      0.027     0.060       0.184     0.585     -0.297     0.909      0.527     0.514      0.656     0.499    0.448     0.557   0.389     0.141      0.201     0.01458  -1	   0.0217204    -0.0082268
     D1CGI-a28d      0.030     0.071       0.200     0.663     -0.153     0.902      0.490     0.408      0.573     0.524    0.447     0.581   0.730     0.135      0.200     0.01434  -1	   0.0662254     0.0248297
     D1CGI-a29a      0.029     0.066       0.188     0.538      0.005     0.899      0.513     0.400      0.343     0.530    0.437     0.595   0.434     0.148      0.145     0.01383  -1	   0.0756388     0.0647774
     D1CGI-a29b      0.021     0.057       0.184     0.681     -0.108     0.914      0.505     0.417      0.968     0.528    0.485     0.554   0.656     0.133      0.267     0.01689  -1	   0.0647756     0.0614229
     D1CGI-a29c      0.018     0.055       0.159     0.685     -0.154     0.913      0.528     0.450      0.998     0.568    0.512     0.569   0.730     0.133      0.202     0.01742  -1	   0.0480872     0.0398896
     D1CGI-a29d      0.029     0.062       0.188     0.507      0.027     0.903      0.546     0.471      0.287     0.554    0.458     0.600   0.434     0.146      0.199     0.01378  -1	   0.0840973     0.0333784
      D1CGI-a2a      0.026     0.059       0.184     0.595     -0.304     0.919      0.507     0.494      0.599     0.502    0.435     0.571   0.389     0.144      0.201     0.01447  -1	   0.0171261     0.0039660
      D1CGI-a2b      0.024     0.059       0.184     0.678     -0.101     0.881      0.507     0.410      0.191     0.489    0.430     0.564   0.656     0.122      0.277     0.01349  -1	   0.1375410     0.1196662
      D1CGI-a2c      0.023     0.047       0.131     0.604      0.143     0.870      0.636     0.669      0.850     0.554    0.453     0.604   0.771     0.158     -0.018     0.01291  -1	   0.0986155    -0.0456972
      D1CGI-a2d      0.031     0.056       0.171     0.697      0.230     0.886      0.479     0.428      0.389     0.574    0.512     0.575   0.854     0.134      0.075     0.01307  -1	   0.1452085     0.1172715
     D1CGI-a30a      0.016     0.057       0.171     0.669     -0.168     0.908      0.507     0.428      0.774     0.539    0.510     0.545   0.730     0.142      0.208     0.01707  -1	   0.0104216     0.0276457
     D1CGI-a30b      0.028     0.067       0.196     0.573     -0.179     0.913      0.486     0.384      0.458     0.510    0.427     0.584   0.538     0.140      0.261     0.01420  -1	   0.0653345     0.0786525
     D1CGI-a30c      0.021     0.055       0.180     0.636     -0.093     0.909      0.529     0.588      0.625     0.528    0.459     0.575   0.680     0.139      0.056     0.01692  -1	   0.0043131    -0.0359140
     D1CGI-a30d      0.034     0.060       0.176     0.481      0.015     0.885      0.499     0.401      0.788     0.554    0.439     0.615   0.316     0.134      0.146     0.01349  -1	   0.1161112     0.0865031
     D1CGI-a31a      0.029     0.051       0.159     0.777      0.018     0.918      0.465     0.351      0.920     0.556    0.486     0.580   0.826     0.137      0.266     0.01513  -1	   0.1010877     0.1382321
     D1CGI-a31b      0.022     0.073       0.212     0.533      0.189     0.894      0.413     0.428      0.855     0.550    0.508     0.556   0.499     0.124      0.190     0.02990  -1	   0.2509793     0.1795631
     D1CGI-a31d      0.020     0.058       0.180     0.595     -0.090     0.926      0.512     0.553      0.175     0.504    0.442     0.567   0.554     0.129      0.170     0.02341  -1	   0.0489771    -0.0256494
     D1CGI-a32a      0.012     0.065       0.188     0.662     -0.026     0.888      0.505     0.512      0.216     0.504    0.490     0.528   0.747     0.141      0.169     0.02408  -1	   0.0923425    -0.0185953
     D1CGI-a32b      0.018     0.059       0.176     0.672     -0.104     0.900      0.545     0.625      0.878     0.583    0.470     0.616   0.656     0.114      0.048     0.01581  -1	   0.0617886    -0.0072907
     D1CGI-a32c      0.013     0.057       0.167     0.700     -0.167     0.907      0.578     0.571      0.991     0.568    0.505     0.575   0.785     0.160      0.096     0.02156  -1	   0.0438428    -0.0361223
     D1CGI-a32d      0.013     0.066       0.212     0.611     -0.535     0.911      0.520     0.638      0.971     0.534    0.464     0.577   0.515     0.132      0.161     0.02072  -1	   0.0702850     0.0242754
     D1CGI-a33a      0.028     0.057       0.159     0.758      0.064     0.882      0.492     0.390      0.710     0.504    0.472     0.542   0.851     0.173      0.343     0.05170  -1	   0.1200703     0.0665480
     D1CGI-a33b      0.026     0.059       0.163     0.804      0.072     0.882      0.460     0.341      0.360     0.526    0.492     0.547   0.688     0.153      0.358     0.05203  -1	   0.2465048     0.2094852
     D1CGI-a33c      0.028     0.058       0.163     0.782      0.156     0.878      0.471     0.377      0.437     0.514    0.467     0.555   0.892     0.154      0.412     0.05197  -1	   0.2693968     0.1631709
     D1CGI-a33d      0.032     0.062       0.192     0.658      0.014     0.874      0.437     0.188      0.221     0.527    0.426     0.601   0.780     0.115      0.410     0.15653  -1	   0.2463730     0.4468979
     D1CGI-a34a      0.023     0.060       0.200     0.621     -0.463     0.877      0.459     0.330      0.755     0.490    0.466     0.536   0.546     0.139      0.142     0.06398  -1	   0.0335211     0.0937715
     D1CGI-a34b      0.028     0.076       0.220     0.642     -0.439     0.888      0.496     0.355      0.690     0.629    0.498     0.637   0.000     0.128      0.186     0.07031  -1	   0.0538955    -0.0055647
     D1CGI-a34c      0.022     0.072       0.229     0.564     -0.483     0.885      0.450     0.316      0.662     0.625    0.500     0.631   0.420     0.123      0.125     0.07318  -1	   0.0396297     0.0928124
     D1CGI-a34d      0.027     0.076       0.220     0.670     -0.400     0.873      0.524     0.349      0.338     0.497    0.448     0.556   0.538     0.111      0.264     0.09661  -1	   0.1181015     0.0915852
     D1CGI-a35a      0.027     0.076       0.212     0.728     -0.448     0.888      0.522     0.343      0.494     0.522    0.481     0.552   0.000     0.110      0.230     0.09849  -1	   0.0751153     0.0132346
     D1CGI-a35b      0.023     0.070       0.216     0.568     -0.435     0.877      0.483     0.355      0.413     0.551    0.439     0.612   0.000     0.132      0.182     0.06936  -1	   0.0469836     0.0366194
     D1CGI-a35c      0.025     0.070       0.204     0.605     -0.564     0.875      0.500     0.343      0.491     0.531    0.449     0.585   0.397     0.126      0.086     0.06936  -1	   0.0770880     0.0661887
     D1CGI-a35d      0.027     0.068       0.204     0.624     -0.473     0.898      0.540     0.446      0.752     0.598    0.462     0.635   0.546     0.132      0.196     0.06898  -1	   0.0568815     0.0023196
     D1CGI-a36a      0.025     0.064       0.208     0.713     -0.411     0.890      0.516     0.385      0.230     0.529    0.429     0.600   0.000     0.107      0.311     0.06475  -1	   0.1226146     0.0573671
     D1CGI-a36b      0.024     0.083       0.245     0.649     -0.389     0.880      0.413     0.228      0.364     0.537    0.445     0.594   0.471     0.111      0.301     0.11118  -1	   0.1243734     0.1997139
     D1CGI-a36c      0.025     0.082       0.233     0.637     -0.414     0.887      0.399     0.218      0.445     0.571    0.473     0.603   0.000     0.109      0.309     0.10898  -1	   0.0946332     0.1530610
     D1CGI-a36d      0.025     0.079       0.224     0.677     -0.167     0.869      0.437     0.187      0.064     0.558    0.453     0.606   0.730     0.115      0.306     0.22185   1	   0.2486204     0.4027476
     D1CGI-a37a      0.026     0.072       0.212     0.558     -0.389     0.890      0.479     0.341      0.391     0.554    0.454     0.603   0.345     0.130      0.155     0.06787  -1	   0.0449229     0.0838545
     D1CGI-a37b      0.027     0.056       0.192     0.592     -0.441     0.881      0.485     0.377      0.377     0.480    0.409     0.573   0.000     0.138      0.201     0.06366  -1	   0.0421568     0.0485170
     D1CGI-a37d      0.025     0.071       0.212     0.621     -0.121     0.864      0.512     0.239      0.324     0.497    0.451     0.553   0.589     0.112      0.353     0.15466  -1	   0.1502430     0.2536712
     D1CGI-a38a      0.023     0.053       0.171     0.654      0.262     0.868      0.473     0.281      0.748     0.538    0.455     0.588   0.892     0.158      0.412     0.06073  -1	   0.2267715     0.2753602
     D1CGI-a38b      0.011     0.052       0.176     0.562     -0.025     0.872      0.564     0.471      0.791     0.513    0.432     0.584   0.554     0.153      0.091     0.04530  -1	   0.0468291     0.0088927
     D1CGI-a39a      0.018     0.047       0.171     0.635      0.164     0.885      0.570     0.463      0.652     0.478    0.430     0.554   0.739     0.154      0.141     0.03150  -1	   0.0869154     0.0635447
     D1CGI-a39b      0.019     0.044       0.155     0.681     -0.139     0.875      0.467     0.398      0.568     0.551    0.465     0.590   0.788     0.170      0.250     0.01726  -1	   0.0077890     0.0887319
     D1CGI-a39c      0.007     0.060       0.180     0.677      0.158     0.878      0.432     0.391      0.563     0.571    0.486     0.592   0.845     0.135      0.394     0.03175  -1	   0.1998089     0.1488565
     D1CGI-a39d      0.009     0.061       0.180     0.654      0.224     0.883      0.481     0.471      0.637     0.600    0.460     0.638   0.854     0.121      0.307     0.03208  -1	   0.2124102     0.1004108
      D1CGI-a3a      0.030     0.052       0.159     0.578     -0.137     0.902      0.524     0.454      0.441     0.484    0.428     0.561   0.463     0.151      0.331     0.01357  -1	   0.0546488     0.0564263
      D1CGI-a3b      0.020     0.063       0.192     0.594     -0.022     0.882      0.525     0.468      0.593     0.565    0.443     0.622   0.554     0.135     -0.008     0.02207  -1	   0.0378719     0.0000176
      D1CGI-a3c      0.022     0.052       0.180     0.571      0.327     0.894      0.534     0.458      0.522     0.528    0.503     0.540   0.727     0.132      0.170     0.02386  -1	   0.2109022     0.1601621
      D1CGI-a3d      0.024     0.061       0.188     0.573     -0.123     0.896      0.548     0.586      0.902     0.537    0.441     0.598   0.463     0.119      0.100     0.01776  -1	   0.0920970     0.0085179
     D1CGI-a40a      0.013     0.051       0.135     0.635      0.181     0.891      0.460     0.341      0.492     0.505    0.464     0.550   0.778     0.164      0.201     0.01380  -1	   0.0930052     0.1853426
     D1CGI-a40b      0.018     0.051       0.143     0.739     -0.017     0.878      0.477     0.429      0.743     0.518    0.442     0.581   0.802     0.170      0.063     0.01443  -1	   0.0217879     0.0313930
     D1CGI-a40c      0.019     0.048       0.155     0.562     -0.066     0.890      0.492     0.416      0.890     0.508    0.461     0.555   0.738     0.161      0.132     0.01622  -1	   0.0382879     0.0907897
     D1CGI-a40d      0.012     0.052       0.151     0.634      0.256     0.881      0.524     0.448      0.357     0.467    0.458     0.520   0.825     0.170      0.595     0.02057  -1	   0.3532023     0.1556739
     D1CGI-a41a      0.020     0.071       0.245     0.537     -0.290     0.868      0.478     0.484      0.864     0.568    0.480     0.595   0.236     0.102      0.189     0.01253  -1	   0.0612354     0.0350872
     D1CGI-a41b      0.024     0.057       0.180     0.570     -0.065     0.878      0.530     0.460      0.655     0.505    0.448     0.563   0.554     0.139      0.205     0.01234  -1	   0.0422394     0.0275901
     D1CGI-a41c      0.014     0.052       0.151     0.626      0.216     0.886      0.464     0.334      0.255     0.533    0.481     0.562   0.787     0.170      0.195     0.01402  -1	   0.1443738     0.2382095
     D1CGI-a41d      0.029     0.074       0.253     0.612     -0.313     0.890      0.414     0.407      1.000     0.942    0.920     0.660   0.515     0.108      0.060     0.01232  -1	   0.1766556     0.1702961
     D1CGI-a42a      0.027     0.066       0.229     0.594     -0.174     0.882      0.418     0.383      0.943     0.722    0.531     0.700   0.538     0.112      0.052     0.01231  -1	   0.1066260     0.1210040
     D1CGI-a42b      0.028     0.072       0.249     0.615     -0.289     0.876      0.389     0.367      1.000     0.880    0.829     0.651   0.515     0.111      0.067     0.01223  -1	   0.1352767     0.1607468
     D1CGI-a42c      0.026     0.063       0.220     0.708     -0.207     0.873      0.443     0.372      1.000     0.865    0.774     0.685   0.691     0.124      0.103     0.01219  -1	   0.1211413     0.1198676
     D1CGI-a42d      0.032     0.068       0.237     0.646     -0.258     0.886      0.382     0.392      1.000     0.753    0.577     0.699   0.515     0.124      0.030     0.01210  -1	   0.1086657     0.1243025
     D1CGI-a43a      0.029     0.069       0.237     0.535     -0.273     0.868      0.408     0.365      0.997     0.658    0.550     0.625   0.236     0.108      0.053     0.01227  -1	   0.1129093     0.1170736
     D1CGI-a43b      0.029     0.069       0.237     0.607     -0.263     0.882      0.376     0.325      0.993     0.667    0.520     0.656   0.515     0.108      0.053     0.01225  -1	   0.1066653     0.1638941
     D1CGI-a43c      0.023     0.071       0.237     0.684     -0.430     0.876      0.394     0.274      0.968     0.556    0.477     0.586   0.000     0.114      0.319     0.01250  -1	   0.0395523     0.0809609
     D1CGI-a43d      0.017     0.069       0.241     0.595     -0.231     0.858      0.502     0.523      0.996     0.591    0.523     0.581   0.444     0.101      0.202     0.01269  -1	   0.0765305     0.0293770
     D1CGI-a44a      0.024     0.074       0.253     0.629     -0.432     0.858      0.413     0.307      0.760     0.595    0.501     0.603   0.000     0.101      0.210     0.01265  -1	   0.0341943     0.0492927
     D1CGI-a44b      0.029     0.057       0.188     0.692     -0.499     0.880      0.470     0.380      0.850     0.491    0.459     0.541   0.613     0.137      0.112     0.01160  -1	   0.0462115     0.0648116
     D1CGI-a44c      0.027     0.069       0.241     0.558     -0.226     0.867      0.353     0.295      0.999     0.662    0.550     0.629   0.444     0.111      0.047     0.01223  -1	   0.1143117     0.2008606
     D1CGI-a44d      0.021     0.054       0.200     0.679     -0.602     0.871      0.456     0.351      0.866     0.616    0.496     0.626   0.464     0.126      0.229     0.01120  -1	   0.0445600     0.0929581
     D1CGI-a45a      0.022     0.054       0.196     0.653     -0.662     0.877      0.434     0.338      0.752     0.560    0.480     0.588   0.538     0.117      0.288     0.01121  -1	   0.0656152     0.1532485
     D1CGI-a45b      0.023     0.053       0.200     0.648     -0.640     0.885      0.437     0.315      0.941     0.606    0.505     0.610   0.397     0.134      0.256     0.01115  -1	   0.0536144     0.1362696
     D1CGI-a45c      0.020     0.079       0.249     0.623     -0.303     0.869      0.418     0.357      0.949     0.732    0.552     0.695   0.515     0.088      0.251     0.01266  -1	   0.0957483     0.1132156
     D1CGI-a45d      0.025     0.061       0.208     0.637     -0.436     0.877      0.474     0.451      0.973     0.509    0.502     0.523   0.000     0.112      0.163     0.01128  -1	   0.0398971     0.0128485
     D1CGI-a46a      0.020     0.061       0.188     0.602      0.429     0.865      0.462     0.484      0.173     0.847    0.491     0.843   0.879     0.161     -0.000     0.01226  -1	   0.2040915     0.1156591
     D1CGI-a46b      0.023     0.052       0.171     0.721      0.222     0.881      0.505     0.448      0.656     0.567    0.516     0.565   0.909     0.175      0.243     0.01232  -1	   0.1735992     0.0901158
     D1CGI-a46c      0.020     0.073       0.237     0.608     -0.338     0.861      0.414     0.356      0.949     0.635    0.542     0.609   0.515     0.089      0.253     0.01273  -1	   0.0620686     0.1267236
     D1CGI-a46d      0.024     0.074       0.245     0.618     -0.362     0.872      0.433     0.345      0.865     0.596    0.493     0.610   0.471     0.091      0.246     0.01274  -1	   0.0541273     0.0924727
     D1CGI-a47a      0.012     0.053       0.180     0.612      0.415     0.880      0.527     0.565      0.420     0.574    0.477     0.603   0.879     0.159      0.252     0.01275  -1	   0.3060541     0.1081769
     D1CGI-a47b      0.027     0.048       0.155     0.582      0.282     0.875      0.538     0.517      0.643     0.721    0.466     0.741   0.798     0.152      0.140     0.01202  -1	   0.1865230     0.1149934
     D1CGI-a47c      0.028     0.070       0.237     0.547     -0.223     0.874      0.367     0.322      1.000     0.841    0.779     0.640   0.291     0.112      0.071     0.01218  -1	   0.1463345     0.1996532
     D1CGI-a47d      0.024     0.053       0.155     0.734      0.227     0.898      0.455     0.312      0.472     0.573    0.521     0.567   0.909     0.159      0.111     0.01360  -1	   0.1432021     0.2224153
     D1CGI-a48a      0.028     0.054       0.163     0.496      0.056     0.896      0.514     0.443      0.389     0.482    0.445     0.546   0.341     0.148      0.212     0.01319  -1	   0.0663549     0.0739006
     D1CGI-a48b      0.027     0.053       0.171     0.735      0.273     0.894      0.507     0.450      0.442     0.566    0.477     0.596   0.946     0.165      0.254     0.01228  -1	   0.2470952     0.1367524
     D1CGI-a48c      0.026     0.051       0.155     0.726      0.003     0.903      0.467     0.328      0.551     0.572    0.499     0.584   0.834     0.146      0.093     0.01337  -1	   0.0266888     0.1360259
     D1CGI-a48d      0.015     0.058       0.171     0.635      0.222     0.869      0.485     0.368      0.378     0.508    0.442     0.571   0.787     0.133      0.086     0.01425  -1	   0.1074476     0.1363909
     D1CGI-a49a      0.026     0.052       0.155     0.742      0.236     0.899      0.465     0.322      0.373     0.559    0.507     0.564   0.909     0.155      0.102     0.01361  -1	   0.1532096     0.2377518
     D1CGI-a49b      0.028     0.042       0.143     0.729      0.401     0.899      0.491     0.391      0.250     0.571    0.488     0.592   0.902     0.175      0.267     0.01590  -1	   0.3601931     0.3590191
     D1CGI-a49c      0.029     0.059       0.171     0.496     -0.002     0.892      0.504     0.410      0.363     0.505    0.440     0.570   0.283     0.146      0.150     0.01347  -1	   0.0474172     0.0689215
     D1CGI-a49d      0.027     0.044       0.147     0.750      0.379     0.907      0.471     0.380      0.318     0.556    0.473     0.589   0.907     0.160      0.283     0.01589  -1	   0.3522013     0.3408866
      D1CGI-a4a      0.022     0.060       0.192     0.594      0.329     0.876      0.534     0.457      0.311     0.548    0.502     0.559   0.727     0.134      0.188     0.02346  -1	   0.2518319     0.1627172
      D1CGI-a4b      0.026     0.047       0.176     0.718     -0.496     0.889      0.543     0.529      0.857     0.557    0.446     0.611   0.707     0.164      0.055     0.02845  -1	   0.0408726     0.0010638
      D1CGI-a4c      0.021     0.044       0.155     0.613     -0.524     0.894      0.589     0.643      0.793     0.482    0.471     0.523   0.607     0.160      0.128     0.02040  -1	   0.0279354    -0.0252451
      D1CGI-a4d      0.019     0.042       0.155     0.597     -0.552     0.888      0.613     0.670      0.783     0.485    0.453     0.541   0.590     0.146      0.373     0.02053  -1	   0.0215026    -0.0271900
     D1CGI-a50a      0.026     0.062       0.176     0.652      0.203     0.884      0.496     0.583      0.393     0.496    0.468     0.540   0.854     0.134      0.257     0.02335  -1	   0.1973776    -0.0345529
     D1CGI-a50b      0.021     0.074       0.208     0.643     -0.171     0.913      0.433     0.505      0.334     0.527    0.445     0.586   0.664     0.120      0.133     0.04420  -1	   0.0485207    -0.0172643
     D1CGI-a50c      0.019     0.058       0.176     0.618     -0.458     0.910      0.541     0.629      0.508     0.548    0.421     0.623   0.546     0.155      0.119     0.02221  -1	   0.0254857    -0.0491216
     D1CGI-a50d      0.020     0.084       0.237     0.687     -0.057     0.879      0.378     0.400      0.665     0.706    0.499     0.706   0.747     0.110      0.109     0.03277  -1	   0.1116274     0.0687342
     D1CGI-a51a      0.021     0.071       0.204     0.636     -0.311     0.903      0.454     0.566      0.495     0.514    0.446     0.573   0.515     0.129      0.111     0.04313  -1	   0.0244686    -0.0169893
     D1CGI-a51b      0.028     0.063       0.188     0.570      0.304     0.880      0.431     0.478      0.602     0.523    0.458     0.571   0.727     0.143      0.173     0.02766  -1	   0.2319639     0.1250451
     D1CGI-a51c      0.019     0.070       0.229     0.666      0.098     0.903      0.390     0.452      0.984     0.525    0.495     0.544   0.805     0.123      0.096     0.03134  -1	   0.1899953     0.1311578
     D1CGI-a51d      0.022     0.077       0.204     0.681     -0.264     0.909      0.465     0.569      0.317     0.515    0.460     0.562   0.582     0.125      0.125     0.04285  -1	   0.0589934    -0.0512812
     D1CGI-a52a      0.017     0.070       0.212     0.665     -0.191     0.887      0.445     0.552      0.097     0.542    0.432     0.610   0.730     0.123      0.250     0.03890  -1	   0.1535089    -0.0378537
     D1CGI-a52b      0.019     0.073       0.233     0.646      0.033     0.885      0.380     0.458      0.931     0.558    0.506     0.565   0.713     0.110      0.119     0.03096  -1	   0.1565601     0.1293850
     D1CGI-a52c      0.020     0.052       0.155     0.653      0.109     0.892      0.525     0.547      0.470     0.470    0.468     0.515   0.780     0.152      0.242     0.02529  -1	   0.0934419    -0.0125578
     D1CGI-a52d      0.018     0.073       0.216     0.703      0.070     0.900      0.407     0.522      0.869     0.553    0.478     0.583   0.859     0.126      0.037     0.03038  -1	   0.1439086     0.0448702
     D1CGI-a53a      0.028     0.044       0.127     0.677     -0.265     0.899      0.505     0.367      0.950     0.583    0.469     0.617   0.726     0.153      0.573     0.10203  -1	   0.0263149     0.1645238
     D1CGI-a53b      0.022     0.078       0.216     0.680     -0.401     0.875      0.486     0.300      0.127     0.526    0.449     0.581   0.000     0.109      0.260     0.09804  -1	   0.1708890     0.1522882
     D1CGI-a53c      0.024     0.075       0.233     0.572     -0.463     0.886      0.473     0.325      0.367     0.493    0.451     0.549   0.420     0.123      0.201     0.07649  -1	   0.0792995     0.1073487
     D1CGI-a53d      0.031     0.064       0.200     0.658     -0.015     0.866      0.446     0.183      0.179     0.518    0.432     0.587   0.747     0.128      0.426     0.14060  -1	   0.2730639     0.4576533
     D1CGI-a54a      0.024     0.081       0.241     0.653     -0.351     0.879      0.405     0.235      0.381     0.565    0.475     0.596   0.538     0.104      0.325     0.10876  -1	   0.1228290     0.2100232
     D1CGI-a54b      0.025     0.072       0.216     0.613     -0.408     0.881      0.465     0.320      0.588     0.577    0.443     0.632   0.000     0.130      0.209     0.06842  -1	   0.0463851     0.0332350
     D1CGI-a54c      0.023     0.064       0.220     0.584     -0.500     0.879      0.498     0.394      0.253     0.508    0.421     0.588   0.420     0.129      0.190     0.06837  -1	   0.0894387     0.0798709
     D1CGI-a54d      0.022     0.075       0.229     0.675     -0.499     0.885      0.442     0.264      0.282     0.542    0.472     0.577   0.613     0.123      0.207     0.07284  -1	   0.1149618     0.1908914
     D1CGI-a55a      0.028     0.077       0.216     0.608     -0.453     0.889      0.457     0.323      0.334     0.603    0.477     0.629   0.546     0.133      0.191     0.06858  -1	   0.0917996     0.1284631
     D1CGI-a55b      0.023     0.070       0.212     0.642     -0.378     0.891      0.481     0.319      0.407     0.522    0.476     0.556   0.471     0.126      0.103     0.06883  -1	   0.0270682     0.0833784
     D1CGI-a55c      0.022     0.081       0.233     0.615     -0.549     0.874      0.432     0.269      0.874     0.612    0.487     0.630   0.515     0.128      0.144     0.07788  -1	   0.1044022     0.1164196
     D1CGI-a55d      0.025     0.069       0.216     0.581     -0.480     0.875      0.450     0.311      0.324     0.567    0.498     0.580   0.420     0.123      0.232     0.06992  -1	   0.0861140     0.1706650
     D1CGI-a56a      0.020     0.080       0.253     0.686     -0.342     0.877      0.378     0.218      0.428     0.591    0.487     0.610   0.582     0.102      0.325     0.10508  -1	   0.1091972     0.2074327
     D1CGI-a56b      0.026     0.064       0.216     0.662     -0.478     0.897      0.426     0.518      0.798     0.517    0.452     0.570   0.613     0.127      0.263     0.06077  -1	   0.0367219     0.0600489
     D1CGI-a56c      0.028     0.079       0.220     0.623     -0.482     0.893      0.496     0.362      0.351     0.624    0.508     0.624   0.546     0.126      0.191     0.07363  -1	   0.0921984     0.0789854
     D1CGI-a56d      0.027     0.089       0.257     0.673     -0.323     0.895      0.412     0.280      0.143     0.560    0.425     0.631   0.582     0.111      0.255     0.10552  -1	   0.1835097     0.1794097
     D1CGI-a57b      0.011     0.055       0.192     0.617      0.321     0.877      0.495     0.381      0.851     0.552    0.453     0.602   0.853     0.145     -0.008     0.03901  -1	   0.2337251     0.1570751
     D1CGI-a57c      0.025     0.097       0.273     0.644     -0.354     0.898      0.413     0.333      0.746     0.557    0.455     0.604   0.471     0.112      0.304     0.09796  -1	   0.1098982     0.0612194
     D1CGI-a57d      0.024     0.083       0.245     0.643     -0.406     0.890      0.378     0.223      0.492     0.598    0.475     0.625   0.000     0.102      0.337     0.10980  -1	   0.0909620     0.1481371
     D1CGI-a58a      0.011     0.052       0.163     0.610      0.086     0.873      0.489     0.433      0.563     0.521    0.447     0.577   0.738     0.172      0.581     0.02127  -1	   0.1777475     0.1047183
     D1CGI-a58b      0.014     0.050       0.155     0.630      0.144     0.877      0.543     0.499      0.798     0.486    0.453     0.541   0.771     0.175      0.581     0.02111  -1	   0.1451959     0.0311007
     D1CGI-a58c      0.012     0.054       0.159     0.644      0.025     0.875      0.504     0.438      0.470     0.499    0.452     0.553   0.713     0.163      0.595     0.02162  -1	   0.2003533     0.0897110
     D1CGI-a58d      0.020     0.050       0.163     0.576      0.328     0.889      0.562     0.498      0.653     0.503    0.412     0.590   0.798     0.137      0.003     0.03906  -1	   0.1745851     0.0773881
     D1CGI-a59a      0.011     0.050       0.159     0.606      0.274     0.874      0.490     0.432      0.422     0.482    0.449     0.541   0.816     0.155      0.500     0.02072  -1	   0.2747911     0.1704378
     D1CGI-a59b      0.015     0.052       0.159     0.621      0.061     0.873      0.499     0.419      0.281     0.482    0.445     0.545   0.738     0.167      0.475     0.02080  -1	   0.2128016     0.1435557
     D1CGI-a59c      0.014     0.056       0.176     0.615      0.210     0.884      0.517     0.390      0.493     0.562    0.427     0.631   0.787     0.145      0.051     0.04010  -1	   0.0966525     0.1056048
     D1CGI-a59d      0.006     0.060       0.176     0.698      0.176     0.880      0.471     0.438      0.793     0.563    0.485     0.587   0.845     0.133      0.334     0.03251  -1	   0.1753898     0.0943794
      D1CGI-a5a      0.013     0.047       0.155     0.605      0.115     0.888      0.525     0.476      0.997     0.543    0.479     0.573   0.771     0.141      0.204     0.01878  -1	   0.1193375     0.0827886
      D1CGI-a5b      0.009     0.061       0.184     0.659      0.463     0.884      0.432     0.384      0.714     0.537    0.468     0.577   0.915     0.130      0.015     0.01690  -1	   0.3190364     0.2156411
      D1CGI-a5d      0.015     0.052       0.155     0.715      0.395     0.871      0.476     0.413      0.216     0.484    0.462     0.532   0.952     0.134      0.209     0.01567  -1	   0.3089550     0.2375052
     D1CGI-a60a      0.017     0.054       0.167     0.579      0.393     0.874      0.458     0.399      0.806     0.522    0.437     0.588   0.705     0.162      0.243     0.04483  -1	   0.2924813     0.2259118
     D1CGI-a60c      0.009     0.055       0.155     0.718      0.004     0.875      0.454     0.373      0.601     0.548    0.449     0.602   0.834     0.163      0.354     0.02119  -1	   0.0886827     0.1034090
     D1CGI-a60d      0.011     0.052       0.159     0.663      0.051     0.872      0.550     0.478      0.953     0.565    0.469     0.601   0.805     0.134      0.242     0.02071  -1	   0.0898506     0.0330308
     D1CGI-a61a      0.012     0.052       0.171     0.546      0.122     0.880      0.466     0.342      0.614     0.501    0.427     0.577   0.434     0.131      0.056     0.02040  -1	   0.0659761     0.1343646
     D1CGI-a61b      0.023     0.051       0.151     0.711     -0.259     0.875      0.465     0.496      0.235     0.526    0.453     0.578   0.636     0.170      0.162     0.01172  -1	   0.0649087     0.0456477
     D1CGI-a61c      0.024     0.073       0.253     0.618     -0.422     0.865      0.439     0.344      0.686     0.584    0.493     0.599   0.000     0.094      0.234     0.01264  -1	   0.0280587     0.0297694
     D1CGI-a61d      0.017     0.051       0.139     0.667      0.093     0.898      0.466     0.352      0.614     0.519    0.475     0.554   0.805     0.162      0.216     0.01371  -1	   0.0668358     0.1444785
     D1CGI-a62a      0.022     0.077       0.245     0.567     -0.301     0.866      0.427     0.359      0.927     0.663    0.555     0.626   0.389     0.090      0.271     0.01262  -1	   0.0809063     0.1156477
     D1CGI-a62b      0.026     0.054       0.192     0.577     -0.424     0.888      0.510     0.559      0.469     0.548    0.465     0.589   0.000     0.140      0.077     0.01154  -1	  -0.0048757    -0.0269660
     D1CGI-a62c      0.018     0.071       0.241     0.706     -0.022     0.860      0.409     0.446      0.952     0.600    0.502     0.606   0.802     0.110      0.173     0.01267  -1	   0.1246809     0.0803106
     D1CGI-a62d      0.032     0.075       0.253     0.630     -0.291     0.887      0.323     0.319      1.000     0.836    0.779     0.632   0.515     0.112      0.050     0.01240  -1	   0.1260081     0.2024433
     D1CGI-a63a      0.026     0.042       0.163     0.712     -0.333     0.864      0.527     0.604      1.000     0.728    0.620     0.641   0.836     0.165      0.013     0.01057  -1	   0.0245266     0.0089351
     D1CGI-a63b      0.027     0.071       0.249     0.604     -0.235     0.880      0.348     0.326      1.000     0.900    0.821     0.702   0.570     0.114      0.057     0.01218  -1	   0.1418197     0.2181547
     D1CGI-a63c      0.027     0.068       0.237     0.535     -0.311     0.878      0.358     0.308      1.000     0.841    0.791     0.626   0.236     0.113      0.062     0.01223  -1	   0.1214565     0.2118183
     D1CGI-a63d      0.019     0.068       0.208     0.573     -0.268     0.888      0.530     0.554      0.865     0.508    0.462     0.554   0.389     0.121      0.197     0.01284  -1	   0.0542554    -0.0033676
     D1CGI-a64a      0.026     0.073       0.253     0.648     -0.432     0.865      0.441     0.349      0.949     0.600    0.528     0.587   0.000     0.098      0.230     0.01269  -1	   0.0469952     0.0236781
     D1CGI-a64b      0.018     0.071       0.249     0.616     -0.402     0.861      0.400     0.298      0.536     0.589    0.494     0.603   0.000     0.104      0.279     0.01249  -1	   0.0356320     0.0868121
     D1CGI-a64c      0.016     0.070       0.212     0.621     -0.205     0.871      0.526     0.538      0.650     0.503    0.455     0.555   0.570     0.123      0.268     0.01286  -1	   0.0483068    -0.0348978
     D1CGI-a64d      0.018     0.074       0.249     0.643     -0.386     0.864      0.436     0.348      0.910     0.581    0.514     0.580   0.471     0.089      0.235     0.01276  -1	   0.0424614     0.0731765
     D1CGI-a65a      0.010     0.058       0.196     0.725      0.335     0.888      0.473     0.510      0.756     0.506    0.471     0.546   0.974     0.139      0.014     0.01214  -1	   0.2085796     0.0589354
     D1CGI-a65b      0.010     0.058       0.196     0.705      0.326     0.883      0.453     0.458      0.621     0.499    0.459     0.549   0.974     0.142      0.014     0.01220  -1	   0.1735082     0.0628955
     D1CGI-a65c      0.026     0.061       0.204     0.643     -0.372     0.870      0.474     0.451      0.971     0.532    0.517     0.533   0.471     0.121      0.173     0.01127  -1	   0.0392841     0.0486437
     D1CGI-a66a      0.008     0.073       0.241     0.674      0.319     0.875      0.385     0.352      0.666     0.615    0.491     0.629   0.920     0.113      0.019     0.01293  -1	   0.2536492     0.1815945
     D1CGI-a66b      0.019     0.063       0.196     0.639      0.406     0.870      0.494     0.535      0.773     0.801    0.506     0.792   0.879     0.146      0.033     0.01227  -1	   0.3607933     0.1872178
     D1CGI-a66c      0.013     0.060       0.196     0.745      0.323     0.879      0.424     0.425      0.420     0.535    0.462     0.579   0.974     0.134      0.060     0.01224  -1	   0.1965915     0.1003009
     D1CGI-a66d      0.014     0.061       0.204     0.705      0.134     0.883      0.439     0.432      0.996     0.577    0.514     0.575   0.834     0.132     -0.009     0.01230  -1	   0.1743945     0.0929187
     D1CGI-a67a      0.013     0.057       0.180     0.637      0.275     0.875      0.485     0.363      0.307     0.545    0.440     0.606   0.825     0.135      0.088     0.01406  -1	   0.1415618     0.1738000
     D1CGI-a67b      0.015     0.056       0.171     0.623      0.219     0.879      0.454     0.331      0.368     0.510    0.445     0.569   0.787     0.130      0.086     0.01414  -1	   0.1014367     0.1843843
     D1CGI-a67c      0.015     0.058       0.171     0.631      0.217     0.876      0.477     0.359      0.285     0.527    0.448     0.582   0.787     0.129      0.076     0.01416  -1	   0.1044697     0.1569702
     D1CGI-a67d      0.024     0.056       0.184     0.705     -0.416     0.886      0.432     0.344      0.493     0.504    0.435     0.573   0.000     0.133      0.150     0.01163  -1	   0.0206060     0.0615456
     D1CGI-a68b      0.028     0.058       0.171     0.443      0.059     0.879      0.519     0.460      0.471     0.518    0.459     0.565   0.000     0.146      0.171     0.01336  -1	   0.0705322     0.0272341
     D1CGI-a68c      0.027     0.068       0.200     0.638     -0.126     0.909      0.479     0.387      0.672     0.533    0.431     0.603   0.589     0.145      0.221     0.01441  -1	   0.0742701     0.0556803
     D1CGI-a68d      0.024     0.054       0.159     0.727      0.317     0.891      0.442     0.313      0.227     0.547    0.507     0.554   0.974     0.144      0.110     0.01380  -1	   0.2222806     0.3036698
     D1CGI-a69a      0.017     0.074       0.229     0.717      0.092     0.901      0.373     0.365      0.420     0.520    0.450     0.575   0.859     0.119      0.087     0.03173  -1	   0.1185386     0.0802144
     D1CGI-a69b      0.019     0.076       0.229     0.697      0.143     0.895      0.389     0.367      0.139     0.566    0.466     0.604   0.780     0.107      0.168     0.02981  -1	   0.2302441     0.1434268
     D1CGI-a69c      0.037     0.051       0.159     0.579      0.383     0.892      0.495     0.496      0.489     0.630    0.479     0.652   0.705     0.160      0.059     0.01637  -1	   0.2293108     0.1434146
     D1CGI-a69d      0.014     0.075       0.220     0.672      0.068     0.901      0.371     0.422      0.200     0.540    0.472     0.576   0.805     0.120      0.064     0.03181  -1	   0.0996134     0.0282033
      D1CGI-a6a      0.009     0.045       0.143     0.609     -0.118     0.897      0.599     0.613      0.973     0.595    0.516     0.590   0.732     0.141      0.165     0.02016  -1	   0.0258752    -0.0199899
      D1CGI-a6b      0.015     0.045       0.127     0.596     -0.095     0.880      0.636     0.595      0.944     0.559    0.462     0.601   0.738     0.161      0.100     0.02499  -1	   0.0380722    -0.0448281
      D1CGI-a6d      0.013     0.041       0.131     0.623      0.018     0.880      0.540     0.482      0.692     0.511    0.447     0.569   0.725     0.160      0.265     0.01794  -1	   0.0123487     0.0358264
     D1CGI-a70a      0.019     0.079       0.224     0.722     -0.141     0.894      0.398     0.470      0.513     0.564    0.459     0.607   0.711     0.109      0.072     0.02849  -1	   0.0468401     0.0012489
     D1CGI-a70b      0.018     0.076       0.220     0.711      0.064     0.898      0.327     0.328      0.351     0.508    0.460     0.556   0.859     0.118      0.099     0.03156  -1	   0.1148490     0.1210341
     D1CGI-a70d      0.017     0.075       0.224     0.709     -0.011     0.896      0.416     0.532      0.584     0.517    0.475     0.552   0.802     0.129      0.123     0.02963  -1	   0.0818454    -0.0277161
     D1CGI-a71a      0.017     0.074       0.224     0.707      0.130     0.893      0.366     0.336      0.751     0.509    0.472     0.548   0.834     0.114      0.098     0.03118  -1	   0.1567824     0.1390561
     D1CGI-a71b      0.018     0.076       0.233     0.686      0.070     0.890      0.359     0.348      0.357     0.521    0.468     0.562   0.805     0.112      0.099     0.03282  -1	   0.1157652     0.1009963
     D1CGI-a71c      0.020     0.076       0.237     0.699      0.042     0.895      0.350     0.347      0.280     0.498    0.466     0.542   0.780     0.110      0.086     0.03290  -1	   0.1129022     0.1024320
     D1CGI-a71d      0.017     0.076       0.229     0.715      0.071     0.901      0.344     0.354      0.606     0.529    0.496     0.546   0.859     0.119      0.100     0.03136  -1	   0.1143613     0.0987727
     D1CGI-a72a      0.016     0.078       0.224     0.709      0.046     0.897      0.346     0.359      0.470     0.574    0.513     0.574   0.834     0.123      0.071     0.03185  -1	   0.0941020     0.0752565
     D1CGI-a72b      0.016     0.071       0.208     0.580     -0.287     0.896      0.536     0.649      0.224     0.538    0.468     0.577   0.389     0.130      0.219     0.03927  -1	   0.0731490    -0.0756791
     D1CGI-a72c      0.020     0.075       0.212     0.681     -0.246     0.897      0.454     0.559      0.219     0.530    0.459     0.576   0.637     0.126      0.116     0.04338  -1	   0.0665405    -0.0508303
     D1CGI-a72d      0.020     0.077       0.229     0.728      0.073     0.893      0.355     0.365      0.205     0.518    0.467     0.560   0.859     0.120      0.087     0.03121  -1	   0.1433371     0.0775057
     D1CGI-a73a      0.021     0.049       0.159     0.637     -0.003     0.881      0.548     0.494      0.593     0.568    0.457     0.613   0.796     0.134      0.310     0.10995  -1	   0.0615911     0.0208565
     D1CGI-a73b      0.022     0.073       0.229     0.610     -0.486     0.883      0.478     0.332      0.320     0.533    0.475     0.566   0.546     0.122      0.144     0.07232  -1	   0.0687830     0.1046802
     D1CGI-a73c      0.024     0.082       0.245     0.594     -0.306     0.864      0.412     0.258      0.724     0.574    0.483     0.598   0.389     0.107      0.273     0.11299  -1	   0.0739010     0.1321389
     D1CGI-a73d      0.025     0.048       0.155     0.669      0.132     0.882      0.519     0.474      0.756     0.517    0.427     0.590   0.827     0.145      0.332     0.11050  -1	   0.1197939     0.0677333
     D1CGI-a74a      0.027     0.059       0.200     0.594     -0.607     0.876      0.494     0.393      0.685     0.525    0.431     0.595   0.271     0.128      0.182     0.06469  -1	   0.0698316     0.0385510
     D1CGI-a74b      0.021     0.088       0.253     0.592     -0.283     0.896      0.395     0.303      0.535     0.559    0.470     0.594   0.389     0.121      0.151     0.06251  -1	   0.0675905     0.0949170
     D1CGI-a74c      0.024     0.070       0.224     0.584     -0.449     0.870      0.494     0.361      0.605     0.587    0.445     0.639   0.000     0.127      0.202     0.06949  -1	   0.0401026     0.0046790
     D1CGI-a74d      0.023     0.073       0.224     0.664     -0.445     0.888      0.463     0.266      0.363     0.528    0.468     0.568   0.000     0.127      0.197     0.07267  -1	   0.0733954     0.0889790
     D1CGI-a75a      0.026     0.084       0.257     0.656     -0.396     0.896      0.383     0.235      0.289     0.565    0.451     0.613   0.538     0.095      0.359     0.11212  -1	   0.1636192     0.2409846
     D1CGI-a75b      0.022     0.083       0.245     0.663     -0.357     0.872      0.386     0.196      0.184     0.541    0.448     0.596   0.538     0.110      0.301     0.11185  -1	   0.1826598     0.3093834
     D1CGI-a75c      0.021     0.094       0.265     0.699     -0.329     0.881      0.377     0.243      0.100     0.556    0.428     0.625   0.582     0.109      0.292     0.10886  -1	   0.2393129     0.2410068
     D1CGI-a75d      0.030     0.066       0.216     0.584     -0.430     0.898      0.483     0.367      0.415     0.572    0.444     0.627   0.000     0.130      0.214     0.06938  -1	   0.0411151     0.0340599
     D1CGI-a76a      0.024     0.081       0.237     0.663     -0.420     0.877      0.410     0.223      0.477     0.549    0.445     0.606   0.000     0.111      0.256     0.11071  -1	   0.0785755     0.1089076
     D1CGI-a76b      0.014     0.054       0.167     0.601      0.315     0.876      0.472     0.431      0.946     0.524    0.458     0.572   0.853     0.167      0.403     0.04552  -1	   0.2519475     0.1733493
     D1CGI-a76c      0.023     0.084       0.241     0.627     -0.259     0.878      0.435     0.231      0.535     0.525    0.445     0.584   0.515     0.113      0.328     0.11406  -1	   0.1064218     0.1608785
     D1CGI-a76d      0.026     0.079       0.229     0.626     -0.400     0.883      0.425     0.257      0.551     0.535    0.456     0.584   0.471     0.105      0.319     0.11000  -1	   0.0825834     0.1649625
     D1CGI-a77c      0.018     0.053       0.171     0.588      0.357     0.884      0.478     0.435      0.932     0.542    0.449     0.596   0.705     0.169      0.434     0.04594  -1	   0.3182621     0.2171104
     D1CGI-a77d      0.009     0.060       0.176     0.694      0.173     0.876      0.456     0.413      0.652     0.603    0.483     0.624   0.845     0.143      0.334     0.03201  -1	   0.1878917     0.1189990
     D1CGI-a78a      0.013     0.054       0.163     0.659      0.011     0.883      0.551     0.497      0.672     0.484    0.469     0.527   0.780     0.172      0.493     0.02135  -1	   0.1000622    -0.0123696
     D1CGI-a78b      0.011     0.050       0.159     0.621      0.175     0.877      0.529     0.480      0.774     0.488    0.435     0.558   0.739     0.172      0.581     0.02140  -1	   0.1665265     0.0628718
     D1CGI-a78c      0.013     0.053       0.159     0.601      0.140     0.870      0.490     0.418      0.462     0.471    0.436     0.543   0.713     0.165      0.580     0.02106  -1	   0.2214253     0.1374812
     D1CGI-a79a      0.009     0.057       0.163     0.707      0.035     0.889      0.443     0.374      0.681     0.606    0.491     0.621   0.834     0.159      0.441     0.02247  -1	   0.1418008     0.1308777
     D1CGI-a79b      0.013     0.052       0.159     0.618      0.088     0.871      0.509     0.428      0.402     0.468    0.435     0.539   0.738     0.167      0.470     0.02085  -1	   0.1718933     0.1077354
     D1CGI-a79c      0.017     0.053       0.155     0.708      0.070     0.871      0.487     0.470      0.347     0.608    0.521     0.599   0.859     0.157      0.257     0.03232  -1	   0.1323299     0.0575870
     D1CGI-a79d      0.016     0.049       0.155     0.606      0.157     0.881      0.514     0.466      0.378     0.496    0.432     0.569   0.739     0.162      0.456     0.02125  -1	   0.1977821     0.0999050
      D1CGI-a7a      0.022     0.040       0.147     0.596     -0.011     0.881      0.571     0.657      0.798     0.501    0.454     0.554   0.778     0.138      0.057     0.01423  -1	   0.0116465    -0.0267887
      D1CGI-a7c      0.020     0.050       0.151     0.680     -0.239     0.873      0.465     0.397      0.133     0.517    0.457     0.566   0.773     0.196      0.177     0.01460  -1	   0.0970081     0.1487346
      D1CGI-a7d      0.018     0.053       0.159     0.624      0.019     0.870      0.509     0.582      0.307     0.489    0.439     0.557   0.713     0.138      0.096     0.01376  -1	   0.0206368    -0.0524830
     D1CGI-a80a      0.018     0.051       0.159     0.606      0.042     0.865      0.512     0.438      0.419     0.529    0.480     0.559   0.713     0.158      0.532     0.01970  -1	   0.1882067     0.1096171
     D1CGI-a80b      0.006     0.056       0.184     0.550      0.114     0.875      0.541     0.554      0.721     0.576    0.457     0.620   0.587     0.130      0.110     0.02211  -1	   0.0889948     0.0166240
     D1CGI-a80c      0.027     0.070       0.241     0.579     -0.344     0.879      0.405     0.381      0.999     0.715    0.615     0.630   0.389     0.112      0.066     0.01227  -1	   0.0888102     0.1140808
     D1CGI-a80d      0.016     0.050       0.135     0.629      0.155     0.887      0.457     0.343      0.918     0.509    0.467     0.551   0.739     0.160      0.209     0.01378  -1	   0.1160168     0.1752040
     D1CGI-a81a      0.018     0.071       0.241     0.549     -0.340     0.875      0.502     0.528      0.942     0.580    0.495     0.594   0.236     0.095      0.161     0.01253  -1	   0.0677923     0.0196916
     D1CGI-a81b      0.017     0.051       0.135     0.577      0.140     0.898      0.473     0.361      0.386     0.536    0.474     0.570   0.587     0.162      0.190     0.01394  -1	   0.0768243     0.1738852
     D1CGI-a81c      0.007     0.052       0.171     0.626      0.298     0.875      0.498     0.487      0.258     0.513    0.458     0.562   0.825     0.152      0.020     0.01764  -1	   0.0979055     0.0423073
     D1CGI-a81d      0.018     0.071       0.249     0.584     -0.293     0.849      0.438     0.394      0.848     0.639    0.513     0.635   0.389     0.094      0.240     0.01258  -1	   0.0500087     0.0745792
     D1CGI-a82a      0.020     0.068       0.208     0.558     -0.292     0.886      0.545     0.574      0.976     0.523    0.483     0.551   0.389     0.123      0.284     0.01278  -1	   0.0629018     0.0068064
     D1CGI-a82b      0.026     0.079       0.237     0.685     -0.302     0.883      0.364     0.278      0.945     0.615    0.529     0.600   0.582     0.114      0.346     0.01329  -1	   0.0851863     0.1687945
     D1CGI-a82c      0.020     0.068       0.216     0.646     -0.501     0.878      0.473     0.351      0.732     0.618    0.501     0.625   0.515     0.108      0.213     0.01196  -1	   0.0388259     0.0679154
     D1CGI-a82d      0.030     0.068       0.233     0.556     -0.243     0.884      0.379     0.302      0.999     0.721    0.591     0.655   0.444     0.119      0.080     0.01219  -1	   0.1126608     0.1859400
     D1CGI-a83a      0.022     0.070       0.204     0.602     -0.268     0.879      0.512     0.471      0.736     0.623    0.444     0.672   0.515     0.122      0.296     0.01309  -1	   0.0643107     0.0124332
     D1CGI-a83b      0.020     0.074       0.253     0.606     -0.385     0.854      0.430     0.353      0.791     0.597    0.512     0.596   0.471     0.106      0.306     0.01269  -1	   0.0486008     0.0861716
     D1CGI-a83c      0.026     0.071       0.233     0.713     -0.479     0.879      0.376     0.216      0.993     0.631    0.507     0.632   0.667     0.110      0.318     0.01246  -1	   0.0617148     0.2062666
     D1CGI-a83d      0.021     0.067       0.200     0.563     -0.221     0.881      0.500     0.513      0.909     0.512    0.456     0.562   0.444     0.116      0.198     0.01278  -1	   0.0698848     0.0360435
     D1CGI-a84a      0.015     0.057       0.188     0.634      0.257     0.854      0.462     0.423      0.551     0.542    0.458     0.589   0.825     0.136      0.068     0.01496  -1	   0.1293743     0.0942546
     D1CGI-a84b      0.011     0.060       0.192     0.659      0.323     0.887      0.463     0.365      0.582     0.532    0.446     0.588   0.920     0.119      0.065     0.01413  -1	   0.1979004     0.1744573
     D1CGI-a84c      0.023     0.050       0.167     0.700      0.173     0.876      0.499     0.449      0.296     0.565    0.510     0.569   0.819     0.171      0.228     0.01232  -1	   0.1740312     0.1187629
     D1CGI-a84d      0.022     0.041       0.139     0.668      0.193     0.883      0.550     0.552      0.786     0.574    0.469     0.609   0.794     0.223      0.039     0.01321  -1	   0.0919005     0.0120688
     D1CGI-a85a      0.018     0.054       0.176     0.638      0.234     0.874      0.492     0.379      0.366     0.526    0.445     0.585   0.787     0.124      0.104     0.01408  -1	   0.1202868     0.1572736
     D1CGI-a85c      0.017     0.056       0.171     0.633      0.245     0.874      0.480     0.358      0.488     0.506    0.428     0.581   0.787     0.130      0.097     0.01417  -1	   0.1270128     0.1568035
     D1CGI-a85d      0.016     0.054       0.167     0.637      0.030     0.849      0.482     0.405      0.794     0.545    0.467     0.584   0.713     0.142      0.279     0.01380  -1	   0.0681180     0.0853397
     D1CGI-a86a      0.016     0.057       0.176     0.620      0.237     0.879      0.475     0.354      0.397     0.523    0.443     0.583   0.787     0.133      0.088     0.01407  -1	   0.1182038     0.1617689
     D1CGI-a86b      0.015     0.055       0.171     0.626      0.237     0.880      0.494     0.379      0.407     0.521    0.429     0.593   0.787     0.125      0.087     0.01405  -1	   0.1116971     0.1435036
     D1CGI-a86c      0.017     0.056       0.167     0.626      0.254     0.869      0.481     0.362      0.383     0.517    0.452     0.570   0.825     0.127      0.086     0.01413  -1	   0.1181378     0.1618862
     D1CGI-a86d      0.012     0.057       0.167     0.617      0.222     0.880      0.468     0.341      0.353     0.521    0.433     0.590   0.787     0.129      0.077     0.01402  -1	   0.0944671     0.1664733
     D1CGI-a87a      0.020     0.055       0.180     0.619      0.141     0.874      0.525     0.492      0.421     0.569    0.460     0.611   0.713     0.137      0.115     0.01965  -1	   0.0810733     0.0373564
     D1CGI-a87b      0.023     0.049       0.155     0.671     -0.002     0.887      0.512     0.478      0.454     0.490    0.446     0.551   0.852     0.149      0.172     0.02532  -1	   0.0296084     0.0129411
     D1CGI-a87d      0.014     0.080       0.233     0.746      0.016     0.886      0.374     0.373      0.600     0.518    0.498     0.535   0.834     0.108      0.111     0.03172  -1	   0.0965048     0.0472053
     D1CGI-a88b      0.027     0.054       0.171     0.702      0.212     0.874      0.490     0.417      0.292     0.602    0.484     0.622   0.909     0.148      0.194     0.06203  -1	   0.1907110     0.1504555
     D1CGI-a88c      0.018     0.078       0.220     0.702     -0.142     0.903      0.405     0.501      0.983     0.620    0.529     0.604   0.711     0.118      0.139     0.02852  -1	   0.1127082     0.0699220
     D1CGI-a88d      0.019     0.079       0.229     0.766     -0.008     0.888      0.378     0.402      0.829     0.625    0.524     0.613   0.793     0.110      0.178     0.02943  -1	   0.1429173     0.0795228
     D1CGI-a89b      0.020     0.073       0.220     0.691      0.152     0.902      0.370     0.355      0.643     0.500    0.466     0.543   0.845     0.116      0.110     0.03106  -1	   0.1609942     0.1323085
     D1CGI-a89c      0.019     0.076       0.237     0.678      0.102     0.892      0.352     0.329      0.199     0.492    0.444     0.556   0.780     0.118      0.105     0.03243  -1	   0.1561366     0.1362017
     D1CGI-a89d      0.019     0.070       0.200     0.691      0.102     0.900      0.417     0.525      0.552     0.474    0.458     0.526   0.780     0.118      0.111     0.03131  -1	   0.1144477     0.0063187
      D1CGI-a8a      0.024     0.050       0.155     0.656     -0.028     0.881      0.433     0.365      0.128     0.542    0.475     0.576   0.852     0.188      0.136     0.01533  -1	   0.0696368     0.1609241
      D1CGI-a8b      0.020     0.044       0.151     0.685      0.217     0.891      0.469     0.407      0.631     0.510    0.435     0.578   0.840     0.188      0.109     0.01295  -1	   0.0977588     0.1124727
      D1CGI-a8c      0.020     0.073       0.257     0.610     -0.421     0.862      0.428     0.349      0.516     0.590    0.501     0.599   0.000     0.099      0.208     0.01256  -1	   0.0258905     0.0391316
      D1CGI-a8d      0.021     0.050       0.159     0.648     -0.139     0.867      0.434     0.363      0.128     0.501    0.449     0.558   0.732     0.188      0.160     0.01471  -1	   0.0766812     0.1796457
     D1CGI-a90a      0.021     0.047       0.139     0.632      0.321     0.875      0.502     0.492      0.501     0.510    0.427     0.584   0.816     0.175      0.194     0.05867  -1	   0.1695850     0.0883290
     D1CGI-a90b      0.026     0.057       0.163     0.670      0.097     0.893      0.532     0.513      0.399     0.550    0.470     0.586   0.805     0.142      0.156     0.05857  -1	   0.0946926     0.0085400
     D1CGI-a90c      0.016     0.077       0.224     0.700      0.016     0.891      0.352     0.364      0.625     0.524    0.472     0.561   0.834     0.116      0.073     0.03206  -1	   0.0842033     0.0820702
     D1CGI-a90d      0.025     0.052       0.163     0.642      0.033     0.879      0.541     0.536      0.704     0.638    0.482     0.656   0.713     0.145      0.188     0.05196  -1	   0.0767373     0.0160324
     D1CGI-a91a      0.025     0.045       0.151     0.521     -0.202     0.884      0.598     0.574      0.664     0.543    0.446     0.599   0.639     0.143      0.303     0.11046  -1	  -0.0014514    -0.0276567
     D1CGI-a91b      0.023     0.086       0.237     0.634     -0.427     0.871      0.383     0.197      0.162     0.565    0.472     0.599   0.000     0.107      0.314     0.11174  -1	   0.1874700     0.2680273
     D1CGI-a91c      0.028     0.063       0.204     0.598     -0.464     0.893      0.533     0.443      0.688     0.519    0.427     0.593   0.420     0.132      0.232     0.06715  -1	   0.0458549     0.0045690
     D1CGI-a91d      0.026     0.081       0.229     0.624     -0.358     0.887      0.393     0.226      0.874     0.566    0.480     0.593   0.471     0.105      0.316     0.11102  -1	   0.0769669     0.1892917
     D1CGI-a92a      0.026     0.082       0.237     0.631     -0.384     0.880      0.404     0.229      0.586     0.555    0.449     0.607   0.471     0.108      0.353     0.11082  -1	   0.0956657     0.1879454
     D1CGI-a92b      0.025     0.086       0.257     0.678     -0.373     0.875      0.403     0.262      0.539     0.534    0.458     0.581   0.538     0.101      0.354     0.11366  -1	   0.1111843     0.1364851
     D1CGI-a92c      0.025     0.081       0.237     0.640     -0.378     0.881      0.386     0.219      0.705     0.580    0.482     0.604   0.471     0.101      0.345     0.10983  -1	   0.0762535     0.1952465
     D1CGI-a92d      0.025     0.081       0.233     0.629     -0.379     0.880      0.416     0.245      0.665     0.546    0.445     0.602   0.471     0.110      0.358     0.11157  -1	   0.0850570     0.1632622
     D1CGI-a93a      0.022     0.094       0.265     0.701     -0.332     0.881      0.392     0.257      0.138     0.521    0.434     0.589   0.636     0.105      0.323     0.10373  -1	   0.2474646     0.2257664
     D1CGI-a93b      0.024     0.083       0.249     0.650     -0.384     0.883      0.377     0.228      0.358     0.576    0.473     0.607   0.538     0.102      0.341     0.11189  -1	   0.1371887     0.2367041
     D1CGI-a93c      0.018     0.054       0.159     0.689      0.283     0.888      0.479     0.319      0.662     0.540    0.452     0.592   0.892     0.155      0.135     0.05121  -1	   0.1752941     0.2057157
     D1CGI-a93d      0.011     0.048       0.159     0.579      0.267     0.878      0.502     0.444      0.469     0.475    0.445     0.537   0.798     0.165      0.574     0.02069  -1	   0.2755500     0.1585172
     D1CGI-a94a      0.025     0.080       0.237     0.631     -0.417     0.880      0.446     0.277      0.387     0.559    0.456     0.606   0.000     0.108      0.353     0.11124  -1	   0.1134777     0.1051989
     D1CGI-a94b      0.015     0.051       0.163     0.601      0.213     0.882      0.457     0.438      0.582     0.530    0.425     0.604   0.787     0.174      0.340     0.04423  -1	   0.1610852     0.1289042
     D1CGI-a94d      0.020     0.052       0.163     0.602      0.316     0.872      0.464     0.441      0.547     0.506    0.425     0.583   0.853     0.170      0.340     0.04422  -1	   0.2278547     0.1459174
     D1CGI-a95a      0.010     0.047       0.151     0.581      0.271     0.870      0.545     0.491      0.432     0.504    0.445     0.565   0.798     0.167      0.528     0.01992  -1	   0.2600352     0.1057352
     D1CGI-a95b      0.014     0.052       0.163     0.606      0.093     0.876      0.492     0.414      0.541     0.490    0.460     0.540   0.738     0.163      0.470     0.02099  -1	   0.1404047     0.1133048
     D1CGI-a95d      0.012     0.052       0.155     0.611      0.231     0.878      0.514     0.441      0.280     0.487    0.445     0.549   0.787     0.169      0.433     0.02102  -1	   0.2640327     0.1531400
     D1CGI-a96a      0.002     0.051       0.151     0.721      0.385     0.894      0.522     0.554      0.650     0.509    0.448     0.566   0.952     0.155      0.369     0.02435  -1	   0.2977241     0.0805375
     D1CGI-a96b      0.017     0.042       0.139     0.455      0.132     0.890      0.554     0.516      0.717     0.517    0.470     0.556   0.627     0.181      0.281     0.02418  -1	   0.0550883     0.0514994
     D1CGI-a96c      0.006     0.054       0.180     0.525      0.225     0.878      0.535     0.526      0.682     0.539    0.430     0.608   0.508     0.128      0.103     0.02203  -1	   0.1389941     0.0585793
     D1CGI-a96d      0.005     0.054       0.163     0.664      0.440     0.894      0.519     0.530      0.310     0.650    0.491     0.661   0.945     0.171      0.202     0.01819  -1	   0.3280256     0.1617896
     D1CGI-a97b      0.014     0.066       0.208     0.693      0.245     0.881      0.470     0.645      0.447     0.526    0.504     0.537   0.854     0.136      0.155     0.01594  -1	   0.1976864    -0.0427012
     D1CGI-a97c      0.010     0.054       0.184     0.629      0.127     0.869      0.484     0.477      0.822     0.567    0.474     0.599   0.713     0.156     -0.030     0.01794  -1	   0.1007147     0.0434776
     D1CGI-a97d      0.007     0.065       0.212     0.540      0.290     0.882      0.460     0.401      0.626     0.507    0.452     0.561   0.546     0.106      0.132     0.01620  -1	   0.2227435     0.1693086
     D1CGI-a98a      0.018     0.051       0.176     0.672      0.392     0.870      0.482     0.449      0.639     0.552    0.450     0.604   0.898     0.155      0.219     0.01449  -1	   0.2760079     0.1800663
     D1CGI-a98b      0.021     0.048       0.147     0.585      0.033     0.892      0.569     0.544      0.593     0.490    0.418     0.573   0.708     0.173      0.162     0.01167  -1	   0.0301377    -0.0218236
     D1CGI-a98c      0.014     0.055       0.163     0.674     -0.091     0.866      0.543     0.586      0.869     0.525    0.447     0.582   0.747     0.141      0.175     0.01297  -1	   0.0355395    -0.0262765
     D1CGI-a98d      0.009     0.067       0.196     0.596      0.270     0.884      0.502     0.487      0.568     0.552    0.491     0.571   0.699     0.123      0.130     0.01648  -1	   0.1950852     0.0766720
     D1CGI-a99a      0.026     0.039       0.127     0.794      0.195     0.866      0.564     0.562      0.346     0.490    0.447     0.550   0.798     0.199      0.127     0.01178  -1	   0.1119262     0.0622433
     D1CGI-a99c      0.018     0.052       0.180     0.663      0.289     0.860      0.486     0.486      0.417     0.532    0.450     0.586   0.892     0.138      0.217     0.01459  -1	   0.1962890     0.0881451
     D1CGI-a99d      0.022     0.069       0.241     0.623     -0.405     0.870      0.409     0.312      0.812     0.600    0.483     0.622   0.000     0.091      0.284     0.01262  -1	   0.0245544     0.0743996
      D1CGI-a9b      0.028     0.057       0.212     0.601     -0.398     0.889      0.483     0.325      0.802     0.563    0.463     0.603   0.471     0.108      0.314     0.01260  -1	   0.0199666     0.1073045
      D1CGI-a9c      0.027     0.061       0.220     0.632     -0.323     0.869      0.462     0.330      0.961     0.562    0.514     0.561   0.515     0.111      0.258     0.01287  -1	   0.0375164     0.1003733
      D1CGI-a9d      0.027     0.054       0.184     0.688     -0.285     0.894      0.428     0.398      0.370     0.486    0.447     0.546   0.582     0.122      0.115     0.01174  -1	   0.0055391     0.0930362
