      D1K4C-a9d     -0.079     0.039       0.183     0.472      0.151     0.709      0.576     0.488      0.408     0.300    0.432     0.378   0.595     0.081      0.249     0.02209  -1	  -0.0573665     0.0473123
      D1K4C-a0a     -0.080     0.038       0.179     0.606      0.187     0.729      0.549     0.432      0.347     0.306    0.442     0.377   0.739     0.084      0.368     0.01686  -1	   0.0317811     0.1238240
      D1K4C-a0b     -0.089     0.038       0.183     0.668      0.273     0.710      0.544     0.384      0.138     0.305    0.439     0.379   0.872     0.104      0.104     0.03451  -1	   0.0049118     0.1999092
      D1K4C-a0c     -0.080     0.038       0.174     0.606      0.131     0.737      0.558     0.465      0.103     0.303    0.427     0.384   0.771     0.275      0.826     0.01993  -1	   0.4341951     0.1693484
      D1K4C-a0d     -0.073     0.039       0.169     0.685     -0.199     0.738      0.518     0.340      0.048     0.323    0.460     0.379   0.757     0.075      0.359     0.03629  -1	   0.1703994     0.3837033
    D1K4C-a100a     -0.096     0.028       0.137     0.513     -0.060     0.715      0.663     0.685      0.878     0.317    0.429     0.398   0.677     0.155     -0.037     0.00280  -1	  -0.0929112    -0.0373392
    D1K4C-a100b     -0.095     0.042       0.202     0.663     -0.403     0.698      0.570     0.555      0.042     0.270    0.416     0.359   0.639     0.129      0.066     0.00261  -1	   0.1090937     0.0753088
    D1K4C-a100c     -0.096     0.030       0.146     0.512     -0.194     0.718      0.639     0.611      0.545     0.290    0.410     0.385   0.622     0.129      0.137     0.00328  -1	  -0.1129817    -0.0424228
    D1K4C-a100d     -0.092     0.042       0.218     0.707     -0.355     0.702      0.558     0.532      0.029     0.277    0.424     0.361   0.724     0.095      0.131     0.00297  -1	   0.1096549     0.0934868
    D1K4C-a101a     -0.081     0.037       0.155     0.692     -0.274     0.711      0.531     0.548      0.116     0.314    0.443     0.385   0.726     0.100      0.420     0.00233  -1	   0.1873695     0.0890627
    D1K4C-a101b     -0.097     0.026       0.135     0.577      0.061     0.716      0.622     0.575      0.484     0.275    0.414     0.366   0.744     0.129      0.152     0.00343  -1	  -0.1486896    -0.0332631
    D1K4C-a101c     -0.090     0.038       0.186     0.505     -0.299     0.709      0.630     0.631      0.669     0.305    0.438     0.380   0.591     0.119      0.100     0.00284  -1	  -0.0731674    -0.0338839
    D1K4C-a101d     -0.095     0.031       0.144     0.600     -0.074     0.723      0.619     0.595      0.887     0.295    0.411     0.389   0.756     0.135      0.147     0.00320  -1	  -0.1301182    -0.0394711
    D1K4C-a102a     -0.088     0.037       0.188     0.621      0.234     0.704      0.602     0.604      0.430     0.325    0.444     0.395   0.784     0.103      0.128     0.00374  -1	  -0.0754656    -0.0274389
    D1K4C-a102b     -0.090     0.039       0.190     0.511     -0.276     0.715      0.617     0.611      0.780     0.305    0.435     0.382   0.591     0.121      0.097     0.00284  -1	  -0.0705157    -0.0239801
    D1K4C-a102c     -0.083     0.032       0.144     0.634     -0.079     0.704      0.564     0.589      0.510     0.292    0.418     0.380   0.756     0.097      0.361     0.00339  -1	  -0.0794559    -0.0448587
    D1K4C-a102d     -0.091     0.037       0.186     0.596      0.086     0.707      0.623     0.610      0.073     0.282    0.399     0.386   0.744     0.123      0.124     0.00307  -1	  -0.0142266    -0.0029285
    D1K4C-a103a     -0.092     0.036       0.183     0.538      0.060     0.707      0.616     0.601      0.074     0.308    0.437     0.384   0.682     0.112      0.087     0.00291  -1	  -0.0662463    -0.0170393
    D1K4C-a103b     -0.088     0.038       0.193     0.587      0.264     0.698      0.588     0.587      0.568     0.310    0.441     0.383   0.798     0.106      0.143     0.00372  -1	  -0.0732602    -0.0323762
    D1K4C-a103c     -0.089     0.033       0.183     0.663     -0.050     0.706      0.625     0.623      0.076     0.282    0.429     0.362   0.852     0.129      0.141     0.00284  -1	  -0.0008579    -0.0035380
    D1K4C-a103d     -0.083     0.033       0.158     0.623      0.134     0.720      0.584     0.618      0.263     0.283    0.441     0.354   0.771     0.149      0.221     0.00444  -1	  -0.0399689    -0.0600922
    D1K4C-a104a     -0.090     0.053       0.230     0.590     -0.045     0.691      0.535     0.499      0.032     0.342    0.448     0.408   0.554     0.095      0.119     0.00334  -1	   0.0123469     0.0530915
    D1K4C-a104b     -0.093     0.042       0.213     0.522      0.171     0.703      0.587     0.567      0.017     0.272    0.407     0.368   0.659     0.104      0.111     0.00266  -1	   0.0112075     0.0196549
    D1K4C-a104c     -0.078     0.030       0.139     0.585     -0.182     0.700      0.576     0.587      0.517     0.296    0.432     0.374   0.684     0.340      0.313     0.00248  -1	  -0.0756335    -0.0652265
    D1K4C-a104d     -0.082     0.036       0.151     0.593      0.238     0.710      0.556     0.557      0.178     0.292    0.429     0.372   0.767     0.242      0.234     0.00294  -1	   0.0092346    -0.0355673
    D1K4C-a105a     -0.082     0.045       0.193     0.641     -0.691     0.705      0.533     0.560      0.202     0.299    0.440     0.371   0.584     0.109      0.196     0.00357  -1	   0.2651489     0.0669832
    D1K4C-a105b     -0.088     0.041       0.202     0.625     -0.428     0.708      0.586     0.588      0.038     0.268    0.427     0.349   0.584     0.093      0.078     0.00296  -1	   0.1056179     0.0599054
    D1K4C-a105c     -0.082     0.049       0.204     0.600     -0.372     0.721      0.508     0.462      0.143     0.309    0.438     0.384   0.644     0.153      0.270     0.00244  -1	   0.1280244     0.1033886
    D1K4C-a105d     -0.082     0.039       0.179     0.588     -0.282     0.717      0.538     0.509      0.107     0.289    0.416     0.378   0.653     0.183      0.134     0.00238  -1	   0.0540221     0.0629070
    D1K4C-a106a     -0.080     0.039       0.176     0.582      0.097     0.731      0.555     0.449      0.046     0.285    0.425     0.369   0.744     0.081      0.159     0.01957  -1	   0.0188255     0.1502774
    D1K4C-a106b     -0.078     0.040       0.193     0.560      0.083     0.737      0.512     0.454      0.404     0.292    0.426     0.375   0.744     0.095      0.170     0.03101  -1	  -0.0730703     0.0389839
    D1K4C-a106c     -0.081     0.030       0.137     0.612      0.096     0.710      0.576     0.510      0.368     0.298    0.448     0.364   0.761     0.097      0.409     0.06039  -1	  -0.0183937     0.0434798
    D1K4C-a106d     -0.071     0.042       0.186     0.701      0.011     0.727      0.493     0.346      0.030     0.305    0.463     0.360   0.805     0.127      0.352     0.04890  -1	   0.1941348     0.3246353
    D1K4C-a107a     -0.089     0.041       0.202     0.626     -0.374     0.701      0.582     0.564      0.023     0.287    0.433     0.364   0.644     0.093      0.066     0.00294  -1	   0.0791129     0.0744467
    D1K4C-a107b     -0.091     0.040       0.209     0.663     -0.440     0.710      0.573     0.547      0.216     0.286    0.440     0.358   0.639     0.101      0.095     0.00292  -1	   0.0338199     0.0313954
    D1K4C-a107c     -0.091     0.035       0.174     0.588     -0.415     0.701      0.586     0.564      0.076     0.276    0.410     0.370   0.566     0.138      0.038     0.00268  -1	   0.0822863     0.0689324
    D1K4C-a107d     -0.093     0.040       0.202     0.640     -0.404     0.706      0.572     0.561      0.011     0.265    0.413     0.356   0.584     0.134      0.043     0.00265  -1	   0.1044602     0.0750195
     D1K4C-a10a     -0.086     0.036       0.183     0.633     -0.059     0.683      0.586     0.516      0.579     0.329    0.442     0.401   0.756     0.153      0.164     0.01296  -1	  -0.1356051    -0.0320523
     D1K4C-a10b     -0.090     0.026       0.144     0.722      0.248     0.709      0.602     0.539      0.326     0.296    0.421     0.383   0.864     0.174      0.183     0.01748  -1	  -0.0612571     0.0355004
     D1K4C-a10c     -0.087     0.027       0.151     0.703      0.247     0.706      0.597     0.528      0.131     0.307    0.422     0.393   0.864     0.179      0.183     0.01712  -1	   0.0119344     0.0939758
     D1K4C-a10d     -0.088     0.026       0.144     0.733      0.369     0.705      0.589     0.517      0.083     0.297    0.421     0.384   0.928     0.175      0.183     0.01809  -1	   0.0817303     0.1537002
     D1K4C-a11a     -0.077     0.041       0.174     0.593      0.239     0.703      0.516     0.398      0.250     0.306    0.427     0.389   0.767     0.073      0.309     0.01925  -1	   0.0595952     0.1766695
     D1K4C-a11b     -0.077     0.041       0.183     0.576      0.088     0.707      0.528     0.407      0.122     0.377    0.450     0.441   0.744     0.064      0.298     0.01966  -1	   0.0502828     0.1848792
     D1K4C-a11c     -0.084     0.032       0.158     0.658     -0.194     0.699      0.586     0.550      0.995     0.293    0.445     0.362   0.757     0.114      0.109     0.02124  -1	  -0.1105163     0.0099893
     D1K4C-a11d     -0.074     0.051       0.218     0.642     -0.167     0.705      0.517     0.408      0.202     0.326    0.470     0.375   0.664     0.061      0.664     0.02558  -1	   0.2654032     0.1962334
     D1K4C-a12a     -0.072     0.049       0.216     0.583      0.248     0.720      0.502     0.417      0.121     0.286    0.465     0.339   0.767     0.070      0.834     0.02079  -1	   0.5390964     0.2580989
     D1K4C-a12b     -0.080     0.034       0.162     0.607      0.245     0.729      0.532     0.441      0.683     0.292    0.447     0.358   0.784     0.085      0.226     0.03022  -1	  -0.0664902     0.0663015
     D1K4C-a12c     -0.074     0.052       0.220     0.616      0.282     0.724      0.461     0.364      0.232     0.313    0.489     0.348   0.825     0.068      0.742     0.02142  -1	   0.4344512     0.2685394
     D1K4C-a12d     -0.073     0.048       0.209     0.638     -0.004     0.700      0.520     0.426      0.533     0.321    0.454     0.383   0.796     0.063      0.605     0.02491  -1	   0.0444334     0.0428956
     D1K4C-a13a     -0.084     0.051       0.241     0.556      0.449     0.699      0.519     0.388      0.004     0.292    0.418     0.382   0.752     0.091      0.650     0.02043  -1	   0.5809728     0.3936726
     D1K4C-a13b     -0.086     0.037       0.211     0.523      0.279     0.700      0.615     0.543      0.085     0.295    0.432     0.374   0.737     0.110      0.253     0.01955  -1	   0.0778283     0.0875392
     D1K4C-a13c     -0.086     0.042       0.204     0.670      0.060     0.703      0.571     0.506      0.140     0.300    0.408     0.397   0.817     0.099      0.554     0.02187  -1	   0.2396088     0.0822541
     D1K4C-a13d     -0.089     0.042       0.200     0.657      0.072     0.708      0.566     0.491      0.939     0.313    0.430     0.394   0.817     0.108      0.212     0.02183  -1	  -0.1036107    -0.0213154
     D1K4C-a14a     -0.083     0.037       0.165     0.606      0.203     0.712      0.561     0.573      0.245     0.314    0.439     0.388   0.784     0.075      0.259     0.02486  -1	   0.0099494    -0.0123743
     D1K4C-a14b     -0.070     0.040       0.186     0.631      0.242     0.683      0.557     0.550      0.263     0.302    0.439     0.375   0.784     0.074      0.240     0.00971  -1	   0.0382349     0.0247825
     D1K4C-a14c     -0.081     0.037       0.155     0.673      0.248     0.719      0.552     0.548      0.945     0.319    0.456     0.379   0.840     0.071      0.263     0.02418  -1	  -0.0557283    -0.0067771
     D1K4C-a14d     -0.077     0.038       0.167     0.706      0.187     0.714      0.546     0.548      0.970     0.321    0.445     0.389   0.819     0.139      0.255     0.01639  -1	  -0.0967241    -0.0481258
     D1K4C-a15a     -0.077     0.038       0.162     0.625      0.174     0.713      0.556     0.567      0.985     0.314    0.469     0.364   0.739     0.139      0.236     0.01658  -1	  -0.0964843    -0.0440802
     D1K4C-a15b     -0.076     0.038       0.162     0.661      0.234     0.718      0.548     0.554      0.931     0.316    0.454     0.377   0.840     0.134      0.236     0.01657  -1	  -0.0797269    -0.0483423
     D1K4C-a15c     -0.075     0.042       0.174     0.646      0.396     0.717      0.532     0.491      0.575     0.319    0.447     0.386   0.848     0.135      0.147     0.01713  -1	   0.0047714     0.0119854
     D1K4C-a15d     -0.079     0.039       0.155     0.660      0.224     0.720      0.539     0.536      0.874     0.339    0.480     0.380   0.840     0.171      0.311     0.01222  -1	  -0.1014190    -0.0824306
     D1K4C-a16a     -0.085     0.048       0.251     0.523     -0.274     0.717      0.554     0.430      0.297     0.328    0.477     0.373   0.591     0.081      0.147     0.03788  -1	  -0.0568785     0.0656411
     D1K4C-a16b     -0.086     0.041       0.223     0.630      0.045     0.717      0.590     0.504      0.059     0.296    0.423     0.380   0.725     0.125      0.048     0.02078  -1	  -0.0325750     0.0781429
     D1K4C-a16c     -0.076     0.038       0.183     0.561     -0.009     0.721      0.543     0.478      0.238     0.319    0.439     0.394   0.778     0.080      0.187     0.01722  -1	  -0.0529353     0.0483806
     D1K4C-a16d     -0.076     0.039       0.181     0.532     -0.059     0.742      0.544     0.515      0.531     0.305    0.440     0.377   0.677     0.281      0.504     0.02809  -1	  -0.0514117    -0.0526116
     D1K4C-a17a     -0.084     0.038       0.204     0.648      0.052     0.716      0.586     0.507      0.128     0.300    0.428     0.382   0.761     0.138      0.086     0.02117  -1	  -0.0427071     0.0583396
     D1K4C-a17b     -0.086     0.036       0.200     0.614      0.047     0.704      0.607     0.589      0.011     0.327    0.439     0.402   0.725     0.102      0.086     0.04745  -1	  -0.0270152     0.0274233
     D1K4C-a17c     -0.087     0.035       0.202     0.536     -0.034     0.709      0.593     0.575      0.071     0.311    0.423     0.398   0.717     0.099      0.077     0.04139  -1	  -0.0650373    -0.0097682
     D1K4C-a17d     -0.087     0.052       0.255     0.600     -0.352     0.721      0.562     0.398      0.028     0.321    0.470     0.371   0.471     0.102      0.188     0.02542  -1	   0.0939219     0.1916272
     D1K4C-a18a     -0.070     0.043       0.195     0.627      0.037     0.720      0.528     0.505      0.959     0.347    0.500     0.374   0.725     0.106      0.242     0.01745  -1	  -0.1018994    -0.0156044
     D1K4C-a18b     -0.084     0.035       0.195     0.574     -0.057     0.712      0.601     0.579      0.025     0.319    0.437     0.394   0.738     0.095      0.082     0.04792  -1	  -0.0401636     0.0128623
     D1K4C-a18c     -0.071     0.044       0.211     0.558      0.138     0.732      0.532     0.509      0.272     0.340    0.468     0.391   0.753     0.149      0.231     0.01092  -1	  -0.0091790    -0.0125960
     D1K4C-a18d     -0.072     0.044       0.216     0.662     -0.065     0.720      0.540     0.517      0.450     0.289    0.435     0.365   0.812     0.150      0.451     0.01489  -1	   0.0026458    -0.0557962
     D1K4C-a19a     -0.081     0.054       0.258     0.673     -0.319     0.711      0.578     0.476      0.453     0.375    0.477     0.418   0.582     0.073      0.085     0.02865  -1	  -0.0859184     0.0026017
     D1K4C-a19b     -0.082     0.036       0.218     0.629     -0.044     0.714      0.571     0.496      0.152     0.303    0.430     0.384   0.796     0.092      0.127     0.09691  -1	  -0.0448243     0.0558177
     D1K4C-a19c     -0.081     0.049       0.265     0.601     -0.291     0.718      0.562     0.446      0.252     0.304    0.452     0.368   0.671     0.074      0.165     0.17299  -1	  -0.0207348     0.0607288
     D1K4C-a19d     -0.084     0.049       0.246     0.571     -0.207     0.716      0.587     0.467      0.404     0.289    0.429     0.369   0.700     0.083      0.071     0.03348  -1	  -0.0760443     0.0228239
      D1K4C-a1a     -0.080     0.035       0.160     0.643      0.229     0.731      0.526     0.426      0.128     0.304    0.448     0.371   0.784     0.084      0.255     0.02885  -1	   0.0729707     0.1984260
      D1K4C-a1b     -0.079     0.034       0.158     0.641      0.165     0.727      0.533     0.439      0.335     0.309    0.434     0.387   0.739     0.085      0.192     0.02789  -1	  -0.0502083     0.1035565
      D1K4C-a1c     -0.078     0.034       0.162     0.637      0.106     0.725      0.535     0.439      0.416     0.298    0.443     0.368   0.771     0.114      0.206     0.01652  -1	  -0.0809734     0.0634861
      D1K4C-a1d     -0.075     0.032       0.158     0.633      0.195     0.712      0.546     0.467      0.504     0.278    0.439     0.350   0.739     0.163      0.269     0.05178  -1	  -0.0750620     0.0239974
     D1K4C-a20a     -0.084     0.049       0.232     0.596     -0.271     0.715      0.572     0.426      0.094     0.347    0.431     0.428   0.653     0.084      0.079     0.03932  -1	  -0.0052892     0.1194385
     D1K4C-a20b     -0.085     0.048       0.239     0.601     -0.194     0.713      0.559     0.426      0.550     0.329    0.454     0.390   0.701     0.091      0.103     0.03974  -1	  -0.1051079     0.0204665
     D1K4C-a20c     -0.087     0.050       0.234     0.636     -0.244     0.719      0.548     0.379      0.066     0.370    0.470     0.418   0.718     0.085      0.107     0.04309  -1	   0.0047114     0.1790695
     D1K4C-a20d     -0.085     0.048       0.237     0.550     -0.225     0.719      0.574     0.429      0.993     0.324    0.450     0.389   0.700     0.086      0.102     0.03746  -1	  -0.0446645     0.0347487
     D1K4C-a21a     -0.075     0.041       0.176     0.612      0.487     0.723      0.529     0.412      0.380     0.300    0.449     0.365   0.836     0.141      0.254     0.02024  -1	   0.1236451     0.1632943
     D1K4C-a21b     -0.080     0.034       0.142     0.643      0.141     0.722      0.557     0.488      0.271     0.300    0.437     0.374   0.771     0.090      0.261     0.01713  -1	  -0.0121149     0.0785125
     D1K4C-a21c     -0.082     0.034       0.158     0.628     -0.337     0.719      0.557     0.448      0.861     0.309    0.446     0.377   0.756     0.150      0.399     0.01309  -1	  -0.1123119     0.0307059
     D1K4C-a21d     -0.083     0.036       0.162     0.580     -0.111     0.725      0.550     0.458      1.000     0.317    0.463     0.371   0.714     0.164      0.170     0.01503  -1	  -0.1180292     0.0006938
     D1K4C-a22a     -0.076     0.040       0.186     0.589      0.412     0.718      0.531     0.425      0.761     0.314    0.450     0.379   0.804     0.083      0.216     0.01907  -1	   0.0456152     0.1126936
     D1K4C-a22b     -0.079     0.032       0.153     0.649      0.309     0.714      0.550     0.471      0.337     0.277    0.425     0.359   0.816     0.079      0.290     0.01430  -1	   0.0388473     0.1183223
     D1K4C-a22c     -0.081     0.038       0.174     0.634      0.058     0.739      0.544     0.434      0.240     0.314    0.444     0.384   0.761     0.267      0.677     0.02071  -1	   0.2114128     0.1093807
     D1K4C-a22d     -0.078     0.033       0.162     0.669     -0.178     0.732      0.554     0.459      0.468     0.318    0.469     0.368   0.757     0.171      0.301     0.02230  -1	  -0.0801719     0.0196766
     D1K4C-a23a     -0.086     0.037       0.188     0.709     -0.035     0.698      0.568     0.512      0.154     0.292    0.431     0.371   0.876     0.133      0.221     0.01145  -1	   0.0251432     0.0475423
     D1K4C-a23b     -0.085     0.034       0.183     0.652      0.033     0.702      0.586     0.547      0.465     0.325    0.463     0.380   0.781     0.104      0.111     0.01953  -1	  -0.1345920    -0.0184475
     D1K4C-a23c     -0.086     0.033       0.153     0.656     -0.186     0.703      0.608     0.568      0.685     0.327    0.463     0.381   0.757     0.163      0.081     0.01253  -1	  -0.1412088    -0.0410398
     D1K4C-a23d     -0.086     0.036       0.179     0.651      0.026     0.709      0.591     0.512      0.038     0.309    0.460     0.367   0.781     0.157      0.193     0.01276  -1	   0.0397405     0.1020019
     D1K4C-a24a     -0.066     0.053       0.232     0.702      0.024     0.707      0.484     0.453      0.717     0.357    0.477     0.400   0.834     0.120      0.243     0.01773  -1	  -0.0834283    -0.0462251
     D1K4C-a24b     -0.068     0.041       0.202     0.509      0.217     0.709      0.556     0.562      0.636     0.314    0.469     0.364   0.705     0.068      0.231     0.01012  -1	  -0.0400524     0.0014502
     D1K4C-a24c     -0.079     0.035       0.158     0.681      0.206     0.730      0.523     0.415      0.084     0.286    0.439     0.358   0.840     0.082      0.220     0.02758  -1	   0.0839747     0.2255993
     D1K4C-a24d     -0.072     0.045       0.213     0.582      0.243     0.703      0.544     0.556      0.701     0.321    0.473     0.368   0.767     0.069      0.320     0.00704  -1	  -0.0102295    -0.0095891
     D1K4C-a25a     -0.068     0.043       0.206     0.599      0.118     0.709      0.533     0.503      0.173     0.294    0.440     0.366   0.753     0.069      0.261     0.01419  -1	   0.0572305     0.0587655
     D1K4C-a25b     -0.071     0.045       0.204     0.599      0.235     0.703      0.537     0.544      0.725     0.332    0.448     0.398   0.767     0.070      0.368     0.00926  -1	  -0.0047185    -0.0089640
     D1K4C-a25c     -0.074     0.042       0.188     0.611      0.212     0.708      0.549     0.567      0.429     0.314    0.453     0.377   0.784     0.074      0.239     0.00962  -1	  -0.0174437    -0.0262169
     D1K4C-a25d     -0.075     0.044       0.204     0.608      0.429     0.710      0.518     0.494      0.203     0.316    0.453     0.379   0.822     0.077      0.258     0.00721  -1	   0.1741848     0.1140431
     D1K4C-a26a     -0.073     0.043       0.183     0.612     -0.026     0.696      0.538     0.501      0.254     0.307    0.460     0.365   0.796     0.080      0.200     0.01035  -1	  -0.0240095     0.0267714
     D1K4C-a26b     -0.072     0.047       0.211     0.606      0.251     0.690      0.526     0.501      0.169     0.344    0.476     0.388   0.816     0.068      0.195     0.00952  -1	   0.0620453     0.0494096
     D1K4C-a26c     -0.070     0.044       0.209     0.574      0.326     0.705      0.550     0.556      0.708     0.331    0.427     0.415   0.798     0.170      0.347     0.01075  -1	   0.0083706    -0.0388980
     D1K4C-a26d     -0.075     0.042       0.200     0.569      0.386     0.697      0.554     0.542      0.286     0.286    0.447     0.353   0.830     0.069      0.238     0.00708  -1	   0.0917576     0.0399864
     D1K4C-a27a     -0.071     0.041       0.183     0.539     -0.012     0.689      0.553     0.530      0.232     0.298    0.434     0.375   0.717     0.079      0.185     0.01013  -1	  -0.0318475     0.0173697
     D1K4C-a27b     -0.073     0.039       0.176     0.604      0.306     0.688      0.557     0.543      0.285     0.307    0.434     0.384   0.816     0.079      0.199     0.01007  -1	   0.0211605     0.0191851
     D1K4C-a27c     -0.072     0.043       0.200     0.609      0.033     0.694      0.546     0.515      0.531     0.301    0.435     0.377   0.725     0.079      0.190     0.01023  -1	  -0.0811248    -0.0048200
     D1K4C-a27d     -0.072     0.040       0.188     0.577      0.243     0.690      0.564     0.552      0.304     0.294    0.440     0.365   0.767     0.077      0.189     0.01010  -1	  -0.0058053     0.0081703
     D1K4C-a28a     -0.079     0.053       0.248     0.525      0.121     0.716      0.512     0.472      0.006     0.297    0.429     0.379   0.434     0.067      0.233     0.00671  -1	   0.1091920     0.1120817
     D1K4C-a28b     -0.073     0.060       0.253     0.601      0.043     0.710      0.477     0.399      0.007     0.310    0.450     0.374   0.713     0.050      0.247     0.00728  -1	   0.1517822     0.1750959
     D1K4C-a28c     -0.081     0.045       0.213     0.609     -0.050     0.701      0.586     0.643      0.492     0.323    0.458     0.381   0.796     0.064      0.160     0.01074  -1	  -0.0963457    -0.0779055
     D1K4C-a28d     -0.081     0.029       0.128     0.548      0.150     0.698      0.589     0.586      0.455     0.274    0.418     0.362   0.659     0.100      0.109     0.00840  -1	  -0.1241782    -0.0209349
     D1K4C-a29a     -0.084     0.029       0.130     0.711      0.190     0.708      0.571     0.569      0.270     0.295    0.436     0.371   0.819     0.094      0.434     0.01790  -1	   0.0867070     0.0266693
     D1K4C-a29b     -0.081     0.028       0.128     0.628      0.188     0.711      0.584     0.577      0.216     0.279    0.430     0.358   0.739     0.097      0.412     0.02154  -1	   0.0714803     0.0349765
     D1K4C-a29c     -0.073     0.063       0.281     0.547     -0.012     0.714      0.498     0.477      0.116     0.343    0.445     0.412   0.401     0.044      0.340     0.01043  -1	   0.1219392     0.0659991
     D1K4C-a29d     -0.089     0.042       0.213     0.601      0.239     0.706      0.590     0.551      0.976     0.313    0.454     0.374   0.784     0.093      0.100     0.00861  -1	  -0.0221967     0.0158781
      D1K4C-a2a     -0.080     0.039       0.183     0.602      0.094     0.726      0.540     0.421      0.061     0.291    0.441     0.362   0.761     0.076      0.153     0.01788  -1	   0.0148555     0.1793729
      D1K4C-a2b     -0.078     0.035       0.165     0.605      0.165     0.729      0.527     0.424      0.403     0.299    0.445     0.366   0.739     0.087      0.215     0.02982  -1	  -0.0574437     0.1027544
      D1K4C-a2c     -0.079     0.035       0.158     0.634      0.205     0.716      0.541     0.452      0.259     0.310    0.456     0.371   0.784     0.177      0.171     0.02133  -1	  -0.0436502     0.0594823
      D1K4C-a2d     -0.079     0.041       0.183     0.585      0.340     0.718      0.546     0.455      0.266     0.305    0.445     0.374   0.798     0.069      0.243     0.02050  -1	   0.0707491     0.1306226
     D1K4C-a30a     -0.080     0.046       0.195     0.571      0.241     0.703      0.523     0.512      0.084     0.294    0.445     0.363   0.767     0.069      0.220     0.01414  -1	   0.0894147     0.0524092
     D1K4C-a30b     -0.079     0.043       0.190     0.569      0.280     0.707      0.544     0.538      0.039     0.314    0.454     0.375   0.798     0.188      0.202     0.00801  -1	   0.0862170     0.0048164
     D1K4C-a30c     -0.082     0.044       0.197     0.586      0.268     0.702      0.532     0.519      0.048     0.333    0.446     0.401   0.798     0.071      0.250     0.01471  -1	   0.1226525     0.0637985
     D1K4C-a30d     -0.080     0.046       0.202     0.576      0.289     0.702      0.511     0.483      0.086     0.343    0.448     0.409   0.798     0.069      0.282     0.01508  -1	   0.1396415     0.0935467
     D1K4C-a31a     -0.086     0.047       0.223     0.538      0.281     0.699      0.574     0.541      0.373     0.349    0.451     0.412   0.737     0.096      0.094     0.00822  -1	  -0.0347666     0.0012927
     D1K4C-a31b     -0.086     0.035       0.204     0.542     -0.025     0.716      0.616     0.608      0.036     0.337    0.448     0.403   0.717     0.119      0.095     0.01067  -1	  -0.0547429    -0.0225209
     D1K4C-a31c     -0.074     0.024       0.130     0.681      0.092     0.708      0.570     0.541      0.966     0.346    0.477     0.388   0.817     0.117      0.307     0.01071  -1	  -0.1595362    -0.0262598
     D1K4C-a31d     -0.072     0.041       0.202     0.632      0.095     0.712      0.539     0.494      0.304     0.306    0.447     0.372   0.761     0.068      0.164     0.01000  -1	  -0.0384912     0.0402941
     D1K4C-a32a     -0.086     0.035       0.200     0.554     -0.053     0.715      0.604     0.590      0.131     0.327    0.442     0.397   0.738     0.119      0.056     0.01091  -1	  -0.0914294    -0.0302214
     D1K4C-a32b     -0.082     0.043       0.234     0.685      0.080     0.707      0.578     0.545      0.529     0.345    0.462     0.399   0.817     0.100      0.147     0.01252  -1	  -0.0977654    -0.0200519
     D1K4C-a32c     -0.085     0.036       0.195     0.609     -0.052     0.711      0.611     0.583      0.019     0.314    0.425     0.399   0.756     0.094      0.091     0.04244  -1	  -0.0208374     0.0257325
     D1K4C-a32d     -0.082     0.035       0.167     0.564      0.347     0.708      0.568     0.583      0.306     0.299    0.438     0.373   0.798     0.076      0.272     0.01572  -1	   0.0405084    -0.0013104
     D1K4C-a33a     -0.086     0.052       0.253     0.609     -0.322     0.717      0.573     0.426      0.040     0.341    0.468     0.391   0.515     0.084      0.105     0.03788  -1	   0.0336281     0.1487443
     D1K4C-a33b     -0.084     0.047       0.239     0.576     -0.328     0.713      0.556     0.458      0.552     0.324    0.443     0.395   0.738     0.110      0.097     0.02548  -1	  -0.0689595     0.0042966
     D1K4C-a33c     -0.072     0.050       0.234     0.581     -0.137     0.719      0.527     0.490      0.754     0.337    0.475     0.383   0.714     0.060      0.331     0.02496  -1	  -0.0881454    -0.0057435
     D1K4C-a33d     -0.085     0.037       0.209     0.539      0.079     0.702      0.629     0.611      0.045     0.278    0.417     0.367   0.682     0.091      0.077     0.04043  -1	  -0.0341035     0.0097626
     D1K4C-a34a     -0.076     0.063       0.285     0.621     -0.267     0.720      0.484     0.412      0.261     0.370    0.484     0.407   0.515     0.142      0.156     0.01188  -1	  -0.0051152     0.0237466
     D1K4C-a34b     -0.086     0.048       0.260     0.579     -0.142     0.704      0.586     0.590      0.924     0.334    0.410     0.431   0.714     0.069      0.103     0.01013  -1	  -0.0544125     0.0122187
     D1K4C-a34c     -0.070     0.063       0.274     0.537     -0.110     0.732      0.486     0.426      0.120     0.321    0.477     0.365   0.310     0.104      0.167     0.01261  -1	   0.0370263     0.0769761
     D1K4C-a34d     -0.071     0.060       0.276     0.600     -0.169     0.729      0.468     0.407      0.074     0.345    0.471     0.393   0.664     0.123      0.157     0.01223  -1	   0.0486741     0.0806523
     D1K4C-a35a     -0.080     0.037       0.179     0.627     -0.004     0.723      0.529     0.475      0.263     0.290    0.433     0.368   0.796     0.083      0.241     0.01497  -1	  -0.0265636     0.0569457
     D1K4C-a35b     -0.079     0.039       0.181     0.559      0.069     0.738      0.543     0.424      0.127     0.305    0.422     0.392   0.744     0.088      0.391     0.01690  -1	   0.0960610     0.1809621
     D1K4C-a35c     -0.063     0.059       0.283     0.550      0.003     0.727      0.488     0.421      0.172     0.328    0.472     0.375   0.587     0.053      0.364     0.00977  -1	   0.1244204     0.1177021
     D1K4C-a35d     -0.065     0.056       0.269     0.513      0.023     0.724      0.505     0.439      0.782     0.342    0.483     0.380   0.434     0.053      0.366     0.00971  -1	  -0.0241838     0.0472691
     D1K4C-a36a     -0.074     0.044       0.193     0.580     -0.497     0.716      0.540     0.459      0.196     0.304    0.442     0.375   0.609     0.080      0.478     0.01044  -1	   0.2248192     0.1904424
     D1K4C-a36b     -0.071     0.066       0.290     0.570     -0.133     0.735      0.464     0.373      0.392     0.339    0.493     0.371   0.463     0.106      0.270     0.01268  -1	  -0.0026223     0.0530429
     D1K4C-a36c     -0.078     0.038       0.179     0.544     -0.529     0.730      0.566     0.471      0.451     0.305    0.453     0.367   0.528     0.357      0.189     0.01684  -1	   0.1114338     0.0250419
     D1K4C-a36d     -0.077     0.037       0.162     0.664      0.068     0.733      0.535     0.433      0.043     0.298    0.445     0.367   0.817     0.264      0.573     0.01954  -1	   0.3135256     0.2137996
     D1K4C-a37a     -0.078     0.041       0.183     0.551     -0.460     0.720      0.562     0.478      0.250     0.322    0.454     0.384   0.609     0.073      0.424     0.01731  -1	   0.1335265     0.1407027
     D1K4C-a37b     -0.082     0.047       0.220     0.576     -0.181     0.720      0.520     0.397      0.140     0.338    0.451     0.401   0.684     0.117      0.413     0.01234  -1	   0.1211834     0.1777868
     D1K4C-a37c     -0.073     0.054       0.232     0.576      0.146     0.716      0.497     0.451      0.057     0.291    0.443     0.360   0.587     0.083      0.324     0.00682  -1	   0.1762637     0.1388358
     D1K4C-a37d     -0.081     0.046       0.195     0.607     -0.287     0.713      0.521     0.389      0.219     0.308    0.440     0.380   0.671     0.196      1.113     0.00985  -1	   0.5299359     0.3470404
     D1K4C-a38a     -0.077     0.032       0.148     0.548      0.006     0.700      0.573     0.557      0.703     0.307    0.447     0.374   0.646     0.084      0.299     0.01019  -1	  -0.1290440    -0.0149542
     D1K4C-a38b     -0.073     0.043       0.211     0.541      0.192     0.706      0.537     0.542      0.945     0.321    0.471     0.368   0.659     0.146      0.489     0.01004  -1	  -0.0611567    -0.0315971
     D1K4C-a38c     -0.067     0.044       0.213     0.629      0.168     0.697      0.535     0.517      0.991     0.339    0.465     0.392   0.739     0.066      0.181     0.01413  -1	  -0.0310869     0.0271241
     D1K4C-a38d     -0.071     0.045       0.218     0.571     -0.093     0.716      0.530     0.503      0.333     0.300    0.445     0.368   0.738     0.202      0.105     0.00677  -1	  -0.0693925    -0.0415444
     D1K4C-a39a     -0.073     0.043       0.209     0.537      0.239     0.698      0.553     0.552      0.325     0.300    0.450     0.365   0.705     0.069      0.401     0.00712  -1	   0.0823574     0.0122095
     D1K4C-a39b     -0.071     0.043       0.197     0.593      0.170     0.709      0.554     0.574      0.325     0.325    0.469     0.375   0.721     0.114      0.215     0.01718  -1	  -0.0183193    -0.0346471
     D1K4C-a39c     -0.074     0.041       0.209     0.479      0.168     0.704      0.551     0.554      0.600     0.311    0.449     0.377   0.595     0.135      0.636     0.01005  -1	   0.0102752    -0.0342670
     D1K4C-a39d     -0.070     0.042       0.206     0.563      0.190     0.705      0.542     0.546      0.570     0.306    0.452     0.369   0.721     0.064      0.199     0.00997  -1	  -0.0461398     0.0035342
      D1K4C-a3a     -0.081     0.035       0.181     0.573      0.336     0.715      0.567     0.473      0.162     0.281    0.409     0.377   0.798     0.096      0.222     0.05955  -1	   0.0684572     0.1362378
      D1K4C-a3b     -0.074     0.049       0.211     0.619     -0.163     0.703      0.514     0.414      0.381     0.310    0.453     0.372   0.701     0.059      0.607     0.02507  -1	   0.1050684     0.1168965
      D1K4C-a3c     -0.084     0.034       0.174     0.579      0.328     0.704      0.553     0.436      0.090     0.301    0.422     0.387   0.798     0.097      0.228     0.04929  -1	   0.0801967     0.1976529
      D1K4C-a3d     -0.076     0.049       0.211     0.589      0.300     0.725      0.469     0.354      0.035     0.288    0.437     0.362   0.798     0.066      0.828     0.02207  -1	   0.6355596     0.4300571
     D1K4C-a40a     -0.067     0.049       0.218     0.668     -0.083     0.710      0.512     0.498      0.078     0.318    0.455     0.379   0.812     0.115      0.266     0.01841  -1	   0.1157832     0.0472000
     D1K4C-a40b     -0.068     0.042       0.206     0.532      0.113     0.709      0.550     0.540      0.139     0.300    0.437     0.374   0.692     0.070      0.275     0.01363  -1	   0.0543252     0.0314214
     D1K4C-a40c     -0.069     0.049       0.223     0.576      0.335     0.701      0.511     0.498      0.418     0.311    0.430     0.391   0.798     0.167      0.352     0.01073  -1	   0.0901455    -0.0018049
     D1K4C-a40d     -0.085     0.024       0.121     0.584      0.412     0.697      0.603     0.638      0.590     0.288    0.433     0.365   0.804     0.109      0.147     0.00649  -1	  -0.0715560    -0.0340997
     D1K4C-a41a     -0.065     0.047       0.211     0.589      0.115     0.713      0.532     0.507      0.147     0.315    0.458     0.374   0.753     0.067      0.247     0.01372  -1	   0.0659540     0.0481293
     D1K4C-a41b     -0.073     0.036       0.169     0.651      0.287     0.706      0.518     0.471      0.152     0.330    0.478     0.373   0.872     0.116      0.261     0.01009  -1	   0.0910665     0.1072448
     D1K4C-a41c     -0.075     0.044       0.206     0.620      0.389     0.703      0.533     0.522      0.338     0.298    0.454     0.359   0.848     0.074      0.243     0.00700  -1	   0.1027744     0.0508355
     D1K4C-a41d     -0.072     0.041       0.193     0.608      0.189     0.692      0.548     0.526      0.225     0.320    0.458     0.379   0.739     0.073      0.219     0.00986  -1	   0.0185403     0.0398996
     D1K4C-a42a     -0.074     0.044       0.206     0.597      0.179     0.692      0.513     0.461      0.205     0.311    0.443     0.381   0.721     0.075      0.211     0.00993  -1	   0.0268673     0.0848064
     D1K4C-a42b     -0.073     0.042       0.188     0.634      0.286     0.690      0.522     0.505      0.105     0.277    0.430     0.356   0.816     0.081      0.251     0.00839  -1	   0.1325889     0.0845360
     D1K4C-a42c     -0.084     0.040       0.197     0.626      0.212     0.702      0.596     0.591      0.023     0.289    0.422     0.375   0.784     0.106      0.143     0.01134  -1	   0.0580562     0.0316886
     D1K4C-a42d     -0.072     0.040       0.186     0.581      0.285     0.691      0.564     0.555      0.428     0.303    0.444     0.371   0.798     0.075      0.179     0.01017  -1	  -0.0193041    -0.0015370
     D1K4C-a43a     -0.080     0.045       0.204     0.557     -0.524     0.703      0.580     0.631      0.085     0.293    0.440     0.365   0.590     0.063      0.211     0.00905  -1	   0.1867306     0.0285417
     D1K4C-a43b     -0.074     0.042       0.188     0.572     -0.148     0.687      0.541     0.512      0.140     0.290    0.434     0.367   0.714     0.081      0.215     0.01024  -1	   0.0362457     0.0684112
     D1K4C-a43c     -0.075     0.048       0.220     0.572      0.009     0.682      0.514     0.451      0.285     0.343    0.451     0.407   0.708     0.072      0.211     0.01042  -1	  -0.0277957     0.0537507
     D1K4C-a43d     -0.077     0.048       0.241     0.565      0.011     0.702      0.554     0.475      0.010     0.281    0.423     0.365   0.708     0.049      0.394     0.00754  -1	   0.2025865     0.1530560
     D1K4C-a44a     -0.073     0.065       0.281     0.617      0.086     0.717      0.462     0.436      0.182     0.357    0.487     0.392   0.738     0.066      0.339     0.01035  -1	   0.1499546     0.0618815
     D1K4C-a44b     -0.072     0.061       0.267     0.592      0.009     0.705      0.473     0.392      0.003     0.288    0.454     0.349   0.587     0.051      0.218     0.00731  -1	   0.1362203     0.1866002
     D1K4C-a44c     -0.079     0.053       0.239     0.587     -0.007     0.707      0.518     0.462      0.001     0.284    0.462     0.339   0.554     0.057      0.277     0.01086  -1	   0.1423661     0.1537665
     D1K4C-a44d     -0.074     0.060       0.253     0.526      0.109     0.723      0.506     0.447      0.774     0.298    0.451     0.362   0.434     0.068      0.225     0.00692  -1	   0.0023225     0.0461854
     D1K4C-a45a     -0.078     0.056       0.246     0.615      0.087     0.706      0.507     0.455      0.005     0.280    0.434     0.356   0.738     0.056      0.296     0.01059  -1	   0.1923188     0.1366990
     D1K4C-a45b     -0.075     0.058       0.253     0.543      0.025     0.712      0.485     0.455      0.178     0.311    0.467     0.362   0.434     0.079      0.301     0.00986  -1	   0.0765005     0.0796628
     D1K4C-a45c     -0.089     0.043       0.213     0.591      0.274     0.713      0.599     0.557      0.474     0.292    0.445     0.360   0.798     0.092      0.071     0.00839  -1	  -0.0520016     0.0049689
     D1K4C-a45d     -0.075     0.062       0.267     0.553      0.124     0.706      0.490     0.465      0.003     0.309    0.454     0.371   0.587     0.067      0.345     0.00997  -1	   0.2264021     0.1161495
     D1K4C-a46a     -0.081     0.034       0.167     0.572      0.223     0.715      0.552     0.563      0.219     0.294    0.450     0.358   0.767     0.099      0.326     0.01148  -1	   0.0441098     0.0032052
     D1K4C-a46b     -0.094     0.045       0.216     0.588      0.351     0.710      0.558     0.512      0.215     0.324    0.466     0.377   0.830     0.111      0.099     0.01985  -1	   0.0124764     0.0330359
     D1K4C-a46c     -0.078     0.034       0.160     0.586      0.159     0.709      0.567     0.568      0.082     0.290    0.457     0.350   0.721     0.274      0.295     0.00657  -1	   0.0704682    -0.0028516
     D1K4C-a46d     -0.090     0.050       0.225     0.585      0.301     0.706      0.591     0.545      0.117     0.427    0.476     0.467   0.798     0.114      0.118     0.03712  -1	   0.0269614     0.0359316
     D1K4C-a47a     -0.081     0.040       0.193     0.603      0.051     0.697      0.551     0.523      0.248     0.308    0.450     0.372   0.761     0.083      0.234     0.01003  -1	  -0.0194588     0.0163578
     D1K4C-a47b     -0.081     0.035       0.162     0.679      0.082     0.705      0.564     0.545      0.181     0.271    0.449     0.336   0.817     0.116      0.293     0.01005  -1	   0.0475946     0.0323159
     D1K4C-a47c     -0.081     0.034       0.158     0.679      0.080     0.706      0.570     0.558      0.233     0.300    0.455     0.360   0.817     0.112      0.282     0.01003  -1	   0.0107641     0.0078800
     D1K4C-a47d     -0.081     0.028       0.144     0.537      0.120     0.709      0.580     0.569      0.329     0.313    0.439     0.387   0.692     0.132      0.241     0.01090  -1	  -0.0896784    -0.0233215
     D1K4C-a48a     -0.074     0.040       0.190     0.596      0.076     0.702      0.537     0.563      0.703     0.302    0.446     0.369   0.744     0.088      0.187     0.00588  -1	  -0.1000625    -0.0259512
     D1K4C-a48b     -0.081     0.035       0.179     0.670      0.113     0.708      0.572     0.623      0.292     0.341    0.431     0.421   0.827     0.116      0.237     0.01277  -1	  -0.0299469    -0.0678422
     D1K4C-a48c     -0.081     0.035       0.162     0.647      0.069     0.706      0.558     0.548      0.080     0.274    0.428     0.355   0.761     0.076      0.333     0.01168  -1	   0.1140752     0.0763104
     D1K4C-a48d     -0.075     0.022       0.128     0.611      0.033     0.712      0.591     0.601      0.389     0.295    0.427     0.377   0.725     0.116      0.253     0.01055  -1	  -0.1017529    -0.0247958
     D1K4C-a49a     -0.074     0.047       0.213     0.637      0.182     0.702      0.536     0.522      0.919     0.334    0.476     0.380   0.739     0.140      0.118     0.00821  -1	  -0.0627018    -0.0293707
     D1K4C-a49b     -0.074     0.044       0.218     0.639      0.031     0.701      0.500     0.495      0.044     0.351    0.445     0.420   0.725     0.062      0.200     0.00761  -1	   0.0575116     0.0704675
     D1K4C-a49c     -0.084     0.033       0.181     0.498     -0.068     0.699      0.609     0.609      0.688     0.282    0.414     0.373   0.612     0.124      0.128     0.00620  -1	  -0.1128488    -0.0265018
     D1K4C-a49d     -0.075     0.041       0.202     0.616      0.200     0.697      0.555     0.560      0.982     0.324    0.489     0.359   0.784     0.142      0.103     0.00821  -1	  -0.0725465    -0.0319350
      D1K4C-a4a     -0.081     0.030       0.137     0.620      0.125     0.711      0.575     0.512      0.999     0.331    0.500     0.358   0.771     0.095      0.338     0.05934  -1	  -0.1370819    -0.0107652
      D1K4C-a4b     -0.073     0.050       0.218     0.611     -0.233     0.706      0.519     0.415      0.223     0.307    0.458     0.365   0.718     0.060      0.609     0.02541  -1	   0.2152438     0.1823528
      D1K4C-a4c     -0.092     0.040       0.193     0.541     -0.009     0.716      0.580     0.515      0.559     0.292    0.431     0.371   0.717     0.105      0.138     0.02092  -1	  -0.1169518    -0.0179248
      D1K4C-a4d     -0.075     0.044       0.195     0.599     -0.038     0.725      0.537     0.538      0.734     0.313    0.438     0.387   0.778     0.063      0.367     0.01920  -1	  -0.0859902    -0.0280731
     D1K4C-a50a     -0.085     0.045       0.244     0.594     -0.039     0.698      0.575     0.530      0.982     0.336    0.451     0.401   0.778     0.077      0.161     0.00889  -1	  -0.0817345     0.0022018
     D1K4C-a50b     -0.086     0.037       0.209     0.557      0.026     0.711      0.623     0.600      0.085     0.288    0.412     0.381   0.708     0.106      0.169     0.01051  -1	  -0.0062385     0.0024202
     D1K4C-a50c     -0.083     0.034       0.197     0.500      0.178     0.695      0.605     0.578      0.407     0.276    0.417     0.365   0.659     0.120      0.131     0.00939  -1	  -0.0871083    -0.0106174
     D1K4C-a50d     -0.084     0.031       0.183     0.607      0.224     0.700      0.577     0.563      0.073     0.293    0.431     0.372   0.784     0.125      0.050     0.00634  -1	  -0.0445474     0.0213316
     D1K4C-a51a     -0.085     0.044       0.239     0.610      0.207     0.705      0.566     0.529      0.227     0.285    0.441     0.356   0.784     0.072      0.148     0.01333  -1	   0.0073202     0.0395912
     D1K4C-a51b     -0.070     0.060       0.265     0.533     -0.134     0.734      0.493     0.433      0.023     0.325    0.482     0.365   0.310     0.109      0.186     0.01229  -1	   0.0732869     0.1091330
     D1K4C-a51c     -0.086     0.049       0.265     0.577     -0.101     0.711      0.554     0.522      0.622     0.346    0.450     0.410   0.714     0.081      0.086     0.00670  -1	  -0.1092799    -0.0184412
     D1K4C-a51d     -0.087     0.036       0.206     0.595      0.105     0.698      0.560     0.514      0.855     0.314    0.458     0.372   0.753     0.111      0.101     0.00904  -1	  -0.1114301    -0.0012711
     D1K4C-a52a     -0.072     0.045       0.216     0.567     -0.136     0.724      0.541     0.522      0.803     0.320    0.453     0.382   0.714     0.067      0.232     0.01924  -1	  -0.0943997    -0.0004860
     D1K4C-a52b     -0.066     0.061       0.267     0.591     -0.178     0.737      0.481     0.390      0.059     0.328    0.469     0.378   0.538     0.104      0.260     0.01324  -1	   0.1174084     0.1519383
     D1K4C-a52c     -0.071     0.049       0.232     0.630     -0.287     0.721      0.528     0.514      0.018     0.310    0.455     0.371   0.671     0.057      0.350     0.01857  -1	   0.1981253     0.1059840
     D1K4C-a52d     -0.074     0.043       0.200     0.637     -0.434     0.726      0.503     0.427      0.555     0.312    0.466     0.365   0.584     0.100      0.195     0.01605  -1	  -0.0377335     0.0518336
     D1K4C-a53a     -0.087     0.034       0.179     0.620      0.019     0.698      0.605     0.660      0.327     0.303    0.416     0.394   0.725     0.099      0.132     0.00427  -1	  -0.0952388    -0.0594005
     D1K4C-a53b     -0.079     0.042       0.206     0.645     -0.353     0.704      0.531     0.556      0.578     0.283    0.439     0.356   0.644     0.065      0.247     0.00530  -1	  -0.0562198    -0.0083746
     D1K4C-a53c     -0.085     0.056       0.260     0.618      0.091     0.689      0.540     0.438      0.105     0.363    0.440     0.435   0.738     0.067      0.204     0.00542  -1	   0.0613336     0.1048500
     D1K4C-a53d     -0.087     0.034       0.172     0.622      0.129     0.708      0.594     0.645      0.134     0.294    0.407     0.392   0.771     0.102      0.118     0.00431  -1	  -0.0374777    -0.0500381
     D1K4C-a54a     -0.086     0.046       0.216     0.646      0.137     0.694      0.583     0.587      0.073     0.331    0.411     0.427   0.771     0.125      0.100     0.00530  -1	   0.0078389    -0.0080146
     D1K4C-a54b     -0.088     0.036       0.193     0.679      0.264     0.702      0.589     0.588      0.339     0.314    0.412     0.408   0.872     0.117      0.171     0.00431  -1	  -0.0235651    -0.0118724
     D1K4C-a54c     -0.083     0.048       0.223     0.663      0.013     0.703      0.570     0.563      0.134     0.346    0.421     0.433   0.781     0.120      0.116     0.00539  -1	  -0.0115842    -0.0172077
     D1K4C-a54d     -0.085     0.050       0.232     0.681      0.110     0.694      0.551     0.537      0.795     0.349    0.426     0.433   0.827     0.125      0.116     0.00551  -1	  -0.0848785    -0.0427524
     D1K4C-a55a     -0.074     0.055       0.248     0.617      0.078     0.707      0.496     0.477      0.253     0.352    0.512     0.368   0.738     0.152      0.254     0.00572  -1	   0.0310936    -0.0115749
     D1K4C-a55b     -0.080     0.050       0.218     0.605     -0.099     0.722      0.546     0.541      0.072     0.303    0.449     0.368   0.756     0.070      0.306     0.00465  -1	   0.1140749     0.0234235
     D1K4C-a55c     -0.074     0.043       0.202     0.529     -0.352     0.710      0.587     0.556      0.212     0.293    0.427     0.375   0.564     0.068      0.259     0.00540  -1	   0.0563250     0.0352696
     D1K4C-a55d     -0.086     0.039       0.190     0.513      0.295     0.710      0.586     0.574      0.321     0.294    0.411     0.389   0.737     0.103      0.156     0.00445  -1	  -0.0241051    -0.0166393
     D1K4C-a56a     -0.075     0.045       0.232     0.609     -0.049     0.706      0.535     0.524      0.021     0.309    0.453     0.371   0.796     0.054      0.332     0.00832  -1	   0.1541449     0.0640265
     D1K4C-a56b     -0.077     0.041       0.206     0.539     -0.077     0.708      0.538     0.542      0.555     0.308    0.440     0.380   0.677     0.101      0.428     0.00839  -1	  -0.0624633    -0.0279150
     D1K4C-a56c     -0.073     0.064       0.285     0.668      0.148     0.717      0.469     0.463      0.001     0.339    0.478     0.381   0.780     0.053      0.320     0.00508  -1	   0.2729139     0.1038496
     D1K4C-a56d     -0.075     0.062       0.278     0.647      0.101     0.712      0.464     0.454      0.000     0.328    0.462     0.383   0.713     0.053      0.239     0.00506  -1	   0.1796579     0.0985982
     D1K4C-a57a     -0.080     0.032       0.151     0.539      0.178     0.718      0.567     0.517      0.121     0.284    0.441     0.356   0.659     0.103      0.251     0.00450  -1	   0.0128360     0.0844289
     D1K4C-a57b     -0.080     0.033       0.153     0.548      0.205     0.720      0.563     0.506      0.025     0.284    0.429     0.365   0.705     0.105      0.271     0.00447  -1	   0.0789413     0.1248420
     D1K4C-a57c     -0.088     0.040       0.225     0.529      0.599     0.701      0.573     0.548      0.077     0.289    0.426     0.371   0.754     0.075      0.193     0.00449  -1	   0.2686073     0.1968860
     D1K4C-a57d     -0.080     0.033       0.151     0.574      0.175     0.724      0.551     0.500      0.082     0.294    0.425     0.377   0.721     0.106      0.329     0.00449  -1	   0.0869751     0.1174933
     D1K4C-a58a     -0.072     0.046       0.218     0.641      0.346     0.702      0.521     0.509      0.152     0.347    0.470     0.396   0.816     0.118      0.362     0.00561  -1	   0.2243080     0.0855441
     D1K4C-a58b     -0.087     0.043       0.234     0.504      0.643     0.702      0.566     0.540      0.061     0.279    0.411     0.371   0.671     0.081      0.192     0.00453  -1	   0.3230342     0.2313792
     D1K4C-a58c     -0.086     0.046       0.251     0.531      0.575     0.691      0.516     0.483      0.181     0.287    0.420     0.374   0.754     0.074      0.119     0.00455  -1	   0.2116456     0.1725006
     D1K4C-a58d     -0.071     0.049       0.232     0.557      0.344     0.696      0.536     0.535      0.461     0.307    0.447     0.374   0.798     0.064      0.160     0.00432  -1	   0.0425548     0.0224801
     D1K4C-a59a     -0.073     0.049       0.223     0.556      0.242     0.706      0.538     0.514      0.110     0.329    0.452     0.391   0.767     0.071      0.254     0.00422  -1	   0.1128605     0.0524176
     D1K4C-a59b     -0.076     0.047       0.227     0.625      0.355     0.700      0.529     0.535      0.677     0.316    0.469     0.366   0.848     0.074      0.178     0.00424  -1	   0.0268351     0.0203141
     D1K4C-a59c     -0.076     0.047       0.230     0.649      0.352     0.700      0.529     0.525      0.065     0.301    0.464     0.355   0.848     0.070      0.151     0.00426  -1	   0.1458495     0.0790674
     D1K4C-a59d     -0.071     0.048       0.213     0.615      0.284     0.704      0.515     0.499      0.480     0.391    0.466     0.442   0.816     0.067      0.265     0.00480  -1	   0.0398558     0.0293264
      D1K4C-a5a     -0.086     0.050       0.251     0.525     -0.202     0.721      0.569     0.418      0.421     0.297    0.441     0.369   0.639     0.088      0.102     0.03775  -1	  -0.0778940     0.0470945
      D1K4C-a5b     -0.073     0.041       0.179     0.597      0.022     0.732      0.507     0.450      0.040     0.291    0.428     0.372   0.708     0.096      0.342     0.01685  -1	   0.1355799     0.1710299
      D1K4C-a5c     -0.080     0.047       0.251     0.594     -0.438     0.712      0.581     0.476      0.697     0.297    0.417     0.387   0.566     0.072      0.190     0.16325  -1	  -0.0410594    -0.0017349
      D1K4C-a5d     -0.075     0.039       0.181     0.589      0.005     0.739      0.528     0.463      0.275     0.289    0.428     0.371   0.708     0.075      0.313     0.01799  -1	  -0.0008319     0.0825655
     D1K4C-a60a     -0.090     0.038       0.195     0.647     -0.172     0.709      0.608     0.599      0.636     0.302    0.446     0.369   0.701     0.123      0.094     0.00520  -1	  -0.1326232    -0.0386562
     D1K4C-a60b     -0.077     0.042       0.211     0.662      0.079     0.699      0.553     0.483      0.398     0.308    0.456     0.368   0.817     0.057      0.312     0.00585  -1	  -0.0094128     0.0381491
     D1K4C-a60c     -0.074     0.056       0.260     0.630      0.102     0.700      0.484     0.394      0.068     0.329    0.447     0.396   0.713     0.050      0.381     0.00650  -1	   0.2169707     0.1973781
     D1K4C-a60d     -0.084     0.035       0.195     0.665     -0.197     0.704      0.583     0.574      0.772     0.295    0.454     0.357   0.757     0.091      0.228     0.00597  -1	  -0.1397625    -0.0307593
     D1K4C-a61a     -0.080     0.025       0.139     0.505      0.092     0.717      0.596     0.575      0.404     0.281    0.434     0.358   0.682     0.417      1.185     0.00387  -1	   0.2338463    -0.0161188
     D1K4C-a61b     -0.074     0.058       0.265     0.587     -0.028     0.716      0.492     0.467      0.204     0.309    0.454     0.371   0.554     0.080      0.321     0.01008  -1	   0.0793812     0.0519300
     D1K4C-a61c     -0.080     0.051       0.223     0.634      0.162     0.702      0.543     0.504      0.055     0.295    0.445     0.362   0.778     0.058      0.178     0.00824  -1	   0.0945548     0.0790825
     D1K4C-a61d     -0.073     0.056       0.255     0.553      0.095     0.698      0.493     0.463      0.147     0.296    0.474     0.342   0.612     0.080      0.325     0.00974  -1	   0.1205840     0.0825531
     D1K4C-a62a     -0.074     0.065       0.290     0.575      0.027     0.708      0.457     0.431      0.453     0.343    0.472     0.390   0.587     0.062      0.351     0.01044  -1	   0.0343309     0.0380630
     D1K4C-a62b     -0.075     0.057       0.248     0.561      0.061     0.711      0.495     0.465      0.299     0.300    0.466     0.353   0.612     0.083      0.352     0.00969  -1	   0.0633237     0.0416610
     D1K4C-a62c     -0.079     0.051       0.237     0.580     -0.440     0.709      0.569     0.460      0.275     0.296    0.426     0.379   0.000     0.049      0.383     0.00618  -1	   0.0549851     0.0230429
     D1K4C-a62d     -0.076     0.048       0.234     0.400     -0.061     0.710      0.545     0.483      0.084     0.289    0.429     0.369   0.517     0.051      0.335     0.00869  -1	   0.0659978     0.1072096
     D1K4C-a63a     -0.080     0.030       0.169     0.557      0.077     0.722      0.586     0.527      0.539     0.289    0.439     0.362   0.744     0.067      0.495     0.00582  -1	  -0.0514430     0.0040738
     D1K4C-a63b     -0.076     0.039       0.193     0.588     -0.080     0.721      0.566     0.538      0.496     0.279    0.440     0.351   0.738     0.086      0.372     0.00646  -1	  -0.0584072    -0.0245600
     D1K4C-a63c     -0.079     0.045       0.213     0.633      0.013     0.712      0.534     0.494      0.139     0.292    0.412     0.386   0.725     0.077      0.503     0.00665  -1	   0.1977248     0.0858371
     D1K4C-a63d     -0.075     0.059       0.276     0.610      0.090     0.708      0.490     0.385      0.006     0.315    0.459     0.373   0.738     0.065      0.503     0.00688  -1	   0.3509723     0.2480093
     D1K4C-a64a     -0.077     0.035       0.162     0.596      0.065     0.710      0.546     0.540      0.030     0.279    0.437     0.353   0.744     0.287      0.343     0.00647  -1	   0.1375767     0.0392330
     D1K4C-a64b     -0.074     0.047       0.209     0.580      0.070     0.712      0.540     0.524      0.206     0.311    0.459     0.369   0.744     0.113      0.135     0.00949  -1	  -0.0295770    -0.0141430
     D1K4C-a64c     -0.081     0.040       0.174     0.623     -0.141     0.709      0.567     0.567      0.375     0.299    0.440     0.371   0.732     0.123      0.210     0.00618  -1	  -0.0596251    -0.0361027
     D1K4C-a64d     -0.079     0.042       0.204     0.619     -0.009     0.719      0.552     0.522      0.075     0.279    0.430     0.357   0.796     0.082      0.411     0.00651  -1	   0.1720504     0.0702167
     D1K4C-a65a     -0.078     0.036       0.179     0.661      0.247     0.706      0.528     0.529      0.037     0.323    0.445     0.392   0.840     0.114      0.273     0.00912  -1	   0.1415906     0.0739897
     D1K4C-a65b     -0.075     0.041       0.197     0.647      0.182     0.700      0.553     0.554      0.807     0.341    0.483     0.379   0.739     0.148      0.104     0.00826  -1	  -0.0988100    -0.0394056
     D1K4C-a65c     -0.075     0.045       0.211     0.652      0.093     0.703      0.550     0.540      0.391     0.340    0.475     0.385   0.817     0.145      0.108     0.00797  -1	  -0.0884837    -0.0567081
     D1K4C-a65d     -0.077     0.042       0.190     0.524      0.009     0.699      0.537     0.549      0.570     0.306    0.449     0.371   0.646     0.122      0.307     0.00903  -1	  -0.0873217    -0.0348825
     D1K4C-a66a     -0.078     0.039       0.179     0.648      0.018     0.717      0.541     0.506      0.212     0.278    0.433     0.355   0.725     0.107      0.371     0.00379  -1	   0.0695874     0.0573916
     D1K4C-a66b     -0.074     0.047       0.216     0.483     -0.040     0.713      0.541     0.548      0.051     0.286    0.454     0.347   0.652     0.207      0.159     0.00553  -1	   0.0299938    -0.0172762
     D1K4C-a66c     -0.090     0.045       0.213     0.526      0.031     0.709      0.596     0.613      0.895     0.326    0.456     0.386   0.646     0.136      0.051     0.00559  -1	  -0.0714939    -0.0264426
     D1K4C-a66d     -0.090     0.046       0.209     0.612     -0.015     0.706      0.586     0.599      0.888     0.328    0.445     0.397   0.796     0.127      0.080     0.00558  -1	  -0.1008618    -0.0479133
     D1K4C-a67a     -0.094     0.047       0.216     0.575     -0.059     0.705      0.565     0.566      0.310     0.314    0.431     0.394   0.738     0.132      0.078     0.00552  -1	  -0.0897680    -0.0626007
     D1K4C-a67b     -0.091     0.047       0.225     0.628      0.009     0.706      0.581     0.579      0.184     0.305    0.438     0.380   0.725     0.083      0.156     0.00819  -1	  -0.0214015    -0.0189080
     D1K4C-a67c     -0.091     0.044       0.213     0.653      0.032     0.709      0.577     0.586      0.796     0.332    0.457     0.391   0.781     0.125      0.062     0.00561  -1	  -0.1243722    -0.0469988
     D1K4C-a67d     -0.083     0.044       0.239     0.532      0.123     0.693      0.545     0.529      0.007     0.303    0.461     0.359   0.692     0.090      0.126     0.00482  -1	   0.0201194     0.0368631
     D1K4C-a68a     -0.076     0.044       0.200     0.653      0.239     0.714      0.521     0.468      0.932     0.327    0.481     0.368   0.840     0.197      0.209     0.00442  -1	  -0.0846010    -0.0634062
     D1K4C-a68b     -0.077     0.042       0.183     0.639      0.239     0.709      0.528     0.476      0.353     0.303    0.448     0.369   0.784     0.210      0.209     0.00446  -1	  -0.0236645    -0.0105749
     D1K4C-a68c     -0.080     0.044       0.190     0.688      0.211     0.704      0.511     0.458      0.547     0.354    0.472     0.401   0.840     0.176      0.209     0.00444  -1	  -0.0688323    -0.0346940
     D1K4C-a68d     -0.077     0.043       0.193     0.627      0.268     0.711      0.525     0.481      0.222     0.303    0.442     0.374   0.816     0.197      0.209     0.00442  -1	   0.0339009     0.0150668
     D1K4C-a69a     -0.087     0.047       0.241     0.590     -0.114     0.698      0.583     0.580      0.135     0.320    0.451     0.384   0.714     0.071      0.087     0.00696  -1	  -0.0437220    -0.0168076
     D1K4C-a69b     -0.087     0.039       0.195     0.596     -0.169     0.694      0.615     0.641      0.161     0.311    0.457     0.371   0.684     0.086      0.029     0.00644  -1	  -0.0719091    -0.0249158
     D1K4C-a69c     -0.088     0.041       0.225     0.658     -0.112     0.701      0.581     0.552      0.609     0.282    0.426     0.365   0.788     0.075      0.102     0.00687  -1	  -0.1222042    -0.0183858
     D1K4C-a69d     -0.078     0.037       0.197     0.520      0.040     0.710      0.570     0.564      0.453     0.297    0.445     0.365   0.646     0.153      0.165     0.00397  -1	  -0.1045906    -0.0402066
      D1K4C-a6a     -0.080     0.047       0.248     0.569     -0.252     0.723      0.566     0.445      0.059     0.310    0.450     0.375   0.653     0.070      0.165     0.17735  -1	   0.0348950     0.1301590
      D1K4C-a6b     -0.087     0.037       0.197     0.514     -0.033     0.713      0.627     0.648      0.192     0.302    0.442     0.374   0.717     0.110      0.055     0.01141  -1	  -0.1021387    -0.0715456
      D1K4C-a6c     -0.083     0.046       0.239     0.593     -0.289     0.724      0.574     0.445      0.472     0.313    0.421     0.401   0.653     0.088      0.207     0.02224  -1	  -0.0598530     0.0250235
      D1K4C-a6d     -0.080     0.052       0.260     0.536     -0.304     0.712      0.586     0.458      0.024     0.319    0.439     0.393   0.236     0.076      0.171     0.23350   1	   0.0554421     0.1104243
     D1K4C-a70a     -0.087     0.037       0.183     0.614     -0.133     0.695      0.587     0.634      0.272     0.311    0.420     0.399   0.732     0.103      0.098     0.00428  -1	  -0.0750926    -0.0529528
     D1K4C-a70b     -0.087     0.034       0.193     0.523      0.308     0.703      0.593     0.613      0.309     0.276    0.414     0.366   0.737     0.131      0.050     0.00441  -1	  -0.0641413    -0.0336456
     D1K4C-a70c     -0.088     0.028       0.144     0.620     -0.187     0.705      0.616     0.647      0.121     0.302    0.432     0.380   0.701     0.136      0.118     0.00379  -1	  -0.0228268    -0.0086910
     D1K4C-a70d     -0.089     0.036       0.188     0.613      0.127     0.697      0.595     0.635      0.130     0.277    0.414     0.368   0.771     0.114      0.105     0.00576  -1	  -0.0348266    -0.0413320
     D1K4C-a71a     -0.088     0.037       0.193     0.534      0.307     0.705      0.600     0.595      0.881     0.303    0.431     0.382   0.737     0.109      0.084     0.00442  -1	  -0.0149953     0.0092103
     D1K4C-a71b     -0.092     0.038       0.183     0.557      0.405     0.701      0.572     0.569      0.075     0.273    0.410     0.367   0.804     0.110      0.096     0.00514  -1	   0.0495573     0.0145759
     D1K4C-a71c     -0.080     0.056       0.255     0.582      0.244     0.708      0.492     0.550      0.010     0.331    0.436     0.408   0.661     0.054      0.279     0.00472  -1	   0.2019110     0.0275295
     D1K4C-a71d     -0.077     0.040       0.183     0.589      0.159     0.709      0.537     0.527      0.236     0.298    0.433     0.376   0.721     0.168      0.231     0.00505  -1	  -0.0032862    -0.0089134
     D1K4C-a72a     -0.088     0.033       0.155     0.586      0.138     0.710      0.566     0.580      0.351     0.297    0.448     0.363   0.753     0.100      0.447     0.00345  -1	   0.0114765    -0.0376421
     D1K4C-a72b     -0.070     0.056       0.271     0.639      0.047     0.720      0.477     0.454      0.031     0.324    0.492     0.357   0.713     0.123      0.188     0.00504  -1	   0.1027012     0.0680569
     D1K4C-a72c     -0.078     0.037       0.190     0.684     -0.133     0.712      0.563     0.559      0.973     0.327    0.484     0.366   0.788     0.066      0.233     0.00293  -1	  -0.1394271    -0.0099778
     D1K4C-a72d     -0.085     0.041       0.172     0.546     -0.060     0.700      0.569     0.606      0.263     0.284    0.419     0.371   0.677     0.076      0.312     0.00284  -1	  -0.0025076    -0.0408100
     D1K4C-a73a     -0.086     0.025       0.135     0.629      0.016     0.704      0.606     0.596      0.508     0.306    0.452     0.369   0.725     0.135      0.248     0.00391  -1	  -0.1384567    -0.0443038
     D1K4C-a73b     -0.084     0.042       0.174     0.582     -0.017     0.705      0.552     0.590      0.233     0.281    0.424     0.365   0.778     0.078      0.312     0.00286  -1	   0.0210750    -0.0461071
     D1K4C-a73c     -0.087     0.034       0.160     0.558      0.129     0.702      0.569     0.587      0.744     0.282    0.442     0.353   0.753     0.099      0.447     0.00350  -1	  -0.1076032    -0.0619070
     D1K4C-a73d     -0.084     0.041       0.181     0.620     -0.036     0.709      0.575     0.579      0.166     0.282    0.429     0.362   0.796     0.122      0.183     0.00357  -1	  -0.0047497    -0.0293794
     D1K4C-a74a     -0.082     0.035       0.181     0.528      0.060     0.714      0.572     0.593      0.928     0.297    0.457     0.356   0.682     0.091      0.273     0.00390  -1	  -0.1075675    -0.0131106
     D1K4C-a74b     -0.087     0.037       0.169     0.679      0.165     0.704      0.542     0.548      0.859     0.289    0.442     0.361   0.794     0.088      0.292     0.00287  -1	  -0.1039827    -0.0284115
     D1K4C-a74c     -0.089     0.040       0.183     0.573      0.035     0.700      0.562     0.558      0.175     0.346    0.441     0.418   0.708     0.146      0.241     0.00278  -1	  -0.0146650    -0.0249319
     D1K4C-a74d     -0.081     0.037       0.181     0.559      0.009     0.710      0.563     0.578      0.923     0.307    0.459     0.365   0.708     0.093      0.248     0.00395  -1	  -0.1149117    -0.0171270
     D1K4C-a75a     -0.083     0.039       0.186     0.554     -0.144     0.710      0.559     0.569      0.806     0.303    0.450     0.367   0.714     0.073      0.271     0.00493  -1	  -0.1148891    -0.0136049
     D1K4C-a75b     -0.079     0.034       0.179     0.624     -0.110     0.710      0.580     0.565      0.489     0.292    0.452     0.355   0.732     0.086      0.297     0.00369  -1	  -0.0879772    -0.0272224
     D1K4C-a75c     -0.082     0.039       0.169     0.511      0.130     0.712      0.564     0.604      0.193     0.305    0.460     0.362   0.692     0.102      0.314     0.00303  -1	   0.0156981    -0.0505904
     D1K4C-a75d     -0.078     0.037       0.197     0.627      0.087     0.707      0.548     0.546      0.347     0.308    0.456     0.368   0.761     0.093      0.280     0.00532  -1	  -0.0299536    -0.0114700
     D1K4C-a76a     -0.084     0.043       0.223     0.686      0.209     0.709      0.573     0.553      0.057     0.300    0.439     0.374   0.840     0.088      0.282     0.00486  -1	   0.1644232     0.0754602
     D1K4C-a76b     -0.087     0.054       0.253     0.567      0.255     0.700      0.569     0.518      0.084     0.293    0.418     0.382   0.699     0.105      0.093     0.00374  -1	   0.0555359     0.0537831
     D1K4C-a76c     -0.086     0.049       0.246     0.519      0.220     0.714      0.596     0.557      0.089     0.275    0.425     0.358   0.705     0.083      0.138     0.00333  -1	   0.0476964     0.0325107
     D1K4C-a76d     -0.086     0.044       0.211     0.540      0.181     0.710      0.568     0.512      0.328     0.296    0.417     0.385   0.659     0.114      0.133     0.00358  -1	  -0.0453902     0.0151091
     D1K4C-a77a     -0.074     0.050       0.220     0.479      0.219     0.707      0.534     0.593      1.000     0.439    0.567     0.405   0.641     0.057      0.461     0.00652  -1	   0.0304650     0.0301959
     D1K4C-a77b     -0.078     0.034       0.165     0.613     -0.116     0.708      0.600     0.553      0.589     0.271    0.408     0.366   0.732     0.069      0.275     0.00362  -1	  -0.0967146    -0.0092978
     D1K4C-a77c     -0.078     0.040       0.190     0.529     -0.070     0.704      0.551     0.569      0.902     0.305    0.441     0.377   0.677     0.078      0.319     0.00411  -1	  -0.1057995    -0.0028804
     D1K4C-a77d     -0.080     0.048       0.209     0.536      0.163     0.694      0.525     0.537      0.761     0.331    0.449     0.397   0.659     0.065      0.322     0.00421  -1	  -0.0418636    -0.0008891
     D1K4C-a78a     -0.080     0.026       0.137     0.596      0.076     0.714      0.572     0.522      0.071     0.281    0.432     0.359   0.744     0.092      0.662     0.00680  -1	   0.2839102     0.1632904
     D1K4C-a78b     -0.092     0.040       0.190     0.582     -0.278     0.688      0.580     0.595      0.230     0.291    0.434     0.367   0.653     0.087      0.045     0.00396  -1	  -0.0369132    -0.0037512
     D1K4C-a78c     -0.078     0.030       0.162     0.597      0.101     0.724      0.572     0.535      0.131     0.280    0.418     0.369   0.753     0.103      0.497     0.00520  -1	   0.1531758     0.0798735
     D1K4C-a78d     -0.083     0.029       0.151     0.566      0.142     0.718      0.593     0.557      0.072     0.294    0.431     0.373   0.753     0.099      0.231     0.00363  -1	   0.0134164     0.0534196
     D1K4C-a79a     -0.081     0.038       0.162     0.688      0.035     0.722      0.533     0.470      0.029     0.327    0.462     0.382   0.781     0.117      0.474     0.00549  -1	   0.2559558     0.1944766
     D1K4C-a79b     -0.076     0.041       0.209     0.552     -0.050     0.719      0.564     0.512      0.170     0.279    0.436     0.353   0.778     0.194      0.267     0.00447  -1	   0.0268402     0.0070486
     D1K4C-a79c     -0.091     0.038       0.186     0.586     -0.263     0.694      0.593     0.622      0.185     0.302    0.451     0.365   0.653     0.086      0.055     0.00393  -1	  -0.0416036    -0.0127628
     D1K4C-a79d     -0.091     0.038       0.188     0.597     -0.326     0.700      0.586     0.606      0.137     0.328    0.480     0.370   0.738     0.088      0.088     0.00395  -1	  -0.0034536    -0.0024757
      D1K4C-a7a     -0.073     0.043       0.200     0.582      0.030     0.733      0.522     0.471      0.097     0.310    0.435     0.387   0.708     0.068      0.311     0.01844  -1	   0.0844735     0.1096672
      D1K4C-a7b     -0.086     0.049       0.241     0.598     -0.176     0.710      0.548     0.387      0.163     0.355    0.498     0.382   0.684     0.087      0.092     0.03710  -1	  -0.0544783     0.1324469
      D1K4C-a7c     -0.082     0.046       0.253     0.568     -0.442     0.715      0.591     0.496      0.756     0.300    0.436     0.375   0.566     0.073      0.160     0.16127  -1	  -0.0451162    -0.0036573
      D1K4C-a7d     -0.082     0.024       0.130     0.680      0.774     0.711      0.556     0.490      0.012     0.280    0.436     0.355   0.639     0.101      0.224     0.58654   1	   0.4475614     0.5007602
     D1K4C-a80a     -0.079     0.039       0.186     0.641      0.200     0.710      0.539     0.543      0.074     0.279    0.428     0.360   0.784     0.156      0.322     0.00537  -1	   0.1454303     0.0391393
     D1K4C-a80b     -0.082     0.037       0.176     0.594     -0.056     0.713      0.557     0.544      0.364     0.307    0.432     0.387   0.738     0.076      0.237     0.00332  -1	  -0.0689722    -0.0119376
     D1K4C-a80c     -0.081     0.041       0.188     0.591     -0.030     0.703      0.546     0.552      0.318     0.284    0.445     0.351   0.778     0.079      0.330     0.00490  -1	  -0.0058214    -0.0221535
     D1K4C-a80d     -0.082     0.037       0.179     0.497      0.033     0.709      0.557     0.550      0.366     0.309    0.433     0.388   0.582     0.107      0.264     0.00447  -1	  -0.0744969    -0.0135710
     D1K4C-a81a     -0.080     0.037       0.169     0.623      0.157     0.711      0.561     0.527      0.257     0.327    0.435     0.405   0.739     0.078      0.267     0.00323  -1	   0.0020999     0.0358642
     D1K4C-a81b     -0.081     0.047       0.190     0.653      0.110     0.707      0.519     0.523      0.388     0.308    0.447     0.375   0.827     0.073      0.235     0.00316  -1	  -0.0245523    -0.0276223
     D1K4C-a81c     -0.091     0.044       0.206     0.604     -0.079     0.706      0.562     0.559      0.935     0.304    0.434     0.380   0.756     0.085      0.147     0.00771  -1	  -0.0933705    -0.0100367
     D1K4C-a81d     -0.081     0.039       0.181     0.563      0.234     0.714      0.551     0.507      0.041     0.317    0.437     0.392   0.767     0.112      0.208     0.00444  -1	   0.0624433     0.0739463
     D1K4C-a82a     -0.079     0.034       0.158     0.569     -0.091     0.706      0.591     0.596      0.360     0.319    0.454     0.380   0.738     0.500     -0.275     0.00324  -1	  -0.1179427    -0.0994280
     D1K4C-a82b     -0.084     0.043       0.204     0.659      0.236     0.709      0.549     0.501      0.217     0.321    0.451     0.384   0.840     0.099      0.284     0.00445  -1	   0.0824156     0.0594153
     D1K4C-a82c     -0.077     0.036       0.181     0.516     -0.162     0.714      0.545     0.564      0.226     0.289    0.424     0.374   0.622     0.208      0.324     0.00470  -1	   0.0235286    -0.0083596
     D1K4C-a82d     -0.080     0.034       0.174     0.659     -0.030     0.700      0.572     0.526      0.344     0.297    0.437     0.371   0.852     0.300      0.373     0.00360  -1	  -0.0162867    -0.0555932
     D1K4C-a83a     -0.078     0.044       0.200     0.649      0.247     0.706      0.522     0.470      0.279     0.301    0.454     0.362   0.784     0.197      0.209     0.00441  -1	   0.0148353     0.0156461
     D1K4C-a83b     -0.078     0.045       0.202     0.690      0.259     0.710      0.499     0.412      0.097     0.313    0.443     0.384   0.872     0.073      0.296     0.00487  -1	   0.1803650     0.1990045
     D1K4C-a83c     -0.082     0.050       0.216     0.672      0.387     0.701      0.485     0.416      0.024     0.309    0.424     0.394   0.903     0.109      0.324     0.00375  -1	   0.3034952     0.2104134
     D1K4C-a83d     -0.077     0.042       0.186     0.644      0.181     0.710      0.534     0.486      0.680     0.334    0.433     0.412   0.739     0.209      0.246     0.00441  -1	  -0.0856826    -0.0493173
     D1K4C-a84a     -0.080     0.035       0.148     0.578     -0.473     0.711      0.557     0.609      0.148     0.290    0.433     0.367   0.609     0.114      0.099     0.00395  -1	   0.1100180     0.0471067
     D1K4C-a84b     -0.090     0.035       0.202     0.526     -0.153     0.696      0.631     0.633      0.124     0.289    0.421     0.375   0.622     0.107      0.087     0.00470  -1	  -0.0497012    -0.0169051
     D1K4C-a84c     -0.089     0.032       0.165     0.656     -0.128     0.690      0.584     0.586      0.670     0.277    0.412     0.370   0.788     0.123      0.259     0.00416  -1	  -0.1292828    -0.0472665
     D1K4C-a84d     -0.079     0.039       0.197     0.565     -0.091     0.707      0.555     0.489      0.645     0.281    0.431     0.360   0.738     0.150      0.500     0.00294  -1	  -0.0846269    -0.0243910
     D1K4C-a85a     -0.090     0.035       0.179     0.591      0.240     0.687      0.594     0.618      0.222     0.288    0.417     0.377   0.767     0.115      0.179     0.00556  -1	  -0.0216861    -0.0332462
     D1K4C-a85b     -0.082     0.059       0.237     0.632      0.017     0.708      0.478     0.501      0.090     0.328    0.442     0.400   0.713     0.067      0.320     0.00280  -1	   0.1433579     0.0283215
     D1K4C-a85c     -0.090     0.028       0.146     0.553     -0.125     0.707      0.615     0.649      0.445     0.303    0.433     0.380   0.714     0.164      0.013     0.00518  -1	  -0.1406872    -0.0645517
     D1K4C-a85d     -0.084     0.025       0.114     0.504      0.147     0.720      0.601     0.617      0.173     0.257    0.413     0.347   0.692     0.195      0.158     0.00498  -1	  -0.0834360    -0.0530743
     D1K4C-a86a     -0.087     0.046       0.206     0.570     -0.138     0.711      0.539     0.577      0.772     0.328    0.462     0.384   0.714     0.063      0.136     0.00363  -1	  -0.1039800    -0.0198117
     D1K4C-a86b     -0.087     0.045       0.206     0.567     -0.015     0.711      0.541     0.559      0.717     0.314    0.418     0.405   0.778     0.058      0.292     0.00371  -1	  -0.0864310    -0.0323624
     D1K4C-a86c     -0.076     0.050       0.213     0.544     -0.238     0.715      0.505     0.569      0.173     0.327    0.438     0.402   0.639     0.199      0.128     0.00284  -1	   0.0191299    -0.0417450
     D1K4C-a86d     -0.075     0.059       0.232     0.637     -0.160     0.712      0.483     0.505      0.291     0.336    0.461     0.392   0.664     0.150      0.192     0.00383  -1	  -0.0001692    -0.0361483
     D1K4C-a87a     -0.087     0.034       0.162     0.578     -0.139     0.699      0.601     0.613      0.832     0.297    0.433     0.375   0.714     0.072      0.187     0.00477  -1	  -0.1183285    -0.0188845
     D1K4C-a87b     -0.082     0.036       0.162     0.552     -0.052     0.708      0.588     0.623      0.409     0.284    0.415     0.375   0.738     0.078      0.265     0.00289  -1	  -0.0707135    -0.0630310
     D1K4C-a87c     -0.087     0.038       0.186     0.639      0.028     0.712      0.562     0.600      0.571     0.296    0.428     0.377   0.725     0.061      0.151     0.00364  -1	  -0.1113017    -0.0321070
     D1K4C-a87d     -0.083     0.053       0.225     0.608     -0.092     0.718      0.485     0.508      0.403     0.316    0.436     0.392   0.680     0.056      0.260     0.00372  -1	  -0.0342888    -0.0078352
     D1K4C-a88a     -0.084     0.037       0.176     0.548     -0.071     0.706      0.572     0.606      0.145     0.281    0.426     0.362   0.677     0.076      0.346     0.00282  -1	   0.0531481    -0.0154671
     D1K4C-a88b     -0.082     0.042       0.179     0.497      0.273     0.708      0.562     0.590      0.659     0.308    0.456     0.368   0.672     0.168      0.265     0.00409  -1	  -0.0585115    -0.0638752
     D1K4C-a88c     -0.085     0.043       0.169     0.572     -0.055     0.706      0.564     0.610      0.286     0.291    0.427     0.374   0.738     0.080      0.322     0.00286  -1	  -0.0002451    -0.0634875
     D1K4C-a88d     -0.086     0.042       0.172     0.581     -0.060     0.703      0.562     0.604      0.415     0.289    0.427     0.371   0.738     0.081      0.210     0.00287  -1	  -0.0735787    -0.0606414
     D1K4C-a89a     -0.082     0.037       0.183     0.554      0.017     0.707      0.558     0.575      0.771     0.321    0.455     0.381   0.708     0.091      0.254     0.00389  -1	  -0.1197663    -0.0307878
     D1K4C-a89b     -0.084     0.044       0.169     0.582     -0.112     0.702      0.544     0.583      0.191     0.290    0.431     0.368   0.714     0.085      0.309     0.00295  -1	   0.0460794    -0.0156578
     D1K4C-a89c     -0.082     0.035       0.162     0.530     -0.020     0.700      0.541     0.537      0.097     0.306    0.441     0.378   0.717     0.067      0.181     0.00338  -1	  -0.0231122     0.0412817
     D1K4C-a89d     -0.084     0.034       0.183     0.537     -0.024     0.714      0.575     0.591      0.973     0.309    0.453     0.371   0.717     0.079      0.254     0.00495  -1	  -0.1110454    -0.0019886
      D1K4C-a8a     -0.078     0.039       0.179     0.551      0.181     0.724      0.529     0.411      0.115     0.296    0.419     0.385   0.721     0.074      0.249     0.01999  -1	   0.0478361     0.1894885
      D1K4C-a8b     -0.081     0.036       0.165     0.684      0.204     0.735      0.542     0.426      0.527     0.290    0.428     0.371   0.840     0.264      0.677     0.02112  -1	   0.0595274     0.0013001
      D1K4C-a8c     -0.079     0.037       0.174     0.548      0.237     0.731      0.554     0.441      0.242     0.297    0.431     0.376   0.705     0.122      0.322     0.04137  -1	   0.0432378     0.1310256
      D1K4C-a8d     -0.075     0.038       0.172     0.621      0.147     0.729      0.535     0.424      0.172     0.303    0.442     0.374   0.771     0.227      0.124     0.02402  -1	  -0.0330317     0.0724698
     D1K4C-a90a     -0.087     0.037       0.165     0.685     -0.002     0.713      0.562     0.543      0.306     0.302    0.433     0.380   0.852     0.125      0.385     0.00309  -1	   0.0224272    -0.0245961
     D1K4C-a90b     -0.092     0.025       0.137     0.522      0.058     0.702      0.637     0.604      0.398     0.274    0.417     0.363   0.682     0.182      0.157     0.00272  -1	  -0.1410055    -0.0476169
     D1K4C-a90c     -0.090     0.028       0.151     0.548      0.145     0.714      0.628     0.586      0.348     0.284    0.419     0.371   0.692     0.127      0.148     0.00364  -1	  -0.1122548    -0.0167001
     D1K4C-a90d     -0.094     0.030       0.153     0.604      0.144     0.719      0.620     0.593      0.509     0.282    0.406     0.380   0.771     0.115      0.084     0.00339  -1	  -0.1319838    -0.0349730
     D1K4C-a91a     -0.076     0.040       0.183     0.527     -0.082     0.702      0.537     0.552      0.468     0.298    0.447     0.365   0.677     0.080      0.339     0.00424  -1	  -0.0618946    -0.0133628
     D1K4C-a91b     -0.092     0.028       0.153     0.472      0.198     0.721      0.625     0.574      0.257     0.284    0.429     0.365   0.595     0.126      0.145     0.00259  -1	  -0.1027626    -0.0017877
     D1K4C-a91c     -0.093     0.028       0.155     0.593      0.122     0.716      0.627     0.589      0.211     0.277    0.415     0.368   0.753     0.137      0.189     0.00324  -1	  -0.0613844    -0.0004946
     D1K4C-a91d     -0.076     0.062       0.267     0.577      0.111     0.710      0.514     0.416      0.142     0.278    0.445     0.345   0.587     0.057      0.266     0.00467  -1	   0.1240936     0.1384825
     D1K4C-a92a     -0.088     0.040       0.193     0.597      0.302     0.701      0.612     0.604      0.924     0.330    0.440     0.404   0.798     0.111      0.172     0.00374  -1	  -0.0255989    -0.0164686
     D1K4C-a92b     -0.078     0.037       0.193     0.601     -0.053     0.709      0.554     0.455      0.273     0.276    0.443     0.345   0.756     0.068      0.099     0.00765  -1	  -0.0793732     0.0812441
     D1K4C-a92c     -0.080     0.043       0.200     0.626     -0.058     0.697      0.525     0.527      0.300     0.298    0.448     0.364   0.756     0.076      0.324     0.00493  -1	   0.0078902     0.0001755
     D1K4C-a92d     -0.092     0.032       0.167     0.583      0.291     0.708      0.629     0.649      0.178     0.297    0.434     0.374   0.798     0.101      0.035     0.00440  -1	  -0.0733386    -0.0365707
     D1K4C-a93a     -0.080     0.045       0.190     0.529     -0.231     0.692      0.560     0.574      0.827     0.291    0.430     0.371   0.639     0.076      0.233     0.00431  -1	  -0.0705436     0.0032004
     D1K4C-a93b     -0.081     0.046       0.197     0.603     -0.112     0.702      0.528     0.532      0.870     0.307    0.447     0.374   0.732     0.151      0.242     0.00290  -1	  -0.1159902    -0.0423783
     D1K4C-a93c     -0.083     0.052       0.213     0.604     -0.030     0.693      0.499     0.498      0.135     0.335    0.461     0.391   0.680     0.070      0.250     0.00440  -1	   0.0498780     0.0402131
     D1K4C-a93d     -0.084     0.047       0.204     0.608     -0.224     0.690      0.520     0.529      0.219     0.281    0.430     0.360   0.718     0.077      0.204     0.00417  -1	   0.0254200     0.0230520
     D1K4C-a94a     -0.079     0.038       0.174     0.659      0.089     0.710      0.580     0.578      0.998     0.360    0.473     0.406   0.817     0.333     -0.275     0.00329  -1	  -0.0738079    -0.1037622
     D1K4C-a94b     -0.084     0.038       0.181     0.571     -0.030     0.710      0.574     0.581      0.636     0.316    0.432     0.395   0.778     0.110      0.268     0.00446  -1	  -0.1134777    -0.0633162
     D1K4C-a94c     -0.095     0.042       0.206     0.745      0.002     0.701      0.569     0.559      0.843     0.334    0.469     0.384   0.805     0.109      0.261     0.00315  -1	  -0.1465533    -0.0616874
     D1K4C-a94d     -0.079     0.038       0.179     0.629      0.018     0.713      0.577     0.580      0.976     0.333    0.441     0.405   0.725     0.333     -0.275     0.00328  -1	  -0.0294274    -0.0544813
     D1K4C-a95a     -0.077     0.033       0.158     0.497     -0.050     0.716      0.567     0.592      0.663     0.285    0.425     0.368   0.652     0.244      0.376     0.00471  -1	  -0.1247633    -0.0703657
     D1K4C-a95b     -0.079     0.040       0.193     0.531      0.176     0.707      0.529     0.486      0.092     0.318    0.456     0.378   0.659     0.157      0.258     0.00448  -1	   0.0505710     0.0712270
     D1K4C-a95c     -0.084     0.035       0.162     0.596      0.062     0.713      0.575     0.564      0.082     0.284    0.430     0.364   0.744     0.089      0.284     0.00276  -1	   0.0588271     0.0378314
     D1K4C-a95d     -0.083     0.040       0.193     0.591     -0.147     0.722      0.541     0.563      0.644     0.310    0.449     0.375   0.714     0.154      0.287     0.00336  -1	  -0.1129831    -0.0605884
     D1K4C-a96a     -0.077     0.038       0.176     0.661     -0.018     0.712      0.537     0.504      0.106     0.279    0.417     0.368   0.852     0.104      0.471     0.00380  -1	   0.1967752     0.0907253
     D1K4C-a96b     -0.077     0.040       0.186     0.577      0.021     0.712      0.538     0.468      0.304     0.308    0.443     0.379   0.708     0.104      0.176     0.00375  -1	  -0.0643513     0.0429572
     D1K4C-a96c     -0.078     0.038       0.190     0.690      0.112     0.715      0.528     0.487      0.220     0.282    0.427     0.364   0.827     0.171      0.294     0.00297  -1	   0.0454163     0.0329974
     D1K4C-a96d     -0.082     0.039       0.188     0.575      0.156     0.705      0.539     0.461      0.619     0.292    0.436     0.368   0.721     0.073      0.360     0.00313  -1	  -0.0557085     0.0420339
     D1K4C-a97a     -0.077     0.040       0.181     0.678      0.079     0.720      0.543     0.506      0.157     0.291    0.427     0.373   0.817     0.214      0.343     0.00298  -1	   0.0995537     0.0283368
     D1K4C-a97b     -0.078     0.044       0.197     0.659      0.245     0.709      0.516     0.458      0.469     0.310    0.458     0.369   0.840     0.192      0.209     0.00440  -1	  -0.0435076    -0.0268462
     D1K4C-a97c     -0.079     0.044       0.200     0.660      0.292     0.711      0.510     0.453      0.388     0.315    0.445     0.384   0.872     0.181      0.209     0.00442  -1	  -0.0004228     0.0013129
     D1K4C-a97d     -0.080     0.039       0.183     0.572      0.338     0.712      0.554     0.496      0.264     0.313    0.450     0.377   0.798     0.123      0.393     0.00313  -1	   0.1225319     0.0789782
     D1K4C-a98a     -0.089     0.041       0.200     0.606     -0.323     0.702      0.585     0.574      0.017     0.297    0.440     0.369   0.756     0.087      0.090     0.00263  -1	   0.0666244     0.0493811
     D1K4C-a98b     -0.080     0.037       0.169     0.598     -0.198     0.712      0.548     0.523      0.101     0.282    0.436     0.357   0.684     0.199      0.134     0.00236  -1	   0.0284072     0.0483138
     D1K4C-a98c     -0.097     0.046       0.227     0.680     -0.391     0.693      0.555     0.544      0.208     0.290    0.408     0.387   0.699     0.113      0.105     0.00277  -1	   0.0423427     0.0145427
     D1K4C-a98d     -0.092     0.036       0.190     0.553     -0.469     0.706      0.594     0.596      0.742     0.303    0.446     0.370   0.609     0.134      0.062     0.00261  -1	  -0.0101115    -0.0053107
     D1K4C-a99a     -0.091     0.042       0.211     0.676     -0.366     0.704      0.573     0.559      0.031     0.279    0.418     0.368   0.699     0.099      0.089     0.00295  -1	   0.0922254     0.0693719
     D1K4C-a99b     -0.095     0.036       0.193     0.545     -0.328     0.708      0.593     0.608      0.253     0.272    0.411     0.364   0.677     0.099      0.118     0.00278  -1	  -0.0124446    -0.0192011
     D1K4C-a99c     -0.094     0.041       0.204     0.685     -0.396     0.708      0.557     0.542      0.022     0.280    0.439     0.352   0.699     0.139      0.061     0.00264  -1	   0.1011571     0.0798784
     D1K4C-a99d     -0.089     0.038       0.197     0.638     -0.494     0.702      0.616     0.630      0.936     0.283    0.427     0.365   0.627     0.117      0.104     0.00340  -1	  -0.0042766     0.0131969
      D1K4C-a9a     -0.086     0.036       0.176     0.618     -0.015     0.703      0.600     0.522      0.096     0.300    0.435     0.377   0.796     0.165      0.161     0.01330  -1	  -0.0063749     0.0548616
      D1K4C-a9b     -0.076     0.043       0.193     0.585      0.459     0.720      0.532     0.403      0.592     0.292    0.434     0.369   0.818     0.134      0.225     0.01955  -1	   0.0729264     0.1192722
      D1K4C-a9c     -0.090     0.035       0.179     0.640      0.255     0.713      0.569     0.413      0.358     0.294    0.436     0.370   0.816     0.101      0.028     0.03431  -1	  -0.0911205     0.1086151
      D1K4C-a9d     -0.079     0.039       0.183     0.472      0.151     0.709      0.576     0.488      0.408     0.300    0.432     0.378   0.595     0.081      0.249     0.02209  -1	  -0.0573665     0.0473123
