      D2B4J-a9d      0.033     0.054       0.174     0.652      0.297     0.663      0.516     0.625      0.790     0.374    0.514     0.387   0.892     0.107      0.209     0.01597  -1	   0.0709519    -0.0687170
      D2B4J-a0a      0.042     0.053       0.155     0.726      0.610     0.672      0.377     0.482      0.024     0.371    0.495     0.400   0.950     0.122      0.098     0.01170  -1	   0.4217921     0.0801329
      D2B4J-a0b      0.038     0.051       0.142     0.652      0.592     0.674      0.411     0.544      0.759     0.376    0.522     0.384   0.890     0.130      0.099     0.01280  -1	   0.2200718     0.0088187
      D2B4J-a0c      0.046     0.040       0.123     0.731      0.162     0.683      0.486     0.545      0.147     0.350    0.483     0.389   0.819     0.150      0.238     0.01405  -1	   0.2084548     0.0796560
      D2B4J-a0d      0.047     0.039       0.123     0.701     -0.093     0.675      0.598     0.676      0.385     0.342    0.480     0.382   0.836     0.167      0.086     0.01705  -1	   0.0459518    -0.0061027
    D2B4J-a100a      0.041     0.042       0.132     0.504      0.188     0.674      0.568     0.551      0.697     0.356    0.465     0.409   0.659     0.143      0.291     0.00876  -1	   0.0185272     0.0000090
    D2B4J-a100b      0.041     0.041       0.129     0.558      0.021     0.677      0.581     0.620      0.742     0.358    0.484     0.395   0.708     0.153      0.154     0.00893  -1	  -0.0122816    -0.0184687
    D2B4J-a100c      0.041     0.033       0.116     0.627      0.181     0.674      0.532     0.531      0.819     0.352    0.474     0.398   0.739     0.158      0.246     0.00715  -1	  -0.0231015     0.0070527
    D2B4J-a100d      0.036     0.051       0.155     0.719      0.079     0.649      0.540     0.512      0.798     0.397    0.561     0.372   0.859     0.107      0.374     0.00706  -1	   0.0169079    -0.0372578
    D2B4J-a101a      0.040     0.034       0.110     0.644      0.242     0.666      0.537     0.584      0.717     0.334    0.481     0.375   0.784     0.161      0.211     0.00835  -1	  -0.0128988    -0.0286732
    D2B4J-a101b      0.045     0.029       0.100     0.622      0.486     0.665      0.529     0.547      0.713     0.404    0.472     0.448   0.836     0.177      0.071     0.01062  -1	   0.0688422     0.0118180
    D2B4J-a101c      0.043     0.035       0.126     0.606      0.161     0.683      0.526     0.509      0.209     0.350    0.465     0.403   0.739     0.136      0.286     0.01416  -1	   0.1418489     0.1195919
    D2B4J-a101d      0.038     0.026       0.094     0.645     -0.248     0.664      0.582     0.665      0.564     0.389    0.468     0.438   0.718     0.208      0.147     0.00794  -1	   0.0324262     0.0308289
    D2B4J-a102a      0.037     0.039       0.129     0.553      0.111     0.670      0.610     0.667      0.748     0.355    0.484     0.393   0.753     0.139      0.173     0.01182  -1	  -0.0176882    -0.0440994
    D2B4J-a102b      0.038     0.032       0.106     0.698      0.295     0.674      0.541     0.579      0.438     0.334    0.458     0.393   0.872     0.166      0.168     0.00838  -1	   0.0443869    -0.0133657
    D2B4J-a102c      0.032     0.046       0.152     0.642      0.089     0.657      0.510     0.690      0.912     0.362    0.468     0.412   0.761     0.113      0.204     0.01060  -1	  -0.0039153    -0.0088013
    D2B4J-a102d      0.034     0.045       0.158     0.584      0.470     0.662      0.498     0.518      0.428     0.395    0.497     0.420   0.818     0.113      0.101     0.01495  -1	   0.1386107     0.0474763
    D2B4J-a103a      0.041     0.036       0.113     0.796      0.218     0.674      0.526     0.490      0.262     0.335    0.471     0.384   0.844     0.190      0.093     0.00759  -1	   0.0891730     0.1004370
    D2B4J-a103b      0.035     0.046       0.145     0.636      0.249     0.649      0.476     0.646      0.972     0.400    0.497     0.425   0.784     0.114      0.196     0.01062  -1	   0.0393086    -0.0054502
    D2B4J-a103c      0.043     0.037       0.119     0.667      0.257     0.683      0.492     0.497      0.149     0.331    0.461     0.386   0.872     0.150      0.188     0.00913  -1	   0.1652161     0.1024251
    D2B4J-a103d      0.022     0.044       0.155     0.596      0.021     0.638      0.614     0.693      0.837     0.433    0.574     0.394   0.708     0.134      0.054     0.01246  -1	  -0.0423082    -0.0317039
    D2B4J-a104a      0.031     0.052       0.158     0.572      0.455     0.654      0.440     0.612      0.989     0.393    0.482     0.431   0.722     0.110      0.182     0.01074  -1	   0.1724629     0.0517730
    D2B4J-a104b      0.037     0.051       0.158     0.590      0.537     0.654      0.373     0.475      0.961     0.431    0.555     0.408   0.715     0.119      0.177     0.01057  -1	   0.2271156     0.1323490
    D2B4J-a104c      0.028     0.051       0.174     0.685      0.444     0.650      0.499     0.514      0.530     0.387    0.466     0.439   0.945     0.111      0.152     0.01360  -1	   0.1462479     0.0015377
    D2B4J-a104d      0.034     0.049       0.155     0.675      0.317     0.647      0.464     0.523      0.165     0.445    0.533     0.439   0.872     0.123      0.232     0.01324  -1	   0.2305525     0.0449994
    D2B4J-a105a      0.044     0.043       0.139     0.395      0.472     0.641      0.574     0.567      0.777     0.445    0.606     0.380   0.462     0.175      0.449     0.01244  -1	   0.1423885     0.0290349
    D2B4J-a105b      0.044     0.039       0.123     0.610      0.258     0.661      0.614     0.630      0.474     0.342    0.464     0.396   0.816     0.158      0.236     0.01064  -1	   0.0557370    -0.0381767
    D2B4J-a105c      0.024     0.062       0.187     0.672      0.203     0.649      0.484     0.561      0.995     0.514    0.625     0.426   0.854     0.102      0.219     0.01456  -1	   0.0713680    -0.0397973
    D2B4J-a105d      0.038     0.051       0.161     0.615      0.000     0.659      0.484     0.575      0.476     0.397    0.492     0.427   0.713     0.116      0.142     0.01300  -1	   0.0326051    -0.0024994
    D2B4J-a106a      0.041     0.035       0.123     0.607     -0.292     0.670      0.603     0.662      0.682     0.347    0.475     0.392   0.671     0.184      0.065     0.00724  -1	   0.0491116     0.0430866
    D2B4J-a106b      0.040     0.034       0.119     0.625     -0.468     0.664      0.601     0.656      0.571     0.337    0.484     0.375   0.627     0.182      0.130     0.00718  -1	   0.1507334     0.0818398
    D2B4J-a106c      0.039     0.036       0.113     0.662      0.000     0.656      0.571     0.582      0.700     0.384    0.505     0.403   0.781     0.168      0.509     0.00677  -1	   0.0072168    -0.0427195
    D2B4J-a106d      0.040     0.035       0.126     0.614     -0.442     0.667      0.598     0.655      0.545     0.333    0.470     0.382   0.584     0.179      0.078     0.00726  -1	   0.1401063     0.0775622
    D2B4J-a107a      0.038     0.034       0.110     0.706     -0.098     0.659      0.630     0.593      0.503     0.393    0.541     0.385   0.836     0.136      0.082     0.00634  -1	  -0.0070659     0.0528223
    D2B4J-a107b      0.033     0.037       0.129     0.591      0.141     0.657      0.572     0.573      0.962     0.455    0.547     0.436   0.753     0.138      0.104     0.00681  -1	  -0.0070678    -0.0134682
    D2B4J-a107c      0.036     0.038       0.129     0.566      0.191     0.661      0.563     0.564      0.975     0.402    0.508     0.419   0.721     0.142      0.152     0.00681  -1	   0.0081590    -0.0083990
    D2B4J-a107d      0.038     0.039       0.129     0.626      0.076     0.650      0.587     0.593      0.968     0.391    0.525     0.395   0.761     0.138      0.104     0.00685  -1	  -0.0194582    -0.0153445
    D2B4J-a108a      0.037     0.041       0.116     0.610      0.226     0.675      0.547     0.540      0.380     0.395    0.509     0.412   0.784     0.125      0.208     0.00668  -1	   0.0697801     0.0360044
    D2B4J-a108b      0.041     0.034       0.110     0.739      0.222     0.671      0.561     0.606      0.868     0.396    0.522     0.402   0.864     0.169      0.350     0.00639  -1	  -0.0122901    -0.0679026
    D2B4J-a108c      0.039     0.041       0.123     0.602      0.233     0.661      0.546     0.536      0.520     0.375    0.512     0.390   0.784     0.121      0.198     0.00664  -1	   0.0364124     0.0196488
    D2B4J-a108d      0.040     0.037       0.113     0.541     -0.081     0.665      0.563     0.507      0.713     0.351    0.465     0.404   0.677     0.132      0.265     0.00666  -1	  -0.0075511     0.0696627
    D2B4J-a109a      0.030     0.053       0.165     0.598     -0.188     0.668      0.661     0.726      0.949     0.381    0.473     0.427   0.538     0.098      0.183     0.00835  -1	   0.0272291     0.0041811
    D2B4J-a109b      0.042     0.033       0.103     0.648     -0.009     0.679      0.534     0.572      0.813     0.368    0.504     0.390   0.796     0.184      0.202     0.00725  -1	  -0.0502651    -0.0105282
    D2B4J-a109c      0.034     0.054       0.161     0.659     -0.011     0.662      0.623     0.606      0.797     0.398    0.477     0.439   0.747     0.104      0.101     0.00747  -1	   0.0141391    -0.0152499
    D2B4J-a109d      0.039     0.042       0.158     0.649      0.431     0.655      0.534     0.471      0.634     0.331    0.479     0.373   0.822     0.120      0.335     0.00754  -1	   0.1468749     0.0741250
     D2B4J-a10a      0.039     0.057       0.165     0.569     -0.172     0.683      0.524     0.603      0.710     0.400    0.491     0.431   0.538     0.102      0.087     0.01122  -1	   0.0411501     0.0282863
     D2B4J-a10b      0.038     0.057       0.165     0.604     -0.072     0.668      0.530     0.584      0.576     0.395    0.495     0.423   0.680     0.089      0.088     0.01113  -1	   0.0304989     0.0054114
     D2B4J-a10c      0.041     0.056       0.168     0.624     -0.142     0.671      0.536     0.618      0.880     0.416    0.546     0.401   0.589     0.099      0.076     0.01129  -1	   0.0274718     0.0215251
     D2B4J-a10d      0.039     0.059       0.168     0.584     -0.159     0.670      0.526     0.613      0.323     0.464    0.627     0.380   0.538     0.100      0.101     0.01130  -1	   0.0796556     0.0370044
    D2B4J-a110a      0.039     0.045       0.158     0.553      0.327     0.660      0.508     0.539      0.873     0.346    0.482     0.385   0.798     0.125      0.369     0.01145  -1	   0.0658054    -0.0008742
    D2B4J-a110b      0.036     0.047       0.155     0.631      0.095     0.680      0.560     0.642      0.537     0.362    0.499     0.387   0.761     0.137      0.118     0.03719  -1	   0.0094586    -0.0471705
    D2B4J-a110c      0.039     0.039       0.148     0.661      0.025     0.648      0.530     0.615      0.245     0.362    0.486     0.397   0.781     0.137      0.236     0.01374  -1	   0.1158460     0.0055441
    D2B4J-a110d      0.039     0.044       0.142     0.595      0.303     0.687      0.559     0.657      0.904     0.364    0.493     0.395   0.798     0.132      0.073     0.03233  -1	   0.0671454    -0.0278224
    D2B4J-a111a      0.038     0.034       0.113     0.641      0.441     0.652      0.475     0.429      0.641     0.381    0.465     0.432   0.822     0.164      0.099     0.00843  -1	   0.0530242     0.0669381
    D2B4J-a111b      0.042     0.032       0.106     0.605     -0.151     0.674      0.544     0.562      0.968     0.362    0.506     0.382   0.701     0.158      0.227     0.00728  -1	  -0.0301774     0.0572313
    D2B4J-a111c      0.041     0.037       0.123     0.693     -0.071     0.656      0.558     0.572      0.928     0.445    0.561     0.416   0.812     0.169      0.499     0.00673  -1	  -0.0404316    -0.0405196
    D2B4J-a111d      0.040     0.032       0.103     0.595      0.126     0.680      0.536     0.562      0.824     0.362    0.478     0.405   0.753     0.178      0.216     0.00720  -1	  -0.0408779    -0.0085090
     D2B4J-a11a      0.046     0.057       0.174     0.683      0.128     0.681      0.486     0.545      0.332     0.325    0.476     0.370   0.780     0.097      0.130     0.01018  -1	   0.1140777     0.0067743
     D2B4J-a11b      0.039     0.057       0.161     0.584     -0.173     0.679      0.525     0.613      0.475     0.429    0.543     0.416   0.538     0.104      0.086     0.01117  -1	   0.0435467     0.0197267
     D2B4J-a11c      0.047     0.051       0.158     0.607      0.308     0.690      0.476     0.485      0.153     0.350    0.502     0.374   0.853     0.125      0.264     0.01545  -1	   0.2565204     0.0930583
     D2B4J-a11d      0.043     0.048       0.161     0.599     -0.120     0.677      0.554     0.641      0.724     0.358    0.483     0.397   0.714     0.132      0.235     0.01089  -1	   0.0124166    -0.0145069
     D2B4J-a12a      0.035     0.053       0.158     0.560     -0.269     0.663      0.588     0.552      0.892     0.344    0.474     0.390   0.389     0.108      0.302     0.03130  -1	   0.0244526     0.0196730
     D2B4J-a12b      0.021     0.076       0.216     0.572      0.179     0.653      0.387     0.315      0.994     0.423    0.553     0.403   0.652     0.101      0.344     0.03088  -1	   0.0931707     0.0904149
     D2B4J-a12c      0.035     0.064       0.184     0.643     -0.282     0.673      0.436     0.263      0.432     0.373    0.505     0.394   0.515     0.109      0.083     0.03317  -1	   0.0922295     0.2397713
     D2B4J-a12d      0.043     0.033       0.116     0.554      0.029     0.660      0.590     0.611      0.579     0.387    0.536     0.383   0.708     0.167      0.248     0.01961  -1	  -0.0194328    -0.0120573
     D2B4J-a13a      0.040     0.051       0.158     0.597      0.243     0.694      0.490     0.315      0.429     0.340    0.480     0.381   0.661     0.097      0.134     0.04995  -1	   0.0916431     0.2205878
     D2B4J-a13b      0.039     0.057       0.168     0.646      0.173     0.675      0.477     0.286      0.554     0.382    0.488     0.415   0.778     0.126      0.128     0.06482  -1	   0.0568063     0.1520075
     D2B4J-a13c      0.037     0.066       0.187     0.688     -0.203     0.660      0.462     0.288      0.604     0.337    0.478     0.380   0.637     0.118      0.021     0.04238  -1	   0.0571701     0.1334823
     D2B4J-a13d      0.041     0.051       0.152     0.564      0.277     0.688      0.496     0.325      0.558     0.344    0.451     0.408   0.699     0.104      0.131     0.05083  -1	   0.0842785     0.1774643
     D2B4J-a14a      0.040     0.050       0.174     0.643      0.127     0.660      0.531     0.391      0.454     0.487    0.477     0.523   0.771     0.101      0.160     0.03940  -1	   0.0609443     0.1201732
     D2B4J-a14b      0.036     0.062       0.174     0.674      0.294     0.663      0.425     0.223      0.784     0.415    0.501     0.437   0.892     0.126      0.137     0.06447  -1	   0.0877116     0.1408841
     D2B4J-a14c      0.041     0.050       0.155     0.570      0.208     0.680      0.494     0.316      0.439     0.462    0.611     0.390   0.767     0.093      0.141     0.05038  -1	   0.0748928     0.2567472
     D2B4J-a14d      0.033     0.053       0.171     0.678      0.351     0.663      0.493     0.352      0.733     0.399    0.467     0.448   0.898     0.092      0.120     0.04889  -1	   0.1056006     0.1069122
     D2B4J-a15a      0.039     0.046       0.148     0.632      0.207     0.672      0.554     0.659      0.811     0.566    0.681     0.425   0.784     0.134      0.081     0.03365  -1	   0.0463147    -0.0232651
     D2B4J-a15b      0.046     0.041       0.113     0.679      0.180     0.681      0.524     0.470      0.508     0.355    0.508     0.374   0.794     0.126      0.028     0.10498  -1	   0.0101562     0.0649608
     D2B4J-a15c      0.037     0.048       0.139     0.609      0.155     0.669      0.514     0.444      0.864     0.371    0.516     0.383   0.739     0.109     -0.030     0.08100  -1	   0.0298549     0.0449164
     D2B4J-a15d      0.034     0.061       0.203     0.652      0.336     0.658      0.572     0.577      0.324     0.395    0.490     0.427   0.920     0.072      0.022     0.12778  -1	   0.1244745    -0.0034192
     D2B4J-a16a      0.030     0.058       0.171     0.534      0.114     0.674      0.563     0.516      0.971     0.365    0.485     0.401   0.434     0.095      0.185     0.04108  -1	   0.0669574     0.0078079
     D2B4J-a16b      0.037     0.037       0.113     0.627     -0.151     0.674      0.592     0.641      0.711     0.364    0.494     0.394   0.701     0.176      0.101     0.05114  -1	  -0.0104015     0.0043129
     D2B4J-a16c      0.044     0.046       0.155     0.523      0.000     0.680      0.564     0.430      0.762     0.362    0.472     0.408   0.646     0.111      0.376     0.12822  -1	   0.0143957     0.0793280
     D2B4J-a16d      0.034     0.054       0.158     0.717      0.080     0.663      0.512     0.708      0.571     0.381    0.481     0.420   0.859     0.131      0.165     0.10778  -1	   0.0307437    -0.0999451
     D2B4J-a17a      0.039     0.037       0.126     0.639     -0.411     0.674      0.570     0.571      0.331     0.470    0.627     0.384   0.584     0.161      0.294     0.02255  -1	   0.2098837     0.1458598
     D2B4J-a17b      0.036     0.036       0.110     0.622     -0.145     0.673      0.597     0.650      0.659     0.329    0.461     0.385   0.732     0.167      0.092     0.05234  -1	   0.0004025     0.0122936
     D2B4J-a17c      0.039     0.044       0.116     0.531      0.251     0.672      0.502     0.448      0.202     0.400    0.519     0.408   0.737     0.141      0.366     0.09410  -1	   0.1956871     0.1827776
     D2B4J-a17d      0.032     0.049       0.168     0.497      0.059     0.662      0.549     0.621      0.618     0.409    0.548     0.394   0.618     0.119      0.131     0.02880  -1	  -0.0043946    -0.0165480
     D2B4J-a18a      0.031     0.040       0.119     0.622      0.419     0.651      0.543     0.608      0.290     0.355    0.485     0.393   0.822     0.193      0.200     0.01633  -1	   0.1251406    -0.0421493
     D2B4J-a18b      0.033     0.044       0.126     0.613      0.203     0.673      0.551     0.607      0.665     0.343    0.490     0.377   0.784     0.173      0.192     0.01733  -1	  -0.0038875    -0.0703110
     D2B4J-a18c      0.033     0.041       0.119     0.621      0.272     0.664      0.558     0.614      0.542     0.369    0.479     0.410   0.816     0.171      0.234     0.01656  -1	   0.0338888    -0.0682960
     D2B4J-a18d      0.032     0.049       0.165     0.513      0.081     0.660      0.556     0.633      0.683     0.363    0.510     0.380   0.682     0.114      0.136     0.02971  -1	   0.0016956    -0.0224108
     D2B4J-a19a      0.034     0.041       0.119     0.596      0.265     0.673      0.566     0.629      0.423     0.359    0.502     0.382   0.798     0.184      0.234     0.01678  -1	   0.0549122    -0.0706516
     D2B4J-a19b      0.032     0.044       0.126     0.625      0.373     0.673      0.502     0.439      0.509     0.371    0.504     0.392   0.848     0.141      0.520     0.01092  -1	   0.2043013     0.1001886
     D2B4J-a19c      0.031     0.053       0.174     0.533      0.115     0.655      0.541     0.624      0.474     0.353    0.518     0.365   0.434     0.116      0.165     0.02842  -1	   0.0365354     0.0010748
     D2B4J-a19d      0.038     0.035       0.119     0.679      0.512     0.666      0.500     0.472      0.988     0.381    0.510     0.397   0.896     0.177      0.532     0.01202  -1	   0.1226039     0.0150684
      D2B4J-a1a      0.036     0.046       0.148     0.645      0.190     0.674      0.557     0.645      0.582     0.386    0.517     0.397   0.739     0.132      0.104     0.03659  -1	   0.0171126    -0.0389994
      D2B4J-a1b      0.043     0.037       0.119     0.726      0.065     0.691      0.500     0.552      0.329     0.395    0.531     0.394   0.841     0.147      0.219     0.01378  -1	   0.0918295     0.0340741
      D2B4J-a1c      0.040     0.053       0.155     0.689      0.534     0.661      0.403     0.488      0.133     0.344    0.482     0.384   0.908     0.130      0.082     0.01159  -1	   0.2845369     0.0199616
      D2B4J-a1d      0.040     0.052       0.152     0.711      0.634     0.664      0.399     0.481      0.236     0.362    0.493     0.393   0.950     0.131      0.083     0.01166  -1	   0.3278290     0.0425660
     D2B4J-a20a      0.031     0.031       0.116     0.586      0.167     0.647      0.586     0.624      0.532     0.369    0.506     0.389   0.721     0.132      0.003     0.01193  -1	  -0.0516094    -0.0035530
     D2B4J-a20b      0.038     0.037       0.119     0.649      0.513     0.665      0.484     0.450      0.885     0.359    0.475     0.404   0.841     0.164      0.608     0.01226  -1	   0.1561948     0.0530470
     D2B4J-a20c      0.030     0.037       0.103     0.645     -0.083     0.657      0.628     0.770      0.633     0.362    0.448     0.428   0.756     0.146      0.087     0.00764  -1	  -0.0089855    -0.0161443
     D2B4J-a20d      0.034     0.034       0.113     0.714      0.503     0.659      0.535     0.507      0.821     0.376    0.471     0.423   0.921     0.166      0.572     0.01194  -1	   0.1567618     0.0033606
     D2B4J-a21a      0.033     0.032       0.103     0.571      0.190     0.655      0.572     0.574      0.920     0.419    0.558     0.395   0.721     0.183      0.205     0.00850  -1	  -0.0501530    -0.0361898
     D2B4J-a21b      0.033     0.038       0.119     0.665     -0.017     0.650      0.538     0.622      0.745     0.355    0.500     0.380   0.852     0.155      0.114     0.00857  -1	  -0.0441975    -0.0327690
     D2B4J-a21c      0.034     0.038       0.119     0.614     -0.061     0.654      0.526     0.586      0.364     0.373    0.479     0.414   0.756     0.150      0.102     0.00857  -1	   0.0255153     0.0230382
     D2B4J-a21d      0.032     0.038       0.119     0.638     -0.049     0.664      0.534     0.597      0.773     0.358    0.494     0.387   0.796     0.149      0.248     0.00861  -1	  -0.0376097    -0.0137642
     D2B4J-a22a      0.031     0.037       0.103     0.666      0.075     0.650      0.603     0.724      0.695     0.376    0.448     0.442   0.817     0.152      0.159     0.00795  -1	  -0.0291435    -0.0635480
     D2B4J-a22b      0.041     0.049       0.142     0.573      0.291     0.668      0.485     0.327      0.586     0.353    0.470     0.401   0.798     0.134      0.087     0.00688  -1	   0.0514926     0.1340437
     D2B4J-a22c      0.039     0.031       0.094     0.766     -0.177     0.681      0.601     0.628      0.864     0.371    0.540     0.365   0.761     0.189      0.135     0.00843  -1	  -0.0493136     0.0133083
     D2B4J-a22d      0.030     0.035       0.113     0.667     -0.005     0.661      0.599     0.737      0.937     0.362    0.480     0.403   0.852     0.167      0.055     0.00761  -1	  -0.0377664    -0.0210829
     D2B4J-a23a      0.036     0.052       0.158     0.695      0.564     0.683      0.465     0.278      0.471     0.336    0.479     0.377   0.890     0.125      0.101     0.00707  -1	   0.2407316     0.2611461
     D2B4J-a23b      0.037     0.054       0.161     0.587     -0.686     0.677      0.581     0.574      0.834     0.353    0.470     0.402   0.345     0.103      0.146     0.00783  -1	   0.2454419     0.0568180
     D2B4J-a23c      0.036     0.045       0.135     0.674     -0.044     0.680      0.569     0.625      0.944     0.372    0.485     0.408   0.852     0.139      0.148     0.00648  -1	  -0.0137645    -0.0263588
     D2B4J-a23d      0.041     0.043       0.135     0.508      0.029     0.673      0.549     0.455      0.454     0.350    0.498     0.377   0.646     0.138      0.110     0.00654  -1	   0.0073895     0.1002540
     D2B4J-a24a      0.040     0.053       0.174     0.555      0.366     0.679      0.503     0.597      0.274     0.357    0.479     0.398   0.705     0.100      0.089     0.01004  -1	   0.1464041    -0.0095140
     D2B4J-a24b      0.043     0.039       0.123     0.615     -0.077     0.683      0.572     0.590      0.613     0.371    0.482     0.410   0.756     0.125      0.132     0.00834  -1	   0.0005914     0.0157004
     D2B4J-a24c      0.035     0.043       0.139     0.635     -0.122     0.683      0.598     0.651      0.890     0.366    0.480     0.406   0.732     0.132      0.232     0.00653  -1	  -0.0154970    -0.0122527
     D2B4J-a24d      0.042     0.053       0.155     0.581      0.220     0.678      0.496     0.510      0.442     0.391    0.510     0.407   0.661     0.108      0.218     0.01060  -1	   0.1011699     0.0447406
     D2B4J-a25a      0.039     0.052       0.174     0.668      0.526     0.671      0.448     0.513      0.499     0.362    0.486     0.399   0.908     0.106      0.191     0.00898  -1	   0.2463195     0.0378321
     D2B4J-a25b      0.044     0.047       0.155     0.692      0.490     0.672      0.466     0.476      0.679     0.351    0.486     0.387   0.891     0.118      0.122     0.00996  -1	   0.1647265     0.0468025
     D2B4J-a25c      0.038     0.058       0.165     0.592     -0.075     0.674      0.510     0.545      0.552     0.381    0.492     0.412   0.554     0.095      0.108     0.01106  -1	   0.0366386     0.0329458
     D2B4J-a25d      0.042     0.068       0.194     0.692     -0.114     0.671      0.457     0.596      0.436     0.473    0.477     0.510   0.656     0.103      0.100     0.01184  -1	   0.0799792    -0.0129257
     D2B4J-a26a      0.047     0.060       0.181     0.617      0.213     0.672      0.467     0.483      0.365     0.317    0.462     0.372   0.787     0.097      0.217     0.01033  -1	   0.1548207     0.0364216
     D2B4J-a26b      0.048     0.059       0.197     0.581      0.212     0.688      0.471     0.553      0.666     0.355    0.489     0.390   0.661     0.092      0.071     0.01333  -1	   0.0919185     0.0272392
     D2B4J-a26c      0.033     0.052       0.158     0.673     -0.583     0.689      0.546     0.491      0.670     0.347    0.477     0.390   0.464     0.114      0.028     0.00860  -1	   0.1809645     0.0887247
     D2B4J-a26d      0.040     0.053       0.171     0.641      0.161     0.665      0.505     0.509      0.449     0.358    0.485     0.395   0.778     0.108      0.118     0.01036  -1	   0.0593790     0.0140322
     D2B4J-a27a      0.038     0.047       0.161     0.692      0.226     0.680      0.482     0.379      0.763     0.345    0.467     0.396   0.840     0.107      0.154     0.00846  -1	   0.0413041     0.0791730
     D2B4J-a27b      0.040     0.058       0.174     0.677     -0.059     0.670      0.488     0.517      0.564     0.357    0.514     0.371   0.747     0.109      0.078     0.01050  -1	   0.0245725     0.0096012
     D2B4J-a27c      0.039     0.047       0.148     0.664      0.090     0.687      0.542     0.462      0.642     0.388    0.487     0.422   0.817     0.124      0.095     0.00864  -1	   0.0065593     0.0310659
     D2B4J-a27d      0.045     0.055       0.174     0.680      0.146     0.673      0.502     0.545      0.472     0.324    0.482     0.365   0.780     0.104      0.140     0.01030  -1	   0.0748248    -0.0056923
     D2B4J-a28a      0.039     0.040       0.103     0.734     -0.418     0.662      0.488     0.572      0.886     0.402    0.502     0.424   0.664     0.163      0.337     0.01671  -1	   0.0590450     0.0995892
     D2B4J-a28b      0.039     0.058       0.165     0.619     -0.018     0.664      0.517     0.596      0.473     0.376    0.488     0.411   0.680     0.095      0.151     0.01133  -1	   0.0556918    -0.0083277
     D2B4J-a28c      0.039     0.040       0.110     0.679     -0.624     0.668      0.538     0.613      0.874     0.404    0.467     0.452   0.608     0.174      0.337     0.01608  -1	   0.1942947     0.1233299
     D2B4J-a28d      0.037     0.035       0.100     0.633     -0.569     0.669      0.554     0.629      0.889     0.410    0.513     0.422   0.607     0.183      0.364     0.01607  -1	   0.1387065     0.1224525
     D2B4J-a29a      0.037     0.061       0.177     0.542     -0.226     0.666      0.492     0.324      0.829     0.334    0.538     0.332   0.291     0.114      0.031     0.03284  -1	   0.0617523     0.1171272
     D2B4J-a29b      0.036     0.063       0.184     0.575     -0.197     0.662      0.472     0.300      0.514     0.356    0.534     0.355   0.538     0.108      0.050     0.03329  -1	   0.0528522     0.1902341
     D2B4J-a29c      0.041     0.038       0.129     0.599      0.093     0.665      0.540     0.579      0.379     0.338    0.479     0.380   0.744     0.154      0.193     0.02238  -1	   0.0387245     0.0064884
     D2B4J-a29d      0.038     0.062       0.174     0.566     -0.254     0.663      0.471     0.320      0.687     0.314    0.486     0.352   0.389     0.119      0.032     0.03295  -1	   0.0790964     0.1495239
      D2B4J-a2a      0.032     0.059       0.171     0.664      0.065     0.671      0.482     0.295      0.544     0.366    0.493     0.396   0.805     0.090      0.401     0.03470  -1	   0.1096090     0.1906956
      D2B4J-a2b      0.038     0.049       0.145     0.532      0.123     0.673      0.574     0.596      0.925     0.345    0.476     0.389   0.692     0.126      0.062     0.04652  -1	   0.0499250    -0.0025447
      D2B4J-a2c      0.030     0.057       0.174     0.648     -0.043     0.648      0.507     0.511      0.821     0.435    0.481     0.470   0.680     0.094      0.149     0.03244  -1	   0.0182185     0.0111764
      D2B4J-a2d      0.036     0.051       0.148     0.572      0.152     0.676      0.573     0.613      0.750     0.376    0.502     0.399   0.652     0.123      0.055     0.04874  -1	   0.0250150    -0.0194645
     D2B4J-a30a      0.038     0.064       0.184     0.648     -0.167     0.669      0.438     0.269      0.619     0.327    0.461     0.383   0.664     0.101      0.072     0.03331  -1	   0.0580025     0.1782206
     D2B4J-a30b      0.040     0.050       0.152     0.564      0.231     0.695      0.504     0.327      0.421     0.334    0.467     0.386   0.767     0.096      0.141     0.05072  -1	   0.0797693     0.2119102
     D2B4J-a30c      0.035     0.063       0.177     0.551     -0.171     0.660      0.471     0.296      0.395     0.357    0.503     0.380   0.538     0.110      0.180     0.03308  -1	   0.0953797     0.2502217
     D2B4J-a30d      0.040     0.051       0.155     0.567      0.252     0.689      0.497     0.321      0.646     0.326    0.445     0.396   0.699     0.099      0.131     0.05065  -1	   0.0754339     0.1663824
     D2B4J-a31a      0.041     0.049       0.152     0.547      0.267     0.681      0.516     0.331      0.441     0.366    0.507     0.384   0.737     0.107      0.173     0.05061  -1	   0.0852007     0.2168515
     D2B4J-a31b      0.042     0.052       0.158     0.556      0.274     0.689      0.488     0.317      0.488     0.349    0.488     0.384   0.699     0.099      0.131     0.05077  -1	   0.0889811     0.2036154
     D2B4J-a31c      0.039     0.052       0.161     0.579      0.263     0.688      0.490     0.323      0.501     0.384    0.474     0.428   0.699     0.101      0.131     0.05049  -1	   0.0852407     0.1859600
     D2B4J-a31d      0.034     0.048       0.142     0.536      0.391     0.696      0.529     0.399      0.675     0.452    0.497     0.475   0.769     0.128      0.206     0.05274  -1	   0.1220254     0.1284384
     D2B4J-a32a      0.039     0.054       0.158     0.614      0.340     0.683      0.468     0.282      0.915     0.378    0.484     0.415   0.853     0.105      0.145     0.04917  -1	   0.1197603     0.1538218
     D2B4J-a32b      0.040     0.052       0.161     0.597      0.254     0.679      0.487     0.321      0.732     0.358    0.492     0.389   0.699     0.101      0.131     0.05040  -1	   0.0701235     0.1435346
     D2B4J-a32c      0.044     0.044       0.126     0.630      0.121     0.702      0.512     0.425      0.278     0.342    0.481     0.383   0.771     0.144      0.060     0.34091   1	   0.0517582     0.1294138
     D2B4J-a32d      0.039     0.052       0.161     0.558      0.250     0.681      0.483     0.312      0.504     0.361    0.496     0.390   0.699     0.098      0.125     0.05101  -1	   0.0711050     0.1973849
     D2B4J-a33a      0.034     0.049       0.145     0.577      0.072     0.674      0.572     0.728      0.910     0.362    0.501     0.386   0.744     0.118      0.106     0.11313  -1	   0.0150838    -0.0196991
     D2B4J-a33b      0.042     0.038       0.110     0.649      0.277     0.677      0.498     0.424      0.758     0.366    0.526     0.371   0.816     0.135     -0.013     0.08635  -1	   0.0054410     0.0546293
     D2B4J-a33c      0.034     0.040       0.126     0.782      0.262     0.659      0.545     0.676      0.877     0.375    0.513     0.390   0.875     0.162      0.065     0.05636  -1	  -0.0177582    -0.0629180
     D2B4J-a33d      0.035     0.038       0.106     0.739     -0.152     0.656      0.620     0.721      0.641     0.360    0.501     0.384   0.781     0.150      0.068     0.05938  -1	  -0.0062137     0.0158404
     D2B4J-a34a      0.032     0.049       0.165     0.543     -0.016     0.670      0.552     0.627      0.378     0.358    0.488     0.393   0.717     0.119      0.131     0.02707  -1	   0.0328800    -0.0270953
     D2B4J-a34b      0.037     0.045       0.132     0.497      0.186     0.690      0.526     0.455      0.668     0.356    0.468     0.406   0.595     0.137      0.297     0.10344  -1	   0.0301163     0.0717598
     D2B4J-a34c      0.042     0.043       0.126     0.722      0.282     0.687      0.512     0.427      0.565     0.383    0.521     0.390   0.896     0.130     -0.032     0.11871  -1	   0.0193412     0.0534289
     D2B4J-a34d      0.034     0.049       0.168     0.602      0.184     0.654      0.526     0.590      0.305     0.370    0.499     0.395   0.739     0.120      0.142     0.02918  -1	   0.0760858    -0.0159088
     D2B4J-a35a      0.029     0.051       0.161     0.609      0.068     0.638      0.534     0.619      0.349     0.492    0.562     0.458   0.738     0.112      0.142     0.02912  -1	   0.0467944    -0.0320921
     D2B4J-a35b      0.034     0.046       0.155     0.584      0.099     0.661      0.572     0.657      0.763     0.380    0.498     0.406   0.744     0.116      0.147     0.02882  -1	  -0.0021237    -0.0347755
     D2B4J-a35c      0.033     0.049       0.152     0.558      0.077     0.661      0.576     0.686      0.865     0.396    0.536     0.390   0.744     0.120      0.073     0.03101  -1	   0.0048994    -0.0318791
     D2B4J-a35d      0.031     0.050       0.165     0.532     -0.066     0.659      0.549     0.627      0.333     0.382    0.555     0.364   0.677     0.129      0.140     0.02898  -1	   0.0418381    -0.0138060
     D2B4J-a36a      0.032     0.044       0.123     0.630      0.135     0.658      0.585     0.634      0.662     0.362    0.495     0.390   0.771     0.173      0.186     0.01751  -1	  -0.0175711    -0.0698315
     D2B4J-a36b      0.040     0.034       0.116     0.588      0.499     0.651      0.490     0.458      0.950     0.364    0.498     0.390   0.818     0.172      0.552     0.01189  -1	   0.0935275     0.0437361
     D2B4J-a36c      0.032     0.077       0.203     0.615     -0.036     0.611      0.450     0.508      0.518     0.349    0.475     0.394   0.680     0.089      0.081     0.01808  -1	   0.0745890     0.0034550
     D2B4J-a36d      0.022     0.060       0.184     0.698      0.151     0.640      0.472     0.590      0.447     0.448    0.541     0.434   0.845     0.104      0.075     0.02669  -1	   0.0379276    -0.0760439
     D2B4J-a37a      0.031     0.045       0.119     0.609      0.304     0.654      0.544     0.599      0.534     0.345    0.488     0.379   0.816     0.180      0.165     0.01723  -1	   0.0240700    -0.0821488
     D2B4J-a37b      0.036     0.042       0.132     0.578      0.448     0.668      0.477     0.419      0.992     0.392    0.536     0.388   0.804     0.149      0.359     0.01138  -1	   0.1072692     0.0776533
     D2B4J-a37c      0.034     0.035       0.113     0.556     -0.363     0.654      0.558     0.653      0.579     0.338    0.496     0.367   0.626     0.164      0.274     0.01089  -1	   0.0934791     0.0728755
     D2B4J-a37d      0.035     0.040       0.119     0.575      0.325     0.655      0.570     0.639      0.839     0.337    0.494     0.368   0.798     0.186      0.200     0.01649  -1	  -0.0038855    -0.0872517
     D2B4J-a38a      0.033     0.036       0.113     0.654      0.016     0.651      0.532     0.615      0.493     0.371    0.509     0.389   0.781     0.160      0.097     0.00858  -1	  -0.0222959    -0.0200367
     D2B4J-a38b      0.026     0.035       0.123     0.639      0.132     0.670      0.578     0.637      0.844     0.389    0.468     0.438   0.771     0.128      0.160     0.00972  -1	  -0.0279430    -0.0267119
     D2B4J-a38c      0.034     0.036       0.110     0.683     -0.073     0.651      0.564     0.535      0.738     0.342    0.469     0.391   0.812     0.174      0.257     0.00820  -1	  -0.0333133     0.0025644
     D2B4J-a38d      0.032     0.036       0.119     0.652     -0.100     0.659      0.543     0.625      0.762     0.352    0.488     0.387   0.812     0.156      0.117     0.00853  -1	  -0.0334011    -0.0033690
     D2B4J-a39a      0.030     0.033       0.113     0.637     -0.090     0.673      0.621     0.748      0.857     0.369    0.448     0.434   0.756     0.155      0.042     0.00759  -1	  -0.0109860     0.0121795
     D2B4J-a39b      0.033     0.038       0.123     0.662     -0.093     0.664      0.504     0.561      0.663     0.360    0.476     0.404   0.812     0.151      0.247     0.00862  -1	  -0.0117960     0.0087901
     D2B4J-a39c      0.032     0.038       0.110     0.671     -0.001     0.666      0.604     0.745      0.677     0.391    0.464     0.443   0.852     0.139      0.151     0.00783  -1	  -0.0211450    -0.0616805
     D2B4J-a39d      0.028     0.038       0.126     0.669     -0.054     0.667      0.506     0.568      0.586     0.394    0.480     0.432   0.812     0.140      0.257     0.00854  -1	  -0.0002939    -0.0022721
      D2B4J-a3a      0.036     0.055       0.139     0.662     -0.127     0.684      0.515     0.554      0.407     0.337    0.494     0.368   0.656     0.128      0.087     0.05320  -1	   0.0621117     0.0404016
      D2B4J-a3b      0.035     0.053       0.148     0.642      0.011     0.668      0.557     0.614      0.427     0.372    0.498     0.398   0.713     0.125      0.066     0.04728  -1	   0.0282932    -0.0179981
      D2B4J-a3c      0.035     0.049       0.152     0.571      0.112     0.671      0.553     0.579      0.882     0.394    0.512     0.407   0.753     0.127      0.049     0.04634  -1	   0.0220845    -0.0167794
      D2B4J-a3d      0.037     0.047       0.148     0.628      0.132     0.682      0.549     0.636      0.354     0.375    0.496     0.401   0.771     0.134      0.112     0.03583  -1	   0.0484404    -0.0444193
     D2B4J-a40a      0.038     0.051       0.145     0.605     -0.349     0.676      0.549     0.408      0.545     0.356    0.476     0.401   0.515     0.118      0.650     0.00642  -1	   0.1695005     0.1958637
     D2B4J-a40b      0.031     0.035       0.110     0.643     -0.112     0.664      0.606     0.739      0.914     0.366    0.493     0.396   0.732     0.160      0.059     0.00777  -1	  -0.0188495     0.0164707
     D2B4J-a40c      0.031     0.035       0.113     0.653     -0.025     0.660      0.611     0.750      0.970     0.406    0.497     0.431   0.852     0.167      0.055     0.00766  -1	  -0.0272111    -0.0234210
     D2B4J-a40d      0.034     0.059       0.177     0.491     -0.413     0.659      0.569     0.521      0.470     0.463    0.593     0.406   0.000     0.121      0.743     0.00667  -1	   0.2293563     0.1385176
     D2B4J-a41a      0.030     0.052       0.148     0.624      0.174     0.671      0.556     0.443      0.564     0.465    0.469     0.509   0.778     0.114      0.197     0.00689  -1	   0.0532106     0.0535830
     D2B4J-a41b      0.034     0.059       0.181     0.641      0.024     0.663      0.488     0.331      0.709     0.420    0.473     0.464   0.713     0.111      0.195     0.00740  -1	   0.0332689     0.0908084
     D2B4J-a41c      0.046     0.042       0.132     0.511     -0.183     0.679      0.581     0.450      0.666     0.322    0.445     0.390   0.622     0.125      1.064     0.00632  -1	   0.1279029     0.1778680
     D2B4J-a41d      0.041     0.047       0.142     0.538     -0.270     0.676      0.550     0.428      0.877     0.370    0.493     0.400   0.591     0.129      0.538     0.00629  -1	   0.0085226     0.1217973
     D2B4J-a42a      0.034     0.051       0.158     0.651      0.572     0.682      0.472     0.276      0.556     0.347    0.510     0.365   0.890     0.128      0.086     0.00704  -1	   0.2130673     0.2427425
     D2B4J-a42b      0.035     0.058       0.177     0.538     -0.574     0.663      0.601     0.567      0.617     0.402    0.500     0.425   0.118     0.118      0.781     0.00668  -1	   0.2017258     0.1016863
     D2B4J-a42c      0.040     0.047       0.148     0.601      0.339     0.669      0.540     0.392      0.728     0.399    0.505     0.419   0.816     0.117      0.062     0.00700  -1	   0.0691130     0.0893915
     D2B4J-a42d      0.037     0.055       0.155     0.540      0.164     0.667      0.539     0.435      0.614     0.365    0.470     0.413   0.499     0.120      0.104     0.00688  -1	   0.0446659     0.0592214
     D2B4J-a43a      0.039     0.048       0.145     0.527     -0.003     0.670      0.573     0.422      0.725     0.343    0.489     0.377   0.717     0.130      0.277     0.00714  -1	   0.0050040     0.0756245
     D2B4J-a43b      0.043     0.056       0.165     0.704     -0.017     0.690      0.477     0.483      0.893     0.358    0.537     0.356   0.802     0.117      0.147     0.01062  -1	  -0.0009092     0.0025383
     D2B4J-a43c      0.033     0.052       0.155     0.709     -0.623     0.683      0.548     0.498      0.636     0.427    0.555     0.404   0.518     0.117      0.009     0.00863  -1	   0.1852295     0.1015575
     D2B4J-a43d      0.045     0.041       0.129     0.516     -0.223     0.677      0.564     0.438      0.846     0.319    0.438     0.394   0.639     0.108      0.873     0.00637  -1	  -0.0018527     0.1672078
     D2B4J-a44a      0.044     0.056       0.161     0.755      0.178     0.702      0.443     0.426      0.645     0.357    0.470     0.405   0.892     0.102      0.122     0.01071  -1	   0.0671459     0.0305173
     D2B4J-a44b      0.043     0.049       0.135     0.769     -0.348     0.684      0.508     0.433      0.629     0.426    0.527     0.426   0.815     0.123      0.135     0.00726  -1	   0.0773862     0.1105907
     D2B4J-a44c      0.042     0.029       0.097     0.558     -0.524     0.687      0.616     0.574      0.732     0.358    0.469     0.407   0.590     0.155      0.044     0.00610  -1	   0.1858640     0.1294117
     D2B4J-a44d      0.041     0.048       0.132     0.708     -0.166     0.678      0.540     0.473      0.502     0.403    0.507     0.420   0.781     0.121      0.124     0.00734  -1	   0.0478041     0.0840819
     D2B4J-a45a      0.035     0.054       0.158     0.598      0.154     0.670      0.478     0.497      0.888     0.375    0.492     0.405   0.652     0.107      0.214     0.01074  -1	   0.0407251     0.0327121
     D2B4J-a45b      0.040     0.047       0.145     0.610      0.013     0.671      0.555     0.621      0.771     0.331    0.469     0.380   0.725     0.122      0.366     0.00983  -1	   0.0029572    -0.0343912
     D2B4J-a45c      0.039     0.043       0.129     0.744      0.072     0.697      0.521     0.467      0.776     0.381    0.446     0.447   0.841     0.138      0.066     0.00782  -1	  -0.0005215     0.0218775
     D2B4J-a45d      0.043     0.057       0.171     0.733      0.034     0.675      0.459     0.481      0.757     0.362    0.506     0.381   0.834     0.108      0.127     0.01062  -1	   0.0145403    -0.0039768
     D2B4J-a46a      0.035     0.056       0.161     0.570      0.045     0.674      0.504     0.529      0.746     0.417    0.490     0.447   0.587     0.112      0.228     0.01071  -1	   0.0301820     0.0141807
     D2B4J-a46b      0.036     0.057       0.155     0.557      0.149     0.663      0.501     0.533      0.835     0.437    0.529     0.435   0.587     0.112      0.188     0.01076  -1	   0.0470073     0.0093126
     D2B4J-a46c      0.038     0.043       0.139     0.656      0.419     0.687      0.505     0.477      0.845     0.353    0.490     0.387   0.878     0.110      0.095     0.00966  -1	   0.1098218     0.0460868
     D2B4J-a46d      0.030     0.047       0.148     0.625      0.280     0.676      0.458     0.438      0.529     0.430    0.470     0.476   0.816     0.116      0.118     0.01093  -1	   0.0555095     0.0611566
     D2B4J-a47a      0.039     0.050       0.148     0.554     -0.640     0.660      0.526     0.537      0.768     0.360    0.508     0.379   0.535     0.129      0.292     0.01015  -1	   0.2296795     0.1571464
     D2B4J-a47b      0.036     0.042       0.135     0.638     -0.401     0.675      0.533     0.470      0.936     0.351    0.482     0.390   0.584     0.145      0.063     0.00957  -1	   0.0948726     0.1051659
     D2B4J-a47c      0.035     0.050       0.155     0.530      0.319     0.664      0.492     0.509      0.657     0.431    0.541     0.419   0.737     0.120      0.243     0.01066  -1	   0.0852832     0.0320763
     D2B4J-a47d      0.044     0.049       0.139     0.671      0.261     0.695      0.537     0.496      0.828     0.435    0.518     0.441   0.872     0.128      0.335     0.00905  -1	   0.0885256    -0.0006002
     D2B4J-a48a      0.030     0.062       0.168     0.620      0.188     0.663      0.474     0.470      0.756     0.380    0.509     0.396   0.778     0.089      0.156     0.02316  -1	   0.0555872     0.0109858
     D2B4J-a48b      0.035     0.063       0.177     0.569     -0.245     0.659      0.469     0.288      0.709     0.330    0.471     0.378   0.444     0.107      0.012     0.03315  -1	   0.0828484     0.1660717
     D2B4J-a48c      0.037     0.062       0.177     0.549     -0.305     0.666      0.516     0.359      0.592     0.350    0.489     0.384   0.236     0.111      0.075     0.03287  -1	   0.0831999     0.1207753
     D2B4J-a48d      0.034     0.064       0.181     0.661      0.175     0.659      0.433     0.258      0.668     0.382    0.492     0.412   0.845     0.121      0.127     0.06452  -1	   0.0513063     0.1155995
     D2B4J-a49a      0.037     0.062       0.177     0.561     -0.262     0.674      0.499     0.347      0.898     0.338    0.491     0.371   0.389     0.118      0.031     0.03302  -1	   0.0928020     0.1021748
     D2B4J-a49b      0.041     0.051       0.155     0.519      0.246     0.680      0.492     0.312      0.503     0.385    0.475     0.429   0.508     0.103      0.131     0.05038  -1	   0.0709226     0.1962996
     D2B4J-a49c      0.037     0.066       0.184     0.665     -0.165     0.644      0.455     0.286      0.901     0.385    0.541     0.377   0.730     0.110      0.131     0.04215  -1	   0.0246776     0.1031656
     D2B4J-a49d      0.037     0.062       0.161     0.638     -0.227     0.675      0.531     0.438      0.864     0.356    0.482     0.395   0.570     0.114      0.031     0.03594  -1	   0.0708323     0.0593206
      D2B4J-a4a      0.036     0.046       0.152     0.637      0.237     0.668      0.532     0.615      0.890     0.371    0.483     0.408   0.784     0.150      0.078     0.03738  -1	   0.0303475    -0.0350716
      D2B4J-a4b      0.035     0.048       0.152     0.650      0.175     0.668      0.545     0.641      0.850     0.399    0.531     0.397   0.794     0.131      0.127     0.03582  -1	   0.0086242    -0.0481780
      D2B4J-a4c      0.037     0.047       0.148     0.632      0.180     0.691      0.556     0.647      0.663     0.350    0.484     0.388   0.739     0.143      0.093     0.03650  -1	   0.0173185    -0.0415981
      D2B4J-a4d      0.037     0.047       0.142     0.644      0.249     0.667      0.555     0.636      0.768     0.396    0.493     0.425   0.784     0.140      0.116     0.03875  -1	   0.0304360    -0.0499617
     D2B4J-a50a      0.031     0.052       0.155     0.607      0.540     0.688      0.475     0.296      0.861     0.420    0.462     0.472   0.842     0.121      0.108     0.04267  -1	   0.2356443     0.2026990
     D2B4J-a50b      0.033     0.053       0.152     0.583      0.568     0.668      0.503     0.353      0.880     0.377    0.520     0.386   0.697     0.114      0.101     0.05270  -1	   0.2382416     0.1513974
     D2B4J-a50c      0.035     0.059       0.165     0.618      0.169     0.665      0.463     0.301      0.098     0.391    0.481     0.430   0.778     0.121      0.119     0.06543  -1	   0.1589214     0.2825680
     D2B4J-a50d      0.039     0.052       0.161     0.580      0.243     0.680      0.488     0.309      0.717     0.374    0.498     0.400   0.661     0.097      0.123     0.05069  -1	   0.0676887     0.1604945
     D2B4J-a51a      0.037     0.062       0.181     0.570     -0.249     0.673      0.471     0.298      0.649     0.331    0.472     0.378   0.444     0.106      0.031     0.03278  -1	   0.0754565     0.1674402
     D2B4J-a51b      0.047     0.044       0.123     0.577      0.120     0.697      0.528     0.429      0.148     0.353    0.509     0.372   0.753     0.148      0.092     0.33853   1	   0.0908416     0.1844958
     D2B4J-a51c      0.035     0.062       0.171     0.635      0.165     0.678      0.435     0.257      0.768     0.348    0.439     0.422   0.778     0.123      0.123     0.06514  -1	   0.0631076     0.1327131
     D2B4J-a51d      0.039     0.049       0.155     0.611      0.202     0.694      0.503     0.323      0.448     0.330    0.460     0.387   0.784     0.101      0.146     0.05079  -1	   0.0715728     0.2006791
     D2B4J-a52a      0.044     0.037       0.116     0.660      0.203     0.678      0.541     0.462      0.827     0.349    0.496     0.377   0.840     0.164      0.245     0.07295  -1	  -0.0160918     0.0089356
     D2B4J-a52b      0.046     0.043       0.119     0.607      0.083     0.700      0.564     0.493      0.267     0.337    0.492     0.369   0.761     0.146      0.088     0.33962   1	   0.0572726     0.0991133
     D2B4J-a52c      0.046     0.043       0.129     0.607      0.035     0.701      0.508     0.414      0.489     0.334    0.484     0.372   0.725     0.131      0.091     0.33382   1	   0.0151257     0.1199227
     D2B4J-a52d      0.040     0.045       0.129     0.608      0.330     0.666      0.488     0.451      0.297     0.354    0.524     0.362   0.816     0.145      0.205     0.06036  -1	   0.1331926     0.1002103
     D2B4J-a53a      0.034     0.035       0.116     0.532      0.057     0.663      0.570     0.706      0.829     0.370    0.471     0.418   0.682     0.134      0.192     0.02539  -1	  -0.0269498    -0.0143207
     D2B4J-a53b      0.033     0.036       0.126     0.716      0.009     0.638      0.600     0.785      0.773     0.362    0.487     0.396   0.805     0.136      0.233     0.06555  -1	  -0.0453835    -0.0390497
     D2B4J-a53c      0.029     0.060       0.187     0.603     -0.173     0.629      0.611     0.709      0.867     0.406    0.527     0.408   0.664     0.102      0.008     0.02142  -1	   0.0370346     0.0179384
     D2B4J-a53d      0.042     0.045       0.139     0.720      0.278     0.671      0.488     0.404      0.687     0.366    0.513     0.381   0.896     0.126     -0.075     0.10574  -1	   0.0133830     0.0301841
     D2B4J-a54a      0.028     0.074       0.203     0.674      0.062     0.613      0.495     0.551      0.800     0.440    0.531     0.435   0.805     0.090      0.078     0.01811  -1	   0.0337450    -0.0620986
     D2B4J-a54b      0.032     0.049       0.155     0.600      0.250     0.662      0.561     0.660      0.524     0.406    0.534     0.401   0.816     0.120      0.120     0.03001  -1	   0.0382904    -0.0711650
     D2B4J-a54c      0.029     0.058       0.187     0.665     -0.147     0.619      0.602     0.758      0.952     0.375    0.506     0.394   0.656     0.096      0.005     0.01809  -1	   0.0307521     0.0553853
     D2B4J-a54d      0.032     0.057       0.177     0.620     -0.257     0.634      0.557     0.648      0.673     0.386    0.467     0.436   0.515     0.103      0.127     0.01805  -1	   0.0547834     0.0218510
     D2B4J-a55a      0.031     0.048       0.155     0.585     -0.025     0.667      0.551     0.610      0.245     0.374    0.524     0.380   0.778     0.131      0.132     0.02874  -1	   0.0667040    -0.0140642
     D2B4J-a55b      0.033     0.067       0.184     0.661     -0.088     0.617      0.527     0.554      0.527     0.400    0.527     0.401   0.747     0.114      0.123     0.01778  -1	   0.0513127    -0.0209797
     D2B4J-a55c      0.034     0.065       0.181     0.584     -0.031     0.621      0.537     0.569      0.257     0.324    0.476     0.368   0.554     0.103      0.071     0.01757  -1	   0.1029610     0.0453147
     D2B4J-a55d      0.032     0.060       0.177     0.635     -0.387     0.636      0.644     0.696      0.874     0.398    0.499     0.421   0.471     0.100      0.196     0.02106  -1	   0.0741232     0.0192668
     D2B4J-a56a      0.031     0.060       0.184     0.658      0.284     0.636      0.419     0.421      0.153     0.353    0.523     0.362   0.892     0.120      0.134     0.01653  -1	   0.1822781     0.0601569
     D2B4J-a56b      0.033     0.062       0.161     0.575     -0.263     0.628      0.574     0.615      0.758     0.427    0.568     0.394   0.389     0.105      0.074     0.01902  -1	   0.0528116     0.0228536
     D2B4J-a56c      0.034     0.052       0.148     0.654      0.116     0.619      0.532     0.579      0.351     0.354    0.469     0.404   0.780     0.115      0.201     0.01478  -1	   0.0892706    -0.0134858
     D2B4J-a56d      0.032     0.075       0.200     0.592      0.025     0.617      0.446     0.479      0.402     0.357    0.525     0.363   0.587     0.101      0.081     0.01810  -1	   0.0761055     0.0252289
     D2B4J-a57a      0.031     0.064       0.174     0.582     -0.203     0.628      0.559     0.588      0.911     0.432    0.507     0.448   0.444     0.110      0.065     0.01840  -1	   0.0632957     0.0059752
     D2B4J-a57b      0.033     0.074       0.200     0.553     -0.137     0.615      0.460     0.495      0.532     0.346    0.489     0.380   0.463     0.091      0.068     0.01790  -1	   0.0772744     0.0630935
     D2B4J-a57c      0.027     0.069       0.181     0.579     -0.274     0.617      0.557     0.612      0.891     0.400    0.539     0.392   0.389     0.098      0.087     0.01917  -1	   0.0682956     0.0181478
     D2B4J-a57d      0.030     0.075       0.203     0.548     -0.001     0.611      0.445     0.486      0.517     0.420    0.527     0.419   0.401     0.092      0.128     0.01809  -1	   0.0587382     0.0353890
     D2B4J-a58a      0.033     0.036       0.119     0.673      0.002     0.650      0.535     0.613      0.610     0.377    0.508     0.395   0.781     0.163      0.241     0.00860  -1	  -0.0206082    -0.0328012
     D2B4J-a58b      0.031     0.027       0.084     0.687     -0.143     0.666      0.633     0.712      0.885     0.378    0.475     0.422   0.788     0.213      0.108     0.00770  -1	  -0.0414517    -0.0001597
     D2B4J-a58c      0.029     0.035       0.113     0.682     -0.009     0.661      0.605     0.739      0.910     0.345    0.487     0.380   0.852     0.164      0.055     0.00760  -1	  -0.0486349    -0.0184294
     D2B4J-a58d      0.028     0.038       0.103     0.698      0.083     0.649      0.594     0.735      0.922     0.406    0.495     0.432   0.817     0.146      0.151     0.00784  -1	  -0.0422419    -0.0529371
     D2B4J-a59a      0.039     0.048       0.142     0.536     -0.396     0.677      0.545     0.427      0.687     0.402    0.513     0.415   0.564     0.125      1.013     0.00639  -1	   0.1861327     0.2868534
     D2B4J-a59b      0.030     0.037       0.106     0.660      0.006     0.658      0.616     0.760      0.854     0.405    0.482     0.443   0.781     0.153      0.162     0.00788  -1	  -0.0389933    -0.0446821
     D2B4J-a59c      0.048     0.044       0.119     0.671      0.262     0.705      0.504     0.396      0.233     0.310    0.471     0.359   0.872     0.148      0.077     0.00722  -1	   0.1107948     0.1663897
     D2B4J-a59d      0.044     0.036       0.116     0.580     -0.086     0.658      0.564     0.394      0.499     0.558    0.471     0.592   0.738     0.159     -0.034     0.00562  -1	  -0.0068618     0.1221472
      D2B4J-a5a      0.036     0.049       0.155     0.658      0.193     0.678      0.552     0.656      0.604     0.353    0.477     0.396   0.794     0.132      0.120     0.03573  -1	   0.0298885    -0.0573837
      D2B4J-a5b      0.038     0.047       0.161     0.605      0.333     0.671      0.484     0.488      0.605     0.353    0.491     0.386   0.816     0.117      0.346     0.01072  -1	   0.1209996     0.0345642
      D2B4J-a5c      0.037     0.035       0.119     0.601      0.188     0.658      0.546     0.517      0.727     0.370    0.499     0.394   0.739     0.164      0.269     0.01608  -1	  -0.0217603     0.0026815
      D2B4J-a5d      0.036     0.046       0.145     0.638      0.161     0.675      0.559     0.659      0.219     0.408    0.511     0.422   0.739     0.135      0.101     0.03644  -1	   0.0798337    -0.0317529
     D2B4J-a60a      0.035     0.053       0.161     0.691      0.575     0.690      0.429     0.234      0.346     0.324    0.476     0.368   0.890     0.120      0.094     0.00712  -1	   0.2780427     0.3388452
     D2B4J-a60b      0.041     0.043       0.132     0.586     -0.158     0.670      0.540     0.392      0.714     0.330    0.470     0.379   0.684     0.120      1.138     0.00637  -1	   0.1405393     0.2107462
     D2B4J-a60c      0.038     0.050       0.142     0.574     -0.340     0.683      0.588     0.514      0.797     0.345    0.473     0.392   0.738     0.127      0.577     0.00642  -1	   0.0606111     0.0715057
     D2B4J-a60d      0.038     0.041       0.135     0.621      0.138     0.647      0.503     0.341      0.809     0.548    0.481     0.576   0.771     0.125      0.061     0.00643  -1	   0.0187042     0.1091054
     D2B4J-a61a      0.037     0.051       0.158     0.739      0.468     0.676      0.464     0.280      0.202     0.309    0.456     0.368   0.970     0.114      0.066     0.00708  -1	   0.2331551     0.3052960
     D2B4J-a61b      0.039     0.049       0.142     0.541      0.110     0.667      0.540     0.426      0.690     0.364    0.474     0.409   0.692     0.128      0.128     0.00696  -1	   0.0169340     0.0643634
     D2B4J-a61c      0.041     0.048       0.129     0.535      0.304     0.665      0.567     0.426      0.640     0.384    0.495     0.412   0.737     0.134      0.241     0.00682  -1	   0.0643221     0.0787102
     D2B4J-a61d      0.038     0.057       0.174     0.562      0.252     0.667      0.582     0.576      0.668     0.344    0.456     0.404   0.699     0.087      0.134     0.00732  -1	   0.0868025     0.0000793
     D2B4J-a62a      0.035     0.050       0.152     0.651      0.526     0.681      0.465     0.281      0.457     0.317    0.465     0.370   0.896     0.122      0.061     0.00704  -1	   0.1815431     0.2279738
     D2B4J-a62b      0.037     0.049       0.145     0.685      0.477     0.676      0.487     0.300      0.365     0.335    0.498     0.364   0.891     0.128      0.113     0.00701  -1	   0.1831526     0.2575258
     D2B4J-a62c      0.046     0.054       0.142     0.577      0.401     0.670      0.458     0.289      0.462     0.338    0.508     0.359   0.752     0.121      0.146     0.00721  -1	   0.1390088     0.2253181
     D2B4J-a62d      0.039     0.052       0.155     0.678      0.461     0.681      0.448     0.245      0.295     0.330    0.510     0.349   0.915     0.121      0.107     0.00709  -1	   0.2052955     0.3235107
     D2B4J-a63a      0.044     0.034       0.103     0.465     -0.606     0.684      0.600     0.569      0.628     0.348    0.464     0.401   0.409     0.152      0.076     0.00613  -1	   0.2645921     0.1423252
     D2B4J-a63b      0.040     0.043       0.145     0.472      0.387     0.660      0.561     0.517      0.513     0.399    0.474     0.443   0.704     0.121      0.160     0.00678  -1	   0.0835676     0.0510691
     D2B4J-a63c      0.036     0.065       0.174     0.606      0.098     0.665      0.467     0.350      0.220     0.377    0.494     0.406   0.738     0.112      0.216     0.00721  -1	   0.1674254     0.1974666
     D2B4J-a63d      0.042     0.048       0.145     0.649      0.174     0.673      0.532     0.454      0.690     0.385    0.477     0.427   0.739     0.120      0.115     0.00882  -1	   0.0308062     0.0423037
     D2B4J-a64a      0.043     0.048       0.129     0.784     -0.305     0.686      0.547     0.480      0.599     0.385    0.498     0.411   0.815     0.123      0.126     0.00726  -1	   0.0697983     0.0865144
     D2B4J-a64b      0.034     0.052       0.148     0.655     -0.566     0.691      0.570     0.516      0.717     0.338    0.451     0.402   0.464     0.119     -0.004     0.00848  -1	   0.1984835     0.0822608
     D2B4J-a64c      0.041     0.044       0.132     0.639      0.006     0.666      0.485     0.367      0.472     0.360    0.490     0.393   0.725     0.143      0.054     0.00787  -1	   0.0066228     0.1410027
     D2B4J-a64d      0.038     0.052       0.158     0.628      0.274     0.662      0.486     0.378      0.815     0.371    0.490     0.404   0.825     0.104      0.381     0.00746  -1	   0.0808709     0.0792191
     D2B4J-a65a      0.036     0.057       0.168     0.580      0.121     0.659      0.489     0.518      0.865     0.376    0.497     0.403   0.587     0.103      0.179     0.01078  -1	   0.0417544     0.0244754
     D2B4J-a65b      0.037     0.054       0.158     0.558      0.194     0.663      0.490     0.525      0.912     0.413    0.512     0.426   0.652     0.112      0.196     0.01073  -1	   0.0575501     0.0215441
     D2B4J-a65c      0.035     0.058       0.158     0.626      0.004     0.674      0.503     0.528      0.750     0.385    0.493     0.415   0.713     0.108      0.216     0.01073  -1	   0.0245216    -0.0012072
     D2B4J-a65d      0.035     0.059       0.161     0.587      0.124     0.667      0.515     0.559      0.896     0.418    0.508     0.434   0.587     0.112      0.171     0.01082  -1	   0.0514371    -0.0059687
     D2B4J-a66a      0.042     0.055       0.171     0.569     -0.595     0.662      0.519     0.501      0.731     0.346    0.456     0.406   0.271     0.108      0.248     0.01017  -1	   0.1858962     0.0880473
     D2B4J-a66b      0.040     0.061       0.184     0.510     -0.643     0.666      0.519     0.499      0.729     0.401    0.527     0.404   0.118     0.108      0.237     0.01048  -1	   0.1923734     0.0803877
     D2B4J-a66c      0.033     0.054       0.155     0.516      0.256     0.680      0.452     0.425      0.979     0.422    0.529     0.420   0.546     0.124      0.139     0.01073  -1	   0.1011957     0.0858163
     D2B4J-a66d      0.033     0.057       0.165     0.561      0.050     0.667      0.524     0.553      0.941     0.419    0.533     0.415   0.612     0.114      0.186     0.01080  -1	   0.0300669    -0.0009079
     D2B4J-a67a      0.031     0.049       0.139     0.626      0.194     0.657      0.469     0.476      0.747     0.386    0.543     0.377   0.739     0.141      0.283     0.01120  -1	   0.0141059     0.0070988
     D2B4J-a67b      0.034     0.044       0.135     0.586      0.304     0.651      0.487     0.479      0.429     0.371    0.500     0.395   0.798     0.139      0.214     0.01110  -1	   0.0736737     0.0429249
     D2B4J-a67c      0.034     0.045       0.142     0.665      0.206     0.676      0.531     0.529      0.773     0.427    0.466     0.476   0.840     0.127      0.105     0.01096  -1	   0.0258575    -0.0126167
     D2B4J-a67d      0.034     0.044       0.142     0.526      0.066     0.673      0.553     0.563      0.660     0.668    0.499     0.672   0.682     0.126      0.121     0.01086  -1	   0.0105365    -0.0025815
     D2B4J-a68a      0.040     0.052       0.161     0.610      0.251     0.681      0.487     0.316      0.484     0.372    0.493     0.402   0.825     0.099      0.137     0.04971  -1	   0.0806511     0.1879607
     D2B4J-a68b      0.040     0.043       0.155     0.620     -0.434     0.682      0.559     0.570      0.863     0.387    0.490     0.419   0.584     0.124      0.053     0.00985  -1	   0.1015921     0.0740129
     D2B4J-a68c      0.032     0.045       0.139     0.665      0.138     0.660      0.539     0.562      0.285     0.371    0.488     0.405   0.827     0.132      0.389     0.01107  -1	   0.1851771     0.0122064
     D2B4J-a68d      0.038     0.057       0.181     0.581     -0.546     0.672      0.502     0.483      0.763     0.423    0.578     0.382   0.389     0.113      0.269     0.01000  -1	   0.1233422     0.1045219
     D2B4J-a69a      0.040     0.052       0.161     0.573      0.271     0.686      0.496     0.327      0.582     0.374    0.469     0.423   0.699     0.098      0.131     0.05077  -1	   0.0844993     0.1704324
     D2B4J-a69b      0.041     0.051       0.158     0.619      0.254     0.682      0.475     0.306      0.602     0.349    0.481     0.389   0.825     0.102      0.125     0.05032  -1	   0.0662929     0.1681300
     D2B4J-a69c      0.032     0.050       0.158     0.645      0.496     0.661      0.515     0.376      0.729     0.405    0.526     0.407   0.836     0.115      0.096     0.05300  -1	   0.1568994     0.1313448
     D2B4J-a69d      0.027     0.072       0.210     0.674     -0.020     0.647      0.465     0.392      0.068     0.394    0.475     0.437   0.747     0.088      0.220     0.03338  -1	   0.2549473     0.1862359
      D2B4J-a6a      0.031     0.049       0.161     0.593     -0.183     0.670      0.685     0.789      0.959     0.364    0.465     0.416   0.684     0.117      0.079     0.01316  -1	   0.0473882     0.0430908
      D2B4J-a6b      0.039     0.038       0.129     0.765     -0.200     0.663      0.447     0.425      0.803     0.379    0.516     0.390   0.761     0.151      1.030     0.01483  -1	   0.1045525     0.1282152
      D2B4J-a6c      0.029     0.046       0.135     0.649      0.419     0.664      0.461     0.409      0.598     0.362    0.499     0.388   0.822     0.143      0.522     0.01107  -1	   0.1987107     0.1024453
      D2B4J-a6d      0.027     0.042       0.135     0.606      0.541     0.648      0.539     0.512      0.659     0.380    0.481     0.419   0.841     0.135      0.207     0.01076  -1	   0.1462008     0.0496763
     D2B4J-a70a      0.032     0.051       0.148     0.633      0.518     0.674      0.538     0.392      0.858     0.370    0.497     0.397   0.842     0.128      0.106     0.05221  -1	   0.1764321     0.0925885
     D2B4J-a70b      0.042     0.052       0.152     0.576      0.143     0.669      0.474     0.306      0.480     0.376    0.497     0.403   0.587     0.115      0.087     0.06599  -1	   0.0395282     0.1873046
     D2B4J-a70c      0.034     0.049       0.142     0.611      0.473     0.666      0.535     0.369      0.838     0.345    0.495     0.374   0.836     0.128      0.116     0.05279  -1	   0.1283897     0.0925673
     D2B4J-a70d      0.033     0.054       0.145     0.616      0.627     0.665      0.510     0.374      0.396     0.365    0.470     0.414   0.829     0.105      0.141     0.05133  -1	   0.2907701     0.2395970
     D2B4J-a71a      0.033     0.064       0.190     0.663     -0.179     0.655      0.423     0.255      0.644     0.352    0.479     0.394   0.730     0.114      0.340     0.04167  -1	   0.0652692     0.1941128
     D2B4J-a71b      0.033     0.057       0.168     0.670      0.361     0.663      0.534     0.424      0.538     0.416    0.496     0.441   0.898     0.107      0.396     0.03221  -1	   0.2166667     0.0930747
     D2B4J-a71c      0.041     0.041       0.123     0.580     -0.334     0.667      0.577     0.548      0.779     0.351    0.487     0.387   0.738     0.148      0.346     0.04794  -1	   0.0544959     0.0771926
     D2B4J-a71d      0.035     0.043       0.142     0.584     -0.161     0.660      0.556     0.569      0.906     0.354    0.474     0.400   0.684     0.127     -0.005     0.03719  -1	   0.0469881     0.0569194
     D2B4J-a72a      0.035     0.029       0.094     0.723      0.188     0.664      0.561     0.567      0.736     0.324    0.451     0.387   0.819     0.179      0.130     0.02097  -1	  -0.0493674    -0.0159972
     D2B4J-a72b      0.037     0.033       0.103     0.703      0.141     0.645      0.553     0.539      0.858     0.348    0.468     0.399   0.851     0.175      0.489     0.02181  -1	  -0.0526901    -0.0614936
     D2B4J-a72c      0.034     0.030       0.097     0.605      0.337     0.668      0.525     0.531      0.870     0.351    0.474     0.397   0.816     0.170      0.122     0.02087  -1	  -0.0059726    -0.0081011
     D2B4J-a72d      0.033     0.036       0.113     0.635      0.112     0.648      0.519     0.595      0.915     0.401    0.503     0.422   0.771     0.153      0.624     0.02445  -1	  -0.0377953    -0.0484791
     D2B4J-a73a      0.033     0.036       0.116     0.601      0.026     0.662      0.586     0.727      0.749     0.360    0.468     0.410   0.725     0.126      0.187     0.02511  -1	  -0.0294182    -0.0285123
     D2B4J-a73b      0.038     0.037       0.116     0.745     -0.126     0.651      0.599     0.683      0.746     0.357    0.490     0.390   0.812     0.198      0.671     0.02271  -1	   0.0220882    -0.1014759
     D2B4J-a73c      0.028     0.074       0.177     0.661     -0.207     0.611      0.518     0.569      0.206     0.359    0.477     0.401   0.637     0.111      0.073     0.01801  -1	   0.1861203     0.0653362
     D2B4J-a73d      0.044     0.040       0.119     0.618      0.176     0.656      0.588     0.605      0.457     0.357    0.463     0.410   0.739     0.158      0.226     0.01065  -1	   0.0460430    -0.0141846
     D2B4J-a74a      0.032     0.075       0.200     0.613      0.004     0.619      0.424     0.462      0.186     0.346    0.460     0.403   0.713     0.091      0.081     0.01820  -1	   0.1480972     0.0540502
     D2B4J-a74b      0.043     0.031       0.119     0.650      0.442     0.669      0.610     0.620      0.645     0.305    0.446     0.373   0.878     0.146      0.614     0.01116  -1	   0.1752338    -0.0501131
     D2B4J-a74c      0.033     0.057       0.168     0.509     -0.169     0.629      0.617     0.629      0.755     0.364    0.481     0.405   0.384     0.124      0.178     0.01930  -1	   0.0362872    -0.0006970
     D2B4J-a74d      0.036     0.035       0.110     0.587     -0.323     0.644      0.637     0.722      0.912     0.333    0.472     0.380   0.738     0.172      0.302     0.02280  -1	   0.0293068     0.0471141
     D2B4J-a75a      0.030     0.075       0.200     0.518     -0.048     0.609      0.463     0.509      0.528     0.394    0.548     0.380   0.401     0.090      0.066     0.01819  -1	   0.0496812     0.0407022
     D2B4J-a75b      0.031     0.058       0.174     0.640      0.070     0.639      0.469     0.530      0.700     0.372    0.514     0.386   0.738     0.110      0.223     0.01171  -1	   0.0173314    -0.0187463
     D2B4J-a75c      0.033     0.074       0.200     0.552     -0.071     0.612      0.460     0.514      0.446     0.364    0.498     0.390   0.554     0.085      0.069     0.01801  -1	   0.0753069     0.0415566
     D2B4J-a75d      0.032     0.077       0.203     0.633      0.011     0.616      0.473     0.527      0.451     0.362    0.509     0.380   0.713     0.090      0.081     0.01810  -1	   0.0748683    -0.0237274
     D2B4J-a76a      0.032     0.075       0.206     0.594     -0.030     0.618      0.451     0.486      0.247     0.357    0.493     0.387   0.554     0.093      0.084     0.01813  -1	   0.1208471     0.0581184
     D2B4J-a76b      0.032     0.059       0.184     0.578      0.128     0.634      0.480     0.547      0.614     0.406    0.499     0.430   0.587     0.107      0.250     0.01180  -1	   0.0510687    -0.0026646
     D2B4J-a76c      0.031     0.074       0.206     0.601      0.006     0.617      0.443     0.485      0.500     0.349    0.509     0.368   0.713     0.090      0.091     0.01807  -1	   0.0597908     0.0033268
     D2B4J-a76d      0.025     0.063       0.190     0.638     -0.154     0.613      0.651     0.779      0.853     0.339    0.497     0.368   0.664     0.101      0.142     0.01572  -1	   0.0157690     0.0234199
     D2B4J-a77a      0.044     0.037       0.113     0.689      0.043     0.677      0.536     0.400      0.828     0.382    0.493     0.412   0.781     0.146      0.463     0.00561  -1	  -0.0156631     0.0687934
     D2B4J-a77b      0.033     0.049       0.155     0.675      0.044     0.651      0.610     0.739      0.874     0.356    0.440     0.430   0.781     0.115      0.183     0.00997  -1	   0.0008973    -0.0301740
     D2B4J-a77c      0.029     0.059       0.171     0.484     -0.178     0.636      0.600     0.620      0.466     0.348    0.478     0.390   0.267     0.117      0.206     0.01977  -1	   0.0660035     0.0175163
     D2B4J-a77d      0.043     0.041       0.116     0.633     -0.201     0.682      0.565     0.599      0.582     0.394    0.486     0.428   0.718     0.164      0.105     0.00755  -1	   0.0331263     0.0242711
     D2B4J-a78a      0.039     0.047       0.145     0.595      0.012     0.658      0.557     0.438      0.588     0.385    0.487     0.419   0.708     0.120      0.930     0.00638  -1	   0.2115734     0.0828785
     D2B4J-a78b      0.046     0.046       0.135     0.603      0.415     0.674      0.509     0.369      0.537     0.342    0.480     0.384   0.822     0.130      0.159     0.00687  -1	   0.1194386     0.1479580
     D2B4J-a78c      0.042     0.038       0.106     0.605      0.451     0.673      0.502     0.365      0.658     0.495    0.482     0.526   0.836     0.150      0.161     0.00653  -1	   0.1118881     0.1726961
     D2B4J-a78d      0.040     0.053       0.142     0.684      0.370     0.675      0.433     0.284      0.589     0.360    0.478     0.401   0.898     0.136      0.012     0.00704  -1	   0.0801796     0.1197483
     D2B4J-a79a      0.041     0.050       0.145     0.639     -0.374     0.671      0.560     0.472      0.744     0.378    0.513     0.392   0.644     0.133      1.022     0.00650  -1	   0.1690723     0.1616048
     D2B4J-a79b      0.046     0.048       0.135     0.616      0.336     0.698      0.462     0.323      0.388     0.338    0.474     0.384   0.816     0.142      0.047     0.00724  -1	   0.0889792     0.1718161
     D2B4J-a79c      0.039     0.044       0.135     0.585     -0.153     0.652      0.533     0.376      0.333     0.384    0.522     0.390   0.684     0.120      0.986     0.00633  -1	   0.4453394     0.3638616
     D2B4J-a79d      0.041     0.042       0.139     0.531     -0.162     0.676      0.542     0.377      0.764     0.360    0.438     0.435   0.622     0.113      1.347     0.00638  -1	   0.1350912     0.2924514
      D2B4J-a7a      0.033     0.061       0.187     0.611      0.335     0.657      0.535     0.694      0.830     0.370    0.504     0.390   0.853     0.097      0.083     0.01576  -1	   0.1074413    -0.0536299
      D2B4J-a7b      0.040     0.054       0.165     0.645      0.356     0.656      0.501     0.530      0.876     0.385    0.498     0.412   0.831     0.108      0.279     0.01034  -1	   0.1131428    -0.0119207
      D2B4J-a7c      0.037     0.037       0.129     0.626     -0.124     0.645      0.528     0.594      0.349     0.414    0.466     0.464   0.732     0.161      0.241     0.01334  -1	   0.0828290     0.0297998
      D2B4J-a7d      0.034     0.043       0.135     0.475      0.347     0.666      0.512     0.465      0.599     0.364    0.465     0.416   0.672     0.142      0.259     0.01119  -1	   0.0634378     0.0707643
     D2B4J-a80a      0.034     0.050       0.152     0.573      0.052     0.669      0.578     0.496      0.792     0.503    0.467     0.545   0.744     0.112      0.311     0.00701  -1	   0.0353486     0.0054003
     D2B4J-a80b      0.047     0.045       0.142     0.639      0.406     0.680      0.495     0.363      0.942     0.374    0.514     0.387   0.822     0.125      0.191     0.00689  -1	   0.1227274     0.1079040
     D2B4J-a80c      0.038     0.051       0.155     0.721      0.445     0.677      0.460     0.266      0.165     0.329    0.493     0.361   1.000     0.121      0.080     0.00710  -1	   0.2284112     0.3365779
     D2B4J-a80d      0.043     0.049       0.152     0.630      0.280     0.672      0.502     0.372      0.798     0.368    0.510     0.385   0.816     0.119      0.177     0.00706  -1	   0.0590160     0.0818440
     D2B4J-a81a      0.040     0.053       0.161     0.585      0.325     0.682      0.492     0.383      0.760     0.397    0.497     0.422   0.727     0.124      0.213     0.00710  -1	   0.1071455     0.0949637
     D2B4J-a81b      0.037     0.053       0.155     0.714      0.442     0.675      0.469     0.263      0.219     0.330    0.494     0.361   1.000     0.119      0.084     0.00710  -1	   0.2102810     0.3152642
     D2B4J-a81c      0.031     0.064       0.181     0.644      0.335     0.635      0.509     0.369      0.468     0.408    0.485     0.443   0.853     0.103      0.532     0.00700  -1	   0.2861022     0.1330140
     D2B4J-a81d      0.037     0.052       0.155     0.718      0.516     0.684      0.465     0.272      0.365     0.306    0.466     0.359   0.963     0.117      0.080     0.00710  -1	   0.2189379     0.2644125
     D2B4J-a82a      0.030     0.060       0.181     0.619      0.252     0.658      0.527     0.384      0.682     0.345    0.462     0.400   0.825     0.092      0.631     0.00698  -1	   0.1715843     0.0595403
     D2B4J-a82b      0.035     0.056       0.171     0.460     -0.040     0.676      0.534     0.419      0.325     0.363    0.474     0.408   0.283     0.097      0.425     0.00703  -1	   0.1255713     0.1622536
     D2B4J-a82c      0.039     0.063       0.177     0.655     -0.120     0.679      0.474     0.292      0.758     0.431    0.457     0.487   0.656     0.107      0.436     0.00732  -1	   0.0629285     0.1353037
     D2B4J-a82d      0.033     0.063       0.187     0.618      0.189     0.659      0.538     0.400      0.682     0.388    0.480     0.427   0.778     0.092      0.631     0.00702  -1	   0.1694440     0.0414555
     D2B4J-a83a      0.042     0.046       0.135     0.682      0.331     0.687      0.441     0.246      0.490     0.383    0.481     0.422   0.872     0.132      0.460     0.00711  -1	   0.2148741     0.3335474
     D2B4J-a83b      0.036     0.045       0.158     0.543      0.327     0.660      0.552     0.517      0.927     0.352    0.487     0.387   0.737     0.113      0.272     0.00708  -1	   0.0722274     0.0194296
     D2B4J-a83c      0.040     0.049       0.161     0.699      0.073     0.659      0.542     0.433      0.438     0.411    0.478     0.451   0.817     0.109      0.282     0.00735  -1	   0.0981548     0.0968698
     D2B4J-a83d      0.034     0.057       0.165     0.540      0.141     0.675      0.457     0.460      0.879     0.378    0.495     0.406   0.434     0.113      0.144     0.01082  -1	   0.0612131     0.0665236
     D2B4J-a84a      0.036     0.043       0.135     0.625      0.397     0.670      0.526     0.537      0.805     0.363    0.455     0.423   0.848     0.126      0.206     0.00742  -1	   0.0906353     0.0014366
     D2B4J-a84b      0.036     0.055       0.158     0.512      0.047     0.671      0.496     0.512      0.987     0.441    0.516     0.447   0.434     0.109      0.251     0.01070  -1	   0.0430944     0.0430606
     D2B4J-a84c      0.040     0.045       0.152     0.633     -0.422     0.676      0.556     0.567      0.777     0.406    0.466     0.456   0.584     0.130      0.111     0.00989  -1	   0.0985473     0.0623249
     D2B4J-a84d      0.044     0.046       0.161     0.690      0.129     0.662      0.477     0.484      0.719     0.401    0.523     0.407   0.827     0.112      0.234     0.01078  -1	   0.0217250     0.0152940
     D2B4J-a85a      0.040     0.043       0.161     0.645      0.002     0.652      0.539     0.566      0.915     0.378    0.488     0.412   0.725     0.116      0.186     0.01011  -1	  -0.0139356     0.0074895
     D2B4J-a85b      0.040     0.051       0.184     0.665     -0.426     0.664      0.520     0.543      0.603     0.395    0.492     0.424   0.000     0.113      0.072     0.00978  -1	   0.0686300     0.0181731
     D2B4J-a85c      0.030     0.054       0.161     0.562      0.133     0.685      0.457     0.434      0.404     0.416    0.473     0.459   0.587     0.120      0.099     0.01109  -1	   0.0400594     0.0784086
     D2B4J-a85d      0.047     0.044       0.158     0.640      0.294     0.663      0.493     0.462      0.959     0.370    0.482     0.408   0.816     0.111      0.225     0.01071  -1	   0.0710805     0.0468015
     D2B4J-a86a      0.036     0.058       0.168     0.582      0.018     0.674      0.476     0.494      0.992     0.392    0.514     0.405   0.587     0.099      0.199     0.01075  -1	   0.0393943     0.0500899
     D2B4J-a86b      0.039     0.044       0.161     0.631     -0.404     0.686      0.552     0.565      0.912     0.407    0.496     0.433   0.584     0.117      0.050     0.00979  -1	   0.0844889     0.0663905
     D2B4J-a86c      0.040     0.057       0.174     0.545     -0.600     0.659      0.535     0.529      0.758     0.348    0.504     0.371   0.118     0.110      0.116     0.01005  -1	   0.1877510     0.0505167
     D2B4J-a86d      0.042     0.048       0.155     0.597      0.107     0.674      0.507     0.477      0.973     0.405    0.525     0.408   0.753     0.119      0.237     0.01083  -1	   0.0194581     0.0297739
     D2B4J-a87a      0.039     0.044       0.135     0.617      0.149     0.677      0.512     0.440      0.303     0.380    0.507     0.399   0.771     0.152      0.188     0.01670  -1	   0.0799120     0.1148643
     D2B4J-a87b      0.040     0.039       0.132     0.587      0.385     0.678      0.524     0.498      0.689     0.459    0.529     0.455   0.830     0.140      0.169     0.01703  -1	   0.0826686     0.0516677
     D2B4J-a87c      0.042     0.045       0.135     0.579     -0.274     0.693      0.578     0.569      0.371     0.364    0.467     0.414   0.653     0.143      0.254     0.01509  -1	   0.1271898     0.0723352
     D2B4J-a87d      0.038     0.046       0.158     0.716     -0.201     0.659      0.455     0.491      0.757     0.404    0.497     0.429   0.798     0.121      0.245     0.01113  -1	   0.0079551     0.0493261
     D2B4J-a88a      0.040     0.037       0.126     0.479      0.399     0.681      0.547     0.512      0.777     0.411    0.440     0.483   0.704     0.151      0.151     0.01702  -1	   0.0872875     0.0443598
     D2B4J-a88b      0.034     0.052       0.168     0.682      0.429     0.655      0.441     0.434      0.846     0.371    0.477     0.414   0.945     0.110      0.229     0.01454  -1	   0.1324636     0.0318845
     D2B4J-a88c      0.038     0.039       0.145     0.570      0.290     0.678      0.504     0.441      0.452     0.321    0.465     0.374   0.798     0.130      0.148     0.01724  -1	   0.0519779     0.0905538
     D2B4J-a88d      0.031     0.050       0.145     0.520     -0.090     0.666      0.582     0.668      0.584     0.370    0.454     0.431   0.677     0.107      0.137     0.01953  -1	   0.0270796    -0.0170488
     D2B4J-a89a      0.034     0.034       0.103     0.563      0.332     0.654      0.551     0.645      0.995     0.463    0.574     0.422   0.798     0.160      0.102     0.08779  -1	   0.0267502    -0.0442003
     D2B4J-a89b      0.030     0.032       0.103     0.709      0.288     0.649      0.499     0.476      0.814     0.400    0.497     0.426   0.896     0.156      0.139     0.02066  -1	  -0.0270915     0.0004846
     D2B4J-a89c      0.035     0.030       0.103     0.578      0.381     0.668      0.507     0.504      0.965     0.378    0.493     0.408   0.830     0.168      0.107     0.02860  -1	   0.0300253     0.0151140
     D2B4J-a89d      0.032     0.053       0.155     0.679      0.494     0.663      0.436     0.418      0.973     0.438    0.569     0.403   0.915     0.120      0.248     0.01470  -1	   0.1900329     0.0723486
      D2B4J-a8a      0.041     0.051       0.158     0.707      0.622     0.662      0.408     0.497      0.170     0.393    0.498     0.419   0.950     0.117      0.117     0.01149  -1	   0.3675234     0.0742791
      D2B4J-a8b      0.036     0.049       0.161     0.566      0.408     0.663      0.488     0.481      0.255     0.349    0.477     0.391   0.804     0.098      0.085     0.01081  -1	   0.1430394     0.0685266
      D2B4J-a8c      0.039     0.048       0.148     0.645      0.504     0.676      0.443     0.451      0.479     0.403    0.506     0.420   0.841     0.122      0.113     0.01096  -1	   0.1864392     0.0913802
      D2B4J-a8d      0.028     0.052       0.194     0.564     -0.071     0.664      0.613     0.816      0.706     0.356    0.489     0.390   0.554     0.103      0.083     0.01433  -1	   0.0042684     0.0273312
     D2B4J-a90a      0.033     0.032       0.110     0.568      0.331     0.663      0.516     0.517      0.961     0.400    0.501     0.422   0.798     0.160      0.113     0.02762  -1	   0.0210698     0.0111257
     D2B4J-a90b      0.028     0.049       0.168     0.689      0.432     0.647      0.429     0.424      0.998     0.411    0.531     0.408   0.878     0.116      0.248     0.01395  -1	   0.1245443     0.0537200
     D2B4J-a90c      0.034     0.030       0.090     0.743      0.139     0.662      0.561     0.580      0.794     0.358    0.481     0.397   0.851     0.178      0.130     0.02112  -1	  -0.0630250    -0.0324405
     D2B4J-a90d      0.042     0.035       0.116     0.675      0.030     0.665      0.571     0.672      0.749     0.337    0.483     0.376   0.781     0.174      0.252     0.01493  -1	  -0.0405074    -0.0491371
     D2B4J-a91a      0.038     0.031       0.106     0.550     -0.210     0.673      0.578     0.627      0.894     0.382    0.516     0.394   0.700     0.164      0.573     0.01937  -1	  -0.0454289     0.0345987
     D2B4J-a91b      0.043     0.040       0.113     0.637     -0.223     0.698      0.593     0.635      0.697     0.349    0.481     0.388   0.718     0.168      0.100     0.00728  -1	   0.0246170     0.0201491
     D2B4J-a91c      0.030     0.047       0.161     0.636      0.284     0.653      0.469     0.459      0.948     0.422    0.514     0.432   0.816     0.134      0.379     0.01422  -1	   0.0491326     0.0164621
     D2B4J-a91d      0.037     0.030       0.100     0.630      0.026     0.653      0.566     0.557      0.835     0.395    0.510     0.410   0.725     0.175      0.601     0.02055  -1	  -0.0471913    -0.0245987
     D2B4J-a92a      0.042     0.033       0.119     0.647      0.337     0.670      0.595     0.602      0.536     0.335    0.476     0.380   0.816     0.141      0.614     0.01114  -1	   0.1855927    -0.0296436
     D2B4J-a92b      0.042     0.032       0.119     0.651      0.393     0.664      0.613     0.627      0.628     0.316    0.459     0.374   0.903     0.147      0.614     0.01114  -1	   0.1554834    -0.0763816
     D2B4J-a92c      0.042     0.040       0.116     0.575      0.284     0.658      0.624     0.658      0.480     0.341    0.456     0.401   0.798     0.154      0.315     0.01055  -1	   0.0753086    -0.0645309
     D2B4J-a92d      0.043     0.039       0.132     0.730      0.066     0.638      0.519     0.606      0.330     0.331    0.462     0.385   0.841     0.134      0.399     0.01077  -1	   0.1724444    -0.0106849
     D2B4J-a93a      0.040     0.041       0.142     0.740      0.132     0.653      0.521     0.608      0.418     0.353    0.518     0.365   0.851     0.138      0.401     0.01100  -1	   0.1408927    -0.0478256
     D2B4J-a93b      0.041     0.038       0.132     0.591      0.229     0.658      0.545     0.655      0.591     0.361    0.512     0.376   0.767     0.131      0.341     0.01081  -1	   0.0448614    -0.0563664
     D2B4J-a93c      0.027     0.061       0.184     0.596     -0.010     0.622      0.559     0.595      0.738     0.387    0.533     0.385   0.554     0.109      0.324     0.01594  -1	   0.0145237    -0.0388712
     D2B4J-a93d      0.042     0.041       0.142     0.749      0.141     0.639      0.513     0.601      0.355     0.344    0.491     0.377   0.851     0.141      0.401     0.01095  -1	   0.1756228    -0.0325246
     D2B4J-a94a      0.039     0.045       0.135     0.573      0.253     0.682      0.498     0.362      0.801     0.353    0.461     0.409   0.798     0.141      0.090     0.00687  -1	   0.0398580     0.0907068
     D2B4J-a94b      0.043     0.049       0.145     0.635      0.027     0.657      0.534     0.618      0.506     0.352    0.518     0.364   0.725     0.117      0.162     0.01359  -1	   0.0314484    -0.0172023
     D2B4J-a94c      0.041     0.036       0.113     0.745      0.036     0.679      0.600     0.660      0.786     0.338    0.458     0.397   0.805     0.141      0.006     0.00800  -1	  -0.0242308     0.0098178
     D2B4J-a94d      0.040     0.051       0.142     0.610      0.293     0.678      0.475     0.355      0.556     0.390    0.517     0.401   0.825     0.145      0.052     0.00695  -1	   0.0453908     0.0891203
     D2B4J-a95a      0.039     0.048       0.155     0.585      0.348     0.648      0.452     0.269      0.494     0.607    0.482     0.629   0.798     0.115      0.104     0.00697  -1	   0.0946642     0.2389353
     D2B4J-a95b      0.040     0.049       0.132     0.625      0.284     0.676      0.491     0.379      0.582     0.364    0.498     0.390   0.816     0.146      0.090     0.00692  -1	   0.0430913     0.0766153
     D2B4J-a95c      0.037     0.042       0.123     0.659      0.171     0.669      0.596     0.588      0.620     0.390    0.505     0.410   0.794     0.152      0.131     0.00712  -1	  -0.0027817    -0.0270394
     D2B4J-a95d      0.037     0.038       0.126     0.686      0.321     0.685      0.508     0.322      0.777     0.389    0.522     0.394   0.872     0.130      0.073     0.00627  -1	   0.0315500     0.1407169
     D2B4J-a96a      0.037     0.063       0.174     0.507      0.002     0.656      0.487     0.424      0.610     0.419    0.479     0.458   0.434     0.111      0.104     0.00682  -1	   0.0430310     0.0681850
     D2B4J-a96b      0.044     0.043       0.132     0.623      0.238     0.690      0.514     0.424      0.746     0.365    0.493     0.395   0.784     0.128     -0.066     0.00741  -1	   0.0316320     0.0532652
     D2B4J-a96c      0.042     0.034       0.103     0.701      0.153     0.665      0.513     0.453      0.753     0.388    0.503     0.409   0.819     0.189      0.059     0.00653  -1	  -0.0429224     0.0116710
     D2B4J-a96d      0.041     0.046       0.113     0.685     -0.053     0.699      0.527     0.446      0.247     0.370    0.515     0.383   0.812     0.148      0.109     0.00595  -1	   0.0909829     0.1562218
     D2B4J-a97a      0.044     0.041       0.123     0.696     -0.043     0.695      0.547     0.401      0.975     0.371    0.481     0.411   0.852     0.147      0.486     0.00569  -1	  -0.0410662     0.0404306
     D2B4J-a97b      0.040     0.049       0.139     0.470     -0.018     0.658      0.569     0.416      0.793     0.347    0.503     0.370   0.652     0.129      0.254     0.00713  -1	   0.0056151     0.0930011
     D2B4J-a97c      0.040     0.051       0.165     0.693     -0.036     0.648      0.553     0.514      0.891     0.360    0.481     0.401   0.747     0.114      0.466     0.00707  -1	  -0.0117722    -0.0329431
     D2B4J-a97d      0.042     0.054       0.165     0.578      0.225     0.681      0.494     0.383      0.734     0.417    0.510     0.431   0.661     0.122      0.210     0.00713  -1	   0.0745699     0.0891495
     D2B4J-a98a      0.035     0.062       0.181     0.612      0.200     0.648      0.535     0.403      0.660     0.435    0.537     0.427   0.787     0.098      0.572     0.00700  -1	   0.1718638     0.0576126
     D2B4J-a98b      0.038     0.058       0.171     0.634      0.256     0.672      0.486     0.373      0.987     0.455    0.493     0.479   0.825     0.107      0.070     0.00777  -1	   0.1198532     0.0591185
     D2B4J-a98c      0.027     0.067       0.194     0.615      0.167     0.653      0.599     0.593      0.999     0.509    0.479     0.541   0.778     0.090      0.657     0.00709  -1	   0.1237770    -0.0926671
     D2B4J-a98d      0.034     0.061       0.184     0.638      0.178     0.640      0.502     0.367      0.858     0.383    0.472     0.430   0.778     0.093      0.572     0.00698  -1	   0.0818454     0.0337273
     D2B4J-a99a      0.038     0.051       0.171     0.674      0.544     0.646      0.485     0.420      0.630     0.413    0.481     0.451   0.908     0.120      0.287     0.00773  -1	   0.2519256     0.1259445
     D2B4J-a99b      0.035     0.043       0.152     0.656      0.539     0.647      0.517     0.435      0.882     0.353    0.472     0.401   0.896     0.130      0.195     0.00755  -1	   0.1563852     0.0682407
     D2B4J-a99c      0.033     0.051       0.145     0.666     -0.634     0.687      0.599     0.572      0.846     0.350    0.448     0.416   0.464     0.129      0.005     0.00854  -1	   0.2450657     0.0674044
     D2B4J-a99d      0.037     0.054       0.165     0.625      0.088     0.669      0.574     0.511      0.886     0.361    0.486     0.397   0.738     0.104      0.072     0.00744  -1	   0.0341675     0.0066546
      D2B4J-a9a      0.041     0.050       0.152     0.661      0.688     0.670      0.427     0.516      0.172     0.425    0.578     0.385   0.713     0.133      0.088     0.01159  -1	   0.4164884     0.1755014
      D2B4J-a9b      0.039     0.056       0.152     0.617     -0.194     0.673      0.518     0.588      0.815     0.395    0.499     0.418   0.664     0.109      0.106     0.01117  -1	   0.0423228     0.0327006
      D2B4J-a9c      0.038     0.056       0.174     0.722      0.558     0.663      0.449     0.505      0.481     0.383    0.496     0.411   0.944     0.103      0.154     0.00909  -1	   0.2775120     0.0415140
      D2B4J-a9d      0.033     0.054       0.174     0.652      0.297     0.663      0.516     0.625      0.790     0.374    0.514     0.387   0.892     0.107      0.209     0.01597  -1	   0.0709519    -0.0687170
