      D1AHW-a9d      0.018     0.041       0.157     0.686     -0.041     0.928      0.541     0.473      0.538     0.641    0.488     0.655   0.852     0.088      0.272     0.02133  -1	   0.0336702     0.0674762
      D1AHW-a0a      0.022     0.043       0.154     0.671      0.467     0.916      0.527     0.414      0.093     0.641    0.500     0.646   0.891     0.101      0.257     0.76494   1	   0.4439807     0.4732504
      D1AHW-a0b      0.022     0.055       0.210     0.660      0.085     0.911      0.613     0.484      0.931     0.601    0.495     0.613   0.805     0.068      0.158     0.01677  -1	   0.1638188     0.0904584
      D1AHW-a0c      0.020     0.055       0.194     0.591     -0.215     0.900      0.576     0.440      0.063     0.640    0.509     0.638   0.444     0.083      0.161     0.01803  -1	   0.0141673     0.0800950
      D1AHW-a0d      0.017     0.043       0.154     0.691      0.416     0.916      0.516     0.410      0.085     0.648    0.485     0.664   0.878     0.100      0.267     0.78973   1	   0.4038829     0.4284718
    D1AHW-a100a      0.019     0.056       0.231     0.534      0.227     0.908      0.524     0.576      0.262     0.601    0.466     0.635   0.508     0.065      0.187     0.00455  -1	   0.1745814     0.0662141
    D1AHW-a100b      0.020     0.053       0.208     0.549      0.276     0.909      0.559     0.647      0.071     0.617    0.497     0.626   0.546     0.064      0.146     0.00423  -1	   0.1857718     0.0250929
    D1AHW-a100c      0.021     0.049       0.199     0.602      0.178     0.912      0.529     0.566      0.157     0.624    0.478     0.647   0.739     0.072      0.235     0.00451  -1	   0.1695615     0.0478079
    D1AHW-a100d      0.020     0.054       0.206     0.536      0.293     0.908      0.538     0.625      0.246     0.605    0.479     0.629   0.546     0.065      0.151     0.00425  -1	   0.1883507     0.0537316
    D1AHW-a101a      0.018     0.051       0.203     0.596      0.142     0.909      0.574     0.660      0.131     0.610    0.492     0.623   0.587     0.063      0.152     0.00416  -1	   0.1031218    -0.0194281
    D1AHW-a101b      0.018     0.034       0.143     0.675      0.051     0.926      0.603     0.660      0.759     0.586    0.478     0.613   0.817     0.100      0.170     0.00339  -1	   0.0313697    -0.0019542
    D1AHW-a101c      0.018     0.062       0.236     0.642      0.211     0.909      0.486     0.523      0.471     0.635    0.502     0.639   0.787     0.064      0.182     0.00469  -1	   0.2103359     0.1099600
    D1AHW-a101d      0.021     0.049       0.182     0.639     -0.049     0.923      0.545     0.576      0.061     0.629    0.481     0.649   0.796     0.073      0.196     0.00460  -1	   0.0646314    -0.0314310
    D1AHW-a102a      0.020     0.027       0.105     0.615      0.035     0.935      0.632     0.734      0.739     0.618    0.478     0.641   0.725     0.139      0.320     0.00308  -1	   0.0218579    -0.0356584
    D1AHW-a102b      0.022     0.040       0.152     0.614      0.029     0.936      0.530     0.554      0.373     0.618    0.494     0.629   0.725     0.087      0.272     0.00271  -1	   0.0529063     0.0331099
    D1AHW-a102c      0.018     0.034       0.140     0.585      0.048     0.936      0.594     0.617      0.507     0.610    0.481     0.632   0.708     0.106      0.191     0.00350  -1	  -0.0037936    -0.0148776
    D1AHW-a102d      0.019     0.027       0.110     0.598      0.080     0.939      0.629     0.722      0.790     0.612    0.491     0.626   0.744     0.138      0.290     0.00307  -1	   0.0398145    -0.0148089
    D1AHW-a103a      0.018     0.026       0.096     0.596      0.420     0.939      0.629     0.722      0.261     0.638    0.484     0.656   0.804     0.144      0.144     0.00279  -1	   0.1699267     0.0537838
    D1AHW-a103b      0.022     0.034       0.145     0.598     -0.199     0.931      0.586     0.637      0.500     0.642    0.477     0.664   0.684     0.086      0.180     0.00321  -1	  -0.0721562    -0.0543352
    D1AHW-a103c      0.022     0.034       0.117     0.735     -0.003     0.928      0.606     0.688      0.590     0.634    0.500     0.640   0.876     0.109      0.232     0.00369  -1	   0.0262835    -0.0460587
    D1AHW-a103d      0.021     0.028       0.107     0.576     -0.100     0.946      0.635     0.774      0.311     0.600    0.460     0.638   0.738     0.138      0.119     0.00289  -1	  -0.0948506    -0.1499529
    D1AHW-a104a      0.023     0.040       0.180     0.580      0.029     0.924      0.595     0.642      0.441     0.610    0.488     0.626   0.708     0.080      0.162     0.00354  -1	   0.0046308    -0.0291369
    D1AHW-a104b      0.019     0.044       0.173     0.630      0.176     0.920      0.591     0.648      0.060     0.618    0.499     0.625   0.739     0.087      0.178     0.00353  -1	   0.1426134     0.0044900
    D1AHW-a104c      0.023     0.038       0.143     0.707      0.255     0.917      0.513     0.509      0.110     0.622    0.486     0.639   0.896     0.102      0.146     0.00295  -1	   0.1730746     0.1559903
    D1AHW-a104d      0.022     0.046       0.185     0.649      0.199     0.928      0.556     0.635      0.003     0.600    0.480     0.623   0.739     0.078      0.192     0.00356  -1	   0.2019350     0.0222130
    D1AHW-a105a      0.021     0.045       0.192     0.630      0.124     0.915      0.570     0.637      0.060     0.626    0.494     0.637   0.771     0.073      0.188     0.00357  -1	   0.1255121    -0.0176272
    D1AHW-a105b      0.023     0.040       0.150     0.626      0.308     0.917      0.529     0.550      0.169     0.615    0.483     0.635   0.816     0.100      0.191     0.00291  -1	   0.2004842     0.1239663
    D1AHW-a105c      0.022     0.037       0.164     0.594     -0.021     0.922      0.619     0.701      0.327     0.603    0.504     0.608   0.778     0.074      0.186     0.00381  -1	  -0.0163480    -0.0942051
    D1AHW-a105d      0.021     0.035       0.157     0.577      0.197     0.927      0.543     0.506      0.455     0.607    0.500     0.616   0.721     0.091      0.181     0.00301  -1	   0.0814919     0.1268673
    D1AHW-a106a      0.016     0.047       0.182     0.552     -0.005     0.917      0.587     0.691      0.200     0.634    0.454     0.674   0.778     0.088      0.192     0.00475  -1	   0.0080948    -0.1302790
    D1AHW-a106b      0.018     0.041       0.161     0.649     -0.161     0.925      0.578     0.673      0.160     0.612    0.489     0.628   0.701     0.091      0.188     0.00359  -1	  -0.0041329    -0.0948058
    D1AHW-a106c      0.022     0.052       0.215     0.628      0.150     0.923      0.572     0.624      0.178     0.650    0.498     0.656   0.778     0.061      0.280     0.00411  -1	   0.2092369     0.0156252
    D1AHW-a106d      0.021     0.049       0.213     0.497      0.102     0.914      0.590     0.686      0.531     0.614    0.486     0.632   0.627     0.062      0.113     0.00400  -1	   0.0536657    -0.0047435
    D1AHW-a107a      0.020     0.046       0.178     0.561      0.335     0.919      0.568     0.648      0.313     0.610    0.490     0.626   0.798     0.078      0.333     0.00403  -1	   0.2946382     0.0686183
    D1AHW-a107b      0.020     0.043       0.166     0.649      0.179     0.922      0.557     0.667      0.236     0.634    0.496     0.643   0.739     0.082      0.090     0.00434  -1	   0.0694814    -0.0146920
    D1AHW-a107c      0.021     0.047       0.185     0.548      0.154     0.920      0.521     0.622      0.133     0.617    0.509     0.617   0.659     0.095      0.289     0.00369  -1	   0.1703277    -0.0046097
    D1AHW-a107d      0.022     0.038       0.157     0.587     -0.392     0.921      0.586     0.651      0.290     0.615    0.484     0.634   0.626     0.107      0.310     0.00387  -1	   0.0098507    -0.0721800
    D1AHW-a108a      0.014     0.041       0.166     0.718      0.067     0.922      0.585     0.467      0.877     0.646    0.509     0.644   0.841     0.080      0.147     0.02815  -1	   0.0939430     0.1090249
    D1AHW-a108b      0.022     0.041       0.159     0.533      0.205     0.923      0.562     0.447      0.434     0.601    0.499     0.610   0.705     0.089      0.226     0.03156  -1	   0.1069684     0.1723796
    D1AHW-a108c      0.021     0.047       0.175     0.626     -0.222     0.917      0.596     0.564      0.986     0.676    0.487     0.688   0.718     0.082      0.068     0.01970  -1	   0.0553981     0.0121309
    D1AHW-a108d      0.019     0.043       0.161     0.545      0.229     0.911      0.562     0.456      0.309     0.627    0.495     0.637   0.705     0.091      0.381     0.03160  -1	   0.2120420     0.2025714
    D1AHW-a109a      0.022     0.041       0.164     0.658     -0.247     0.923      0.590     0.678      0.412     0.594    0.476     0.621   0.773     0.087      0.211     0.00360  -1	  -0.0333143    -0.0985190
    D1AHW-a109b      0.020     0.042       0.178     0.612      0.248     0.916      0.571     0.624      0.102     0.624    0.475     0.649   0.784     0.077      0.175     0.00356  -1	   0.1601133     0.0350307
    D1AHW-a109c      0.020     0.044       0.161     0.649     -0.228     0.923      0.573     0.686      0.548     0.590    0.491     0.606   0.718     0.082      0.190     0.00362  -1	  -0.0418367    -0.0755888
    D1AHW-a109d      0.021     0.039       0.154     0.680     -0.168     0.925      0.575     0.644      0.191     0.589    0.489     0.606   0.757     0.091      0.216     0.00356  -1	   0.0174340    -0.0698355
     D1AHW-a10a      0.017     0.030       0.124     0.685      0.101     0.932      0.564     0.619      0.342     0.595    0.498     0.606   0.827     0.129      0.241     0.01299  -1	   0.0625233     0.0018623
     D1AHW-a10b      0.014     0.045       0.189     0.509     -0.131     0.922      0.619     0.722      0.430     0.600    0.499     0.610   0.653     0.077      0.239     0.01555  -1	  -0.0379825    -0.1143336
     D1AHW-a10c      0.010     0.034       0.136     0.666     -0.018     0.915      0.573     0.650      0.700     0.650    0.495     0.658   0.852     0.107      0.189     0.02700  -1	  -0.0077787    -0.0235398
     D1AHW-a10d      0.018     0.044       0.166     0.722      0.396     0.916      0.511     0.401      0.114     0.658    0.502     0.659   0.928     0.097      0.274     0.73507   1	   0.4221011     0.4441890
     D1AHW-a11a      0.012     0.035       0.124     0.720      0.166     0.924      0.586     0.606      0.930     0.670    0.497     0.675   0.819     0.122      0.118     0.02339  -1	   0.1398777     0.0730888
     D1AHW-a11b      0.013     0.041       0.171     0.613      0.288     0.916      0.524     0.524      0.145     0.642    0.494     0.653   0.816     0.085      0.359     0.01197  -1	   0.3035872     0.1757903
     D1AHW-a11c      0.018     0.030       0.121     0.677      0.118     0.926      0.614     0.671      0.171     0.583    0.471     0.615   0.827     0.113      0.168     0.02471  -1	   0.0490591    -0.0294901
     D1AHW-a11d      0.010     0.032       0.119     0.683      0.222     0.927      0.567     0.585      0.117     0.676    0.471     0.700   0.840     0.122      0.130     0.02425  -1	   0.0796674     0.0645232
     D1AHW-a12a      0.020     0.032       0.140     0.482     -0.459     0.924      0.656     0.676      0.983     0.664    0.497     0.669   0.483     0.096      0.230     0.01735  -1	   0.0050993     0.0007136
     D1AHW-a12b      0.014     0.031       0.126     0.723      0.034     0.921      0.600     0.653      0.598     0.629    0.512     0.626   0.805     0.122      0.194     0.01880  -1	   0.0132840    -0.0098260
     D1AHW-a12c      0.020     0.042       0.154     0.675     -0.368     0.918      0.596     0.476      0.515     0.660    0.494     0.668   0.699     0.094      0.236     0.01758  -1	  -0.0253965     0.0182111
     D1AHW-a12d      0.019     0.053       0.178     0.711     -0.423     0.918      0.548     0.381      0.473     0.655    0.534     0.634   0.000     0.091      0.212     0.02278  -1	  -0.0064786     0.0161629
     D1AHW-a13a      0.019     0.050       0.192     0.640     -0.178     0.906      0.532     0.509      0.066     0.625    0.494     0.636   0.701     0.081      0.263     0.01283  -1	   0.0895973     0.0368659
     D1AHW-a13b      0.017     0.032       0.124     0.735      0.144     0.914      0.590     0.635      0.565     0.620    0.481     0.641   0.851     0.125      0.192     0.01366  -1	   0.0705359     0.0233954
     D1AHW-a13c      0.019     0.028       0.126     0.579      0.295     0.917      0.565     0.581      0.491     0.658    0.533     0.637   0.798     0.111      0.241     0.01009  -1	   0.1458940     0.1375103
     D1AHW-a13d      0.018     0.050       0.185     0.679     -0.330     0.913      0.520     0.431      0.529     0.666    0.486     0.679   0.812     0.083      0.163     0.03102  -1	  -0.0339414     0.0364850
     D1AHW-a14a      0.018     0.052       0.194     0.628     -0.241     0.912      0.501     0.396      0.304     0.660    0.524     0.646   0.570     0.077      0.332     0.03618  -1	   0.0532314     0.1155099
     D1AHW-a14b      0.018     0.049       0.185     0.674     -0.348     0.920      0.511     0.416      0.460     0.659    0.488     0.672   0.812     0.082      0.164     0.03098  -1	  -0.0399924     0.0511127
     D1AHW-a14c      0.019     0.033       0.121     0.752     -0.255     0.931      0.614     0.681      0.067     0.642    0.472     0.667   0.730     0.108      0.091     0.01010  -1	  -0.0206109    -0.0428101
     D1AHW-a14d      0.020     0.030       0.114     0.714     -0.317     0.925      0.597     0.635      0.321     0.656    0.498     0.661   0.836     0.135      0.172     0.00973  -1	  -0.0306753    -0.0541947
     D1AHW-a15a      0.021     0.046       0.187     0.671     -0.203     0.920      0.586     0.573      0.895     0.652    0.523     0.640   0.773     0.073      0.090     0.02080  -1	   0.0073806     0.0067413
     D1AHW-a15b      0.021     0.048       0.175     0.631     -0.137     0.912      0.581     0.532      0.967     0.647    0.485     0.662   0.732     0.078      0.065     0.01972  -1	   0.0655165     0.0276949
     D1AHW-a15c      0.022     0.048       0.187     0.674     -0.229     0.912      0.586     0.568      0.954     0.646    0.488     0.659   0.773     0.075      0.066     0.02023  -1	   0.0341052     0.0100781
     D1AHW-a15d      0.021     0.032       0.121     0.742     -0.230     0.927      0.578     0.625      0.118     0.677    0.489     0.687   0.798     0.122      0.065     0.00995  -1	  -0.0473765    -0.0295729
     D1AHW-a16a      0.018     0.050       0.178     0.573     -0.212     0.923      0.554     0.458      0.997     0.679    0.538     0.655   0.700     0.085      0.298     0.01769  -1	   0.0516353     0.0927792
     D1AHW-a16b      0.023     0.037       0.145     0.587      0.037     0.928      0.555     0.394      0.949     0.661    0.524     0.647   0.708     0.097      0.302     0.01472  -1	   0.1030008     0.1870338
     D1AHW-a16c      0.023     0.021       0.091     0.649      0.181     0.937      0.599     0.539      0.372     0.591    0.480     0.616   0.739     0.140      0.460     0.01410  -1	   0.1712903     0.1463630
     D1AHW-a16d      0.025     0.034       0.138     0.671      0.054     0.926      0.557     0.401      0.851     0.638    0.494     0.647   0.817     0.100      0.269     0.01458  -1	   0.0815618     0.1718185
     D1AHW-a17a      0.024     0.031       0.119     0.639      0.157     0.927      0.564     0.590      0.565     0.597    0.478     0.623   0.739     0.123      0.171     0.01622  -1	   0.0531217     0.0477778
     D1AHW-a17b      0.021     0.040       0.154     0.621      0.038     0.918      0.629     0.625      0.611     0.600    0.469     0.632   0.725     0.100      0.157     0.01563  -1	   0.0205480    -0.0168143
     D1AHW-a17c      0.023     0.040       0.164     0.653      0.244     0.928      0.588     0.535      0.650     0.653    0.533     0.632   0.840     0.083      0.155     0.02428  -1	   0.1730219     0.1577069
     D1AHW-a17d      0.025     0.030       0.114     0.626      0.036     0.918      0.602     0.638      0.243     0.584    0.481     0.609   0.725     0.120      0.125     0.01628  -1	  -0.0261289    -0.0360604
     D1AHW-a18a      0.025     0.032       0.147     0.611      0.081     0.927      0.587     0.540      0.070     0.615    0.501     0.622   0.761     0.089      0.152     0.03168  -1	   0.0303160     0.0781498
     D1AHW-a18b      0.021     0.040       0.161     0.590      0.033     0.915      0.618     0.606      0.710     0.636    0.487     0.651   0.708     0.094      0.105     0.02305  -1	   0.0275274     0.0041085
     D1AHW-a18c      0.019     0.052       0.192     0.540     -0.200     0.916      0.559     0.449      0.903     0.631    0.506     0.632   0.384     0.076      0.405     0.01789  -1	   0.0371043     0.0588476
     D1AHW-a18d      0.022     0.041       0.168     0.604      0.119     0.921      0.597     0.574      0.577     0.629    0.483     0.647   0.771     0.092      0.151     0.02328  -1	   0.0629767     0.0398818
     D1AHW-a19a      0.028     0.044       0.180     0.576     -0.019     0.921      0.582     0.581      0.048     0.618    0.472     0.646   0.778     0.085      0.150     0.02308  -1	   0.0179249    -0.0336220
     D1AHW-a19b      0.019     0.059       0.196     0.598     -0.247     0.903      0.550     0.451      0.238     0.638    0.513     0.633   0.444     0.078      0.194     0.01817  -1	   0.0065154     0.0353286
     D1AHW-a19c      0.027     0.045       0.175     0.617      0.050     0.915      0.575     0.576      0.049     0.620    0.478     0.643   0.761     0.081      0.176     0.02451  -1	   0.0796567     0.0075531
     D1AHW-a19d      0.019     0.045       0.180     0.618      0.281     0.918      0.506     0.439      0.260     0.620    0.495     0.631   0.816     0.085      0.283     0.01330  -1	   0.2500619     0.2450205
      D1AHW-a1a      0.017     0.043       0.159     0.719      0.411     0.909      0.497     0.391      0.225     0.658    0.509     0.655   0.902     0.103      0.254     0.76322   1	   0.3841171     0.4272843
      D1AHW-a1b      0.016     0.043       0.159     0.711      0.440     0.912      0.510     0.389      0.903     0.700    0.558     0.658   0.902     0.099      0.242     0.76389   1	   0.4420368     0.4319081
      D1AHW-a1c      0.018     0.034       0.133     0.537      0.299     0.920      0.572     0.502      0.504     0.639    0.520     0.629   0.737     0.120      0.144     0.16984  -1	   0.1133701     0.1590643
      D1AHW-a1d      0.022     0.045       0.166     0.610      0.064     0.923      0.553     0.436      0.383     0.636    0.490     0.648   0.761     0.079      0.343     0.06252  -1	   0.1194442     0.1462714
     D1AHW-a20a      0.018     0.054       0.196     0.568     -0.263     0.909      0.560     0.458      0.047     0.626    0.500     0.632   0.389     0.083      0.185     0.01827  -1	   0.0119215     0.0580742
     D1AHW-a20b      0.020     0.031       0.136     0.594      0.330     0.936      0.554     0.525      0.575     0.632    0.516     0.626   0.798     0.112      0.253     0.02130  -1	   0.2067501     0.2107923
     D1AHW-a20c      0.018     0.054       0.187     0.589     -0.286     0.903      0.607     0.471      0.986     0.651    0.511     0.647   0.389     0.080      0.132     0.04158  -1	   0.0468219    -0.0114566
     D1AHW-a20d      0.025     0.048       0.187     0.609      0.117     0.905      0.528     0.381      0.687     0.620    0.494     0.632   0.771     0.073      0.136     0.01751  -1	   0.0995557     0.1735723
     D1AHW-a21a      0.019     0.031       0.124     0.619      0.260     0.936      0.561     0.446      0.903     0.631    0.500     0.638   0.816     0.098      0.199     0.03401  -1	   0.1919762     0.2311841
     D1AHW-a21b      0.024     0.029       0.114     0.702      0.225     0.944      0.591     0.448      0.376     0.583    0.473     0.613   0.864     0.145      0.039     0.01242  -1	   0.0436228     0.1853636
     D1AHW-a21c      0.017     0.041       0.152     0.693      0.554     0.918      0.519     0.403      0.054     0.610    0.476     0.636   0.889     0.111      0.280     0.77938   1	   0.5604088     0.5874937
     D1AHW-a21d      0.020     0.036       0.138     0.576      0.108     0.934      0.544     0.486      0.967     0.640    0.518     0.632   0.753     0.114      0.329     0.04838  -1	   0.1326062     0.1626029
     D1AHW-a22a      0.017     0.043       0.161     0.695      0.361     0.914      0.512     0.407      0.184     0.656    0.496     0.662   0.903     0.102      0.239     0.73441   1	   0.3201359     0.3625418
     D1AHW-a22b      0.018     0.030       0.119     0.533      0.225     0.947      0.599     0.563      0.339     0.595    0.471     0.626   0.705     0.131      0.186     0.02700  -1	   0.0477213     0.0613298
     D1AHW-a22c      0.021     0.032       0.126     0.676      0.117     0.934      0.578     0.508      0.685     0.636    0.488     0.651   0.827     0.105      0.334     0.04942  -1	   0.1033956     0.1141810
     D1AHW-a22d      0.022     0.033       0.133     0.577      0.161     0.927      0.557     0.478      0.730     0.655    0.498     0.661   0.721     0.109      0.446     0.05457  -1	   0.1520417     0.1781969
     D1AHW-a23a      0.008     0.033       0.157     0.534     -0.070     0.928      0.612     0.700      0.586     0.657    0.521     0.645   0.677     0.089      0.206     0.02101  -1	  -0.0562727    -0.0578416
     D1AHW-a23b      0.009     0.046       0.189     0.626     -0.162     0.922      0.563     0.613      0.055     0.730    0.605     0.655   0.701     0.076      0.228     0.01776  -1	   0.0474234    -0.0455037
     D1AHW-a23c      0.010     0.045       0.185     0.650     -0.159     0.925      0.561     0.607      0.201     0.639    0.519     0.630   0.757     0.086      0.206     0.01809  -1	  -0.0003451    -0.0671332
     D1AHW-a23d      0.014     0.041       0.178     0.520     -0.183     0.925      0.611     0.716      0.495     0.600    0.478     0.626   0.622     0.088      0.234     0.01564  -1	  -0.0573126    -0.0983859
     D1AHW-a24a      0.008     0.057       0.210     0.622      0.210     0.902      0.554     0.569      0.263     0.676    0.511     0.670   0.787     0.070      0.097     0.01155  -1	   0.1141165     0.0430751
     D1AHW-a24b      0.017     0.044       0.175     0.616      0.220     0.920      0.533     0.466      0.221     0.645    0.515     0.638   0.784     0.077      0.415     0.01174  -1	   0.3000851     0.2246136
     D1AHW-a24c      0.009     0.045       0.187     0.638     -0.188     0.915      0.560     0.602      0.284     0.773    0.667     0.653   0.701     0.082      0.233     0.01808  -1	   0.0214327    -0.0212267
     D1AHW-a24d      0.014     0.032       0.136     0.592      0.013     0.920      0.608     0.682      0.350     0.611    0.483     0.632   0.708     0.117      0.246     0.02070  -1	  -0.0046087    -0.0736432
     D1AHW-a25a      0.013     0.037       0.157     0.569      0.346     0.924      0.580     0.619      0.349     0.648    0.494     0.657   0.798     0.086      0.236     0.01279  -1	   0.2086326     0.1118783
     D1AHW-a25b      0.011     0.037       0.157     0.568      0.274     0.920      0.582     0.622      0.454     0.653    0.506     0.653   0.798     0.080      0.225     0.01245  -1	   0.1446210     0.0758921
     D1AHW-a25c      0.011     0.041       0.173     0.646      0.204     0.924      0.552     0.560      0.219     0.630    0.490     0.644   0.784     0.081      0.259     0.01223  -1	   0.1724199     0.0907979
     D1AHW-a25d      0.015     0.041       0.161     0.587      0.105     0.908      0.587     0.629      0.214     0.654    0.494     0.663   0.753     0.101      0.257     0.00945  -1	   0.0856443    -0.0277500
     D1AHW-a26a      0.014     0.026       0.119     0.594      0.224     0.907      0.616     0.641      0.577     0.635    0.483     0.653   0.767     0.110      0.123     0.01422  -1	   0.0424978     0.0354173
     D1AHW-a26b      0.019     0.037       0.140     0.655     -0.080     0.931      0.550     0.608      0.070     0.666    0.481     0.682   0.812     0.116      0.223     0.00770  -1	   0.0476546    -0.0399378
     D1AHW-a26c      0.012     0.051       0.208     0.693     -0.018     0.907      0.529     0.586      0.312     0.667    0.535     0.644   0.747     0.073      0.328     0.01063  -1	   0.1383346    -0.0035877
     D1AHW-a26d      0.013     0.044       0.164     0.604      0.024     0.919      0.584     0.637      0.317     0.618    0.494     0.629   0.725     0.092      0.204     0.00930  -1	   0.0222590    -0.0556007
     D1AHW-a27a      0.019     0.033       0.129     0.677      0.155     0.917      0.561     0.594      0.050     0.582    0.478     0.609   0.794     0.111      0.306     0.00966  -1	   0.2087035     0.0730168
     D1AHW-a27b      0.019     0.031       0.119     0.619      0.183     0.934      0.592     0.619      0.603     0.610    0.473     0.638   0.739     0.109      0.218     0.01803  -1	   0.0778979     0.0440448
     D1AHW-a27c      0.007     0.025       0.121     0.649      0.100     0.902      0.605     0.668      0.392     0.921    0.571     0.891   0.771     0.127      0.195     0.01420  -1	  -0.0019826     0.0134804
     D1AHW-a27d      0.016     0.041       0.161     0.629     -0.064     0.914      0.534     0.599      0.282     0.577    0.453     0.623   0.756     0.087      0.303     0.00855  -1	   0.0453791    -0.0402439
     D1AHW-a28a      0.020     0.029       0.114     0.680      0.060     0.932      0.558     0.574      0.257     0.634    0.502     0.638   0.817     0.117      0.182     0.00833  -1	   0.0218840     0.0332488
     D1AHW-a28b      0.024     0.030       0.121     0.698     -0.104     0.929      0.580     0.514      0.635     0.623    0.475     0.648   0.788     0.119      0.356     0.01033  -1	   0.0125828     0.0438984
     D1AHW-a28c      0.017     0.035       0.136     0.720      0.085     0.933      0.582     0.546      0.447     0.618    0.477     0.641   0.841     0.106      0.239     0.00874  -1	   0.0710450     0.0603843
     D1AHW-a28d      0.026     0.041       0.185     0.632      0.170     0.911      0.539     0.527      0.591     0.642    0.476     0.664   0.739     0.069      0.277     0.00707  -1	   0.1578286     0.1312822
     D1AHW-a29a      0.023     0.031       0.124     0.760     -0.258     0.926      0.592     0.627      0.240     0.631    0.476     0.655   0.730     0.118      0.075     0.00978  -1	  -0.0539617    -0.0252890
     D1AHW-a29b      0.016     0.035       0.136     0.718      0.099     0.937      0.597     0.568      0.466     0.617    0.479     0.640   0.841     0.103      0.243     0.00868  -1	   0.0764064     0.0498756
     D1AHW-a29c      0.023     0.030       0.119     0.749     -0.237     0.930      0.593     0.630      0.113     0.628    0.488     0.643   0.798     0.114      0.120     0.00976  -1	  -0.0119235    -0.0187539
     D1AHW-a29d      0.016     0.027       0.114     0.642      0.300     0.929      0.555     0.486      0.344     0.634    0.496     0.643   0.816     0.142      0.203     0.00793  -1	   0.1370236     0.2109944
      D1AHW-a2a      0.022     0.041       0.140     0.661     -0.381     0.917      0.614     0.538      0.784     0.644    0.496     0.652   0.699     0.104      0.225     0.01887  -1	  -0.0187884    -0.0066994
      D1AHW-a2b      0.019     0.042       0.157     0.652     -0.308     0.917      0.599     0.467      0.855     0.659    0.513     0.653   0.812     0.093      0.229     0.01798  -1	  -0.0131528     0.0363671
      D1AHW-a2c      0.023     0.040       0.138     0.716     -0.366     0.913      0.600     0.514      0.379     0.620    0.481     0.641   0.724     0.112      0.212     0.01909  -1	   0.0006928     0.0148456
      D1AHW-a2d      0.022     0.042       0.171     0.597      0.174     0.930      0.556     0.455      0.308     0.649    0.485     0.664   0.721     0.087      0.176     0.06698  -1	   0.0938609     0.1543954
     D1AHW-a30a      0.018     0.046       0.171     0.629      0.221     0.926      0.555     0.460      0.573     0.621    0.509     0.621   0.784     0.082      0.201     0.03122  -1	   0.1616337     0.1723706
     D1AHW-a30b      0.019     0.045       0.187     0.672      0.059     0.913      0.563     0.625      0.035     0.601    0.473     0.631   0.817     0.072      0.185     0.01063  -1	   0.1105060    -0.0306721
     D1AHW-a30c      0.021     0.047       0.168     0.661      0.098     0.915      0.533     0.403      0.048     0.662    0.526     0.647   0.817     0.081      0.358     0.06182  -1	   0.2702306     0.2838695
     D1AHW-a30d      0.023     0.036       0.140     0.650      0.112     0.920      0.515     0.506      0.066     0.607    0.469     0.638   0.827     0.114      0.181     0.00980  -1	   0.0900254     0.0989202
     D1AHW-a31a      0.022     0.038       0.150     0.667     -0.124     0.921      0.614     0.690      0.077     0.595    0.467     0.629   0.788     0.099      0.211     0.01195  -1	   0.0449923    -0.0954581
     D1AHW-a31b      0.023     0.027       0.129     0.700      0.158     0.920      0.624     0.686      0.588     0.661    0.516     0.653   0.819     0.127      0.278     0.01069  -1	   0.1115047     0.0400321
     D1AHW-a31c      0.018     0.036       0.152     0.645      0.236     0.926      0.553     0.577      0.428     0.618    0.489     0.633   0.784     0.098      0.121     0.01222  -1	   0.0981869     0.0832575
     D1AHW-a31d      0.022     0.027       0.124     0.722      0.368     0.921      0.597     0.662      0.662     0.667    0.511     0.662   0.928     0.125      0.278     0.01051  -1	   0.2773651     0.1706420
     D1AHW-a32a      0.025     0.031       0.114     0.676      0.112     0.916      0.581     0.615      0.178     0.586    0.480     0.611   0.827     0.113      0.140     0.01640  -1	   0.0396887     0.0063996
     D1AHW-a32b      0.025     0.030       0.112     0.688      0.005     0.910      0.587     0.626      0.763     0.599    0.470     0.629   0.781     0.120      0.142     0.01621  -1	   0.0046274     0.0043676
     D1AHW-a32c      0.026     0.035       0.138     0.594      0.049     0.916      0.620     0.584      0.856     0.601    0.459     0.641   0.708     0.098      0.210     0.01210  -1	   0.0645780     0.0291242
     D1AHW-a32d      0.024     0.044       0.166     0.594      0.050     0.933      0.540     0.544      0.470     0.622    0.503     0.626   0.744     0.086      0.274     0.00977  -1	   0.0704648     0.0434874
     D1AHW-a33a      0.025     0.033       0.143     0.600     -0.023     0.912      0.633     0.598      0.620     0.586    0.447     0.636   0.796     0.102      0.110     0.01214  -1	  -0.0286680    -0.0228674
     D1AHW-a33b      0.021     0.040       0.180     0.557      0.091     0.917      0.605     0.587      0.184     0.606    0.473     0.635   0.744     0.073      0.119     0.01334  -1	  -0.0008267    -0.0100114
     D1AHW-a33c      0.026     0.033       0.131     0.706      0.120     0.931      0.558     0.610      0.157     0.628    0.485     0.644   0.851     0.118      0.165     0.00778  -1	   0.0883286     0.0239670
     D1AHW-a33d      0.020     0.041       0.175     0.601      0.133     0.933      0.575     0.552      0.844     0.624    0.491     0.637   0.771     0.081      0.045     0.01232  -1	   0.1233882     0.0884911
     D1AHW-a34a      0.022     0.038       0.168     0.553      0.207     0.926      0.626     0.583      0.542     0.602    0.470     0.633   0.767     0.087      0.301     0.01313  -1	   0.1424173     0.0747492
     D1AHW-a34b      0.021     0.035       0.136     0.724      0.168     0.933      0.548     0.506      0.053     0.595    0.491     0.610   0.819     0.109      0.231     0.02628  -1	   0.2002282     0.1939148
     D1AHW-a34c      0.024     0.036       0.152     0.615     -0.082     0.913      0.613     0.599      0.638     0.600    0.470     0.631   0.756     0.091      0.198     0.01187  -1	  -0.0205627    -0.0224815
     D1AHW-a34d      0.021     0.040       0.164     0.528      0.127     0.923      0.612     0.588      0.928     0.674    0.498     0.677   0.692     0.081      0.105     0.01233  -1	   0.1554786     0.0767580
     D1AHW-a35a      0.020     0.054       0.194     0.569     -0.244     0.918      0.521     0.390      0.044     0.632    0.511     0.629   0.444     0.074      0.360     0.01786  -1	   0.1244351     0.1800653
     D1AHW-a35b      0.018     0.052       0.182     0.560     -0.190     0.925      0.561     0.455      0.999     0.673    0.550     0.638   0.538     0.085      0.328     0.01756  -1	   0.0637769     0.0838737
     D1AHW-a35c      0.019     0.031       0.121     0.640     -0.105     0.932      0.603     0.519      0.233     0.612    0.487     0.629   0.732     0.119      0.180     0.02055  -1	  -0.0359823     0.0433004
     D1AHW-a35d      0.023     0.025       0.098     0.499      0.326     0.924      0.617     0.548      0.291     0.599    0.477     0.626   0.672     0.125      0.114     0.01628  -1	   0.0415683     0.1068209
     D1AHW-a36a      0.020     0.039       0.138     0.651      0.264     0.930      0.512     0.378      0.481     0.616    0.493     0.629   0.872     0.086      0.214     0.04553  -1	   0.1628457     0.2919063
     D1AHW-a36b      0.023     0.032       0.133     0.631      0.199     0.928      0.575     0.494      0.537     0.589    0.476     0.616   0.739     0.104      0.417     0.04995  -1	   0.1739139     0.1642406
     D1AHW-a36c      0.015     0.034       0.129     0.703      0.140     0.935      0.546     0.450      0.992     0.638    0.521     0.628   0.851     0.093      0.199     0.03673  -1	   0.1442153     0.1786832
     D1AHW-a36d      0.019     0.041       0.157     0.613     -0.056     0.918      0.643     0.633      0.742     0.658    0.506     0.658   0.756     0.085      0.198     0.01466  -1	   0.0130573    -0.0231345
     D1AHW-a37a      0.016     0.032       0.121     0.676      0.172     0.935      0.554     0.447      0.898     0.629    0.489     0.644   0.794     0.094      0.169     0.03767  -1	   0.1300661     0.1782261
     D1AHW-a37b      0.015     0.029       0.117     0.700     -0.025     0.925      0.622     0.621      0.995     0.637    0.490     0.650   0.876     0.143      0.269     0.02139  -1	   0.0374210     0.0109828
     D1AHW-a37c      0.016     0.032       0.117     0.659      0.221     0.931      0.544     0.433      0.616     0.625    0.483     0.644   0.840     0.098      0.222     0.03701  -1	   0.1128693     0.2123033
     D1AHW-a37d      0.020     0.037       0.161     0.566      0.021     0.935      0.572     0.503      0.660     0.632    0.515     0.626   0.708     0.085      0.281     0.02221  -1	   0.0378263     0.0841608
     D1AHW-a38a      0.013     0.094       0.329     0.590     -0.003     0.898      0.457     0.588      0.009     0.700    0.575     0.647   0.554     0.049      0.175     0.01207  -1	   0.1979773    -0.0506474
     D1AHW-a38b      0.017     0.050       0.213     0.637      0.004     0.908      0.529     0.616      0.685     0.716    0.518     0.704   0.725     0.065      0.121     0.00950  -1	   0.0524824     0.0407052
     D1AHW-a38c      0.015     0.040       0.166     0.608      0.295     0.916      0.593     0.637      0.383     0.632    0.474     0.657   0.816     0.078      0.187     0.01184  -1	   0.1664018     0.0683044
     D1AHW-a38d      0.014     0.085       0.313     0.586     -0.088     0.903      0.504     0.647      0.991     0.682    0.541     0.654   0.554     0.049      0.261     0.01236  -1	   0.2022814     0.1200972
     D1AHW-a39a      0.015     0.055       0.224     0.603     -0.154     0.919      0.563     0.648      0.048     0.629    0.479     0.651   0.664     0.067      0.102     0.01402  -1	  -0.0267725    -0.1083347
     D1AHW-a39b      0.006     0.037       0.159     0.569     -0.106     0.922      0.564     0.650      0.942     0.629    0.491     0.642   0.714     0.095      0.145     0.02071  -1	   0.0177539     0.0273906
     D1AHW-a39c      0.014     0.055       0.222     0.604      0.032     0.921      0.541     0.664      0.014     0.620    0.473     0.647   0.713     0.067      0.104     0.01509  -1	   0.0379638    -0.1041948
     D1AHW-a39d      0.006     0.046       0.175     0.593      0.102     0.911      0.538     0.592      0.188     0.660    0.510     0.656   0.753     0.070      0.132     0.01759  -1	   0.0184278    -0.0253744
      D1AHW-a3a      0.022     0.042       0.145     0.659     -0.368     0.906      0.618     0.514      0.027     0.625    0.478     0.647   0.699     0.094      0.250     0.01849  -1	   0.0993692     0.0930646
      D1AHW-a3b      0.018     0.035       0.145     0.628      0.293     0.927      0.558     0.573      0.608     0.679    0.526     0.663   0.816     0.111      0.299     0.01652  -1	   0.2265146     0.1675586
      D1AHW-a3c      0.020     0.041       0.136     0.693     -0.341     0.921      0.579     0.497      0.883     0.621    0.486     0.638   0.812     0.106      0.269     0.01944  -1	  -0.0096897     0.0295767
      D1AHW-a3d      0.019     0.041       0.157     0.676     -0.334     0.914      0.609     0.496      0.175     0.648    0.492     0.659   0.812     0.097      0.252     0.01697  -1	   0.0414050     0.0524108
     D1AHW-a40a      0.014     0.034       0.140     0.683      0.157     0.920      0.595     0.659      0.754     0.602    0.481     0.625   0.794     0.083      0.439     0.01080  -1	   0.1555153     0.0438464
     D1AHW-a40b      0.013     0.036       0.140     0.608      0.060     0.915      0.606     0.691      0.722     0.648    0.504     0.650   0.761     0.105      0.173     0.01528  -1	   0.0277126    -0.0169872
     D1AHW-a40c      0.012     0.037       0.145     0.606      0.116     0.917      0.566     0.635      0.407     0.592    0.474     0.621   0.771     0.100      0.214     0.01532  -1	   0.0378698    -0.0257449
     D1AHW-a40d      0.016     0.048       0.187     0.584     -0.323     0.910      0.541     0.545      0.227     0.596    0.451     0.642   0.738     0.068      0.341     0.00757  -1	   0.0448888    -0.0215126
     D1AHW-a41a      0.012     0.043       0.173     0.593      0.348     0.919      0.489     0.513      0.008     0.612    0.476     0.638   0.798     0.086      0.162     0.01204  -1	   0.2218523     0.1516241
     D1AHW-a41b      0.013     0.060       0.243     0.616      0.051     0.891      0.495     0.511      0.477     0.629    0.498     0.637   0.738     0.057      0.210     0.01024  -1	   0.0947345     0.0489096
     D1AHW-a41c      0.017     0.029       0.126     0.599      0.037     0.924      0.566     0.609      0.758     0.634    0.475     0.658   0.708     0.110      0.180     0.01017  -1	   0.0111228     0.0335881
     D1AHW-a41d      0.014     0.052       0.201     0.613     -0.160     0.926      0.583     0.685      0.165     0.748    0.621     0.661   0.664     0.073      0.117     0.01494  -1	  -0.0351279    -0.0969063
     D1AHW-a42a      0.015     0.042       0.161     0.631      0.013     0.912      0.599     0.650      0.500     0.644    0.496     0.652   0.725     0.101      0.272     0.00954  -1	   0.0450955    -0.0363092
     D1AHW-a42b      0.014     0.043       0.161     0.611      0.058     0.916      0.589     0.650      0.475     0.668    0.509     0.664   0.761     0.101      0.256     0.00949  -1	   0.0588606    -0.0297039
     D1AHW-a42c      0.017     0.043       0.166     0.609      0.034     0.908      0.569     0.614      0.411     0.673    0.494     0.679   0.725     0.097      0.197     0.00942  -1	   0.0262158    -0.0201920
     D1AHW-a42d      0.010     0.045       0.173     0.537     -0.085     0.918      0.560     0.593      0.669     0.647    0.494     0.656   0.677     0.087      0.247     0.00822  -1	  -0.0047485    -0.0033388
     D1AHW-a43a      0.017     0.028       0.126     0.474      0.260     0.926      0.594     0.664      0.677     0.606    0.458     0.646   0.672     0.105      0.158     0.00885  -1	   0.0899488     0.0458683
     D1AHW-a43b      0.019     0.038       0.152     0.541     -0.196     0.914      0.554     0.632      0.584     0.629    0.485     0.647   0.622     0.085      0.124     0.00601  -1	  -0.0739567    -0.0304227
     D1AHW-a43c      0.018     0.043       0.159     0.642      0.108     0.916      0.572     0.620      0.308     0.628    0.500     0.634   0.771     0.098      0.278     0.00941  -1	   0.1201592    -0.0044946
     D1AHW-a43d      0.021     0.032       0.140     0.664      0.021     0.928      0.542     0.586      0.220     0.590    0.467     0.624   0.781     0.117      0.223     0.00612  -1	   0.0404052     0.0036583
     D1AHW-a44a      0.020     0.025       0.100     0.650     -0.053     0.924      0.606     0.579      0.201     0.605    0.484     0.625   0.812     0.130      0.218     0.00519  -1	  -0.0078555     0.0142328
     D1AHW-a44b      0.018     0.038       0.159     0.628     -0.085     0.929      0.567     0.586      0.422     0.625    0.488     0.639   0.756     0.084      0.121     0.00539  -1	  -0.0574850    -0.0316588
     D1AHW-a44c      0.017     0.027       0.103     0.610      0.055     0.927      0.592     0.567      0.122     0.600    0.489     0.616   0.761     0.117      0.250     0.00514  -1	   0.0409241     0.0516534
     D1AHW-a44d      0.025     0.036       0.157     0.656     -0.019     0.925      0.570     0.602      0.135     0.610    0.486     0.628   0.852     0.106      0.113     0.00574  -1	  -0.0082880    -0.0370307
     D1AHW-a45a      0.021     0.054       0.227     0.590     -0.253     0.913      0.591     0.658      0.136     0.631    0.471     0.658   0.389     0.054      0.161     0.00860  -1	  -0.0286870    -0.0878568
     D1AHW-a45b      0.017     0.027       0.107     0.582      0.067     0.926      0.566     0.529      0.234     0.600    0.489     0.617   0.744     0.117      0.258     0.00512  -1	   0.0141668     0.0732166
     D1AHW-a45c      0.017     0.056       0.199     0.589      0.042     0.918      0.558     0.494      0.714     0.627    0.487     0.643   0.587     0.064      0.217     0.00708  -1	   0.1014178     0.0648684
     D1AHW-a45d      0.018     0.026       0.103     0.654      0.001     0.928      0.599     0.574      0.237     0.615    0.485     0.634   0.781     0.121      0.283     0.00519  -1	   0.0336587     0.0317537
     D1AHW-a46a      0.021     0.030       0.131     0.486      0.149     0.928      0.619     0.542      0.839     0.630    0.500     0.635   0.627     0.090      0.192     0.00631  -1	   0.0902251     0.0935117
     D1AHW-a46b      0.022     0.049       0.199     0.597     -0.433     0.905      0.585     0.625      0.155     0.645    0.495     0.653   0.566     0.068      0.290     0.00869  -1	   0.0518159    -0.0628012
     D1AHW-a46c      0.018     0.059       0.215     0.613      0.166     0.901      0.531     0.567      0.116     0.632    0.484     0.650   0.778     0.068      0.185     0.00814  -1	   0.1662103     0.0150269
     D1AHW-a46d      0.030     0.055       0.213     0.619      0.368     0.929      0.562     0.468      0.039     0.589    0.476     0.616   0.831     0.058      0.388     0.00800  -1	   0.5237731     0.3466649
     D1AHW-a47a      0.020     0.034       0.124     0.629      0.074     0.915      0.599     0.593      0.265     0.617    0.472     0.645   0.761     0.093      0.065     0.00752  -1	  -0.0420596    -0.0112282
     D1AHW-a47b      0.014     0.048       0.185     0.518     -0.197     0.913      0.566     0.608      0.131     0.642    0.509     0.640   0.622     0.081      0.248     0.01060  -1	  -0.0040915    -0.0726413
     D1AHW-a47c      0.025     0.058       0.208     0.598      0.275     0.904      0.464     0.372      0.082     0.647    0.490     0.658   0.699     0.061      0.195     0.00527  -1	   0.2532687     0.2755481
     D1AHW-a47d      0.022     0.033       0.140     0.611      0.244     0.942      0.544     0.540      0.338     0.624    0.471     0.652   0.784     0.109      0.191     0.00480  -1	   0.1154386     0.1163205
     D1AHW-a48a      0.026     0.056       0.215     0.608      0.286     0.908      0.591     0.506      0.179     0.610    0.469     0.641   0.825     0.059      0.424     0.00784  -1	   0.4143283     0.2076787
     D1AHW-a48b      0.023     0.049       0.187     0.617     -0.077     0.927      0.599     0.588      0.187     0.653    0.495     0.660   0.756     0.072      0.227     0.00610  -1	   0.0424915    -0.0384354
     D1AHW-a48c      0.014     0.045       0.171     0.514     -0.141     0.915      0.563     0.637      0.271     0.614    0.503     0.619   0.653     0.093      0.226     0.01075  -1	  -0.0332585    -0.0863806
     D1AHW-a48d      0.027     0.048       0.173     0.686     -0.051     0.916      0.529     0.499      0.027     0.606    0.467     0.639   0.812     0.078      0.235     0.00554  -1	   0.1319235     0.0793921
     D1AHW-a49a      0.024     0.041       0.154     0.661     -0.025     0.910      0.588     0.653      0.230     0.614    0.503     0.618   0.852     0.089      0.176     0.00913  -1	   0.0260214    -0.0734165
     D1AHW-a49b      0.023     0.044       0.185     0.605     -0.016     0.908      0.598     0.699      0.997     0.655    0.503     0.657   0.796     0.067      0.058     0.00809  -1	   0.1128377     0.0418344
     D1AHW-a49c      0.027     0.024       0.105     0.721      0.268     0.938      0.576     0.560      0.757     0.627    0.481     0.647   0.896     0.117      0.176     0.00821  -1	   0.1559763     0.1551125
     D1AHW-a49d      0.022     0.052       0.182     0.661     -0.078     0.921      0.553     0.641      0.080     0.593    0.487     0.612   0.747     0.076      0.205     0.00729  -1	   0.0832329    -0.0777367
      D1AHW-a4a      0.017     0.051       0.180     0.640     -0.243     0.919      0.467     0.345      0.077     0.650    0.493     0.659   0.570     0.085      0.219     0.03612  -1	   0.0407558     0.2035845
      D1AHW-a4b      0.019     0.056       0.194     0.621     -0.256     0.906      0.627     0.524      0.019     0.599    0.499     0.608   0.515     0.077      0.080     0.04344  -1	  -0.0096027     0.0289142
      D1AHW-a4c      0.022     0.048       0.175     0.618     -0.180     0.914      0.584     0.557      0.931     0.660    0.471     0.684   0.701     0.080      0.065     0.01959  -1	   0.0506444     0.0129015
      D1AHW-a4d      0.021     0.048       0.178     0.607     -0.186     0.920      0.600     0.575      0.774     0.639    0.475     0.663   0.701     0.077      0.060     0.01959  -1	  -0.0063789    -0.0201251
     D1AHW-a50a      0.021     0.053       0.215     0.607      0.008     0.920      0.507     0.528      0.390     0.622    0.504     0.626   0.713     0.067      0.216     0.00779  -1	   0.0619566     0.0296210
     D1AHW-a50b      0.022     0.049       0.210     0.477      0.068     0.897      0.599     0.631      0.356     0.617    0.455     0.658   0.618     0.063      0.124     0.00814  -1	   0.0066309    -0.0407141
     D1AHW-a50c      0.015     0.046       0.185     0.584      0.152     0.915      0.568     0.589      0.061     0.636    0.523     0.624   0.721     0.077      0.126     0.00859  -1	   0.0736940     0.0142109
     D1AHW-a50d      0.023     0.052       0.215     0.505      0.044     0.905      0.600     0.630      0.443     0.625    0.461     0.660   0.434     0.062      0.118     0.00815  -1	   0.0240344    -0.0176797
     D1AHW-a51a      0.023     0.049       0.201     0.647      0.185     0.928      0.524     0.387      0.831     0.634    0.523     0.623   0.739     0.072      0.218     0.00868  -1	   0.2191612     0.2345502
     D1AHW-a51b      0.021     0.042       0.166     0.580      0.197     0.924      0.564     0.549      0.900     0.653    0.482     0.670   0.721     0.085      0.197     0.01292  -1	   0.2019710     0.1371672
     D1AHW-a51c      0.019     0.043       0.182     0.642      0.322     0.916      0.566     0.613      0.521     0.604    0.481     0.627   0.816     0.077      0.119     0.01060  -1	   0.2016896     0.1198424
     D1AHW-a51d      0.024     0.054       0.224     0.645      0.296     0.907      0.517     0.528      0.345     0.634    0.501     0.639   0.825     0.064      0.163     0.01104  -1	   0.2487714     0.1574139
     D1AHW-a52a      0.021     0.053       0.215     0.678      0.353     0.910      0.512     0.529      0.446     0.634    0.495     0.643   0.898     0.068      0.154     0.01075  -1	   0.2956815     0.1955967
     D1AHW-a52b      0.021     0.057       0.222     0.637      0.245     0.909      0.505     0.552      0.246     0.638    0.505     0.640   0.787     0.063      0.159     0.01075  -1	   0.2084461     0.0884623
     D1AHW-a52c      0.023     0.024       0.098     0.511      0.279     0.930      0.610     0.539      0.591     0.605    0.473     0.635   0.737     0.130      0.035     0.01704  -1	   0.0393444     0.0834743
     D1AHW-a52d      0.024     0.054       0.206     0.581      0.041     0.905      0.533     0.629      0.401     0.634    0.518     0.626   0.587     0.078      0.166     0.00670  -1	   0.0582531    -0.0095359
     D1AHW-a53a      0.021     0.028       0.121     0.551      0.242     0.926      0.599     0.507      0.459     0.605    0.474     0.633   0.767     0.112      0.393     0.01676  -1	   0.1483734     0.1650045
     D1AHW-a53b      0.022     0.031       0.126     0.670      0.089     0.930      0.566     0.519      0.134     0.596    0.471     0.628   0.817     0.116      0.242     0.02020  -1	   0.0950444     0.1105058
     D1AHW-a53c      0.020     0.032       0.124     0.649      0.228     0.932      0.534     0.424      0.526     0.622    0.483     0.641   0.784     0.095      0.200     0.03629  -1	   0.1118071     0.2290910
     D1AHW-a53d      0.018     0.040       0.145     0.602      0.224     0.926      0.547     0.433      0.253     0.627    0.497     0.635   0.784     0.094      0.129     0.04562  -1	   0.0809917     0.1922270
     D1AHW-a54a      0.014     0.058       0.222     0.628     -0.123     0.921      0.546     0.655      0.920     0.651    0.523     0.638   0.589     0.057      0.221     0.00990  -1	   0.0762547     0.0455627
     D1AHW-a54b      0.018     0.032       0.124     0.720      0.280     0.935      0.597     0.655      0.480     0.638    0.529     0.622   0.896     0.127      0.213     0.01037  -1	   0.1804429     0.0841619
     D1AHW-a54c      0.017     0.045       0.182     0.646      0.178     0.909      0.554     0.496      0.235     0.638    0.474     0.662   0.739     0.074      0.164     0.02719  -1	   0.1118984     0.1203356
     D1AHW-a54d      0.019     0.038       0.173     0.675     -0.352     0.916      0.558     0.630      0.538     0.765    0.600     0.695   0.699     0.082      0.182     0.01013  -1	  -0.0536629    -0.0268553
     D1AHW-a55a      0.016     0.036       0.152     0.638      0.226     0.912      0.581     0.684      0.147     0.606    0.494     0.619   0.784     0.104      0.204     0.00693  -1	   0.1443397    -0.0104551
     D1AHW-a55b      0.012     0.036       0.166     0.657      0.148     0.922      0.561     0.602      0.590     0.615    0.490     0.629   0.827     0.082      0.176     0.01086  -1	   0.0721821     0.0509491
     D1AHW-a55c      0.009     0.063       0.241     0.634      0.120     0.929      0.497     0.601      0.085     0.612    0.468     0.644   0.713     0.051      0.072     0.00677  -1	   0.0833365    -0.0411361
     D1AHW-a55d      0.009     0.040       0.161     0.637      0.174     0.932      0.565     0.616      0.938     0.670    0.524     0.656   0.739     0.081      0.153     0.01025  -1	   0.1807507     0.1166283
     D1AHW-a56a      0.012     0.088       0.318     0.538      0.094     0.901      0.481     0.616      0.049     0.695    0.551     0.659   0.459     0.049      0.234     0.01190  -1	   0.2503496    -0.0200463
     D1AHW-a56b      0.012     0.061       0.234     0.669      0.087     0.928      0.502     0.608      0.035     0.621    0.490     0.635   0.805     0.053      0.100     0.00675  -1	   0.1017149    -0.0543758
     D1AHW-a56c      0.013     0.049       0.215     0.621     -0.214     0.916      0.622     0.699      0.790     0.658    0.515     0.651   0.718     0.068      0.251     0.00854  -1	  -0.0019009    -0.0320311
     D1AHW-a56d      0.018     0.053       0.199     0.594      0.119     0.924      0.596     0.696      0.657     0.605    0.475     0.631   0.587     0.065      0.177     0.00966  -1	   0.1250066     0.0285143
     D1AHW-a57a      0.013     0.070       0.278     0.598      0.140     0.896      0.516     0.608      0.037     0.632    0.484     0.650   0.587     0.048      0.185     0.01125  -1	   0.2015410    -0.0054162
     D1AHW-a57b      0.016     0.035       0.152     0.651      0.354     0.921      0.569     0.658      0.474     0.621    0.512     0.619   0.903     0.113      0.198     0.00678  -1	   0.2183362     0.0954357
     D1AHW-a57c      0.013     0.038       0.154     0.454     -0.001     0.925      0.588     0.657      0.715     0.612    0.485     0.631   0.652     0.092      0.213     0.00898  -1	  -0.0022407    -0.0093818
     D1AHW-a57d      0.015     0.058       0.241     0.636      0.122     0.887      0.490     0.552      0.033     0.649    0.508     0.647   0.713     0.056      0.133     0.00979  -1	   0.1303700     0.0212755
     D1AHW-a58a      0.016     0.035       0.150     0.616      0.246     0.915      0.582     0.663      0.412     0.625    0.513     0.620   0.784     0.115      0.202     0.00662  -1	   0.1258160     0.0346164
     D1AHW-a58b      0.018     0.051       0.196     0.618     -0.272     0.927      0.545     0.782      1.000     0.888    0.751     0.746   0.515     0.075      0.149     0.00543  -1	   0.0851088     0.1362033
     D1AHW-a58c      0.012     0.033       0.152     0.685      0.067     0.921      0.565     0.597      0.066     0.628    0.478     0.651   0.817     0.090      0.132     0.00903  -1	   0.0280242     0.0091723
     D1AHW-a58d      0.017     0.035       0.152     0.550      0.082     0.921      0.610     0.664      0.330     0.613    0.480     0.636   0.744     0.093      0.105     0.00863  -1	  -0.0381091    -0.0672886
     D1AHW-a59a      0.019     0.041       0.161     0.549     -0.181     0.919      0.554     0.644      0.422     0.626    0.496     0.635   0.622     0.087      0.101     0.00599  -1	  -0.0875364    -0.0645955
     D1AHW-a59b      0.018     0.046       0.192     0.562     -0.062     0.913      0.600     0.655      0.274     0.607    0.476     0.633   0.738     0.066      0.107     0.00570  -1	  -0.0509911    -0.0967014
     D1AHW-a59c      0.014     0.037       0.159     0.708      0.302     0.929      0.548     0.572      0.135     0.615    0.481     0.636   0.896     0.104      0.088     0.00575  -1	   0.1578549     0.1173965
     D1AHW-a59d      0.017     0.039       0.157     0.538     -0.239     0.914      0.551     0.635      0.217     0.620    0.473     0.647   0.639     0.092      0.111     0.00587  -1	  -0.0943028    -0.0835533
      D1AHW-a5a      0.018     0.056       0.192     0.671     -0.251     0.912      0.552     0.451      0.994     0.703    0.575     0.650   0.582     0.081      0.211     0.01788  -1	   0.0540161     0.0477560
      D1AHW-a5b      0.023     0.041       0.168     0.589      0.031     0.918      0.613     0.611      0.435     0.640    0.502     0.644   0.708     0.090      0.117     0.02251  -1	  -0.0092280    -0.0187794
      D1AHW-a5c      0.018     0.052       0.192     0.672     -0.253     0.915      0.504     0.412      0.057     0.666    0.513     0.659   0.582     0.076      0.283     0.02258  -1	   0.1067009     0.1436563
      D1AHW-a5d      0.020     0.041       0.157     0.534      0.263     0.912      0.567     0.463      0.491     0.615    0.505     0.618   0.737     0.089      0.297     0.03162  -1	   0.1738237     0.1985638
     D1AHW-a60a      0.019     0.039       0.161     0.610      0.111     0.918      0.545     0.514      0.475     0.620    0.504     0.623   0.771     0.086      0.161     0.00649  -1	   0.0402894     0.0767120
     D1AHW-a60b      0.011     0.050       0.208     0.575      0.076     0.922      0.564     0.625      0.629     0.622    0.483     0.641   0.744     0.065      0.220     0.00633  -1	   0.0839786     0.0179741
     D1AHW-a60c      0.019     0.028       0.114     0.542      0.168     0.937      0.582     0.674      0.554     0.624    0.474     0.650   0.659     0.119      0.353     0.00754  -1	   0.0784883     0.0155341
     D1AHW-a60d      0.019     0.039       0.161     0.524     -0.141     0.917      0.571     0.659      0.884     0.625    0.491     0.638   0.653     0.080      0.109     0.00598  -1	   0.0122631     0.0201411
     D1AHW-a61a      0.018     0.033       0.129     0.636      0.025     0.924      0.547     0.497      0.101     0.632    0.529     0.616   0.725     0.122      0.218     0.00528  -1	   0.0604207     0.1201766
     D1AHW-a61b      0.018     0.032       0.121     0.680      0.246     0.940      0.576     0.529      0.233     0.622    0.476     0.647   0.840     0.115      0.522     0.00421  -1	   0.3605923     0.2011284
     D1AHW-a61c      0.019     0.040       0.150     0.634      0.034     0.924      0.579     0.547      0.753     0.642    0.505     0.644   0.725     0.098      0.449     0.00354  -1	   0.1094134     0.0612892
     D1AHW-a61d      0.024     0.070       0.248     0.568     -0.046     0.901      0.507     0.494      0.038     0.643    0.499     0.649   0.554     0.057      0.178     0.00648  -1	   0.0954712     0.0145645
     D1AHW-a62a      0.018     0.033       0.143     0.707      0.408     0.926      0.551     0.450      0.017     0.647    0.485     0.663   0.902     0.100      0.543     0.00396  -1	   0.6586321     0.5193954
     D1AHW-a62b      0.022     0.034       0.136     0.727      0.189     0.941      0.579     0.501      0.128     0.602    0.477     0.628   0.819     0.101      0.477     0.00415  -1	   0.3748654     0.2469750
     D1AHW-a62c      0.020     0.031       0.129     0.710      0.173     0.935      0.576     0.500      0.315     0.595    0.478     0.621   0.819     0.119      0.581     0.00399  -1	   0.3356101     0.1925702
     D1AHW-a62d      0.019     0.032       0.129     0.744      0.297     0.934      0.554     0.470      0.089     0.634    0.491     0.647   0.896     0.108      0.538     0.00400  -1	   0.5367395     0.3872395
     D1AHW-a63a      0.015     0.049       0.201     0.631      0.040     0.909      0.555     0.555      0.233     0.622    0.471     0.650   0.725     0.074      0.206     0.00993  -1	   0.0682506     0.0091979
     D1AHW-a63b      0.015     0.047       0.175     0.519     -0.090     0.922      0.550     0.625      0.621     0.637    0.510     0.635   0.677     0.085      0.246     0.01076  -1	  -0.0054901    -0.0158053
     D1AHW-a63c      0.024     0.054       0.201     0.498      0.293     0.909      0.552     0.587      0.287     0.633    0.490     0.647   0.428     0.059      0.235     0.00712  -1	   0.2211421     0.0886995
     D1AHW-a63d      0.013     0.047       0.185     0.536     -0.094     0.912      0.541     0.608      0.428     0.671    0.536     0.647   0.677     0.090      0.231     0.01079  -1	  -0.0153393    -0.0362032
     D1AHW-a64a      0.025     0.045       0.171     0.666     -0.113     0.916      0.575     0.547      0.136     0.627    0.498     0.635   0.788     0.080      0.278     0.00550  -1	   0.0946037     0.0166696
     D1AHW-a64b      0.028     0.051       0.201     0.638     -0.053     0.912      0.490     0.475      0.119     0.642    0.484     0.658   0.680     0.065      0.200     0.00414  -1	   0.0680624     0.0682897
     D1AHW-a64c      0.026     0.039       0.152     0.526     -0.359     0.927      0.619     0.671      0.674     0.619    0.472     0.647   0.564     0.078      0.156     0.00520  -1	  -0.0548270    -0.0532491
     D1AHW-a64d      0.026     0.027       0.114     0.713     -0.096     0.944      0.573     0.506      0.299     0.605    0.467     0.639   0.836     0.123      0.249     0.00508  -1	   0.0094595     0.0701691
     D1AHW-a65a      0.024     0.030       0.129     0.623      0.235     0.935      0.540     0.540      0.086     0.574    0.466     0.611   0.784     0.121      0.186     0.00511  -1	   0.1267350     0.1196385
     D1AHW-a65b      0.029     0.042       0.171     0.591     -0.226     0.912      0.534     0.554      0.522     0.625    0.471     0.653   0.700     0.080      0.182     0.00418  -1	  -0.0415351    -0.0027340
     D1AHW-a65c      0.026     0.070       0.262     0.628      0.060     0.915      0.533     0.468      0.125     0.660    0.481     0.677   0.738     0.053      0.148     0.00762  -1	   0.1338319     0.0654302
     D1AHW-a65d      0.024     0.061       0.231     0.574      0.179     0.898      0.501     0.467      0.135     0.655    0.479     0.675   0.652     0.059      0.175     0.00726  -1	   0.1637222     0.1048347
     D1AHW-a66a      0.021     0.045       0.168     0.615     -0.009     0.929      0.510     0.546      0.198     0.577    0.463     0.615   0.796     0.078      0.371     0.00487  -1	   0.1350161     0.0183963
     D1AHW-a66b      0.018     0.040       0.185     0.607     -0.136     0.916      0.568     0.606      0.434     0.614    0.468     0.645   0.732     0.084      0.124     0.00605  -1	  -0.0627640    -0.0505032
     D1AHW-a66c      0.019     0.031       0.138     0.604      0.351     0.923      0.561     0.574      0.480     0.567    0.464     0.606   0.848     0.100      0.318     0.00625  -1	   0.2278643     0.1514141
     D1AHW-a66d      0.019     0.052       0.199     0.610      0.186     0.910      0.540     0.615      0.969     0.640    0.501     0.644   0.778     0.076      0.176     0.00879  -1	   0.2410825     0.1270918
     D1AHW-a67a      0.019     0.034       0.140     0.672      0.419     0.932      0.571     0.572      0.197     0.594    0.506     0.597   0.878     0.102      0.287     0.00793  -1	   0.3692613     0.2517358
     D1AHW-a67b      0.016     0.052       0.199     0.651      0.232     0.913      0.520     0.532      0.013     0.627    0.473     0.653   0.854     0.066      0.075     0.00878  -1	   0.1355359     0.0652100
     D1AHW-a67c      0.020     0.051       0.196     0.564      0.135     0.906      0.536     0.604      0.071     0.615    0.467     0.647   0.587     0.078      0.164     0.00879  -1	   0.0950085    -0.0180367
     D1AHW-a67d      0.020     0.053       0.217     0.529      0.033     0.897      0.586     0.630      0.360     0.641    0.477     0.663   0.434     0.063      0.134     0.00809  -1	   0.0171372    -0.0259244
     D1AHW-a68a      0.025     0.044       0.189     0.525      0.051     0.916      0.535     0.536      0.210     0.602    0.464     0.638   0.682     0.085      0.126     0.00750  -1	  -0.0050329     0.0057969
     D1AHW-a68b      0.024     0.051       0.213     0.566      0.052     0.916      0.520     0.533      0.036     0.582    0.473     0.612   0.612     0.067      0.251     0.00772  -1	   0.1357598     0.0413092
     D1AHW-a68c      0.023     0.043       0.182     0.547     -0.194     0.912      0.598     0.631      0.331     0.600    0.486     0.619   0.622     0.083      0.153     0.00709  -1	  -0.0608842    -0.0775700
     D1AHW-a68d      0.024     0.057       0.241     0.604     -0.052     0.910      0.525     0.613      0.469     0.725    0.526     0.706   0.680     0.062      0.228     0.00652  -1	   0.0615258     0.0002162
     D1AHW-a69a      0.025     0.053       0.203     0.624      0.004     0.898      0.559     0.641      0.192     0.620    0.502     0.626   0.713     0.082      0.169     0.00688  -1	   0.0632773    -0.0593119
     D1AHW-a69b      0.025     0.044       0.185     0.619      0.098     0.912      0.522     0.575      0.020     0.605    0.487     0.623   0.761     0.071      0.129     0.00760  -1	   0.0746037     0.0054320
     D1AHW-a69c      0.019     0.037       0.161     0.585      0.242     0.918      0.581     0.670      0.509     0.625    0.487     0.641   0.767     0.073      0.138     0.00686  -1	   0.1062610     0.0395806
     D1AHW-a69d      0.021     0.040       0.159     0.564      0.095     0.914      0.595     0.664      0.091     0.620    0.483     0.639   0.744     0.084      0.144     0.00854  -1	   0.0218106    -0.0768726
      D1AHW-a6a      0.017     0.055       0.194     0.622     -0.255     0.902      0.568     0.441      0.252     0.642    0.509     0.640   0.515     0.082      0.192     0.01770  -1	  -0.0015505     0.0451718
      D1AHW-a6b      0.020     0.046       0.189     0.678     -0.390     0.920      0.597     0.520      0.270     0.620    0.511     0.619   0.699     0.073      0.061     0.02898  -1	  -0.0728445    -0.0145753
      D1AHW-a6c      0.018     0.056       0.199     0.661     -0.274     0.901      0.571     0.407      0.585     0.823    0.711     0.680   0.582     0.073      0.136     0.03996  -1	  -0.0001677     0.0828624
      D1AHW-a6d      0.017     0.054       0.194     0.608     -0.297     0.915      0.555     0.419      0.302     0.618    0.503     0.623   0.515     0.077      0.188     0.01776  -1	  -0.0239192     0.0514064
     D1AHW-a70a      0.024     0.061       0.238     0.679     -0.047     0.912      0.530     0.554      0.151     0.634    0.503     0.638   0.747     0.061      0.093     0.01030  -1	   0.0390687    -0.0202229
     D1AHW-a70b      0.014     0.056       0.234     0.611      0.076     0.915      0.558     0.651      0.847     0.619    0.486     0.636   0.738     0.056      0.106     0.00951  -1	   0.1429267     0.0711233
     D1AHW-a70c      0.018     0.040       0.166     0.618     -0.187     0.907      0.633     0.688      0.640     0.595    0.473     0.625   0.701     0.075      0.190     0.00715  -1	  -0.0438122    -0.0682564
     D1AHW-a70d      0.019     0.022       0.089     0.520      0.110     0.930      0.619     0.616      0.651     0.601    0.486     0.621   0.692     0.178      0.137     0.01646  -1	  -0.0299861    -0.0114379
     D1AHW-a71a      0.018     0.045       0.182     0.573      0.065     0.930      0.562     0.639      0.626     0.613    0.489     0.629   0.744     0.086      0.105     0.00559  -1	   0.0352572    -0.0019756
     D1AHW-a71b      0.020     0.028       0.119     0.678     -0.121     0.931      0.594     0.668      0.329     0.593    0.474     0.623   0.788     0.134      0.168     0.00487  -1	  -0.0485709    -0.0763085
     D1AHW-a71c      0.013     0.052       0.189     0.618      0.057     0.914      0.610     0.665      0.707     0.778    0.666     0.660   0.738     0.071      0.100     0.00877  -1	   0.0902132     0.0461246
     D1AHW-a71d      0.014     0.031       0.145     0.659      0.151     0.927      0.614     0.669      0.377     0.612    0.457     0.652   0.794     0.107      0.103     0.00606  -1	   0.0157634    -0.0087731
     D1AHW-a72a      0.014     0.041       0.159     0.671      0.294     0.937      0.543     0.586      0.567     0.636    0.494     0.646   0.872     0.089      0.141     0.00584  -1	   0.1852428     0.1204975
     D1AHW-a72b      0.016     0.029       0.119     0.614      0.085     0.931      0.594     0.670      0.422     0.672    0.508     0.669   0.761     0.110      0.256     0.00498  -1	   0.0282609    -0.0254857
     D1AHW-a72c      0.016     0.034       0.161     0.676      0.097     0.923      0.626     0.693      0.101     0.615    0.476     0.641   0.817     0.091      0.047     0.00604  -1	  -0.0124924    -0.0421866
     D1AHW-a72d      0.020     0.037       0.150     0.697      0.079     0.924      0.579     0.662      0.112     0.633    0.506     0.634   0.817     0.106      0.353     0.00396  -1	   0.2197894    -0.0170063
     D1AHW-a73a      0.015     0.047       0.196     0.512     -0.202     0.915      0.549     0.542      0.838     0.646    0.476     0.667   0.639     0.067      0.156     0.00748  -1	   0.0080949     0.0409393
     D1AHW-a73b      0.015     0.053       0.215     0.654     -0.015     0.911      0.574     0.681      0.446     0.620    0.500     0.626   0.747     0.074      0.098     0.00677  -1	   0.0067764    -0.0504449
     D1AHW-a73c      0.015     0.054       0.213     0.567     -0.047     0.915      0.557     0.662      0.602     0.597    0.499     0.606   0.554     0.070      0.060     0.00648  -1	   0.0007025    -0.0158033
     D1AHW-a73d      0.013     0.033       0.147     0.621      0.193     0.919      0.592     0.622      0.592     0.652    0.497     0.658   0.739     0.109      0.193     0.00526  -1	   0.0911088     0.0607038
     D1AHW-a74a      0.017     0.047       0.192     0.665     -0.062     0.914      0.566     0.620      0.057     0.643    0.512     0.639   0.812     0.073      0.208     0.00625  -1	   0.0788240    -0.0535311
     D1AHW-a74b      0.017     0.036       0.152     0.645      0.300     0.921      0.575     0.665      0.298     0.604    0.496     0.615   0.816     0.113      0.204     0.00673  -1	   0.1845752     0.0497228
     D1AHW-a74c      0.018     0.046       0.180     0.621     -0.026     0.900      0.534     0.512      0.312     0.589    0.472     0.620   0.796     0.069      0.179     0.00551  -1	   0.0082228     0.0175082
     D1AHW-a74d      0.016     0.035       0.152     0.623      0.281     0.924      0.587     0.676      0.598     0.594    0.490     0.610   0.816     0.108      0.212     0.00673  -1	   0.1624036     0.0604060
     D1AHW-a75a      0.014     0.051       0.213     0.571     -0.270     0.918      0.547     0.574      0.945     0.652    0.492     0.662   0.389     0.062      0.137     0.00732  -1	   0.0277371     0.0225282
     D1AHW-a75b      0.014     0.055       0.220     0.597     -0.248     0.911      0.541     0.586      0.997     0.691    0.549     0.657   0.444     0.057      0.170     0.00732  -1	   0.0515185     0.0434772
     D1AHW-a75c      0.013     0.047       0.199     0.593     -0.046     0.927      0.539     0.600      0.741     0.582    0.449     0.630   0.778     0.067      0.247     0.00622  -1	   0.0358994     0.0161147
     D1AHW-a75d      0.018     0.050       0.194     0.620     -0.064     0.901      0.526     0.481      0.052     0.636    0.487     0.651   0.756     0.076      0.173     0.00559  -1	   0.0440235     0.0544079
     D1AHW-a76a      0.023     0.046       0.164     0.559      0.344     0.916      0.586     0.580      0.126     0.633    0.496     0.642   0.798     0.088      0.151     0.00556  -1	   0.1967928     0.1004784
     D1AHW-a76b      0.016     0.041       0.171     0.531     -0.215     0.907      0.556     0.650      0.616     0.653    0.497     0.660   0.639     0.079      0.120     0.00596  -1	  -0.0680317    -0.0319166
     D1AHW-a76c      0.014     0.052       0.222     0.707     -0.265     0.919      0.547     0.617      0.614     0.632    0.483     0.650   0.636     0.068      0.227     0.00642  -1	  -0.0194449    -0.0383533
     D1AHW-a76d      0.017     0.042       0.164     0.615      0.285     0.925      0.549     0.603      0.511     0.629    0.510     0.628   0.816     0.096      0.077     0.00492  -1	   0.1361277     0.0783372
     D1AHW-a77a      0.021     0.061       0.241     0.609      0.428     0.919      0.456     0.440      0.023     0.628    0.481     0.648   0.879     0.057      0.189     0.00656  -1	   0.4287561     0.2934168
     D1AHW-a77b      0.022     0.073       0.271     0.638      0.291     0.895      0.428     0.461      0.039     0.629    0.482     0.647   0.825     0.053      0.240     0.00680  -1	   0.3972923     0.1613324
     D1AHW-a77c      0.018     0.042       0.164     0.564     -0.210     0.938      0.559     0.564      0.764     0.606    0.485     0.626   0.700     0.103      0.227     0.00340  -1	  -0.0256345     0.0063549
     D1AHW-a77d      0.017     0.041       0.161     0.585      0.011     0.914      0.615     0.629      0.388     0.656    0.501     0.659   0.708     0.090      0.161     0.00499  -1	  -0.0135551    -0.0417057
     D1AHW-a78a      0.027     0.054       0.196     0.672      0.068     0.924      0.499     0.482      0.144     0.642    0.496     0.650   0.805     0.066      0.162     0.00436  -1	   0.1112429     0.0798652
     D1AHW-a78b      0.024     0.060       0.227     0.625      0.413     0.911      0.482     0.488      0.153     0.642    0.492     0.653   0.879     0.055      0.197     0.00638  -1	   0.3998702     0.2444100
     D1AHW-a78c      0.020     0.032       0.131     0.734      0.235     0.934      0.549     0.455      0.149     0.592    0.474     0.621   0.864     0.103      0.475     0.00411  -1	   0.3888596     0.3241095
     D1AHW-a78d      0.018     0.033       0.126     0.753      0.211     0.941      0.566     0.483      0.229     0.627    0.488     0.642   0.844     0.110      0.512     0.00409  -1	   0.3867433     0.2684862
     D1AHW-a79a      0.018     0.054       0.208     0.658      0.135     0.910      0.552     0.594      0.182     0.651    0.500     0.655   0.780     0.058      0.186     0.00674  -1	   0.1444443     0.0195654
     D1AHW-a79b      0.023     0.028       0.112     0.647     -0.091     0.926      0.577     0.574      0.983     0.612    0.492     0.626   0.756     0.136      0.299     0.00371  -1	   0.0128396     0.0502536
     D1AHW-a79c      0.026     0.057       0.213     0.569      0.286     0.906      0.502     0.424      0.019     0.641    0.469     0.668   0.699     0.061      0.187     0.00530  -1	   0.2469694     0.2188731
     D1AHW-a79d      0.025     0.055       0.199     0.620      0.034     0.927      0.479     0.444      0.153     0.682    0.502     0.683   0.713     0.068      0.133     0.00433  -1	   0.0502467     0.0863618
      D1AHW-a7a      0.018     0.057       0.199     0.626     -0.262     0.912      0.535     0.417      0.982     0.697    0.557     0.656   0.515     0.077      0.313     0.01791  -1	   0.0557998     0.0756174
      D1AHW-a7b      0.019     0.056       0.194     0.601     -0.311     0.910      0.538     0.410      0.178     0.634    0.529     0.619   0.515     0.088      0.196     0.01799  -1	   0.0128714     0.0913882
      D1AHW-a7c      0.019     0.053       0.180     0.621     -0.212     0.915      0.602     0.564      0.103     0.617    0.500     0.624   0.570     0.080      0.074     0.04615  -1	  -0.0402197    -0.0288078
      D1AHW-a7d      0.017     0.059       0.189     0.638     -0.255     0.910      0.601     0.479      0.193     0.629    0.523     0.617   0.515     0.076      0.119     0.04318  -1	  -0.0135560     0.0262855
     D1AHW-a80a      0.017     0.061       0.227     0.493     -0.145     0.903      0.569     0.620      0.527     0.601    0.476     0.628   0.192     0.057      0.130     0.00491  -1	  -0.0144239    -0.0418451
     D1AHW-a80b      0.029     0.043       0.164     0.564     -0.183     0.914      0.538     0.542      0.073     0.622    0.468     0.652   0.684     0.090      0.151     0.00411  -1	  -0.0214276    -0.0052400
     D1AHW-a80c      0.026     0.048       0.187     0.700     -0.113     0.917      0.515     0.502      0.041     0.629    0.495     0.638   0.812     0.076      0.180     0.00406  -1	   0.0790889     0.0551300
     D1AHW-a80d      0.029     0.046       0.168     0.617     -0.086     0.909      0.521     0.519      0.141     0.666    0.487     0.678   0.756     0.081      0.167     0.00438  -1	   0.0135874     0.0182623
     D1AHW-a81a      0.024     0.057       0.210     0.649      0.273     0.904      0.465     0.386      0.073     0.638    0.473     0.664   0.825     0.061      0.159     0.00520  -1	   0.2435367     0.2537363
     D1AHW-a81b      0.024     0.047       0.185     0.612     -0.204     0.917      0.610     0.595      0.045     0.594    0.453     0.639   0.718     0.078      0.285     0.00645  -1	   0.0871070    -0.0413711
     D1AHW-a81c      0.024     0.057       0.203     0.617      0.251     0.906      0.498     0.429      0.024     0.634    0.500     0.639   0.825     0.062      0.195     0.00527  -1	   0.2526530     0.2204552
     D1AHW-a81d      0.025     0.058       0.203     0.664      0.070     0.908      0.526     0.549      0.105     0.675    0.529     0.656   0.805     0.065      0.135     0.00676  -1	   0.1091884     0.0168492
     D1AHW-a82a      0.021     0.056       0.229     0.530     -0.005     0.899      0.587     0.641      0.973     0.669    0.518     0.659   0.401     0.064      0.128     0.00813  -1	   0.1606673     0.0610876
     D1AHW-a82b      0.018     0.043       0.189     0.543      0.035     0.911      0.594     0.686      0.165     0.641    0.479     0.661   0.646     0.078      0.121     0.00497  -1	  -0.0227654    -0.0907921
     D1AHW-a82c      0.020     0.041       0.159     0.671      0.171     0.927      0.531     0.616      0.008     0.595    0.490     0.612   0.794     0.105      0.170     0.00366  -1	   0.1579222     0.0149633
     D1AHW-a82d      0.019     0.039       0.161     0.546      0.275     0.915      0.549     0.524      0.106     0.612    0.483     0.632   0.737     0.080      0.173     0.00535  -1	   0.1289676     0.1209344
     D1AHW-a83a      0.021     0.041       0.171     0.677      0.130     0.917      0.568     0.635      0.358     0.633    0.487     0.648   0.827     0.087      0.180     0.00509  -1	   0.0885725     0.0041765
     D1AHW-a83b      0.025     0.045       0.175     0.683      0.244     0.913      0.567     0.660      0.052     0.659    0.489     0.671   0.840     0.091      0.249     0.00530  -1	   0.2764127     0.0353029
     D1AHW-a83c      0.015     0.056       0.217     0.667      0.285     0.914      0.490     0.661      0.292     0.626    0.499     0.633   0.892     0.070      0.114     0.00529  -1	   0.2073375     0.0109575
     D1AHW-a83d      0.014     0.054       0.224     0.698      0.147     0.904      0.533     0.704      0.146     0.642    0.516     0.635   0.780     0.064      0.132     0.00530  -1	   0.1421132    -0.0346419
     D1AHW-a84a      0.025     0.053       0.206     0.602     -0.019     0.911      0.547     0.638      0.066     0.616    0.509     0.616   0.680     0.077      0.150     0.00677  -1	   0.0564657    -0.0696417
     D1AHW-a84b      0.025     0.055       0.222     0.609     -0.046     0.915      0.511     0.532      0.609     0.651    0.518     0.642   0.680     0.065      0.197     0.00794  -1	   0.0521418     0.0425427
     D1AHW-a84c      0.025     0.053       0.206     0.576     -0.075     0.900      0.572     0.660      0.259     0.605    0.485     0.625   0.554     0.076      0.177     0.00679  -1	   0.0159019    -0.0707790
     D1AHW-a84d      0.025     0.053       0.208     0.591     -0.087     0.911      0.509     0.579      0.214     0.584    0.489     0.602   0.554     0.073      0.184     0.00680  -1	   0.0269185    -0.0238855
     D1AHW-a85a      0.018     0.037       0.145     0.495     -0.058     0.928      0.608     0.653      0.512     0.605    0.469     0.637   0.612     0.101      0.095     0.00733  -1	  -0.0725893    -0.0700358
     D1AHW-a85b      0.018     0.038       0.161     0.674     -0.185     0.921      0.597     0.663      0.532     0.655    0.505     0.656   0.757     0.092      0.194     0.00503  -1	  -0.0420883    -0.0628205
     D1AHW-a85c      0.021     0.041       0.159     0.722      0.206     0.910      0.534     0.637      0.122     0.650    0.515     0.643   0.864     0.085      0.087     0.00437  -1	   0.1192470     0.0189928
     D1AHW-a85d      0.019     0.030       0.133     0.725     -0.430     0.923      0.565     0.607      0.823     0.625    0.519     0.616   0.664     0.117      0.195     0.00492  -1	  -0.0460938     0.0042125
     D1AHW-a86a      0.017     0.033       0.129     0.539     -0.190     0.932      0.584     0.651      0.114     0.787    0.724     0.620   0.622     0.132      0.196     0.00464  -1	   0.0044718    -0.0229043
     D1AHW-a86b      0.021     0.026       0.114     0.749      0.054     0.931      0.624     0.700      0.568     0.603    0.478     0.627   0.841     0.113      0.177     0.00458  -1	   0.0118578    -0.0151805
     D1AHW-a86c      0.018     0.044       0.185     0.629      0.167     0.927      0.565     0.664      0.107     0.612    0.500     0.620   0.739     0.075      0.175     0.00788  -1	   0.1277305    -0.0205252
     D1AHW-a86d      0.019     0.029       0.119     0.621     -0.160     0.934      0.594     0.664      0.071     0.592    0.466     0.627   0.701     0.126      0.201     0.00491  -1	  -0.0096905    -0.0744916
     D1AHW-a87a      0.023     0.058       0.215     0.644      0.281     0.904      0.511     0.594      0.275     0.596    0.500     0.605   0.825     0.060      0.191     0.00421  -1	   0.2563912     0.0676174
     D1AHW-a87b      0.019     0.035       0.126     0.643      0.011     0.922      0.581     0.623      0.441     0.614    0.498     0.623   0.725     0.098      0.253     0.00446  -1	   0.0186877    -0.0196386
     D1AHW-a87c      0.015     0.043       0.152     0.653      0.259     0.917      0.519     0.573      0.128     0.634    0.494     0.643   0.872     0.095      0.132     0.00506  -1	   0.1425016     0.0522608
     D1AHW-a87d      0.020     0.055       0.206     0.544      0.271     0.904      0.546     0.623      0.646     0.615    0.489     0.630   0.546     0.062      0.143     0.00426  -1	   0.2247246     0.1169212
     D1AHW-a88a      0.017     0.044       0.173     0.594      0.124     0.928      0.548     0.610      0.238     0.678    0.512     0.672   0.753     0.084      0.103     0.00577  -1	   0.0220629    -0.0184767
     D1AHW-a88b      0.020     0.039       0.140     0.619      0.048     0.924      0.566     0.620      0.266     0.598    0.495     0.610   0.725     0.098      0.218     0.00415  -1	   0.0409763    -0.0276949
     D1AHW-a88c      0.022     0.051       0.208     0.581      0.195     0.911      0.550     0.631      0.648     0.615    0.508     0.616   0.652     0.064      0.162     0.00420  -1	   0.1681535     0.0883503
     D1AHW-a88d      0.018     0.040       0.164     0.540      0.348     0.921      0.554     0.625      0.164     0.610    0.485     0.629   0.737     0.085      0.178     0.00376  -1	   0.1858460     0.0595240
     D1AHW-a89a      0.015     0.035       0.138     0.496      0.221     0.926      0.580     0.613      0.722     0.615    0.493     0.629   0.641     0.113      0.190     0.00516  -1	   0.1066851     0.0674601
     D1AHW-a89b      0.015     0.036       0.152     0.610      0.309     0.924      0.575     0.635      0.142     0.659    0.494     0.667   0.816     0.079      0.121     0.00485  -1	   0.1291098     0.0521519
     D1AHW-a89c      0.013     0.057       0.217     0.630     -0.056     0.912      0.572     0.681      0.834     0.638    0.514     0.634   0.680     0.068      0.088     0.00653  -1	   0.0614006     0.0142741
     D1AHW-a89d      0.014     0.036       0.138     0.499      0.326     0.934      0.572     0.598      0.564     0.639    0.515     0.633   0.672     0.108      0.190     0.00508  -1	   0.1606606     0.1173535
      D1AHW-a8a      0.018     0.055       0.185     0.607     -0.280     0.903      0.624     0.519      0.126     0.617    0.503     0.622   0.515     0.074      0.103     0.04217  -1	  -0.0293088     0.0052873
      D1AHW-a8b      0.024     0.031       0.126     0.626      0.091     0.940      0.556     0.485      0.509     0.593    0.461     0.632   0.761     0.112      0.324     0.05487  -1	   0.0659186     0.1164331
      D1AHW-a8c      0.023     0.031       0.126     0.604      0.092     0.934      0.565     0.504      0.668     0.589    0.473     0.619   0.761     0.106      0.315     0.05567  -1	   0.0558636     0.1016381
      D1AHW-a8d      0.020     0.030       0.126     0.662      0.087     0.938      0.579     0.521      0.980     0.646    0.500     0.650   0.817     0.119      0.281     0.04961  -1	   0.1095471     0.1150736
     D1AHW-a90a      0.017     0.041       0.166     0.635      0.319     0.922      0.525     0.580      0.487     0.653    0.505     0.653   0.816     0.099      0.047     0.00492  -1	   0.1543046     0.1153151
     D1AHW-a90b      0.022     0.033       0.138     0.597      0.048     0.926      0.572     0.610      0.862     0.647    0.506     0.646   0.708     0.098      0.219     0.00439  -1	   0.0655551     0.0620693
     D1AHW-a90c      0.021     0.041       0.147     0.645     -0.322     0.922      0.599     0.681      0.448     0.651    0.488     0.664   0.756     0.099      0.209     0.00454  -1	  -0.0356750    -0.0902015
     D1AHW-a90d      0.013     0.043       0.180     0.577      0.242     0.931      0.551     0.601      0.913     0.651    0.499     0.656   0.767     0.076      0.213     0.00466  -1	   0.2446735     0.1619686
     D1AHW-a91a      0.019     0.049       0.192     0.624      0.414     0.925      0.470     0.587      0.166     0.672    0.522     0.659   0.822     0.087      0.242     0.00493  -1	   0.3883531     0.1761493
     D1AHW-a91b      0.023     0.045       0.175     0.668     -0.038     0.930      0.497     0.470      0.148     0.682    0.537     0.658   0.852     0.094      0.293     0.00294  -1	   0.1293365     0.1021233
     D1AHW-a91c      0.017     0.043       0.171     0.506     -0.313     0.914      0.567     0.662      0.287     0.657    0.503     0.658   0.677     0.079      0.183     0.00603  -1	  -0.0722847    -0.0942670
     D1AHW-a91d      0.021     0.049       0.192     0.645      0.404     0.928      0.465     0.587      0.046     0.674    0.524     0.659   0.822     0.080      0.228     0.00493  -1	   0.4048604     0.1657334
     D1AHW-a92a      0.019     0.042       0.182     0.620     -0.024     0.929      0.573     0.663      0.547     0.613    0.493     0.626   0.796     0.077      0.156     0.00407  -1	  -0.0072465    -0.0448156
     D1AHW-a92b      0.021     0.044       0.180     0.510     -0.160     0.928      0.616     0.657      0.638     0.669    0.505     0.669   0.622     0.076      0.093     0.00506  -1	  -0.0499771    -0.0500319
     D1AHW-a92c      0.017     0.039       0.171     0.516     -0.117     0.932      0.647     0.659      0.828     0.629    0.485     0.645   0.653     0.079      0.171     0.00398  -1	   0.0023080    -0.0251058
     D1AHW-a92d      0.019     0.042       0.168     0.587     -0.059     0.929      0.620     0.664      0.573     0.631    0.472     0.658   0.738     0.090      0.093     0.00515  -1	  -0.0346785    -0.0595445
     D1AHW-a93a      0.022     0.040       0.164     0.541      0.200     0.917      0.557     0.593      0.193     0.626    0.477     0.650   0.705     0.088      0.332     0.00324  -1	   0.1728409     0.0417487
     D1AHW-a93b      0.022     0.059       0.231     0.590      0.360     0.910      0.484     0.483      0.029     0.643    0.496     0.652   0.705     0.060      0.270     0.00659  -1	   0.4063436     0.2309481
     D1AHW-a93c      0.021     0.055       0.220     0.587      0.364     0.913      0.488     0.468      0.022     0.616    0.474     0.643   0.705     0.057      0.218     0.00647  -1	   0.3455597     0.2359849
     D1AHW-a93d      0.026     0.057       0.203     0.564      0.228     0.919      0.498     0.465      0.132     0.645    0.510     0.642   0.661     0.071      0.264     0.00459  -1	   0.2481486     0.1690046
     D1AHW-a94a      0.025     0.042       0.154     0.564      0.329     0.920      0.545     0.504      0.352     0.638    0.473     0.663   0.798     0.073      0.157     0.00445  -1	   0.1732871     0.1706396
     D1AHW-a94b      0.023     0.038       0.152     0.615      0.264     0.920      0.560     0.554      0.206     0.622    0.497     0.632   0.816     0.099      0.203     0.00299  -1	   0.1637694     0.1120532
     D1AHW-a94c      0.019     0.061       0.236     0.457     -0.293     0.902      0.568     0.621      0.554     0.634    0.504     0.636   0.118     0.057      0.156     0.00502  -1	  -0.0413856    -0.0453756
     D1AHW-a94d      0.029     0.046       0.168     0.627      0.316     0.913      0.500     0.456      0.293     0.604    0.459     0.643   0.816     0.071      0.165     0.00451  -1	   0.2104549     0.2097652
     D1AHW-a95a      0.022     0.050       0.210     0.670     -0.170     0.916      0.507     0.556      0.564     0.621    0.475     0.647   0.757     0.058      0.104     0.00521  -1	  -0.0340635    -0.0078919
     D1AHW-a95b      0.022     0.048       0.203     0.610     -0.436     0.915      0.567     0.623      0.198     0.586    0.460     0.626   0.584     0.067      0.119     0.00500  -1	  -0.0390916    -0.0761531
     D1AHW-a95c      0.020     0.037       0.154     0.569      0.288     0.921      0.528     0.478      0.168     0.633    0.500     0.638   0.798     0.099      0.157     0.00300  -1	   0.1301647     0.1815480
     D1AHW-a95d      0.019     0.060       0.231     0.558     -0.201     0.912      0.573     0.630      0.236     0.585    0.480     0.611   0.444     0.059      0.158     0.00493  -1	  -0.0183021    -0.0809423
     D1AHW-a96a      0.017     0.044       0.194     0.530     -0.075     0.916      0.590     0.675      0.308     0.610    0.468     0.642   0.677     0.076      0.187     0.00442  -1	  -0.0339864    -0.0989470
     D1AHW-a96b      0.023     0.037       0.150     0.697      0.218     0.925      0.541     0.527      0.130     0.658    0.498     0.662   0.840     0.105      0.186     0.00293  -1	   0.1733443     0.1507043
     D1AHW-a96c      0.018     0.049       0.194     0.675      0.032     0.919      0.585     0.694      0.117     0.702    0.485     0.712   0.781     0.071      0.301     0.00549  -1	   0.1681836    -0.0711322
     D1AHW-a96d      0.017     0.046       0.185     0.605      0.051     0.914      0.535     0.672      0.667     0.615    0.475     0.641   0.761     0.071      0.183     0.00478  -1	   0.0569737     0.0087174
     D1AHW-a97a      0.018     0.030       0.131     0.668      0.187     0.925      0.620     0.699      0.093     0.602    0.489     0.619   0.794     0.108      0.226     0.00406  -1	   0.1420273    -0.0035223
     D1AHW-a97b      0.018     0.045       0.175     0.556      0.165     0.900      0.545     0.577      0.049     0.654    0.480     0.672   0.721     0.083      0.119     0.00452  -1	   0.0496158    -0.0055517
     D1AHW-a97c      0.016     0.052       0.199     0.709     -0.023     0.916      0.558     0.735      0.383     0.629    0.491     0.642   0.802     0.071      0.233     0.00484  -1	   0.0720501    -0.0860565
     D1AHW-a97d      0.020     0.045       0.182     0.542      0.271     0.904      0.534     0.574      0.077     0.610    0.468     0.642   0.737     0.080      0.100     0.00452  -1	   0.1029625     0.0270458
     D1AHW-a98a      0.018     0.036       0.150     0.587      0.113     0.915      0.592     0.627      0.040     0.593    0.460     0.632   0.753     0.082      0.122     0.00428  -1	   0.0159839    -0.0364336
     D1AHW-a98b      0.020     0.030       0.131     0.685      0.277     0.916      0.589     0.668      0.095     0.602    0.489     0.619   0.872     0.104      0.216     0.00407  -1	   0.2022007     0.0494167
     D1AHW-a98c      0.023     0.044       0.199     0.598     -0.059     0.915      0.596     0.666      0.116     0.611    0.496     0.622   0.738     0.062      0.263     0.00496  -1	   0.0695808    -0.0885709
     D1AHW-a98d      0.018     0.045       0.180     0.575      0.029     0.921      0.583     0.702      0.323     0.620    0.477     0.644   0.708     0.082      0.100     0.00403  -1	  -0.0211898    -0.0883768
     D1AHW-a99a      0.020     0.038       0.159     0.641     -0.339     0.921      0.602     0.665      0.952     0.636    0.503     0.639   0.756     0.096      0.199     0.00494  -1	  -0.0081781     0.0015185
     D1AHW-a99b      0.022     0.040       0.168     0.646     -0.236     0.943      0.547     0.597      0.137     0.590    0.453     0.636   0.718     0.076      0.158     0.00511  -1	  -0.0368968    -0.0581481
     D1AHW-a99c      0.020     0.038       0.161     0.637     -0.333     0.920      0.572     0.627      0.873     0.642    0.504     0.644   0.756     0.096      0.178     0.00496  -1	  -0.0239042     0.0027259
     D1AHW-a99d      0.018     0.043       0.166     0.604      0.066     0.917      0.542     0.627      0.512     0.634    0.486     0.650   0.761     0.085      0.109     0.00434  -1	   0.0115882    -0.0141320
      D1AHW-a9a      0.016     0.044       0.161     0.698      0.367     0.904      0.490     0.378      0.302     0.649    0.508     0.647   0.903     0.101      0.254     0.75354   1	   0.3182818     0.3772871
      D1AHW-a9b      0.024     0.056       0.210     0.673      0.071     0.922      0.611     0.489      0.942     0.650    0.488     0.663   0.805     0.066      0.188     0.01663  -1	   0.1839718     0.0948787
      D1AHW-a9c      0.019     0.050       0.180     0.683      0.005     0.917      0.592     0.519      0.987     0.689    0.532     0.667   0.781     0.087      0.207     0.05547  -1	   0.1332158     0.0682642
      D1AHW-a9d      0.018     0.041       0.157     0.686     -0.041     0.928      0.541     0.473      0.538     0.641    0.488     0.655   0.852     0.088      0.272     0.02133  -1	   0.0336702     0.0674762
