      D1US7-a9d      0.003     0.085       0.343     0.729      0.309     0.678      0.383     0.392      0.544     0.278    0.587     0.248   0.974     0.080      0.158     0.01862  -1	   0.1471435    -0.0859373
      D1US7-a0a      0.006     0.061       0.256     0.556     -0.079     0.686      0.608     0.536      0.952     0.230    0.507     0.254   0.554     0.086      0.078     0.01216  -1	   0.0190205     0.0441689
      D1US7-a0b      0.005     0.084       0.348     0.695      0.241     0.681      0.422     0.441      0.332     0.284    0.560     0.271   0.854     0.078      0.190     0.01953  -1	   0.2039894    -0.0296300
      D1US7-a0c     -0.000     0.081       0.314     0.630      0.196     0.692      0.382     0.399      0.435     0.235    0.537     0.241   0.778     0.089      0.155     0.01751  -1	   0.1191991    -0.0217727
      D1US7-a0d      0.004     0.065       0.275     0.614     -0.111     0.692      0.571     0.493      0.831     0.253    0.528     0.264   0.589     0.085      0.105     0.01204  -1	  -0.0212374     0.0156805
    D1US7-a100a      0.006     0.061       0.246     0.659      0.008     0.744      0.497     0.449      0.519     0.207    0.477     0.249   0.780     0.117      0.127     0.01031  -1	   0.0128947    -0.0097272
    D1US7-a100b      0.003     0.059       0.232     0.674     -0.172     0.705      0.429     0.381      0.989     0.253    0.517     0.271   0.730     0.127      0.576     0.01365  -1	  -0.0934010     0.0178549
    D1US7-a100c      0.013     0.053       0.222     0.524      0.222     0.730      0.473     0.384      0.837     0.220    0.465     0.270   0.508     0.117      0.436     0.01447  -1	   0.0789287     0.0989501
    D1US7-a100d      0.006     0.064       0.261     0.547     -0.053     0.722      0.491     0.456      0.828     0.226    0.509     0.249   0.401     0.109      0.099     0.01032  -1	   0.0248457     0.0444478
    D1US7-a101a      0.009     0.056       0.227     0.584      0.158     0.714      0.487     0.438      0.703     0.224    0.482     0.264   0.652     0.125      0.574     0.01432  -1	   0.0771471     0.0102348
    D1US7-a101b      0.008     0.060       0.227     0.695      0.144     0.725      0.530     0.353      0.970     0.275    0.559     0.264   0.780     0.112      0.123     0.01728  -1	   0.0035660     0.0168492
    D1US7-a101c      0.014     0.051       0.188     0.608     -0.074     0.680      0.492     0.488      0.736     0.225    0.517     0.243   0.680     0.149      0.235     0.01192  -1	  -0.0469486     0.0013786
    D1US7-a101d      0.013     0.050       0.232     0.593     -0.065     0.698      0.468     0.330      0.823     0.256    0.591     0.228   0.738     0.141      0.342     0.01383  -1	  -0.0806655     0.0485581
    D1US7-a102a      0.011     0.060       0.203     0.681      0.138     0.725      0.543     0.373      0.925     0.247    0.558     0.239   0.780     0.117      0.111     0.01770  -1	  -0.0068637     0.0084222
    D1US7-a102b      0.011     0.052       0.208     0.649      0.279     0.715      0.487     0.424      0.899     0.317    0.544     0.312   0.825     0.123      0.123     0.01360  -1	   0.0460160     0.0209461
    D1US7-a102c      0.008     0.059       0.222     0.658      0.151     0.717      0.525     0.365      0.997     0.256    0.573     0.238   0.845     0.115      0.111     0.01736  -1	  -0.0109811    -0.0000957
    D1US7-a102d      0.009     0.059       0.227     0.664      0.096     0.731      0.519     0.340      0.983     0.247    0.559     0.239   0.805     0.108      0.125     0.01750  -1	  -0.0143116     0.0245242
    D1US7-a103a      0.011     0.057       0.213     0.734      0.210     0.721      0.563     0.401      0.981     0.267    0.566     0.252   0.909     0.119      0.125     0.01732  -1	  -0.0071521    -0.0182084
    D1US7-a103b      0.018     0.053       0.232     0.637     -0.122     0.694      0.596     0.477      0.875     0.230    0.507     0.254   0.589     0.099      0.167     0.02962  -1	  -0.0346337     0.0297628
    D1US7-a103c      0.008     0.060       0.242     0.659     -0.018     0.722      0.465     0.453      0.915     0.253    0.521     0.268   0.747     0.110      0.122     0.01311  -1	  -0.0280150     0.0028964
    D1US7-a103d      0.031     0.110       0.377     0.689     -0.212     0.657      0.436     0.447      0.538     0.287    0.532     0.293   0.663     0.090      0.277     0.07544  -1	   0.1186577    -0.0831877
    D1US7-a104a      0.022     0.040       0.164     0.667     -0.005     0.733      0.612     0.452      0.790     0.214    0.465     0.263   0.852     0.164      1.219     0.01296  -1	   0.0827698    -0.0461647
    D1US7-a104b      0.026     0.054       0.256     0.608      0.267     0.692      0.547     0.453      0.963     0.247    0.508     0.271   0.825     0.107      0.472     0.01993  -1	   0.0652422    -0.0130853
    D1US7-a104c      0.018     0.058       0.275     0.535      0.049     0.699      0.550     0.529      0.727     0.240    0.469     0.289   0.434     0.096      0.016     0.01318  -1	   0.0546252     0.0727113
    D1US7-a104d      0.023     0.065       0.280     0.522      0.204     0.710      0.539     0.440      0.425     0.226    0.500     0.255   0.508     0.092      0.090     0.01214  -1	   0.1235479     0.1027626
    D1US7-a105a      0.000     0.069       0.295     0.501     -0.176     0.713      0.563     0.663      0.580     0.219    0.478     0.261   0.384     0.094      0.060     0.00862  -1	   0.0347365     0.0307109
    D1US7-a105b      0.018     0.056       0.246     0.671      0.140     0.700      0.543     0.447      0.884     0.255    0.535     0.261   0.780     0.102      0.126     0.01644  -1	  -0.0019738     0.0100687
    D1US7-a105c      0.005     0.051       0.242     0.639      0.194     0.715      0.532     0.464      0.507     0.238    0.500     0.266   0.778     0.106      0.089     0.00800  -1	   0.0235629     0.0388599
    D1US7-a105d     -0.002     0.060       0.271     0.667      0.160     0.699      0.436     0.338      0.310     0.248    0.513     0.267   0.845     0.100      0.107     0.00931  -1	   0.0661162     0.0884158
    D1US7-a106a     -0.001     0.061       0.285     0.595      0.071     0.708      0.511     0.431      0.676     0.258    0.477     0.302   0.612     0.088      0.089     0.00994  -1	   0.0208975     0.0519023
    D1US7-a106b      0.009     0.062       0.295     0.579      0.068     0.716      0.590     0.557      0.543     0.239    0.469     0.288   0.612     0.099      0.347     0.00913  -1	   0.0887419     0.0025698
    D1US7-a106c      0.005     0.069       0.314     0.622     -0.086     0.722      0.456     0.423      0.468     0.236    0.548     0.235   0.680     0.102      0.164     0.00859  -1	   0.0110931    -0.0048374
    D1US7-a106d      0.001     0.062       0.290     0.552     -0.297     0.703      0.558     0.600      0.578     0.245    0.488     0.281   0.389     0.093      0.014     0.00897  -1	   0.0121407     0.0226948
    D1US7-a107a      0.015     0.037       0.159     0.548      0.498     0.691      0.576     0.511      0.797     0.242    0.494     0.274   0.756     0.204      0.107     0.03397  -1	   0.0679177     0.0024354
    D1US7-a107b     -0.003     0.086       0.333     0.654      0.150     0.705      0.414     0.446      0.097     0.222    0.541     0.226   0.845     0.083      0.175     0.01777  -1	   0.2508951    -0.0268111
    D1US7-a107c     -0.002     0.090       0.357     0.661      0.177     0.737      0.348     0.359      0.097     0.268    0.569     0.251   0.845     0.084      0.148     0.01747  -1	   0.2612791     0.0283054
    D1US7-a107d     -0.002     0.081       0.324     0.619      0.171     0.690      0.393     0.408      0.537     0.227    0.523     0.242   0.778     0.088      0.181     0.01778  -1	   0.0952936    -0.0272936
    D1US7-a108a      0.006     0.056       0.232     0.495      0.321     0.740      0.440     0.389      0.952     0.236    0.497     0.267   0.456     0.101      0.177     0.01459  -1	   0.1756246     0.1571287
    D1US7-a108b      0.005     0.049       0.203     0.456     -0.025     0.719      0.514     0.550      0.221     0.249    0.488     0.286   0.652     0.135      0.147     0.00778  -1	   0.0438884     0.0132406
    D1US7-a108c      0.004     0.063       0.256     0.658      0.013     0.749      0.478     0.443      0.683     0.233    0.493     0.266   0.780     0.107      0.004     0.01037  -1	  -0.0127477    -0.0089730
    D1US7-a108d      0.015     0.045       0.179     0.582     -0.082     0.723      0.577     0.582      0.956     0.235    0.510     0.257   0.738     0.130      0.464     0.00982  -1	  -0.0841462    -0.0315279
     D1US7-a10a      0.013     0.053       0.227     0.551      0.053     0.699      0.512     0.531      0.854     0.223    0.486     0.261   0.612     0.110      0.183     0.01063  -1	   0.0016497     0.0298285
     D1US7-a10b      0.011     0.053       0.217     0.635      0.165     0.701      0.571     0.610      0.852     0.235    0.501     0.262   0.778     0.107      0.240     0.01073  -1	   0.0003753    -0.0348405
     D1US7-a10c      0.004     0.055       0.246     0.546     -0.433     0.713      0.623     0.734      0.595     0.226    0.482     0.266   0.000     0.104      0.054     0.01095  -1	   0.0483247     0.0028975
     D1US7-a10d      0.001     0.060       0.290     0.565      0.332     0.705      0.590     0.619      0.678     0.234    0.541     0.237   0.727     0.089     -0.017     0.01361  -1	   0.0971532     0.0695718
     D1US7-a11a     -0.001     0.054       0.227     0.714     -0.137     0.698      0.587     0.801      1.000     0.310    0.583     0.278   0.711     0.122      0.433     0.01220  -1	  -0.1045701    -0.0245669
     D1US7-a11b      0.006     0.054       0.256     0.625      0.192     0.681      0.549     0.352      0.604     0.300    0.582     0.271   0.778     0.111      0.170     0.01799  -1	   0.0080409     0.0969308
     D1US7-a11c     -0.001     0.082       0.319     0.638      0.193     0.689      0.408     0.446      0.294     0.233    0.527     0.246   0.778     0.089      0.188     0.01808  -1	   0.1786878    -0.0340479
     D1US7-a11d     -0.004     0.063       0.271     0.645     -0.079     0.727      0.461     0.397      0.932     0.287    0.542     0.287   0.680     0.113      0.146     0.01208  -1	  -0.0408698     0.0053783
     D1US7-a12a      0.009     0.040       0.203     0.617      0.246     0.689      0.572     0.497      0.820     0.235    0.518     0.252   0.784     0.125      0.121     0.00928  -1	  -0.0222040     0.0199384
     D1US7-a12b      0.012     0.052       0.232     0.568      0.114     0.695      0.535     0.560      0.897     0.236    0.502     0.264   0.587     0.110      0.203     0.01059  -1	   0.0072985     0.0219105
     D1US7-a12c     -0.011     0.066       0.275     0.532     -0.009     0.718      0.528     0.466      0.985     0.292    0.561     0.278   0.401     0.108      0.103     0.01233  -1	   0.0327406     0.0229795
     D1US7-a12d      0.010     0.049       0.227     0.591      0.019     0.691      0.575     0.531      0.943     0.276    0.498     0.305   0.708     0.147      0.137     0.01007  -1	  -0.0317464    -0.0063089
     D1US7-a13a     -0.000     0.043       0.198     0.650     -0.081     0.726      0.613     0.552      0.474     0.220    0.494     0.252   0.812     0.158      0.081     0.01418  -1	  -0.0531225    -0.0089791
     D1US7-a13b     -0.001     0.058       0.246     0.659      0.239     0.683      0.569     0.385      0.729     0.243    0.500     0.271   0.854     0.126      0.211     0.01762  -1	   0.0183709     0.0247877
     D1US7-a13c     -0.010     0.065       0.280     0.655     -0.252     0.713      0.488     0.434      0.969     0.253    0.526     0.265   0.582     0.117      0.144     0.01207  -1	  -0.0487675    -0.0048655
     D1US7-a13d      0.003     0.051       0.227     0.684      0.116     0.717      0.618     0.584      0.849     0.226    0.492     0.259   0.780     0.141      0.210     0.01580  -1	  -0.0377693    -0.0282774
     D1US7-a14a      0.008     0.052       0.227     0.685      0.161     0.713      0.600     0.554      0.775     0.224    0.500     0.253   0.845     0.137      0.217     0.01563  -1	  -0.0202765    -0.0452984
     D1US7-a14b      0.004     0.052       0.227     0.687      0.143     0.707      0.579     0.538      0.831     0.230    0.501     0.258   0.780     0.144      0.095     0.01605  -1	  -0.0333159    -0.0198476
     D1US7-a14c      0.008     0.053       0.222     0.681      0.151     0.710      0.602     0.567      0.783     0.229    0.521     0.245   0.845     0.138      0.110     0.01584  -1	  -0.0368798    -0.0405786
     D1US7-a14d      0.005     0.052       0.242     0.663      0.144     0.713      0.585     0.529      0.685     0.233    0.529     0.244   0.780     0.136      0.247     0.01546  -1	  -0.0113653    -0.0329753
     D1US7-a15a      0.013     0.053       0.242     0.680     -0.017     0.708      0.575     0.401      0.804     0.256    0.508     0.279   0.747     0.117      0.126     0.03760  -1	  -0.0465540     0.0284790
     D1US7-a15b      0.002     0.051       0.222     0.669      0.112     0.720      0.627     0.586      0.796     0.226    0.498     0.257   0.780     0.149      0.210     0.01573  -1	  -0.0402097    -0.0375569
     D1US7-a15c      0.014     0.061       0.251     0.728      0.192     0.711      0.468     0.315      0.416     0.223    0.545     0.225   0.900     0.111      0.101     0.04579  -1	   0.0549342     0.0788797
     D1US7-a15d     -0.006     0.072       0.290     0.633     -0.056     0.697      0.511     0.454      0.802     0.281    0.531     0.288   0.680     0.112      0.178     0.02291  -1	  -0.0256056    -0.0359968
     D1US7-a16a      0.004     0.048       0.188     0.725      0.006     0.699      0.565     0.595      0.944     0.253    0.513     0.273   0.805     0.126      0.041     0.02110  -1	  -0.0659347    -0.0092735
     D1US7-a16b      0.009     0.059       0.246     0.610      0.087     0.683      0.582     0.496      0.876     0.247    0.499     0.276   0.738     0.121      0.310     0.04349  -1	  -0.0150938    -0.0357372
     D1US7-a16c      0.015     0.057       0.251     0.683      0.342     0.710      0.512     0.337      0.808     0.220    0.502     0.248   0.920     0.123      0.112     0.04595  -1	   0.0757483     0.0438754
     D1US7-a16d      0.003     0.052       0.222     0.714      0.160     0.716      0.569     0.604      0.926     0.272    0.526     0.282   0.900     0.128      0.060     0.02233  -1	  -0.0333415    -0.0424036
     D1US7-a17a      0.009     0.062       0.266     0.747      0.165     0.697      0.446     0.276      0.447     0.230    0.547     0.230   0.900     0.092      0.107     0.04597  -1	   0.0382241     0.0990467
     D1US7-a17b      0.014     0.061       0.251     0.734      0.219     0.693      0.456     0.288      0.424     0.238    0.541     0.241   0.909     0.116      0.087     0.04617  -1	   0.0528914     0.0900209
     D1US7-a17c      0.014     0.061       0.256     0.738      0.200     0.723      0.479     0.334      0.767     0.230    0.557     0.224   0.909     0.113      0.107     0.04657  -1	  -0.0008573    -0.0057504
     D1US7-a17d      0.008     0.055       0.227     0.634      0.101     0.704      0.588     0.517      0.796     0.432    0.754     0.249   0.713     0.118      0.045     0.05105  -1	  -0.0214856     0.0170801
     D1US7-a18a      0.013     0.087       0.324     0.692      0.084     0.690      0.474     0.254      0.689     0.261    0.528     0.271   0.805     0.082      0.117     0.07182  -1	   0.0498775     0.0312772
     D1US7-a18b      0.010     0.059       0.271     0.623     -0.105     0.728      0.538     0.537      0.742     0.246    0.515     0.265   0.589     0.121      0.151     0.03855  -1	  -0.0284153    -0.0095667
     D1US7-a18c      0.012     0.070       0.319     0.701      0.073     0.713      0.454     0.332      0.169     0.237    0.505     0.262   0.859     0.086      0.095     0.04790  -1	   0.1323236     0.1199102
     D1US7-a18d      0.015     0.048       0.222     0.751      0.102     0.698      0.530     0.645      0.454     0.225    0.499     0.254   0.831     0.124      0.015     0.03156  -1	  -0.0211850    -0.0400266
     D1US7-a19a      0.016     0.045       0.208     0.574     -0.326     0.704      0.576     0.594      0.855     0.225    0.514     0.245   0.738     0.129      0.113     0.03267  -1	  -0.0073025     0.0393258
     D1US7-a19b      0.026     0.039       0.184     0.680      0.201     0.721      0.564     0.557      0.826     0.272    0.491     0.306   0.840     0.181      0.053     0.05599  -1	  -0.0259692    -0.0271099
     D1US7-a19c      0.014     0.067       0.309     0.629      0.142     0.670      0.531     0.526      0.996     0.311    0.559     0.296   0.713     0.088      0.060     0.04934  -1	   0.0497408     0.0303525
     D1US7-a19d      0.019     0.043       0.174     0.793      0.207     0.731      0.507     0.382      0.448     0.241    0.500     0.269   0.844     0.114      0.270     0.08971  -1	   0.1047621     0.1447163
      D1US7-a1a     -0.005     0.054       0.266     0.660     -0.103     0.722      0.585     0.694      0.998     0.290    0.574     0.267   0.656     0.123      0.110     0.01187  -1	  -0.0718156     0.0263091
      D1US7-a1b     -0.003     0.057       0.246     0.662      0.228     0.689      0.567     0.379      0.649     0.242    0.495     0.275   0.854     0.128      0.214     0.01762  -1	   0.0237128     0.0421337
      D1US7-a1c      0.007     0.074       0.309     0.616     -0.018     0.722      0.534     0.590      0.191     0.264    0.525     0.276   0.680     0.108      0.068     0.01653  -1	   0.0873332    -0.0353256
      D1US7-a1d     -0.004     0.079       0.300     0.694     -0.017     0.711      0.466     0.401      0.811     0.323    0.600     0.278   0.747     0.091      0.181     0.02539  -1	  -0.0171010    -0.0487367
     D1US7-a20a      0.005     0.070       0.300     0.563      0.179     0.719      0.495     0.609      0.397     0.217    0.486     0.254   0.652     0.099      0.016     0.01802  -1	   0.0900316    -0.0165636
     D1US7-a20b      0.012     0.064       0.242     0.640     -0.134     0.713      0.491     0.557      0.605     0.228    0.499     0.257   0.589     0.099      0.383     0.02072  -1	   0.0359024    -0.0290288
     D1US7-a20c      0.018     0.073       0.309     0.564     -0.233     0.702      0.562     0.567      0.818     0.257    0.481     0.298   0.444     0.082      0.476     0.01700  -1	   0.0148682    -0.0293340
     D1US7-a20d      0.021     0.053       0.251     0.644      0.261     0.720      0.514     0.464      0.453     0.230    0.495     0.261   0.825     0.106      0.288     0.01786  -1	   0.1495637     0.0448110
     D1US7-a21a      0.004     0.072       0.295     0.631      0.043     0.710      0.436     0.568      0.337     0.274    0.532     0.280   0.713     0.103      0.025     0.02009  -1	   0.0335462    -0.0707037
     D1US7-a21b      0.010     0.065       0.295     0.516      0.196     0.719      0.511     0.530      0.616     0.242    0.530     0.251   0.499     0.092      0.142     0.01689  -1	   0.1025376     0.0536077
     D1US7-a21c      0.009     0.071       0.285     0.576      0.205     0.719      0.478     0.564      0.326     0.223    0.498     0.252   0.661     0.105      0.008     0.01751  -1	   0.1053707    -0.0269977
     D1US7-a21d      0.005     0.073       0.290     0.548      0.044     0.710      0.546     0.641      0.251     0.237    0.489     0.273   0.434     0.099      0.033     0.01785  -1	   0.0908452     0.0129053
     D1US7-a22a      0.009     0.064       0.300     0.679      0.101     0.730      0.523     0.515      0.245     0.243    0.535     0.250   0.780     0.092      0.191     0.01532  -1	   0.1397692     0.0145966
     D1US7-a22b     -0.000     0.054       0.232     0.692      0.266     0.698      0.558     0.607      0.238     0.269    0.595     0.236   0.892     0.129      0.085     0.00977  -1	   0.0842636    -0.0493643
     D1US7-a22c      0.009     0.064       0.275     0.636      0.059     0.678      0.488     0.647      0.530     0.395    0.569     0.365   0.738     0.106      0.028     0.02072  -1	  -0.0168073    -0.0585799
     D1US7-a22d      0.011     0.055       0.237     0.576      0.151     0.709      0.564     0.544      0.895     0.235    0.501     0.262   0.652     0.096      0.072     0.01611  -1	   0.0457189     0.0416567
     D1US7-a23a     -0.004     0.088       0.357     0.668      0.165     0.696      0.389     0.412      0.143     0.259    0.528     0.269   0.845     0.075      0.136     0.01767  -1	   0.2173671    -0.0182159
     D1US7-a23b      0.013     0.044       0.198     0.617      0.223     0.703      0.540     0.614      0.933     0.231    0.516     0.250   0.784     0.140      0.111     0.01358  -1	  -0.0100113    -0.0149744
     D1US7-a23c      0.003     0.045       0.193     0.680      0.143     0.720      0.540     0.547      0.788     0.219    0.492     0.253   0.827     0.132      0.207     0.01041  -1	  -0.0445503    -0.0437912
     D1US7-a23d      0.010     0.046       0.193     0.596      0.148     0.706      0.567     0.631      0.668     0.239    0.504     0.265   0.753     0.144      0.121     0.01341  -1	  -0.0280835    -0.0469980
     D1US7-a24a     -0.004     0.051       0.232     0.582     -0.009     0.697      0.600     0.644      0.897     0.226    0.488     0.262   0.554     0.119      0.094     0.00977  -1	  -0.0201101     0.0361025
     D1US7-a24b      0.005     0.062       0.261     0.571      0.130     0.687      0.481     0.610      0.676     0.261    0.517     0.278   0.587     0.102      0.080     0.01934  -1	   0.0244750     0.0107846
     D1US7-a24c     -0.005     0.055       0.251     0.551      0.411     0.696      0.497     0.600      0.520     0.259    0.524     0.272   0.752     0.118      0.221     0.00940  -1	   0.1514523    -0.0190950
     D1US7-a24d     -0.003     0.052       0.232     0.563     -0.023     0.696      0.637     0.694      0.838     0.231    0.498     0.261   0.554     0.118      0.106     0.00976  -1	  -0.0261558     0.0329139
     D1US7-a25a      0.001     0.051       0.237     0.667      0.257     0.701      0.535     0.546      0.353     0.219    0.467     0.268   0.892     0.121      0.105     0.00951  -1	   0.0727893    -0.0259030
     D1US7-a25b      0.012     0.048       0.193     0.715      0.012     0.704      0.467     0.441      0.567     0.225    0.487     0.262   0.805     0.139      0.398     0.04569  -1	   0.0227459     0.0001336
     D1US7-a25c     -0.004     0.087       0.353     0.677      0.199     0.719      0.377     0.400      0.269     0.238    0.547     0.238   0.845     0.081      0.138     0.01764  -1	   0.1862756    -0.0361252
     D1US7-a25d      0.013     0.048       0.208     0.699     -0.015     0.699      0.547     0.421      0.864     0.242    0.511     0.262   0.852     0.117      0.408     0.01258  -1	  -0.0718562    -0.0241593
     D1US7-a26a      0.007     0.057       0.232     0.574      0.014     0.693      0.538     0.484      0.812     0.226    0.509     0.249   0.587     0.121      0.325     0.01061  -1	  -0.0236418    -0.0102889
     D1US7-a26b      0.009     0.052       0.242     0.459     -0.260     0.697      0.615     0.689      0.832     0.202    0.478     0.243   0.118     0.104      0.082     0.01094  -1	   0.0457598     0.0509424
     D1US7-a26c      0.017     0.051       0.227     0.714      0.172     0.709      0.547     0.504      0.965     0.219    0.502     0.246   0.900     0.120      0.445     0.00984  -1	  -0.0277805    -0.0835382
     D1US7-a26d      0.003     0.062       0.261     0.632     -0.144     0.687      0.586     0.512      0.741     0.227    0.491     0.261   0.589     0.085      0.072     0.01206  -1	  -0.0169320     0.0299380
     D1US7-a27a      0.006     0.052       0.203     0.737     -0.256     0.724      0.474     0.611      0.661     0.238    0.480     0.280   0.636     0.140      0.181     0.00816  -1	  -0.0259322    -0.0134607
     D1US7-a27b      0.010     0.056       0.242     0.620      0.252     0.712      0.515     0.440      0.837     0.248    0.507     0.272   0.825     0.104      0.209     0.01123  -1	   0.0539175     0.0167364
     D1US7-a27c      0.010     0.058       0.261     0.650      0.260     0.713      0.474     0.440      0.594     0.228    0.487     0.266   0.892     0.099      0.360     0.01138  -1	   0.1267644    -0.0025958
     D1US7-a27d     -0.004     0.077       0.324     0.646     -0.178     0.718      0.491     0.502      0.938     0.324    0.570     0.300   0.664     0.081      0.100     0.00944  -1	  -0.0273523    -0.0153313
     D1US7-a28a     -0.001     0.057       0.237     0.584     -0.496     0.707      0.591     0.630      0.835     0.235    0.495     0.266   0.420     0.115      0.541     0.00884  -1	  -0.0034900    -0.0128149
     D1US7-a28b      0.009     0.052       0.222     0.640     -0.122     0.707      0.503     0.483      0.986     0.239    0.502     0.266   0.589     0.142      0.195     0.00965  -1	  -0.0499231     0.0120567
     D1US7-a28c      0.002     0.054       0.208     0.635      0.119     0.705      0.626     0.655      0.873     0.238    0.517     0.256   0.713     0.123      0.109     0.00960  -1	  -0.0213373    -0.0081944
     D1US7-a28d      0.011     0.046       0.179     0.613     -0.184     0.734      0.579     0.635      0.498     0.197    0.484     0.234   0.701     0.156      0.031     0.00974  -1	  -0.0115905    -0.0105008
     D1US7-a29a      0.010     0.046       0.184     0.555     -0.237     0.723      0.573     0.617      0.534     0.205    0.490     0.239   0.700     0.152      0.046     0.00994  -1	   0.0012611     0.0001808
     D1US7-a29b      0.002     0.056       0.246     0.607     -0.029     0.716      0.535     0.581      0.894     0.244    0.504     0.270   0.680     0.111      0.382     0.00903  -1	  -0.0433414    -0.0365265
     D1US7-a29d      0.011     0.046       0.179     0.653     -0.248     0.720      0.590     0.653      0.293     0.202    0.472     0.247   0.773     0.157      0.043     0.00995  -1	   0.0582093    -0.0020374
      D1US7-a2a     -0.010     0.079       0.304     0.707     -0.222     0.703      0.496     0.486      0.541     0.305    0.587     0.273   0.691     0.092      0.181     0.02490  -1	  -0.0100169    -0.0591850
      D1US7-a2b     -0.001     0.076       0.295     0.676     -0.236     0.705      0.484     0.443      0.682     0.308    0.573     0.284   0.637     0.095      0.129     0.02535  -1	  -0.0312779    -0.0314632
      D1US7-a2c     -0.002     0.060       0.246     0.735      0.241     0.689      0.530     0.331      0.695     0.274    0.527     0.284   0.909     0.120      0.211     0.01755  -1	   0.0240649     0.0385962
      D1US7-a2d     -0.004     0.079       0.304     0.749     -0.298     0.712      0.493     0.494      0.219     0.327    0.587     0.291   0.636     0.098      0.185     0.02455  -1	   0.1303425     0.0151281
     D1US7-a30a     -0.002     0.070       0.285     0.678     -0.133     0.713      0.561     0.550      0.405     0.251    0.495     0.283   0.656     0.121      0.159     0.02349  -1	   0.0377888    -0.0245670
     D1US7-a30b      0.001     0.049       0.203     0.590      0.213     0.721      0.543     0.455      0.844     0.231    0.483     0.270   0.767     0.123      0.060     0.01159  -1	   0.0190416     0.0270729
     D1US7-a30c      0.012     0.065       0.290     0.598      0.044     0.706      0.556     0.398      0.561     0.371    0.511     0.387   0.587     0.081      0.158     0.02728  -1	   0.0424543     0.0778319
     D1US7-a30d      0.003     0.050       0.222     0.657      0.143     0.708      0.620     0.580      0.732     0.222    0.524     0.236   0.827     0.142      0.217     0.01582  -1	  -0.0411996    -0.0514641
     D1US7-a31a      0.003     0.051       0.217     0.658      0.139     0.706      0.621     0.584      0.736     0.224    0.495     0.256   0.780     0.148      0.179     0.01566  -1	  -0.0309651    -0.0331192
     D1US7-a31b      0.006     0.053       0.227     0.711      0.152     0.712      0.574     0.535      0.750     0.233    0.507     0.257   0.900     0.144      0.228     0.01582  -1	  -0.0303844    -0.0763236
     D1US7-a31c     -0.002     0.070       0.295     0.670     -0.128     0.708      0.568     0.548      0.466     0.263    0.502     0.290   0.656     0.115      0.197     0.02352  -1	   0.0259788    -0.0292031
     D1US7-a31d      0.001     0.051       0.217     0.656      0.114     0.705      0.592     0.550      0.846     0.228    0.505     0.253   0.780     0.139      0.217     0.01571  -1	  -0.0470303    -0.0430533
     D1US7-a32a      0.010     0.061       0.246     0.730      0.208     0.707      0.460     0.312      0.505     0.217    0.502     0.244   0.909     0.110      0.107     0.04573  -1	   0.0473332     0.0570689
     D1US7-a32b      0.000     0.057       0.213     0.597      0.066     0.706      0.636     0.586      0.801     0.266    0.511     0.287   0.612     0.131     -0.018     0.01936  -1	  -0.0047817     0.0163374
     D1US7-a32c      0.017     0.048       0.208     0.647      0.281     0.711      0.558     0.469      0.523     0.244    0.530     0.254   0.816     0.129      0.188     0.04507  -1	   0.0621769     0.0394013
     D1US7-a32d      0.001     0.057       0.213     0.597      0.082     0.701      0.618     0.541      0.792     0.242    0.476     0.286   0.612     0.131      0.045     0.01887  -1	   0.0054001     0.0142422
     D1US7-a33a      0.010     0.056       0.237     0.608      0.096     0.682      0.578     0.492      0.826     0.267    0.536     0.272   0.738     0.127      0.316     0.05291  -1	  -0.0249138    -0.0389823
     D1US7-a33b      0.014     0.055       0.242     0.646      0.036     0.689      0.551     0.407      0.999     0.274    0.518     0.290   0.713     0.111      0.110     0.03557  -1	  -0.0130059     0.0226184
     D1US7-a33c      0.008     0.060       0.251     0.704      0.097     0.711      0.554     0.396      0.322     0.209    0.491     0.243   0.859     0.101      0.093     0.02297  -1	   0.0610906     0.1014415
     D1US7-a33d      0.016     0.059       0.256     0.664      0.004     0.721      0.535     0.410      0.639     0.219    0.503     0.245   0.780     0.108      0.039     0.03001  -1	  -0.0204184     0.0234461
     D1US7-a34a      0.012     0.085       0.324     0.678      0.103     0.680      0.465     0.190      0.699     0.240    0.521     0.255   0.780     0.081      0.088     0.07160  -1	   0.0478740     0.0773161
     D1US7-a34b      0.015     0.054       0.251     0.590     -0.033     0.703      0.624     0.488      0.983     0.253    0.524     0.266   0.554     0.114      0.089     0.03647  -1	   0.0013017     0.0383239
     D1US7-a34c      0.013     0.087       0.338     0.663      0.045     0.671      0.465     0.206      0.169     0.231    0.501     0.259   0.780     0.080      0.268     0.07200  -1	   0.2598114     0.2923793
     D1US7-a34d      0.017     0.069       0.290     0.655      0.137     0.693      0.491     0.261      0.823     0.213    0.488     0.248   0.780     0.090      0.348     0.06495  -1	   0.0527946     0.0608030
     D1US7-a35a      0.024     0.093       0.348     0.667     -0.171     0.676      0.475     0.469      0.326     0.277    0.510     0.298   0.730     0.098      0.318     0.07544  -1	   0.1890551    -0.0432639
     D1US7-a35b      0.021     0.043       0.174     0.782      0.134     0.720      0.493     0.355      0.819     0.257    0.531     0.265   0.831     0.117      0.259     0.08993  -1	  -0.0348816     0.0513926
     D1US7-a35c      0.015     0.066       0.280     0.590     -0.059     0.691      0.484     0.365      0.783     0.251    0.502     0.278   0.554     0.103      0.034     0.03747  -1	   0.0152580     0.0503590
     D1US7-a35d      0.019     0.041       0.208     0.660      0.264     0.712      0.610     0.638      0.261     0.213    0.454     0.271   0.872     0.108      0.162     0.03639  -1	   0.1293155     0.0178365
     D1US7-a36a      0.020     0.029       0.126     0.745      0.138     0.711      0.544     0.448      0.567     0.221    0.510     0.243   0.851     0.214      0.184     0.18942  -1	  -0.0679005     0.0168312
     D1US7-a36b      0.010     0.072       0.324     0.618      0.024     0.692      0.481     0.387      0.520     0.229    0.499     0.259   0.713     0.081      0.118     0.04651  -1	   0.0378747     0.0336123
     D1US7-a36c      0.015     0.049       0.203     0.645      0.101     0.730      0.540     0.586      0.236     0.215    0.496     0.246   0.771     0.133      0.090     0.02958  -1	   0.0647438    -0.0186328
     D1US7-a36d      0.020     0.033       0.145     0.562      0.315     0.726      0.569     0.541      0.708     0.211    0.494     0.243   0.798     0.170      0.120     0.28682   1	  -0.0100525    -0.0129485
     D1US7-a37a      0.016     0.063       0.280     0.529      0.167     0.708      0.525     0.457      0.645     0.283    0.541     0.283   0.499     0.094      0.560     0.01838  -1	   0.1569016     0.0338866
     D1US7-a37b      0.026     0.086       0.333     0.613     -0.190     0.675      0.491     0.453      0.309     0.237    0.487     0.274   0.664     0.091      0.302     0.07594  -1	   0.1853506     0.0156993
     D1US7-a37c      0.016     0.056       0.237     0.634     -0.304     0.681      0.536     0.523      0.923     0.247    0.532     0.255   0.515     0.099      0.164     0.03166  -1	  -0.0223993     0.0285587
     D1US7-a37d      0.020     0.091       0.382     0.501      0.074     0.700      0.451     0.393      0.155     0.233    0.507     0.257   0.459     0.068      0.335     0.03724  -1	   0.3245491     0.1332136
     D1US7-a38a      0.020     0.063       0.266     0.561      0.113     0.688      0.527     0.450      0.421     0.235    0.480     0.276   0.587     0.100      0.078     0.01261  -1	   0.0698842     0.0665324
     D1US7-a38b      0.016     0.092       0.382     0.593      0.034     0.693      0.469     0.463      0.578     0.259    0.513     0.279   0.587     0.072      0.203     0.03562  -1	   0.1143412     0.0059040
     D1US7-a38c      0.014     0.079       0.314     0.579     -0.348     0.699      0.546     0.565      0.759     0.259    0.473     0.306   0.389     0.092      0.353     0.01765  -1	   0.0377816    -0.0269135
     D1US7-a38d      0.023     0.045       0.213     0.548     -0.350     0.704      0.512     0.446      0.646     0.345    0.528     0.350   0.677     0.143      0.141     0.01579  -1	   0.0115000     0.0695232
     D1US7-a39a      0.015     0.048       0.222     0.538     -0.051     0.726      0.597     0.643      0.683     0.211    0.485     0.248   0.677     0.108      0.091     0.01414  -1	  -0.0153413     0.0075955
     D1US7-a39b      0.022     0.090       0.382     0.527      0.072     0.688      0.484     0.407      0.633     0.240    0.511     0.262   0.459     0.076      0.411     0.03537  -1	   0.1739305     0.0342440
     D1US7-a39c      0.012     0.054       0.232     0.719      0.102     0.702      0.504     0.476      0.507     0.250    0.517     0.267   0.834     0.113      0.097     0.01633  -1	  -0.0040188    -0.0130479
     D1US7-a39d      0.017     0.046       0.203     0.588      0.246     0.711      0.548     0.578      0.812     0.238    0.523     0.252   0.767     0.123      0.166     0.01864  -1	   0.0156038    -0.0141901
      D1US7-a3a      0.012     0.069       0.275     0.625      0.030     0.695      0.534     0.431      0.561     0.225    0.496     0.256   0.713     0.097      0.187     0.02244  -1	   0.0403139     0.0152751
      D1US7-a3b     -0.005     0.074       0.285     0.687     -0.135     0.716      0.520     0.491      0.994     0.366    0.650     0.278   0.656     0.095      0.163     0.02479  -1	  -0.0453813    -0.0445276
      D1US7-a3c      0.010     0.058       0.285     0.635      0.045     0.672      0.637     0.460      0.593     0.284    0.538     0.286   0.713     0.107      0.037     0.04239  -1	  -0.0341969     0.0856339
     D1US7-a40a      0.017     0.035       0.155     0.650      0.273     0.730      0.539     0.553      0.872     0.230    0.520     0.246   0.872     0.195      0.098     0.01334  -1	  -0.0495185    -0.0645574
     D1US7-a40b      0.004     0.065       0.271     0.662      0.125     0.698      0.543     0.502      0.856     0.246    0.513     0.266   0.780     0.106      0.042     0.01352  -1	   0.0081073    -0.0077360
     D1US7-a40c      0.022     0.058       0.266     0.585     -0.079     0.707      0.527     0.529      0.666     0.279    0.510     0.299   0.554     0.091      0.099     0.01340  -1	  -0.0006498     0.0254290
     D1US7-a40d      0.003     0.079       0.319     0.485     -0.084     0.720      0.490     0.506      0.712     0.260    0.481     0.301   0.283     0.087      0.187     0.01029  -1	   0.0712861     0.0385129
     D1US7-a41a      0.020     0.044       0.203     0.580     -0.087     0.714      0.580     0.605      0.861     0.225    0.482     0.265   0.738     0.132      0.203     0.01150  -1	  -0.0432644    -0.0014254
     D1US7-a41b      0.008     0.052       0.222     0.561     -0.210     0.711      0.527     0.496      0.494     0.219    0.514     0.239   0.444     0.152      0.268     0.00732  -1	   0.0213851     0.0302778
     D1US7-a41c      0.005     0.055       0.237     0.659      0.162     0.678      0.528     0.610      0.883     0.247    0.534     0.254   0.845     0.130      0.102     0.00857  -1	  -0.0400401    -0.0576733
     D1US7-a41d      0.007     0.072       0.271     0.614      0.107     0.720      0.465     0.488      0.156     0.244    0.515     0.263   0.713     0.108      0.108     0.01171  -1	   0.1467393     0.0030320
     D1US7-a42a     -0.003     0.056       0.242     0.633      0.438     0.690      0.482     0.633      0.915     0.251    0.545     0.251   0.879     0.125      0.138     0.00989  -1	   0.1047050    -0.0347857
     D1US7-a42b      0.006     0.055       0.222     0.672     -0.205     0.690      0.495     0.438      0.717     0.245    0.510     0.267   0.637     0.141      0.158     0.00733  -1	  -0.0413820     0.0076664
     D1US7-a42c      0.005     0.068       0.251     0.573     -0.038     0.721      0.526     0.583      0.703     0.269    0.502     0.296   0.554     0.119      0.082     0.01159  -1	   0.0147392    -0.0098619
     D1US7-a42d      0.002     0.073       0.309     0.637      0.086     0.707      0.465     0.537      0.337     0.260    0.525     0.271   0.738     0.080      0.073     0.01143  -1	   0.0661506    -0.0424629
     D1US7-a43a      0.008     0.057       0.232     0.593      0.097     0.699      0.522     0.478      0.620     0.227    0.519     0.244   0.612     0.128      0.318     0.01051  -1	   0.0257572    -0.0041673
     D1US7-a43b      0.007     0.052       0.208     0.633      0.087     0.706      0.645     0.695      0.929     0.236    0.509     0.259   0.738     0.119      0.081     0.00798  -1	  -0.0180345     0.0175682
     D1US7-a43c      0.004     0.050       0.222     0.670     -0.081     0.718      0.554     0.518      0.332     0.219    0.487     0.256   0.812     0.126      0.058     0.00779  -1	  -0.0010533     0.0075552
     D1US7-a43d     -0.003     0.084       0.343     0.602     -0.167     0.709      0.551     0.570      0.935     0.339    0.576     0.310   0.664     0.082      0.158     0.00976  -1	  -0.0065185    -0.0194313
     D1US7-a44a      0.006     0.052       0.217     0.655     -0.154     0.705      0.570     0.638      0.557     0.201    0.483     0.239   0.730     0.137      0.129     0.00788  -1	  -0.0203097    -0.0323365
     D1US7-a44b      0.006     0.052       0.213     0.616      0.147     0.697      0.626     0.673      0.583     0.235    0.512     0.256   0.713     0.121      0.081     0.00811  -1	  -0.0099884    -0.0115552
     D1US7-a44c      0.006     0.072       0.324     0.589     -0.268     0.722      0.564     0.504      0.478     0.253    0.549     0.251   0.389     0.084      0.075     0.00799  -1	   0.0067451     0.0205783
     D1US7-a44d      0.005     0.065       0.295     0.606     -0.234     0.718      0.587     0.627      0.931     0.263    0.534     0.269   0.570     0.090      0.199     0.00916  -1	  -0.0324130     0.0097185
     D1US7-a45a      0.003     0.072       0.285     0.567     -0.294     0.712      0.563     0.463      0.982     0.265    0.532     0.271   0.389     0.102      0.198     0.00866  -1	   0.0071534    -0.0038828
     D1US7-a45b      0.004     0.061       0.256     0.545     -0.344     0.724      0.528     0.635      0.599     0.242    0.486     0.280   0.236     0.108     -0.028     0.00838  -1	   0.0401685     0.0281840
     D1US7-a45c      0.003     0.058       0.237     0.550     -0.213     0.718      0.522     0.598      0.495     0.222    0.495     0.254   0.444     0.121     -0.041     0.00818  -1	   0.0097120     0.0216618
     D1US7-a45d      0.001     0.058       0.237     0.552     -0.509     0.731      0.548     0.560      0.856     0.242    0.498     0.271   0.389     0.122      0.494     0.00886  -1	   0.0016146     0.0104898
     D1US7-a46a      0.008     0.060       0.242     0.519     -0.165     0.731      0.501     0.432      0.870     0.230    0.523     0.245   0.384     0.117      0.411     0.00890  -1	  -0.0270360     0.0364217
     D1US7-a46b      0.010     0.067       0.271     0.662     -0.063     0.716      0.419     0.313      0.676     0.286    0.555     0.276   0.747     0.113      0.030     0.00976  -1	  -0.0377827     0.0257988
     D1US7-a46c     -0.001     0.059       0.246     0.646     -0.482     0.720      0.516     0.499      0.979     0.247    0.524     0.261   0.546     0.111      0.464     0.00893  -1	  -0.0508604     0.0133465
     D1US7-a46d      0.002     0.058       0.242     0.524     -0.438     0.731      0.555     0.549      0.820     0.232    0.496     0.263   0.000     0.117      0.464     0.00886  -1	  -0.0197790    -0.0325346
     D1US7-a47a      0.012     0.053       0.237     0.614     -0.209     0.720      0.522     0.454      0.500     0.224    0.497     0.254   0.570     0.122      0.433     0.00870  -1	   0.0553327     0.0406725
     D1US7-a47b      0.009     0.038       0.155     0.550     -0.254     0.739      0.514     0.465      0.668     0.203    0.485     0.239   0.653     0.162      0.109     0.01027  -1	  -0.0186057     0.0840531
     D1US7-a47c      0.010     0.061       0.290     0.547     -0.090     0.741      0.496     0.427      0.284     0.271    0.532     0.278   0.401     0.099     -0.034     0.01046  -1	   0.0067026     0.0747653
     D1US7-a47d      0.010     0.059       0.237     0.541     -0.205     0.723      0.495     0.420      0.767     0.257    0.519     0.273   0.291     0.113      0.425     0.00889  -1	  -0.0135411     0.0413961
     D1US7-a48a      0.009     0.037       0.145     0.608     -0.364     0.735      0.515     0.464      0.638     0.223    0.512     0.245   0.644     0.144      0.107     0.01017  -1	   0.0028853     0.1054730
     D1US7-a48b     -0.002     0.054       0.217     0.574     -0.119     0.711      0.592     0.588      0.911     0.243    0.501     0.271   0.463     0.116      0.204     0.01212  -1	  -0.0311768     0.0025827
     D1US7-a48c      0.001     0.054       0.213     0.641     -0.264     0.710      0.554     0.636      0.642     0.220    0.496     0.251   0.515     0.149      0.315     0.01243  -1	  -0.0088253    -0.0335693
     D1US7-a48d      0.001     0.054       0.208     0.637     -0.216     0.720      0.558     0.646      0.564     0.223    0.495     0.254   0.570     0.151      0.275     0.01241  -1	   0.0028936    -0.0425094
     D1US7-a49a     -0.000     0.055       0.203     0.630     -0.314     0.717      0.533     0.602      0.776     0.214    0.494     0.246   0.515     0.156      0.280     0.01229  -1	  -0.0230215    -0.0119339
     D1US7-a49b      0.011     0.046       0.193     0.714     -0.195     0.703      0.506     0.569      0.916     0.292    0.571     0.271   0.781     0.153      0.513     0.01619  -1	  -0.1016218    -0.0644664
     D1US7-a49c      0.013     0.049       0.222     0.602     -0.205     0.686      0.558     0.489      0.546     0.275    0.499     0.304   0.718     0.149      0.378     0.01278  -1	   0.0227384     0.0051892
     D1US7-a49d      0.010     0.052       0.242     0.734     -0.368     0.745      0.572     0.563      0.242     0.249    0.493     0.282   0.593     0.115      0.186     0.00866  -1	   0.1145714     0.0415515
      D1US7-a4a      0.009     0.073       0.290     0.651     -0.182     0.697      0.461     0.446      0.255     0.245    0.510     0.267   0.730     0.094      0.292     0.02131  -1	   0.1620786     0.0345645
      D1US7-a4b      0.009     0.063       0.256     0.767      0.176     0.702      0.470     0.296      0.311     0.220    0.507     0.245   0.892     0.109      0.090     0.04612  -1	   0.0916810     0.1343159
      D1US7-a4c     -0.002     0.080       0.304     0.707     -0.256     0.707      0.490     0.465      0.683     0.321    0.552     0.310   0.636     0.089      0.152     0.02492  -1	  -0.0211416    -0.0455923
      D1US7-a4d      0.007     0.057       0.256     0.650      0.037     0.700      0.594     0.505      0.486     0.236    0.502     0.264   0.780     0.111      0.071     0.04219  -1	  -0.0113497     0.0209346
     D1US7-a50a      0.007     0.049       0.208     0.630     -0.098     0.696      0.554     0.511      0.687     0.256    0.528     0.266   0.756     0.131      0.414     0.01355  -1	  -0.0353724    -0.0392997
     D1US7-a50b      0.017     0.056       0.261     0.551      0.248     0.694      0.425     0.249      0.307     0.226    0.522     0.242   0.661     0.120      0.368     0.01308  -1	   0.2124241     0.2916301
     D1US7-a50c      0.013     0.050       0.193     0.611     -0.286     0.705      0.503     0.583      0.947     0.222    0.529     0.233   0.671     0.162      0.073     0.01605  -1	  -0.0115822     0.0474793
     D1US7-a50d      0.018     0.066       0.237     0.661      0.090     0.702      0.477     0.279      0.608     0.233    0.499     0.261   0.805     0.099      0.327     0.02028  -1	   0.0665336     0.1062452
     D1US7-a51a      0.008     0.071       0.246     0.707      0.190     0.728      0.455     0.279      0.969     0.249    0.568     0.235   0.900     0.090      0.224     0.01692  -1	   0.0328019     0.0131718
     D1US7-a51b      0.012     0.067       0.246     0.631      0.256     0.697      0.503     0.298      0.283     0.207    0.493     0.240   0.825     0.106      0.348     0.02081  -1	   0.2554766     0.2310133
     D1US7-a51c      0.014     0.053       0.246     0.593     -0.018     0.690      0.560     0.424      0.994     0.263    0.503     0.289   0.554     0.111      0.089     0.03663  -1	   0.0085481     0.0433458
     D1US7-a51d      0.003     0.070       0.271     0.604      0.078     0.727      0.535     0.369      0.850     0.220    0.506     0.245   0.738     0.101      0.123     0.01605  -1	   0.0297319     0.0221774
     D1US7-a52a      0.015     0.055       0.203     0.672      0.367     0.717      0.473     0.194      0.957     0.267    0.586     0.240   0.898     0.106      0.542     0.03544  -1	   0.1166938     0.1643203
     D1US7-a52b      0.013     0.053       0.222     0.644     -0.097     0.722      0.572     0.504      0.834     0.224    0.481     0.264   0.680     0.115      0.176     0.01932  -1	  -0.0332453     0.0051713
     D1US7-a52c      0.012     0.083       0.343     0.644      0.003     0.702      0.485     0.299      0.124     0.245    0.510     0.267   0.713     0.078      0.088     0.02837  -1	   0.1587647     0.1877176
     D1US7-a52d      0.022     0.088       0.338     0.644     -0.220     0.670      0.541     0.557      0.970     0.275    0.488     0.311   0.570     0.097      0.303     0.07560  -1	   0.0140443    -0.0272529
     D1US7-a53a      0.023     0.084       0.324     0.623      0.251     0.679      0.371     0.249      0.391     0.211    0.517     0.230   0.825     0.087      0.113     0.07843  -1	   0.1711885     0.0863823
     D1US7-a53b      0.023     0.091       0.343     0.534      0.284     0.659      0.415     0.310      0.753     0.269    0.530     0.277   0.546     0.085      0.105     0.07423  -1	   0.2012739     0.0785028
     D1US7-a53c      0.026     0.099       0.357     0.632     -0.111     0.660      0.446     0.429      0.591     0.251    0.496     0.283   0.589     0.094      0.240     0.07528  -1	   0.0968027    -0.0359281
     D1US7-a53d      0.025     0.092       0.348     0.676     -0.021     0.674      0.457     0.398      0.965     0.282    0.545     0.280   0.747     0.088      0.268     0.09418  -1	   0.0265938    -0.0656580
     D1US7-a54a      0.024     0.091       0.348     0.689     -0.152     0.666      0.503     0.499      0.713     0.294    0.514     0.312   0.730     0.099      0.270     0.07538  -1	   0.0321891    -0.0805179
     D1US7-a54b      0.013     0.062       0.256     0.740      0.144     0.701      0.469     0.292      0.376     0.225    0.526     0.237   0.834     0.101      0.094     0.04641  -1	   0.0623592     0.1320174
     D1US7-a54c      0.029     0.092       0.353     0.611     -0.164     0.669      0.487     0.469      0.550     0.279    0.522     0.292   0.664     0.096      0.283     0.07555  -1	   0.0906815    -0.0467706
     D1US7-a54d      0.029     0.095       0.343     0.665     -0.003     0.670      0.380     0.298      0.689     0.272    0.531     0.280   0.747     0.088      0.284     0.07497  -1	   0.0825476    -0.0189416
     D1US7-a55a      0.032     0.074       0.309     0.703      0.198     0.686      0.460     0.292      0.768     0.248    0.515     0.267   0.900     0.096      0.390     0.14042  -1	   0.1085702     0.0042344
     D1US7-a55b      0.020     0.071       0.300     0.697     -0.054     0.732      0.460     0.484      0.909     0.257    0.529     0.266   0.747     0.095      0.285     0.02442  -1	  -0.0136628    -0.0390628
     D1US7-a55c      0.021     0.091       0.382     0.549      0.070     0.696      0.491     0.435      0.638     0.239    0.495     0.270   0.459     0.075      0.354     0.03448  -1	   0.1697610     0.0325504
     D1US7-a55d      0.030     0.076       0.314     0.657      0.217     0.671      0.465     0.320      0.761     0.277    0.568     0.260   0.854     0.093      0.376     0.11170  -1	   0.1160561     0.0003396
     D1US7-a56a      0.027     0.076       0.319     0.673      0.151     0.732      0.469     0.470      0.810     0.259    0.535     0.265   0.845     0.088      0.078     0.02472  -1	   0.0733802    -0.0202960
     D1US7-a56b      0.019     0.068       0.280     0.543      0.038     0.683      0.464     0.392      0.764     0.225    0.501     0.252   0.434     0.112      0.141     0.02240  -1	   0.0478431     0.0529903
     D1US7-a56c      0.024     0.089       0.401     0.553      0.115     0.700      0.501     0.421      0.471     0.245    0.519     0.261   0.587     0.069      0.218     0.03600  -1	   0.1810072     0.0683073
     D1US7-a56d      0.019     0.100       0.382     0.612      0.052     0.702      0.411     0.410      0.726     0.248    0.496     0.279   0.738     0.070      0.329     0.03540  -1	   0.1398078    -0.0272580
     D1US7-a57a      0.023     0.031       0.130     0.762      0.021     0.704      0.549     0.577      0.746     0.221    0.472     0.267   0.785     0.181      0.203     0.01464  -1	  -0.0856944    -0.0189228
     D1US7-a57b      0.019     0.061       0.285     0.650     -0.060     0.727      0.561     0.491      0.320     0.272    0.533     0.278   0.747     0.086      0.250     0.01889  -1	   0.0945455     0.0343967
     D1US7-a57c      0.022     0.032       0.135     0.746      0.109     0.705      0.551     0.583      0.501     0.223    0.484     0.261   0.851     0.179      0.176     0.01465  -1	  -0.0280410    -0.0302955
     D1US7-a57d      0.011     0.037       0.174     0.698      0.260     0.662      0.528     0.563      0.906     0.411    0.502     0.432   0.872     0.183      0.071     0.01282  -1	  -0.0319890    -0.0505811
     D1US7-a58a      0.019     0.037       0.159     0.639      0.324     0.720      0.522     0.533      0.887     0.275    0.523     0.287   0.816     0.190      0.108     0.01348  -1	  -0.0031461    -0.0354222
     D1US7-a58b      0.017     0.038       0.174     0.668      0.366     0.718      0.522     0.534      0.614     0.223    0.505     0.248   0.903     0.172      0.079     0.01329  -1	   0.0136055    -0.0502410
     D1US7-a58c      0.026     0.033       0.135     0.750     -0.005     0.701      0.564     0.603      0.676     0.233    0.494     0.266   0.855     0.176      0.176     0.01471  -1	  -0.0770410    -0.0403540
     D1US7-a58d      0.022     0.031       0.140     0.745      0.027     0.689      0.554     0.579      0.750     0.231    0.502     0.258   0.805     0.175      0.203     0.01446  -1	  -0.0992544    -0.0308020
     D1US7-a59a      0.017     0.059       0.271     0.657     -0.188     0.723      0.447     0.498      0.388     0.270    0.511     0.290   0.730     0.091      0.231     0.01316  -1	   0.0525814    -0.0036603
     D1US7-a59b      0.009     0.059       0.251     0.598      0.154     0.719      0.563     0.578      0.114     0.230    0.497     0.259   0.652     0.109      0.170     0.00997  -1	   0.1837036     0.0458784
     D1US7-a59c      0.018     0.065       0.275     0.698     -0.374     0.707      0.527     0.549      0.995     0.289    0.576     0.265   0.538     0.105      0.311     0.01155  -1	  -0.0585428    -0.0215416
     D1US7-a59d      0.012     0.059       0.271     0.528     -0.024     0.726      0.551     0.621      0.460     0.247    0.479     0.289   0.401     0.101      0.171     0.01282  -1	   0.0474846     0.0140410
      D1US7-a5a      0.008     0.066       0.261     0.629     -0.155     0.735      0.531     0.462      0.906     0.233    0.480     0.275   0.664     0.106      0.137     0.01623  -1	  -0.0006454     0.0064761
      D1US7-a5b      0.023     0.046       0.208     0.511      0.285     0.716      0.517     0.405      0.558     0.263    0.469     0.313   0.737     0.166      0.254     0.02882  -1	   0.0777972     0.0826643
      D1US7-a5c      0.011     0.067       0.242     0.642     -0.135     0.714      0.505     0.583      0.761     0.221    0.508     0.245   0.589     0.098      0.378     0.02054  -1	  -0.0038115    -0.0368270
      D1US7-a5d      0.013     0.064       0.242     0.629     -0.196     0.701      0.473     0.535      0.659     0.225    0.502     0.252   0.664     0.101      0.383     0.02105  -1	   0.0168873    -0.0209494
     D1US7-a60a      0.008     0.059       0.266     0.547      0.112     0.708      0.588     0.519      0.853     0.228    0.478     0.270   0.434     0.116      0.207     0.00876  -1	   0.0529149     0.0347181
     D1US7-a60b      0.005     0.071       0.266     0.680      0.059     0.717      0.446     0.474      0.641     0.224    0.477     0.266   0.805     0.102      0.112     0.01192  -1	   0.0232868    -0.0440263
     D1US7-a60c      0.003     0.058       0.266     0.467      0.233     0.689      0.532     0.491      0.051     0.224    0.481     0.264   0.390     0.126      0.206     0.01033  -1	   0.2243097     0.1361095
     D1US7-a60d      0.007     0.056       0.251     0.565      0.135     0.706      0.566     0.451      0.764     0.235    0.493     0.267   0.587     0.114      0.205     0.00894  -1	   0.0281003     0.0378022
     D1US7-a61a      0.006     0.049       0.198     0.651      0.067     0.699      0.638     0.673      0.525     0.218    0.478     0.260   0.817     0.131      0.076     0.00801  -1	  -0.0258276    -0.0288140
     D1US7-a61b      0.002     0.056       0.232     0.675     -0.095     0.710      0.481     0.484      0.747     0.242    0.497     0.273   0.747     0.130     -0.058     0.00794  -1	  -0.0451834    -0.0064669
     D1US7-a61c      0.007     0.056       0.256     0.544      0.041     0.710      0.563     0.460      0.486     0.229    0.512     0.250   0.434     0.117      0.204     0.00903  -1	   0.0366722     0.0612786
     D1US7-a61d      0.008     0.057       0.251     0.607      0.028     0.714      0.586     0.540      0.722     0.235    0.497     0.264   0.713     0.107      0.081     0.00840  -1	  -0.0119076     0.0073461
     D1US7-a62a      0.005     0.055       0.232     0.661     -0.151     0.710      0.522     0.513      0.689     0.243    0.497     0.273   0.730     0.133     -0.074     0.00793  -1	  -0.0394214    -0.0016701
     D1US7-a62b      0.003     0.057       0.242     0.627     -0.033     0.728      0.570     0.566      0.401     0.224    0.482     0.264   0.680     0.102      0.154     0.00771  -1	   0.0299374    -0.0056161
     D1US7-a62c     -0.007     0.094       0.396     0.583      0.089     0.691      0.499     0.513      0.803     0.257    0.506     0.281   0.612     0.069      0.244     0.01095  -1	   0.1119441     0.0220593
     D1US7-a62d      0.006     0.054       0.222     0.657     -0.003     0.704      0.543     0.627      0.767     0.206    0.492     0.239   0.747     0.136      0.103     0.00794  -1	  -0.0460658    -0.0299570
     D1US7-a63a      0.009     0.052       0.222     0.659      0.386     0.695      0.594     0.425      0.307     0.197    0.456     0.251   0.898     0.138      0.192     0.00866  -1	   0.1888172     0.1644752
     D1US7-a63b      0.004     0.057       0.242     0.613     -0.009     0.728      0.549     0.547      0.429     0.223    0.469     0.271   0.680     0.109      0.121     0.00770  -1	   0.0233873    -0.0044598
     D1US7-a63c      0.000     0.063       0.275     0.523      0.055     0.707      0.497     0.460      0.726     0.247    0.503     0.275   0.459     0.095      0.170     0.00919  -1	   0.0318739     0.0458012
     D1US7-a63d     -0.000     0.069       0.304     0.584      0.026     0.690      0.540     0.464      0.956     0.495    0.618     0.414   0.587     0.091      0.056     0.00880  -1	   0.0381815     0.0165101
     D1US7-a64a      0.004     0.076       0.324     0.552     -0.268     0.733      0.569     0.520      0.836     0.255    0.510     0.277   0.389     0.083      0.078     0.00806  -1	   0.0309276     0.0175375
     D1US7-a64b     -0.001     0.063       0.256     0.570     -0.313     0.730      0.555     0.676      0.719     0.240    0.495     0.271   0.389     0.108     -0.021     0.00830  -1	   0.0256043     0.0385084
     D1US7-a64c      0.003     0.064       0.266     0.554     -0.369     0.718      0.548     0.675      0.596     0.226    0.499     0.255   0.345     0.109     -0.022     0.00840  -1	   0.0427640     0.0287123
     D1US7-a64d      0.001     0.069       0.290     0.639     -0.179     0.728      0.591     0.648      0.870     0.235    0.496     0.266   0.664     0.110      0.005     0.01090  -1	  -0.0036403     0.0371229
     D1US7-a65a      0.005     0.054       0.246     0.612     -0.358     0.723      0.510     0.489      0.392     0.226    0.503     0.253   0.471     0.127      0.113     0.00807  -1	   0.0454717     0.0388793
     D1US7-a65b      0.012     0.057       0.251     0.546     -0.144     0.726      0.470     0.400      0.790     0.230    0.492     0.263   0.310     0.107      0.064     0.00867  -1	   0.0195009     0.0738650
     D1US7-a65c      0.012     0.055       0.261     0.572     -0.153     0.723      0.557     0.483      0.984     0.279    0.519     0.294   0.538     0.105     -0.073     0.00944  -1	   0.0472870     0.0619613
     D1US7-a65d      0.008     0.066       0.271     0.478     -0.302     0.742      0.364     0.252      0.481     0.228    0.488     0.264   0.118     0.092      0.111     0.00978  -1	   0.0529199     0.2089253
     D1US7-a66a     -0.004     0.052       0.203     0.684      0.257     0.695      0.473     0.454      0.725     0.219    0.493     0.251   0.892     0.142      0.243     0.01402  -1	  -0.0029947    -0.0602168
     D1US7-a66b      0.007     0.061       0.295     0.562      0.034     0.727      0.473     0.476      0.437     0.261    0.504     0.286   0.587     0.109      0.024     0.00927  -1	   0.0158371     0.0243600
     D1US7-a66c      0.006     0.060       0.290     0.565      0.028     0.756      0.445     0.456      0.857     0.243    0.516     0.262   0.587     0.110      0.058     0.00931  -1	   0.0319685     0.0645673
     D1US7-a66d      0.003     0.076       0.309     0.687      0.035     0.695      0.409     0.435      0.412     0.243    0.494     0.276   0.780     0.095     -0.020     0.01163  -1	   0.0184554    -0.0442664
     D1US7-a67a      0.003     0.073       0.285     0.668      0.094     0.723      0.431     0.440      0.897     0.236    0.498     0.266   0.805     0.097     -0.036     0.01180  -1	   0.0432562     0.0016952
     D1US7-a67b      0.005     0.063       0.271     0.663      0.010     0.745      0.493     0.453      0.462     0.217    0.468     0.265   0.780     0.109      0.134     0.01036  -1	   0.0334311    -0.0072756
     D1US7-a67c      0.010     0.070       0.295     0.637      0.004     0.698      0.425     0.461      0.616     0.225    0.486     0.262   0.713     0.099     -0.055     0.01175  -1	   0.0067665    -0.0031710
     D1US7-a67d      0.008     0.071       0.300     0.626      0.141     0.701      0.417     0.428      0.348     0.228    0.468     0.277   0.713     0.092      0.091     0.01173  -1	   0.1070442     0.0216925
     D1US7-a68a      0.002     0.058       0.232     0.642     -0.149     0.709      0.482     0.446      0.983     0.251    0.527     0.262   0.589     0.130      0.408     0.01351  -1	  -0.0783717    -0.0078244
     D1US7-a68b      0.009     0.053       0.222     0.567      0.131     0.720      0.461     0.428      0.540     0.231    0.513     0.251   0.587     0.130      0.201     0.01020  -1	   0.0311747     0.0567580
     D1US7-a68c      0.002     0.055       0.222     0.644      0.015     0.703      0.488     0.467      0.742     0.232    0.492     0.266   0.713     0.132      0.262     0.01341  -1	  -0.0343012    -0.0199994
     D1US7-a68d      0.005     0.057       0.237     0.638     -0.077     0.701      0.468     0.377      0.985     0.251    0.501     0.278   0.680     0.129      0.600     0.01353  -1	  -0.0786056     0.0023664
     D1US7-a69a      0.011     0.053       0.222     0.517      0.332     0.719      0.443     0.322      0.759     0.211    0.519     0.229   0.574     0.113      0.372     0.01410  -1	   0.1194796     0.1539912
     D1US7-a69b      0.014     0.053       0.222     0.522      0.303     0.705      0.470     0.364      0.500     0.211    0.515     0.230   0.574     0.111      0.411     0.01419  -1	   0.1642992     0.1572145
     D1US7-a69c      0.013     0.055       0.256     0.569      0.193     0.699      0.438     0.269      0.640     0.223    0.523     0.237   0.652     0.114      0.315     0.01426  -1	   0.0604370     0.1515523
     D1US7-a69d      0.012     0.049       0.217     0.565      0.220     0.719      0.488     0.400      0.668     0.318    0.595     0.278   0.767     0.120      0.400     0.01421  -1	   0.0668095     0.0708935
      D1US7-a6a      0.003     0.060       0.271     0.536      0.072     0.719      0.566     0.696      0.719     0.238    0.514     0.257   0.459     0.100     -0.002     0.01900  -1	   0.0348987     0.0733992
      D1US7-a6c     -0.000     0.086       0.343     0.643      0.207     0.689      0.414     0.450      0.298     0.281    0.560     0.269   0.787     0.077      0.114     0.01732  -1	   0.1596553    -0.0348664
      D1US7-a6d      0.009     0.055       0.256     0.616      0.223     0.707      0.527     0.412      0.702     0.231    0.477     0.274   0.787     0.100      0.113     0.02240  -1	   0.0486235     0.0571612
     D1US7-a70a      0.016     0.066       0.246     0.650      0.192     0.701      0.500     0.283      0.254     0.216    0.509     0.239   0.845     0.097      0.320     0.02027  -1	   0.2347138     0.2608188
     D1US7-a70b      0.014     0.054       0.217     0.620      0.240     0.715      0.535     0.446      0.918     0.255    0.513     0.275   0.787     0.127     -0.030     0.01877  -1	   0.0555252     0.0199134
     D1US7-a70c      0.005     0.073       0.271     0.719      0.146     0.716      0.485     0.276      0.886     0.231    0.535     0.239   0.834     0.090      0.159     0.01692  -1	   0.0217233     0.0181746
     D1US7-a70d      0.012     0.060       0.251     0.627      0.249     0.734      0.592     0.417      0.249     0.220    0.494     0.253   0.787     0.095      0.296     0.01866  -1	   0.2413842     0.1956915
     D1US7-a71a      0.018     0.055       0.208     0.663      0.370     0.725      0.470     0.183      0.943     0.239    0.536     0.246   0.898     0.109      0.411     0.03533  -1	   0.1087002     0.1798080
     D1US7-a71b      0.014     0.060       0.256     0.702     -0.012     0.739      0.566     0.392      0.861     0.246    0.509     0.269   0.802     0.111      0.025     0.01761  -1	  -0.0251270     0.0209933
     D1US7-a71c      0.025     0.066       0.280     0.629      0.066     0.725      0.524     0.328      0.792     0.225    0.503     0.251   0.738     0.084      0.078     0.01907  -1	   0.0393837     0.0710585
     D1US7-a71d      0.025     0.065       0.285     0.635      0.064     0.708      0.513     0.324      0.851     0.260    0.547     0.258   0.738     0.084      0.121     0.02054  -1	   0.0169479     0.0568784
     D1US7-a72a      0.024     0.093       0.348     0.624     -0.175     0.672      0.439     0.431      0.442     0.246    0.491     0.280   0.664     0.102      0.301     0.07539  -1	   0.1377216    -0.0274798
     D1US7-a72b      0.021     0.065       0.280     0.706     -0.019     0.719      0.527     0.331      0.661     0.253    0.488     0.289   0.802     0.093      0.142     0.03881  -1	   0.0037160     0.0506679
     D1US7-a72c      0.013     0.057       0.251     0.653     -0.006     0.728      0.568     0.385      0.773     0.242    0.506     0.266   0.747     0.099      0.015     0.01754  -1	  -0.0197338     0.0536777
     D1US7-a72d      0.020     0.074       0.290     0.710     -0.108     0.704      0.417     0.210      0.707     0.272    0.534     0.278   0.711     0.091      0.171     0.04155  -1	  -0.0065711     0.0805875
     D1US7-a73a      0.024     0.094       0.357     0.648     -0.168     0.650      0.498     0.496      0.666     0.271    0.494     0.304   0.664     0.102      0.307     0.07536  -1	   0.0624493    -0.0674660
     D1US7-a73b      0.023     0.097       0.357     0.670     -0.076     0.667      0.422     0.379      0.696     0.259    0.509     0.281   0.747     0.091      0.285     0.07524  -1	   0.0630825    -0.0662798
     D1US7-a73c      0.029     0.082       0.338     0.712      0.232     0.656      0.425     0.279      0.740     0.287    0.573     0.266   0.909     0.082      0.379     0.12911  -1	   0.1395778    -0.0106433
     D1US7-a73d      0.028     0.088       0.367     0.496     -0.293     0.667      0.567     0.544      0.426     0.261    0.522     0.275   0.118     0.089      0.051     0.04816  -1	   0.0955254     0.0467294
     D1US7-a74a      0.031     0.067       0.275     0.512      0.392     0.683      0.434     0.319      0.712     0.235    0.491     0.269   0.552     0.100      0.437     0.10141  -1	   0.2523066     0.1566696
     D1US7-a74b      0.021     0.068       0.290     0.616      0.014     0.669      0.415     0.324      0.812     0.260    0.512     0.280   0.713     0.106      0.190     0.02238  -1	   0.0031927     0.0376810
     D1US7-a74c      0.032     0.078       0.329     0.514      0.013     0.690      0.449     0.448      0.617     0.240    0.530     0.251   0.434     0.093      0.018     0.03360  -1	   0.0781194     0.0554850
     D1US7-a74d      0.021     0.053       0.242     0.635      0.127     0.697      0.543     0.524      0.845     0.237    0.500     0.266   0.713     0.099      0.474     0.01758  -1	   0.0172360    -0.0348533
     D1US7-a75a      0.023     0.030       0.130     0.755      0.127     0.706      0.555     0.573      0.851     0.227    0.496     0.258   0.831     0.198      0.211     0.01459  -1	  -0.1076115    -0.0534347
     D1US7-a75b      0.018     0.048       0.232     0.560     -0.018     0.716      0.581     0.585      0.632     0.253    0.514     0.273   0.778     0.119      0.099     0.01609  -1	  -0.0351064    -0.0222260
     D1US7-a75c      0.026     0.053       0.237     0.574      0.093     0.701      0.553     0.491      0.892     0.251    0.505     0.275   0.612     0.123      0.400     0.01947  -1	   0.0045526    -0.0082107
     D1US7-a75d      0.019     0.077       0.309     0.540     -0.272     0.693      0.530     0.532      0.854     0.248    0.468     0.298   0.236     0.083      0.410     0.01704  -1	   0.0249386    -0.0128114
     D1US7-a76a      0.023     0.041       0.188     0.625      0.133     0.714      0.515     0.399      0.839     0.246    0.518     0.263   0.771     0.146      0.277     0.01467  -1	  -0.0417640     0.0313036
     D1US7-a76b      0.025     0.050       0.208     0.584      0.024     0.710      0.544     0.496      0.539     0.314    0.512     0.333   0.708     0.119      0.040     0.01652  -1	  -0.0141018     0.0201306
     D1US7-a76c      0.015     0.063       0.285     0.565     -0.165     0.690      0.546     0.556      0.953     0.247    0.523     0.261   0.538     0.093      0.187     0.01650  -1	  -0.0080095     0.0247028
     D1US7-a76d      0.024     0.035       0.169     0.765      0.151     0.672      0.572     0.581      0.641     0.405    0.549     0.389   0.798     0.158      0.165     0.01459  -1	  -0.0283416    -0.0042149
     D1US7-a77a      0.018     0.039       0.188     0.693     -0.023     0.706      0.595     0.602      0.863     0.215    0.458     0.269   0.852     0.141      0.184     0.01137  -1	  -0.0734416    -0.0177064
     D1US7-a77b      0.021     0.060       0.266     0.520      0.150     0.693      0.547     0.455      0.509     0.221    0.478     0.263   0.499     0.110     -0.014     0.01156  -1	   0.0658226     0.0807742
     D1US7-a77c      0.022     0.068       0.280     0.553      0.126     0.697      0.531     0.469      0.624     0.236    0.504     0.262   0.587     0.099     -0.021     0.01214  -1	   0.0638106     0.0466336
     D1US7-a77d      0.015     0.067       0.266     0.718     -0.363     0.713      0.504     0.537      0.998     0.375    0.653     0.283   0.593     0.095      0.320     0.01145  -1	  -0.0526597    -0.0281300
     D1US7-a78a      0.005     0.060       0.266     0.618     -0.023     0.708      0.539     0.492      0.565     0.226    0.488     0.262   0.680     0.105      0.202     0.00882  -1	   0.0084444    -0.0019361
     D1US7-a78b      0.020     0.065       0.271     0.614      0.059     0.719      0.512     0.498      0.987     0.322    0.555     0.309   0.738     0.101      0.118     0.01209  -1	   0.0361040     0.0052491
     D1US7-a78c      0.026     0.039       0.179     0.545      0.205     0.716      0.567     0.468      0.530     0.197    0.448     0.256   0.705     0.151      0.269     0.01438  -1	   0.0442959     0.0643686
     D1US7-a78d      0.002     0.061       0.261     0.624     -0.156     0.688      0.541     0.536      0.231     0.269    0.540     0.271   0.664     0.115      0.209     0.01022  -1	   0.0985393     0.0200423
     D1US7-a79a      0.013     0.056       0.242     0.683     -0.016     0.700      0.447     0.362      0.492     0.248    0.495     0.280   0.747     0.108      0.125     0.00825  -1	   0.0013441     0.0638790
     D1US7-a79b      0.008     0.055       0.251     0.562      0.147     0.701      0.601     0.495      0.728     0.236    0.484     0.275   0.587     0.112      0.220     0.00893  -1	   0.0338334     0.0358536
     D1US7-a79c      0.006     0.056       0.246     0.582      0.096     0.708      0.591     0.494      0.612     0.257    0.482     0.298   0.612     0.117      0.190     0.00897  -1	   0.0229290     0.0287831
     D1US7-a79d     -0.003     0.077       0.290     0.650     -0.288     0.707      0.498     0.415      0.994     0.332    0.577     0.303   0.582     0.096      0.140     0.00888  -1	  -0.0208587    -0.0164098
      D1US7-a7a      0.012     0.055       0.222     0.608      0.083     0.716      0.458     0.471      0.344     0.223    0.505     0.248   0.738     0.148      0.147     0.02686  -1	   0.0495799    -0.0002957
      D1US7-a7b      0.007     0.071       0.295     0.579      0.068     0.717      0.529     0.629      0.319     0.226    0.493     0.259   0.612     0.101      0.040     0.01787  -1	   0.0733774    -0.0219770
      D1US7-a7c      0.015     0.042       0.184     0.518      0.376     0.706      0.542     0.458      0.337     0.222    0.470     0.269   0.769     0.175      0.301     0.02828  -1	   0.1504698     0.0894824
      D1US7-a7d      0.007     0.065       0.246     0.615     -0.169     0.719      0.486     0.558      0.834     0.229    0.515     0.248   0.664     0.102      0.393     0.02014  -1	  -0.0294649    -0.0264861
     D1US7-a80a     -0.002     0.077       0.295     0.663     -0.243     0.712      0.534     0.463      0.941     0.289    0.551     0.282   0.637     0.095      0.177     0.00878  -1	  -0.0322930    -0.0317801
     D1US7-a80b      0.009     0.065       0.275     0.668     -0.047     0.667      0.574     0.498      0.839     0.326    0.497     0.355   0.747     0.093      0.089     0.00839  -1	  -0.0181569    -0.0019636
     D1US7-a80c      0.004     0.065       0.295     0.602     -0.242     0.721      0.578     0.615      0.860     0.262    0.535     0.268   0.570     0.085      0.208     0.00915  -1	  -0.0343152    -0.0031290
     D1US7-a80d     -0.005     0.075       0.304     0.661     -0.290     0.716      0.494     0.394      0.953     0.275    0.554     0.267   0.582     0.096      0.169     0.00881  -1	  -0.0404457    -0.0163287
     D1US7-a81a     -0.005     0.078       0.314     0.625     -0.135     0.690      0.539     0.542      0.749     0.254    0.537     0.259   0.589     0.092      0.077     0.00922  -1	  -0.0178077    -0.0122198
     D1US7-a81b      0.007     0.068       0.309     0.612     -0.053     0.718      0.496     0.476      0.270     0.220    0.525     0.233   0.680     0.101      0.190     0.00855  -1	   0.0946442     0.0127790
     D1US7-a81c      0.005     0.070       0.314     0.617     -0.066     0.727      0.511     0.493      0.160     0.231    0.535     0.238   0.680     0.094      0.190     0.00858  -1	   0.1395197     0.0292307
     D1US7-a81d     -0.003     0.066       0.271     0.750      0.074     0.713      0.473     0.449      0.847     0.277    0.555     0.269   0.851     0.102      0.037     0.00865  -1	  -0.0453128    -0.0511680
     D1US7-a82a      0.009     0.069       0.309     0.613      0.110     0.725      0.491     0.453      0.433     0.277    0.552     0.271   0.713     0.105      0.184     0.00835  -1	   0.0832441     0.0075921
     D1US7-a82b      0.007     0.066       0.324     0.583      0.033     0.721      0.492     0.451      0.138     0.229    0.516     0.248   0.587     0.093      0.203     0.00853  -1	   0.1719103     0.0932285
     D1US7-a82c      0.007     0.066       0.304     0.611     -0.082     0.726      0.511     0.497      0.383     0.235    0.515     0.254   0.680     0.102      0.215     0.00852  -1	   0.0559813    -0.0132572
     D1US7-a82d      0.001     0.051       0.232     0.721     -0.208     0.696      0.644     0.514      0.939     0.259    0.516     0.276   0.691     0.111      0.264     0.00842  -1	  -0.0923948    -0.0028432
     D1US7-a83a      0.011     0.064       0.290     0.581      0.141     0.747      0.454     0.346      0.852     0.242    0.550     0.240   0.587     0.100     -0.016     0.01056  -1	   0.0764412     0.0848888
     D1US7-a83b      0.001     0.056       0.251     0.507     -0.011     0.718      0.599     0.409      0.721     0.235    0.499     0.264   0.401     0.121      0.044     0.00872  -1	   0.0123184     0.0643336
     D1US7-a83c      0.008     0.063       0.271     0.558      0.041     0.736      0.501     0.416      0.992     0.296    0.566     0.278   0.587     0.118     -0.051     0.01042  -1	   0.0658457     0.0474741
     D1US7-a83d      0.009     0.070       0.304     0.581      0.114     0.728      0.490     0.445      0.418     0.255    0.534     0.261   0.587     0.105      0.205     0.00837  -1	   0.1114057     0.0396416
     D1US7-a84a     -0.000     0.066       0.280     0.622     -0.285     0.732      0.586     0.517      0.346     0.227    0.475     0.271   0.515     0.100      0.258     0.00925  -1	   0.0925657     0.0206332
     D1US7-a84b     -0.001     0.079       0.309     0.654     -0.332     0.722      0.586     0.687      0.791     0.236    0.508     0.260   0.582     0.095      0.077     0.01110  -1	  -0.0008396     0.0200785
     D1US7-a84c      0.006     0.051       0.256     0.644      0.070     0.690      0.543     0.444      0.158     0.219    0.462     0.271   0.738     0.108      0.189     0.00909  -1	   0.1382490     0.1417446
     D1US7-a84d      0.009     0.062       0.280     0.465     -0.291     0.726      0.560     0.554      0.191     0.210    0.465     0.259   0.118     0.093      0.004     0.01145  -1	   0.0903774     0.0514301
     D1US7-a85a      0.008     0.071       0.300     0.632      0.140     0.696      0.406     0.432      0.396     0.230    0.461     0.283   0.713     0.101     -0.026     0.01175  -1	   0.0655126     0.0004321
     D1US7-a85b      0.002     0.058       0.232     0.673     -0.091     0.695      0.411     0.324      0.995     0.277    0.534     0.282   0.747     0.125      0.745     0.01377  -1	  -0.0813363     0.0420816
     D1US7-a85c      0.006     0.072       0.295     0.597      0.089     0.726      0.459     0.462      0.673     0.227    0.494     0.259   0.612     0.092      0.009     0.01155  -1	   0.0565301     0.0304888
     D1US7-a85d      0.013     0.049       0.217     0.529      0.236     0.717      0.504     0.421      0.760     0.225    0.494     0.257   0.705     0.127      0.526     0.01413  -1	   0.0634488     0.0432899
     D1US7-a86a      0.009     0.055       0.251     0.552      0.157     0.695      0.450     0.308      0.581     0.213    0.518     0.230   0.652     0.125      0.315     0.01394  -1	   0.0480518     0.1216119
     D1US7-a86b      0.010     0.055       0.232     0.585      0.176     0.709      0.478     0.396      0.689     0.221    0.497     0.252   0.652     0.122      0.436     0.01429  -1	   0.0600525     0.0455148
     D1US7-a86c      0.014     0.045       0.198     0.651     -0.082     0.701      0.528     0.398      0.461     0.225    0.484     0.264   0.812     0.143      0.519     0.01535  -1	   0.0888411     0.0884492
     D1US7-a86d      0.012     0.052       0.222     0.548      0.257     0.723      0.486     0.394      0.743     0.216    0.483     0.254   0.546     0.120      0.480     0.01421  -1	   0.1005628     0.0838181
     D1US7-a87a      0.007     0.052       0.237     0.530      0.265     0.705      0.534     0.354      0.839     0.247    0.496     0.278   0.546     0.119      0.157     0.01355  -1	   0.0798431     0.1014439
     D1US7-a87b      0.006     0.067       0.261     0.644      0.079     0.734      0.570     0.390      0.754     0.219    0.486     0.256   0.738     0.096      0.161     0.01648  -1	   0.0294999     0.0330558
     D1US7-a87d      0.010     0.070       0.261     0.673      0.235     0.711      0.522     0.302      0.300     0.231    0.532     0.240   0.854     0.085      0.138     0.01787  -1	   0.1545236     0.2003019
     D1US7-a88a      0.010     0.060       0.217     0.683      0.151     0.732      0.547     0.373      0.960     0.254    0.555     0.248   0.845     0.113      0.111     0.01762  -1	  -0.0007793     0.0032583
     D1US7-a88b      0.008     0.059       0.213     0.676      0.162     0.730      0.556     0.385      0.904     0.237    0.552     0.233   0.845     0.119      0.111     0.01731  -1	  -0.0109356    -0.0022686
     D1US7-a88c      0.012     0.057       0.242     0.624     -0.012     0.721      0.589     0.420      0.654     0.233    0.495     0.265   0.680     0.103      0.015     0.01700  -1	  -0.0128211     0.0608385
     D1US7-a88d      0.012     0.054       0.237     0.533      0.239     0.705      0.450     0.358      0.650     0.216    0.486     0.252   0.508     0.126      0.480     0.01448  -1	   0.1139673     0.1152061
     D1US7-a89a      0.017     0.079       0.295     0.672      0.077     0.718      0.446     0.182      0.552     0.226    0.498     0.256   0.805     0.088      0.071     0.03983  -1	   0.0586766     0.1336128
     D1US7-a89b      0.022     0.091       0.353     0.658     -0.167     0.659      0.480     0.478      0.616     0.267    0.497     0.297   0.730     0.100      0.285     0.07538  -1	   0.0607223    -0.0730633
     D1US7-a89c      0.025     0.052       0.208     0.674      0.136     0.715      0.548     0.346      0.943     0.252    0.495     0.284   0.780     0.118      0.233     0.02114  -1	   0.0021494     0.0436919
     D1US7-a89d      0.015     0.054       0.232     0.529     -0.111     0.706      0.613     0.504      0.806     0.214    0.513     0.235   0.310     0.106      0.123     0.02758  -1	   0.0041719     0.0377612
      D1US7-a8a      0.021     0.048       0.213     0.672      0.035     0.702      0.513     0.460      0.599     0.222    0.495     0.253   0.781     0.136      0.430     0.04561  -1	   0.0265739    -0.0138810
      D1US7-a8b     -0.003     0.082       0.333     0.556      0.117     0.699      0.476     0.519      0.518     0.256    0.539     0.259   0.587     0.077      0.162     0.01506  -1	   0.0964029    -0.0026587
      D1US7-a8c      0.006     0.069       0.290     0.525      0.025     0.706      0.471     0.584      0.770     0.253    0.517     0.271   0.434     0.115      0.070     0.01873  -1	   0.0445717     0.0475521
      D1US7-a8d      0.016     0.044       0.188     0.751     -0.064     0.711      0.608     0.728      0.460     0.262    0.543     0.262   0.815     0.141      0.212     0.01499  -1	  -0.0024505    -0.0646079
     D1US7-a90a      0.026     0.056       0.251     0.623      0.124     0.718      0.572     0.520      0.892     0.263    0.495     0.295   0.713     0.106      0.090     0.01958  -1	   0.0443661     0.0326229
     D1US7-a90b      0.001     0.069       0.266     0.679      0.119     0.743      0.491     0.301      0.729     0.215    0.481     0.254   0.780     0.099      0.152     0.01651  -1	   0.0415390     0.0552306
     D1US7-a90c      0.024     0.059       0.251     0.600      0.126     0.696      0.545     0.497      0.870     0.261    0.478     0.304   0.713     0.101      0.078     0.01946  -1	   0.0527003     0.0317511
     D1US7-a90d      0.020     0.078       0.348     0.577      0.102     0.685      0.430     0.335      0.733     0.308    0.522     0.319   0.587     0.083      0.089     0.01857  -1	   0.0843317     0.0695549
     D1US7-a91a      0.030     0.054       0.256     0.642      0.335     0.690      0.485     0.356      0.809     0.236    0.490     0.271   0.853     0.112      0.514     0.01781  -1	   0.1411322     0.0498961
     D1US7-a91b      0.030     0.070       0.304     0.592      0.219     0.683      0.513     0.405      0.896     0.284    0.496     0.314   0.661     0.103      0.469     0.01825  -1	   0.1313755     0.0141257
     D1US7-a91c      0.028     0.059       0.285     0.597      0.217     0.697      0.523     0.440      0.910     0.236    0.521     0.251   0.661     0.097      0.514     0.01974  -1	   0.0877591     0.0059373
     D1US7-a91d      0.018     0.077       0.324     0.551     -0.303     0.695      0.564     0.552      0.941     0.264    0.493     0.297   0.389     0.081      0.417     0.01716  -1	   0.0046253    -0.0156058
     D1US7-a92a      0.018     0.039       0.193     0.641      0.101     0.708      0.568     0.565      0.712     0.211    0.448     0.272   0.771     0.130      0.184     0.01180  -1	  -0.0269794     0.0001216
     D1US7-a92b      0.036     0.074       0.329     0.628      0.146     0.679      0.516     0.465      0.878     0.321    0.504     0.345   0.713     0.093      0.038     0.02404  -1	   0.1033275     0.0449985
     D1US7-a92c      0.016     0.055       0.266     0.486      0.001     0.714      0.577     0.567      0.851     0.239    0.492     0.273   0.316     0.097      0.086     0.01280  -1	   0.0554118     0.0648898
     D1US7-a92d      0.030     0.063       0.290     0.638      0.245     0.687      0.503     0.383      0.503     0.239    0.503     0.266   0.787     0.100      0.482     0.01892  -1	   0.2277264     0.0738096
     D1US7-a93a      0.026     0.046       0.198     0.616      0.251     0.718      0.557     0.465      0.351     0.213    0.500     0.241   0.816     0.133      0.063     0.01685  -1	   0.0594729     0.0673189
     D1US7-a93b      0.029     0.047       0.193     0.631      0.127     0.712      0.532     0.419      0.352     0.220    0.500     0.249   0.771     0.141      0.047     0.01655  -1	   0.0270448     0.0877589
     D1US7-a93c      0.022     0.045       0.198     0.624      0.134     0.719      0.581     0.481      0.285     0.214    0.503     0.240   0.771     0.138      0.025     0.01645  -1	   0.0259205     0.0828858
     D1US7-a93d      0.016     0.054       0.261     0.511     -0.014     0.711      0.582     0.568      0.745     0.250    0.503     0.277   0.401     0.101      0.065     0.01267  -1	   0.0210390     0.0507886
     D1US7-a94a      0.025     0.052       0.217     0.647      0.098     0.721      0.519     0.468      0.716     0.248    0.495     0.280   0.738     0.112      0.050     0.01664  -1	   0.0038349     0.0247758
     D1US7-a94b      0.011     0.067       0.266     0.654      0.146     0.714      0.493     0.410      0.984     0.281    0.565     0.266   0.780     0.098      0.192     0.00955  -1	   0.0317750    -0.0072839
     D1US7-a94c      0.027     0.037       0.188     0.624      0.082     0.718      0.565     0.458      0.726     0.231    0.496     0.262   0.761     0.150      0.281     0.01429  -1	  -0.0417560     0.0203484
     D1US7-a94d      0.023     0.067       0.275     0.688     -0.308     0.713      0.471     0.452      0.937     0.307    0.534     0.310   0.582     0.095      0.387     0.01156  -1	  -0.0362782    -0.0110087
     D1US7-a95a      0.010     0.055       0.256     0.697      0.157     0.669      0.450     0.349      0.127     0.236    0.505     0.262   0.845     0.129      0.090     0.00801  -1	   0.1230912     0.1424574
     D1US7-a95b      0.007     0.051       0.237     0.675      0.202     0.715      0.490     0.417      0.685     0.247    0.498     0.277   0.854     0.123      0.083     0.00811  -1	  -0.0016061     0.0088256
     D1US7-a95c      0.017     0.041       0.203     0.682      0.009     0.711      0.574     0.574      0.718     0.225    0.473     0.270   0.781     0.141      0.168     0.01159  -1	  -0.0555627    -0.0168219
     D1US7-a95d      0.003     0.067       0.319     0.558      0.122     0.709      0.450     0.328      0.158     0.230    0.527     0.242   0.587     0.090      0.283     0.00832  -1	   0.2262575     0.2142642
     D1US7-a96a      0.010     0.044       0.188     0.653     -0.161     0.721      0.576     0.472      0.773     0.236    0.477     0.280   0.757     0.137      0.241     0.00812  -1	  -0.0575888     0.0097840
     D1US7-a96b     -0.004     0.073       0.290     0.641     -0.262     0.710      0.513     0.414      0.914     0.261    0.522     0.275   0.515     0.098      0.164     0.00877  -1	  -0.0211354    -0.0074803
     D1US7-a96c      0.004     0.056       0.246     0.633      0.065     0.716      0.596     0.579      0.316     0.240    0.476     0.284   0.738     0.108      0.159     0.00766  -1	   0.0673438     0.0085697
     D1US7-a96d      0.011     0.040       0.184     0.654     -0.155     0.710      0.637     0.583      0.676     0.218    0.474     0.262   0.757     0.140      0.184     0.00800  -1	  -0.0515592     0.0042992
     D1US7-a97a      0.005     0.068       0.304     0.632     -0.043     0.710      0.490     0.486      0.292     0.232    0.518     0.249   0.680     0.095      0.170     0.00860  -1	   0.0811335     0.0053261
     D1US7-a97b      0.009     0.065       0.314     0.618      0.130     0.697      0.543     0.461      1.000     0.314    0.583     0.282   0.713     0.109      0.275     0.00937  -1	   0.0274942    -0.0067028
     D1US7-a97c      0.008     0.088       0.343     0.678      0.009     0.716      0.489     0.528      0.738     0.324    0.554     0.312   0.780     0.097      0.054     0.00798  -1	   0.0184639    -0.0584654
     D1US7-a97d      0.011     0.067       0.300     0.603      0.090     0.727      0.489     0.434      0.138     0.275    0.562     0.262   0.738     0.108      0.218     0.00837  -1	   0.1897659     0.0849137
     D1US7-a98a      0.014     0.056       0.246     0.567      0.236     0.701      0.529     0.362      0.789     0.218    0.512     0.240   0.661     0.109      0.316     0.00904  -1	   0.0629629     0.0694531
     D1US7-a98b      0.008     0.067       0.309     0.574      0.108     0.712      0.513     0.417      0.943     0.273    0.498     0.303   0.587     0.098      0.306     0.00951  -1	   0.0663390     0.0336222
     D1US7-a98c      0.011     0.062       0.280     0.681      0.154     0.714      0.526     0.412      0.948     0.263    0.475     0.308   0.845     0.108      0.184     0.00924  -1	   0.0382554     0.0093653
     D1US7-a98d      0.011     0.064       0.266     0.667      0.139     0.707      0.552     0.436      0.979     0.297    0.547     0.292   0.780     0.110      0.214     0.00947  -1	   0.0197671    -0.0156969
     D1US7-a99a      0.015     0.055       0.208     0.680     -0.174     0.703      0.479     0.403      0.586     0.233    0.498     0.263   0.730     0.153      0.126     0.00953  -1	  -0.0148364     0.0278485
     D1US7-a99b      0.003     0.052       0.222     0.598      0.301     0.700      0.529     0.356      0.680     0.222    0.473     0.267   0.727     0.148      0.335     0.00866  -1	   0.0749420     0.0749907
     D1US7-a99c      0.008     0.062       0.271     0.633     -0.011     0.748      0.520     0.496      0.270     0.213    0.466     0.262   0.680     0.114      0.135     0.01037  -1	   0.0884122     0.0222999
     D1US7-a99d      0.011     0.054       0.227     0.570      0.016     0.728      0.566     0.580      0.873     0.255    0.500     0.284   0.587     0.116      0.101     0.00895  -1	   0.0081791     0.0199499
      D1US7-a9a      0.003     0.076       0.314     0.625      0.227     0.703      0.403     0.423      0.504     0.235    0.517     0.253   0.787     0.095      0.174     0.01758  -1	   0.1243009    -0.0153213
      D1US7-a9b      0.002     0.060       0.290     0.548      0.164     0.709      0.525     0.523      0.534     0.235    0.486     0.272   0.499     0.073      0.097     0.01509  -1	   0.0737834     0.0719450
      D1US7-a9d      0.003     0.085       0.343     0.729      0.309     0.678      0.383     0.392      0.544     0.278    0.587     0.248   0.974     0.080      0.158     0.01862  -1	   0.1471435    -0.0859373
