      D1GLA-a9d      0.044     0.039       0.111     0.655      0.120     0.917      0.545     0.488      0.267     0.495    0.610     0.420   0.827     0.103      0.265     0.02312  -1	   0.1724532     0.1877616
      D1GLA-a0a      0.044     0.040       0.097     0.663      0.191     0.921      0.564     0.523      0.469     0.479    0.601     0.414   0.794     0.126      0.218     0.02611  -1	   0.1389101     0.1163309
      D1GLA-a0b      0.047     0.034       0.103     0.584      0.277     0.911      0.598     0.595      0.817     0.498    0.611     0.423   0.798     0.118      0.558     0.01818  -1	   0.2457999     0.1166433
      D1GLA-a0c      0.048     0.049       0.129     0.606      0.172     0.909      0.500     0.396      0.296     0.534    0.573     0.489   0.739     0.088      0.252     0.01227  -1	   0.1906380     0.2755990
      D1GLA-a0d      0.048     0.037       0.105     0.660      0.416     0.922      0.564     0.492      0.706     0.493    0.565     0.456   0.878     0.122      0.363     0.01295  -1	   0.3359572     0.2530677
    D1GLA-a100a      0.037     0.036       0.115     0.637      0.206     0.893      0.606     0.657      0.626     0.467    0.583     0.418   0.784     0.103      0.305     0.00461  -1	   0.1316610     0.0192694
    D1GLA-a100b      0.038     0.041       0.127     0.657      0.281     0.896      0.591     0.681      0.322     0.468    0.572     0.428   0.872     0.109      0.233     0.00435  -1	   0.2149690    -0.0057776
    D1GLA-a100c      0.034     0.038       0.127     0.704      0.193     0.890      0.595     0.708      0.503     0.478    0.582     0.429   0.819     0.097      0.237     0.00465  -1	   0.1391162    -0.0081096
    D1GLA-a100d      0.039     0.036       0.123     0.612      0.333     0.887      0.600     0.659      0.934     0.470    0.601     0.406   0.816     0.099      0.397     0.00458  -1	   0.2416161     0.0973124
    D1GLA-a101a      0.037     0.041       0.125     0.712      0.215     0.891      0.613     0.724      0.336     0.465    0.572     0.425   0.864     0.104      0.346     0.00436  -1	   0.2554251    -0.0350313
    D1GLA-a101b      0.041     0.048       0.139     0.559     -0.196     0.905      0.606     0.653      0.973     0.495    0.575     0.449   0.684     0.081      0.290     0.00514  -1	   0.0265286     0.0234306
    D1GLA-a101c      0.041     0.043       0.123     0.575     -0.053     0.911      0.632     0.658      0.874     0.486    0.588     0.432   0.738     0.085      0.247     0.00594  -1	   0.0296547    -0.0058899
    D1GLA-a101d      0.037     0.041       0.125     0.706      0.222     0.890      0.616     0.728      0.540     0.481    0.589     0.426   0.864     0.103      0.342     0.00435  -1	   0.2062231    -0.0268613
    D1GLA-a102a      0.034     0.038       0.121     0.679      0.208     0.891      0.600     0.696      0.688     0.477    0.606     0.408   0.840     0.094      0.214     0.00464  -1	   0.1200140     0.0079630
    D1GLA-a102b      0.036     0.040       0.123     0.698      0.283     0.897      0.611     0.708      0.586     0.475    0.556     0.447   0.872     0.108      0.399     0.00433  -1	   0.2493751    -0.0024320
    D1GLA-a102c      0.037     0.036       0.115     0.630      0.234     0.893      0.610     0.664      0.433     0.460    0.555     0.435   0.784     0.103      0.305     0.00461  -1	   0.1662618     0.0117337
    D1GLA-a102d      0.034     0.039       0.125     0.697      0.123     0.889      0.622     0.728      0.778     0.468    0.600     0.405   0.827     0.091      0.186     0.00471  -1	   0.0695048    -0.0097137
    D1GLA-a103a      0.038     0.035       0.113     0.594      0.210     0.891      0.608     0.644      0.905     0.468    0.555     0.442   0.767     0.108      0.282     0.00459  -1	   0.1196385     0.0432142
    D1GLA-a103b      0.041     0.036       0.111     0.580      0.053     0.882      0.600     0.651      0.800     0.457    0.587     0.406   0.744     0.113      0.215     0.00421  -1	   0.0227853    -0.0013094
    D1GLA-a103c      0.042     0.035       0.103     0.581     -0.151     0.889      0.630     0.706      0.955     0.489    0.574     0.446   0.684     0.123      0.166     0.00405  -1	   0.0015040     0.0017896
    D1GLA-a103d      0.037     0.039       0.107     0.584      0.004     0.889      0.629     0.691      0.619     0.441    0.555     0.418   0.708     0.099      0.163     0.00417  -1	  -0.0068206    -0.0511232
    D1GLA-a104a      0.040     0.043       0.113     0.729      0.164     0.905      0.574     0.578      0.510     0.499    0.577     0.451   0.819     0.118      0.417     0.00420  -1	   0.2324667     0.0638509
    D1GLA-a104b      0.052     0.044       0.127     0.584      0.243     0.913      0.571     0.588      0.834     0.484    0.582     0.435   0.767     0.093      0.297     0.00627  -1	   0.2027866     0.1010525
    D1GLA-a104c      0.045     0.037       0.111     0.727      0.195     0.909      0.560     0.582      0.587     0.490    0.596     0.428   0.819     0.120      0.266     0.00467  -1	   0.1629042     0.0804634
    D1GLA-a104d      0.045     0.040       0.107     0.635      0.324     0.921      0.555     0.531      0.381     0.487    0.585     0.435   0.816     0.122      0.367     0.00453  -1	   0.3132914     0.1891005
    D1GLA-a105a      0.041     0.032       0.091     0.645      0.363     0.918      0.561     0.598      0.551     0.495    0.616     0.416   0.848     0.141      0.195     0.02605  -1	   0.2073237     0.1157205
    D1GLA-a105b      0.040     0.034       0.097     0.582      0.212     0.904      0.617     0.648      0.795     0.474    0.585     0.423   0.767     0.119      0.157     0.03258  -1	   0.0899617     0.0251120
    D1GLA-a105c      0.044     0.043       0.127     0.581      0.366     0.904      0.570     0.562      0.057     0.477    0.579     0.431   0.830     0.093      0.142     0.06294  -1	   0.2703435     0.1677603
    D1GLA-a105d      0.044     0.036       0.087     0.602      0.068     0.925      0.571     0.630      0.564     0.455    0.552     0.432   0.761     0.124      0.277     0.03244  -1	   0.0431906    -0.0107079
    D1GLA-a106a      0.039     0.038       0.117     0.657     -0.025     0.885      0.619     0.749      0.865     0.480    0.599     0.416   0.852     0.113      0.330     0.00419  -1	   0.0213761    -0.0490358
    D1GLA-a106b      0.040     0.049       0.135     0.652      0.002     0.906      0.554     0.625      0.841     0.515    0.619     0.431   0.781     0.096      0.175     0.00447  -1	   0.0632816     0.0146962
    D1GLA-a106c      0.040     0.051       0.137     0.637     -0.117     0.907      0.586     0.637      0.724     0.495    0.591     0.437   0.589     0.085      0.167     0.00448  -1	   0.0239011    -0.0048509
    D1GLA-a106d      0.040     0.038       0.107     0.556      0.017     0.892      0.610     0.665      0.896     0.446    0.549     0.427   0.708     0.111      0.167     0.00420  -1	   0.0278079     0.0000195
     D1GLA-a10a      0.050     0.046       0.121     0.596      0.081     0.911      0.503     0.423      0.150     0.600    0.626     0.506   0.744     0.110      0.620     0.01044  -1	   0.4734742     0.3718494
     D1GLA-a10b      0.048     0.040       0.107     0.627      0.435     0.952      0.555     0.486      0.306     0.476    0.608     0.406   0.822     0.105      0.405     0.01325  -1	   0.4878377     0.3769315
     D1GLA-a10c      0.050     0.038       0.113     0.713      0.111     0.921      0.561     0.486      0.457     0.472    0.600     0.408   0.851     0.117      0.328     0.01255  -1	   0.1682887     0.1496959
     D1GLA-a10d      0.049     0.036       0.105     0.633      0.345     0.940      0.567     0.506      0.119     0.484    0.572     0.442   0.816     0.110      0.348     0.01304  -1	   0.4024843     0.3256834
     D1GLA-a11a      0.048     0.039       0.113     0.657      0.417     0.920      0.563     0.478      0.330     0.504    0.587     0.448   0.878     0.111      0.343     0.01290  -1	   0.4140178     0.3478431
     D1GLA-a11b      0.045     0.032       0.093     0.652     -0.281     0.905      0.646     0.635      0.475     0.476    0.589     0.422   0.726     0.126      0.270     0.01483  -1	   0.0098546    -0.0119954
     D1GLA-a11c      0.051     0.040       0.111     0.760      0.142     0.911      0.553     0.488      0.289     0.516    0.613     0.437   0.831     0.115      0.328     0.01262  -1	   0.2843256     0.2321001
     D1GLA-a11d      0.047     0.037       0.109     0.515      0.495     0.948      0.572     0.514      0.228     0.496    0.580     0.447   0.756     0.114      0.273     0.01291  -1	   0.3969557     0.3340334
     D1GLA-a12a      0.040     0.038       0.109     0.463      0.488     0.903      0.597     0.557      0.493     0.475    0.555     0.448   0.692     0.103      0.254     0.01886  -1	   0.2952519     0.2050094
     D1GLA-a12b      0.037     0.040       0.113     0.561      0.290     0.908      0.596     0.579      0.552     0.451    0.563     0.419   0.798     0.111      0.139     0.02081  -1	   0.1213800     0.0557951
     D1GLA-a12c      0.044     0.036       0.107     0.643      0.381     0.918      0.551     0.466      0.150     0.496    0.577     0.449   0.848     0.110      0.261     0.01196  -1	   0.3504392     0.3654069
     D1GLA-a12d      0.036     0.050       0.127     0.665      0.317     0.896      0.565     0.557      0.113     0.459    0.544     0.443   0.872     0.095      0.368     0.01196  -1	   0.4202438     0.1671987
     D1GLA-a13a      0.035     0.041       0.121     0.653      0.126     0.880      0.580     0.581      0.805     0.430    0.558     0.405   0.827     0.093      0.292     0.01737  -1	   0.0712360     0.0236797
     D1GLA-a13b      0.034     0.037       0.107     0.634     -0.088     0.894      0.581     0.639      0.954     0.501    0.575     0.455   0.756     0.119      0.176     0.02379  -1	   0.0053212     0.0162071
     D1GLA-a13c      0.038     0.036       0.085     0.542      0.408     0.900      0.607     0.647      0.958     0.488    0.611     0.414   0.743     0.135      0.252     0.01737  -1	   0.2608807     0.1065720
     D1GLA-a13d      0.037     0.038       0.101     0.694      0.344     0.907      0.601     0.619      0.810     0.484    0.594     0.424   0.872     0.117      0.461     0.01818  -1	   0.2866466     0.0972234
     D1GLA-a14a      0.038     0.035       0.095     0.571      0.477     0.896      0.613     0.608      0.550     0.477    0.617     0.399   0.818     0.116      0.272     0.09129  -1	   0.3112268     0.1750771
     D1GLA-a14b      0.038     0.036       0.109     0.731      0.122     0.896      0.610     0.592      0.891     0.463    0.557     0.435   0.851     0.110      0.327     0.04490  -1	   0.0839735     0.0322222
     D1GLA-a14c      0.038     0.041       0.117     0.625      0.068     0.905      0.591     0.625      0.587     0.466    0.588     0.413   0.761     0.101      0.298     0.01222  -1	   0.0744755    -0.0055851
     D1GLA-a14d      0.045     0.022       0.066     0.670      0.247     0.917      0.608     0.657      0.541     0.469    0.561     0.438   0.840     0.178      0.314     0.01759  -1	   0.1208443     0.0199252
     D1GLA-a15a      0.042     0.040       0.107     0.543      0.452     0.903      0.528     0.567      0.438     0.476    0.571     0.436   0.756     0.119      0.263     0.03402  -1	   0.3022673     0.1726041
     D1GLA-a15b      0.039     0.033       0.101     0.583      0.040     0.905      0.611     0.637      0.624     0.454    0.558     0.426   0.708     0.107      0.230     0.02755  -1	   0.0069763    -0.0080843
     D1GLA-a15c      0.045     0.042       0.123     0.458     -0.004     0.917      0.582     0.563      0.601     0.485    0.579     0.439   0.652     0.099      0.281     0.05684  -1	   0.0221101     0.0434026
     D1GLA-a15d      0.048     0.033       0.087     0.714     -0.070     0.910      0.601     0.560      0.536     0.465    0.552     0.442   0.836     0.130      0.189     0.02587  -1	   0.0009241     0.0247518
     D1GLA-a16a      0.044     0.032       0.085     0.681      0.348     0.905      0.596     0.587      0.551     0.499    0.603     0.431   0.872     0.132      0.236     0.04627  -1	   0.2174187     0.1347154
     D1GLA-a16b      0.041     0.034       0.103     0.595      0.327     0.911      0.599     0.593      0.471     0.500    0.587     0.445   0.798     0.102      0.251     0.04410  -1	   0.2040105     0.1260275
     D1GLA-a16c      0.039     0.047       0.129     0.739      0.442     0.898      0.521     0.457      0.673     0.524    0.598     0.457   0.902     0.096      0.291     0.03845  -1	   0.4053879     0.3084879
     D1GLA-a16d      0.040     0.042       0.123     0.686      0.423     0.902      0.539     0.477      0.616     0.498    0.583     0.447   0.878     0.106      0.265     0.03905  -1	   0.3322735     0.2634139
     D1GLA-a17a      0.038     0.046       0.129     0.694      0.498     0.907      0.518     0.427      0.068     0.502    0.578     0.454   0.891     0.109      0.298     0.03754  -1	   0.5792247     0.5259654
     D1GLA-a17b      0.037     0.042       0.121     0.625      0.172     0.886      0.570     0.635      0.871     0.452    0.539     0.440   0.739     0.117      0.273     0.02020  -1	   0.1079901     0.0264170
     D1GLA-a17c      0.040     0.046       0.131     0.725      0.495     0.899      0.513     0.434      0.177     0.516    0.639     0.416   0.916     0.095      0.298     0.03784  -1	   0.5920595     0.5257606
     D1GLA-a17d      0.039     0.045       0.133     0.708      0.370     0.904      0.550     0.485      0.179     0.492    0.642     0.391   0.928     0.099      0.263     0.03878  -1	   0.4250069     0.3417552
     D1GLA-a18a      0.034     0.053       0.151     0.531      0.075     0.907      0.534     0.481      0.684     0.515    0.573     0.470   0.459     0.084      0.370     0.02696  -1	   0.1294166     0.1220303
     D1GLA-a18b      0.033     0.052       0.159     0.523      0.145     0.901      0.515     0.483      0.369     0.492    0.576     0.447   0.434     0.078      0.232     0.02327  -1	   0.1366217     0.1398101
     D1GLA-a18c      0.040     0.043       0.129     0.586      0.188     0.892      0.571     0.597      0.862     0.496    0.618     0.416   0.721     0.109      0.301     0.02326  -1	   0.1499261     0.0749152
     D1GLA-a18d      0.036     0.043       0.131     0.622      0.385     0.903      0.522     0.512      0.471     0.505    0.627     0.416   0.848     0.083      0.102     0.02622  -1	   0.2360734     0.2012810
     D1GLA-a19a      0.036     0.047       0.145     0.673      0.234     0.906      0.534     0.502      0.054     0.524    0.557     0.492   0.840     0.094      0.317     0.02626  -1	   0.3615961     0.2315024
     D1GLA-a19b      0.031     0.039       0.119     0.557      0.332     0.889      0.587     0.606      0.525     0.539    0.562     0.501   0.798     0.102      0.232     0.02355  -1	   0.1818758     0.0844912
     D1GLA-a19c      0.036     0.050       0.135     0.576     -0.097     0.927      0.602     0.621      0.823     0.530    0.594     0.466   0.738     0.080      0.243     0.03567  -1	   0.0332515    -0.0022519
     D1GLA-a19d      0.035     0.049       0.139     0.575      0.223     0.912      0.550     0.474      0.618     0.522    0.563     0.485   0.767     0.082      0.267     0.02686  -1	   0.1734090     0.1568599
      D1GLA-a1a      0.047     0.040       0.111     0.671      0.074     0.900      0.589     0.552      0.482     0.610    0.575     0.558   0.817     0.114      0.121     0.01582  -1	   0.0549407     0.0553949
      D1GLA-a1b      0.043     0.040       0.105     0.589      0.091     0.908      0.554     0.474      0.502     0.457    0.548     0.438   0.744     0.105      0.215     0.05896  -1	   0.0499163     0.1183379
      D1GLA-a1c      0.046     0.033       0.103     0.617      0.128     0.916      0.587     0.579      0.548     0.477    0.581     0.429   0.771     0.115      0.497     0.01817  -1	   0.1698686     0.0666167
      D1GLA-a1d      0.046     0.031       0.095     0.629      0.280     0.898      0.619     0.652      0.352     0.442    0.553     0.419   0.816     0.145      0.231     0.01124  -1	   0.1579589     0.0298707
     D1GLA-a20a      0.036     0.048       0.129     0.655     -0.228     0.927      0.604     0.624      0.651     0.530    0.620     0.444   0.773     0.086      0.245     0.03360  -1	   0.0045656    -0.0329222
     D1GLA-a20b      0.036     0.049       0.133     0.623     -0.026     0.889      0.575     0.686      0.800     0.461    0.544     0.444   0.796     0.094      0.268     0.01710  -1	   0.0350772    -0.0413407
     D1GLA-a20c      0.035     0.045       0.121     0.659      0.163     0.911      0.591     0.664      0.988     0.496    0.605     0.426   0.794     0.090      0.201     0.03753  -1	   0.1509440     0.0507901
     D1GLA-a20d      0.036     0.048       0.129     0.658      0.002     0.913      0.562     0.572      0.811     0.511    0.565     0.472   0.781     0.084      0.273     0.03977  -1	   0.0657775     0.0295915
     D1GLA-a21a      0.048     0.040       0.095     0.635      0.119     0.905      0.534     0.494      0.438     0.468    0.567     0.431   0.771     0.123      0.188     0.01537  -1	   0.0789952     0.1140677
     D1GLA-a21b      0.048     0.040       0.093     0.615      0.153     0.913      0.538     0.484      0.310     0.455    0.572     0.416   0.739     0.117      0.113     0.01483  -1	   0.0759616     0.1441652
     D1GLA-a21c      0.048     0.056       0.135     0.682      0.236     0.905      0.461     0.397      0.017     0.526    0.634     0.429   0.854     0.092      0.549     0.01029  -1	   0.6864412     0.5054353
     D1GLA-a21d      0.045     0.044       0.105     0.662     -0.303     0.906      0.537     0.522      0.618     0.497    0.570     0.455   0.812     0.103      0.142     0.01200  -1	  -0.0124804     0.0458661
     D1GLA-a22a      0.047     0.053       0.129     0.664      0.170     0.909      0.477     0.449      0.162     0.486    0.587     0.431   0.845     0.101      0.454     0.01051  -1	   0.4119937     0.2678243
     D1GLA-a22b      0.048     0.042       0.113     0.541      0.056     0.910      0.520     0.447      0.208     0.502    0.556     0.471   0.682     0.100      0.439     0.00966  -1	   0.2097809     0.2518849
     D1GLA-a22c      0.047     0.051       0.127     0.641      0.203     0.909      0.528     0.474      0.565     0.511    0.621     0.427   0.787     0.095      0.439     0.00891  -1	   0.2792613     0.1854352
     D1GLA-a22d      0.049     0.051       0.135     0.705      0.155     0.913      0.466     0.410      0.953     0.535    0.626     0.444   0.900     0.096      0.458     0.01059  -1	   0.2284513     0.2224405
     D1GLA-a23a      0.051     0.040       0.111     0.684      0.168     0.916      0.554     0.533      0.279     0.500    0.565     0.463   0.794     0.104      0.084     0.01083  -1	   0.1059879     0.1145492
     D1GLA-a23b      0.049     0.053       0.141     0.709      0.182     0.910      0.453     0.396      0.047     0.499    0.588     0.443   0.900     0.091      0.416     0.01041  -1	   0.4866802     0.3994470
     D1GLA-a23c      0.049     0.049       0.125     0.688      0.250     0.908      0.485     0.415      0.030     0.516    0.623     0.430   0.872     0.103      0.570     0.01025  -1	   0.6800848     0.4917654
     D1GLA-a23d      0.048     0.059       0.147     0.750      0.144     0.911      0.460     0.381      0.058     0.549    0.631     0.452   0.826     0.095      0.524     0.01050  -1	   0.6345166     0.4660452
     D1GLA-a24a      0.048     0.044       0.119     0.620      0.140     0.914      0.573     0.547      0.521     0.491    0.590     0.435   0.771     0.118      0.467     0.00882  -1	   0.2143512     0.0807577
     D1GLA-a24b      0.049     0.051       0.135     0.745      0.109     0.909      0.499     0.426      0.045     0.484    0.602     0.418   0.834     0.099      0.638     0.01043  -1	   0.6756635     0.4164333
     D1GLA-a24c      0.048     0.055       0.137     0.642      0.146     0.909      0.470     0.423      0.014     0.519    0.639     0.419   0.713     0.098      0.430     0.01052  -1	   0.4919928     0.4022390
     D1GLA-a24d      0.046     0.058       0.139     0.687      0.149     0.903      0.445     0.417      0.078     0.506    0.609     0.432   0.780     0.091      0.484     0.01050  -1	   0.5170079     0.3663859
     D1GLA-a25a      0.045     0.033       0.097     0.676     -0.254     0.906      0.648     0.635      0.378     0.461    0.562     0.429   0.726     0.126      0.253     0.01501  -1	   0.0306707    -0.0079914
     D1GLA-a25b      0.050     0.039       0.117     0.599      0.332     0.916      0.554     0.480      0.272     0.465    0.567     0.429   0.798     0.105      0.316     0.01284  -1	   0.3038252     0.2692531
     D1GLA-a25c      0.049     0.039       0.107     0.624      0.464     0.944      0.563     0.496      0.295     0.488    0.598     0.424   0.836     0.111      0.382     0.01326  -1	   0.4938424     0.3813407
     D1GLA-a25d      0.048     0.037       0.103     0.586      0.469     0.944      0.559     0.504      0.243     0.483    0.597     0.421   0.818     0.118      0.411     0.01319  -1	   0.5001446     0.3758274
     D1GLA-a26a      0.037     0.050       0.127     0.629      0.241     0.894      0.544     0.512      0.035     0.474    0.575     0.431   0.784     0.105      0.397     0.01187  -1	   0.4257956     0.2402173
     D1GLA-a26b      0.043     0.043       0.119     0.652     -0.394     0.894      0.627     0.615      0.413     0.516    0.563     0.478   0.699     0.092      0.292     0.01375  -1	   0.0622320    -0.0057176
     D1GLA-a26c      0.050     0.040       0.111     0.648      0.147     0.917      0.546     0.462      0.138     0.456    0.595     0.398   0.771     0.108      0.363     0.01292  -1	   0.3019588     0.2960557
     D1GLA-a26d      0.048     0.035       0.097     0.624      0.367     0.951      0.582     0.532      0.166     0.449    0.552     0.427   0.848     0.125      0.325     0.01323  -1	   0.3582772     0.2541972
     D1GLA-a27a      0.037     0.056       0.143     0.564      0.158     0.902      0.596     0.583      0.105     0.463    0.555     0.438   0.652     0.088      0.271     0.01225  -1	   0.2321222     0.0647523
     D1GLA-a27b      0.049     0.037       0.107     0.592      0.407     0.918      0.563     0.483      0.114     0.514    0.629     0.422   0.804     0.114      0.387     0.01301  -1	   0.4942269     0.4300296
     D1GLA-a27c      0.038     0.051       0.131     0.617      0.126     0.904      0.588     0.611      0.098     0.468    0.585     0.418   0.713     0.099      0.289     0.01214  -1	   0.2534406     0.0552245
     D1GLA-a27d      0.038     0.052       0.127     0.579      0.231     0.902      0.596     0.613      0.362     0.459    0.555     0.433   0.661     0.095      0.301     0.01223  -1	   0.2151418     0.0373228
     D1GLA-a28a      0.037     0.056       0.137     0.582      0.101     0.900      0.588     0.602      0.088     0.454    0.544     0.438   0.587     0.094      0.311     0.01236  -1	   0.2440534     0.0476371
     D1GLA-a28b      0.038     0.049       0.123     0.633      0.071     0.908      0.593     0.605      0.258     0.485    0.598     0.422   0.761     0.093      0.255     0.01223  -1	   0.1537911     0.0228101
     D1GLA-a28c      0.035     0.052       0.133     0.625      0.153     0.908      0.587     0.602      0.287     0.435    0.545     0.419   0.778     0.093      0.254     0.01238  -1	   0.1700732     0.0052553
     D1GLA-a28d      0.038     0.053       0.131     0.630      0.198     0.905      0.600     0.630      0.122     0.522    0.606     0.449   0.778     0.092      0.353     0.01229  -1	   0.3520797     0.0672710
     D1GLA-a29a      0.040     0.042       0.113     0.737      0.002     0.912      0.631     0.668      0.411     0.527    0.601     0.458   0.805     0.105      0.311     0.01140  -1	   0.1412368    -0.0142415
     D1GLA-a29b      0.036     0.060       0.143     0.651      0.121     0.903      0.554     0.599      0.112     0.448    0.546     0.431   0.780     0.097      0.241     0.01208  -1	   0.2374819     0.0079740
     D1GLA-a29c      0.040     0.053       0.141     0.621     -0.048     0.884      0.624     0.648      0.469     0.453    0.553     0.430   0.680     0.084      0.368     0.01193  -1	   0.1068250    -0.0518311
     D1GLA-a29d      0.038     0.054       0.137     0.583      0.140     0.905      0.590     0.576      0.125     0.441    0.532     0.435   0.587     0.091      0.342     0.01236  -1	   0.2623100     0.0838466
      D1GLA-a2a      0.040     0.036       0.105     0.692      0.160     0.890      0.604     0.585      0.577     0.474    0.575     0.431   0.794     0.129      0.291     0.02843  -1	   0.1155106     0.0495049
      D1GLA-a2b      0.041     0.041       0.115     0.688      0.088     0.900      0.542     0.450      0.343     0.529    0.638     0.428   0.817     0.094      0.181     0.05894  -1	   0.1194454     0.2104699
      D1GLA-a2c      0.037     0.052       0.135     0.736      0.081     0.910      0.552     0.473      0.499     0.490    0.569     0.451   0.859     0.091      0.509     0.03692  -1	   0.2588699     0.1147224
      D1GLA-a2d      0.043     0.044       0.115     0.698      0.013     0.918      0.532     0.469      0.647     0.487    0.571     0.445   0.781     0.100      0.399     0.07006  -1	   0.1097594     0.1159154
     D1GLA-a30a      0.045     0.026       0.076     0.524      0.243     0.915      0.639     0.587      0.600     0.499    0.629     0.408   0.705     0.137      0.408     0.01646  -1	   0.1503802     0.1157291
     D1GLA-a30b      0.042     0.043       0.111     0.699     -0.115     0.922      0.609     0.658      0.907     0.495    0.612     0.419   0.788     0.108      0.248     0.01709  -1	   0.0201541    -0.0054569
     D1GLA-a30c      0.043     0.045       0.133     0.628     -0.064     0.909      0.620     0.625      0.241     0.455    0.530     0.451   0.756     0.085      0.269     0.01278  -1	   0.0952489    -0.0262612
     D1GLA-a30d      0.036     0.048       0.125     0.605      0.135     0.909      0.613     0.612      0.219     0.445    0.560     0.416   0.771     0.102      0.413     0.01246  -1	   0.2607027     0.0228095
     D1GLA-a31a      0.038     0.044       0.119     0.566      0.271     0.888      0.584     0.591      0.359     0.535    0.562     0.498   0.798     0.116      0.321     0.02031  -1	   0.2168893     0.0656186
     D1GLA-a31b      0.044     0.038       0.103     0.565      0.115     0.916      0.587     0.644      0.638     0.468    0.558     0.438   0.753     0.131      0.174     0.02842  -1	   0.0409158    -0.0190023
     D1GLA-a31c      0.035     0.042       0.115     0.587      0.248     0.867      0.562     0.562      0.226     0.615    0.550     0.584   0.767     0.124      0.346     0.01954  -1	   0.2416441     0.1097785
     D1GLA-a31d      0.045     0.038       0.103     0.570      0.133     0.912      0.587     0.645      0.609     0.465    0.555     0.439   0.753     0.125      0.182     0.02820  -1	   0.0504960    -0.0169122
     D1GLA-a32a      0.041     0.043       0.117     0.611      0.388     0.899      0.577     0.603      0.888     0.487    0.594     0.427   0.848     0.110      0.279     0.02048  -1	   0.2863721     0.1244606
     D1GLA-a32b      0.039     0.041       0.113     0.516      0.449     0.888      0.591     0.592      0.446     0.508    0.612     0.431   0.743     0.122      0.338     0.02035  -1	   0.3383318     0.1754691
     D1GLA-a32c      0.039     0.044       0.123     0.585      0.406     0.893      0.577     0.591      0.484     0.483    0.575     0.439   0.804     0.117      0.250     0.02026  -1	   0.2788819     0.1195054
     D1GLA-a32d      0.040     0.043       0.115     0.531      0.406     0.891      0.588     0.588      0.435     0.477    0.577     0.431   0.743     0.116      0.304     0.02030  -1	   0.2845138     0.1289491
     D1GLA-a33a      0.043     0.045       0.123     0.544     -0.099     0.918      0.576     0.544      0.490     0.473    0.591     0.416   0.677     0.095      0.377     0.05177  -1	   0.0590494     0.0509005
     D1GLA-a33b      0.040     0.044       0.131     0.612      0.267     0.916      0.599     0.563      0.125     0.494    0.560     0.461   0.816     0.087      0.224     0.03851  -1	   0.2497259     0.1491611
     D1GLA-a33c      0.039     0.047       0.133     0.740      0.441     0.906      0.516     0.446      0.085     0.516    0.591     0.456   0.902     0.092      0.303     0.03864  -1	   0.5681886     0.4806274
     D1GLA-a33d      0.039     0.042       0.117     0.665      0.449     0.907      0.549     0.476      0.776     0.479    0.598     0.417   0.878     0.103      0.238     0.03879  -1	   0.3365655     0.2607205
     D1GLA-a34a      0.036     0.056       0.161     0.575      0.209     0.910      0.532     0.531      0.541     0.482    0.584     0.432   0.661     0.075      0.312     0.02373  -1	   0.2174186     0.1106427
     D1GLA-a34b      0.043     0.039       0.099     0.658      0.038     0.908      0.572     0.506      0.515     0.493    0.610     0.419   0.781     0.108      0.355     0.02088  -1	   0.1121467     0.1147497
     D1GLA-a34c      0.035     0.043       0.121     0.604      0.124     0.885      0.575     0.641      0.980     0.468    0.562     0.436   0.771     0.118      0.247     0.02023  -1	   0.0936431     0.0241728
     D1GLA-a34d      0.039     0.044       0.123     0.706      0.572     0.897      0.517     0.436      0.276     0.475    0.576     0.431   0.913     0.105      0.298     0.03797  -1	   0.5714085     0.4919032
     D1GLA-a35a      0.037     0.054       0.155     0.586      0.217     0.911      0.521     0.500      0.387     0.488    0.616     0.410   0.661     0.082      0.198     0.02424  -1	   0.1970956     0.1480464
     D1GLA-a35b      0.038     0.040       0.129     0.616      0.404     0.908      0.543     0.512      0.315     0.494    0.589     0.438   0.822     0.086      0.113     0.02920  -1	   0.2483337     0.2280451
     D1GLA-a35c      0.032     0.052       0.147     0.621      0.045     0.897      0.541     0.501      0.311     0.504    0.555     0.474   0.713     0.082      0.185     0.02656  -1	   0.0837537     0.0781418
     D1GLA-a35d      0.034     0.057       0.161     0.579      0.201     0.902      0.507     0.505      0.281     0.500    0.607     0.428   0.661     0.075      0.312     0.02374  -1	   0.2666720     0.1573858
     D1GLA-a36a      0.032     0.062       0.161     0.670      0.064     0.882      0.536     0.623      0.912     0.496    0.609     0.423   0.805     0.076      0.177     0.01114  -1	   0.1172217     0.0114750
     D1GLA-a36b      0.029     0.048       0.133     0.685      0.022     0.893      0.565     0.619      0.549     0.494    0.585     0.441   0.781     0.091      0.117     0.01417  -1	   0.0265534    -0.0226756
     D1GLA-a36c      0.033     0.059       0.161     0.656      0.025     0.887      0.579     0.660      0.948     0.467    0.571     0.428   0.780     0.075      0.194     0.01131  -1	   0.0958746    -0.0017964
     D1GLA-a36d      0.038     0.047       0.141     0.554     -0.190     0.864      0.583     0.618      0.390     0.588    0.571     0.540   0.684     0.092      0.250     0.01120  -1	   0.0282678    -0.0279463
     D1GLA-a37a      0.033     0.060       0.155     0.646      0.061     0.880      0.566     0.631      0.661     0.497    0.597     0.434   0.738     0.084      0.275     0.01124  -1	   0.1190945    -0.0221033
     D1GLA-a37b      0.032     0.061       0.161     0.654      0.040     0.881      0.550     0.627      0.766     0.463    0.580     0.417   0.780     0.072      0.194     0.01128  -1	   0.0841503    -0.0196398
     D1GLA-a37c      0.034     0.061       0.161     0.660      0.132     0.886      0.533     0.608      0.800     0.485    0.601     0.419   0.780     0.077      0.196     0.01112  -1	   0.1454888     0.0215879
     D1GLA-a37d      0.032     0.061       0.157     0.640      0.054     0.881      0.562     0.631      0.696     0.485    0.576     0.440   0.738     0.078      0.187     0.01118  -1	   0.0901408    -0.0233038
     D1GLA-a38a      0.040     0.052       0.139     0.646     -0.317     0.896      0.555     0.621      0.867     0.568    0.650     0.455   0.515     0.095      0.277     0.00994  -1	   0.0327847     0.0391112
     D1GLA-a38b      0.044     0.041       0.115     0.609      0.151     0.910      0.595     0.576      0.804     0.489    0.559     0.458   0.739     0.093      0.236     0.01127  -1	   0.1116798     0.0638533
     D1GLA-a38c      0.042     0.037       0.109     0.563      0.151     0.909      0.597     0.546      0.594     0.461    0.585     0.411   0.721     0.091      0.271     0.01134  -1	   0.0868047     0.0886591
     D1GLA-a38d      0.043     0.036       0.087     0.630     -0.023     0.916      0.558     0.520      0.536     0.475    0.558     0.445   0.796     0.113      0.267     0.01349  -1	   0.0205464     0.0706772
     D1GLA-a39a      0.045     0.059       0.151     0.657     -0.217     0.926      0.510     0.501      0.974     0.536    0.599     0.468   0.637     0.085      0.265     0.01198  -1	   0.0616212     0.0891011
     D1GLA-a39b      0.049     0.055       0.145     0.687      0.248     0.909      0.465     0.403      0.131     0.521    0.605     0.448   0.854     0.093      0.500     0.01036  -1	   0.5644888     0.4075684
     D1GLA-a39c      0.048     0.031       0.087     0.737      0.274     0.896      0.539     0.486      0.283     0.493    0.621     0.410   0.896     0.138      0.575     0.00564  -1	   0.4911458     0.3168298
     D1GLA-a39d      0.051     0.045       0.115     0.608      0.096     0.930      0.557     0.512      0.324     0.461    0.535     0.453   0.761     0.092      0.159     0.01175  -1	   0.0794367     0.0868996
      D1GLA-a3a      0.040     0.032       0.097     0.658     -0.037     0.896      0.630     0.633      0.714     0.452    0.568     0.416   0.852     0.120      0.238     0.03460  -1	  -0.0173051    -0.0293662
      D1GLA-a3b      0.040     0.036       0.107     0.661      0.251     0.885      0.601     0.571      0.490     0.443    0.560     0.415   0.872     0.131      0.275     0.02789  -1	   0.1490641     0.0635782
      D1GLA-a3c      0.040     0.045       0.113     0.676      0.054     0.914      0.572     0.562      0.105     0.497    0.576     0.451   0.817     0.099      0.246     0.05987  -1	   0.1946688     0.1003515
      D1GLA-a3d      0.043     0.043       0.117     0.567      0.184     0.915      0.559     0.499      0.378     0.484    0.560     0.452   0.721     0.104      0.238     0.06880  -1	   0.1299569     0.1337221
     D1GLA-a40a      0.048     0.058       0.135     0.753      0.221     0.908      0.435     0.355      0.013     0.522    0.602     0.452   0.901     0.086      0.459     0.01053  -1	   0.6260471     0.5371444
     D1GLA-a40b      0.048     0.042       0.109     0.728      0.177     0.906      0.504     0.447      0.223     0.466    0.581     0.419   0.819     0.117      0.498     0.01013  -1	   0.4135621     0.3019406
     D1GLA-a40c      0.047     0.044       0.127     0.581      0.080     0.923      0.541     0.507      0.271     0.511    0.633     0.416   0.744     0.099      0.585     0.00975  -1	   0.3586067     0.1973885
     D1GLA-a40d      0.046     0.041       0.111     0.606     -0.005     0.906      0.564     0.586      0.263     0.518    0.592     0.457   0.796     0.119      0.243     0.00921  -1	   0.0924494     0.0208892
     D1GLA-a41a      0.048     0.043       0.119     0.591      0.257     0.906      0.564     0.545      0.513     0.498    0.612     0.422   0.798     0.107      0.400     0.00885  -1	   0.2571057     0.1347564
     D1GLA-a41b      0.048     0.050       0.127     0.645      0.189     0.909      0.466     0.416      0.123     0.464    0.582     0.416   0.739     0.102      0.454     0.01051  -1	   0.4242002     0.3607862
     D1GLA-a41c      0.047     0.058       0.137     0.772      0.177     0.908      0.447     0.343      0.040     0.532    0.623     0.444   0.892     0.092      0.496     0.01052  -1	   0.6411773     0.5540543
     D1GLA-a41d      0.050     0.054       0.137     0.751      0.195     0.911      0.487     0.419      0.055     0.517    0.601     0.448   0.892     0.098      0.604     0.01049  -1	   0.7091527     0.4336741
     D1GLA-a42a      0.050     0.053       0.131     0.660     -0.037     0.923      0.540     0.552      0.247     0.544    0.614     0.462   0.747     0.088      0.255     0.01156  -1	   0.1623332     0.0696320
     D1GLA-a42b      0.047     0.047       0.121     0.643      0.120     0.912      0.559     0.521      0.415     0.504    0.597     0.440   0.771     0.117      0.440     0.00898  -1	   0.2443118     0.1144927
     D1GLA-a42c      0.049     0.050       0.131     0.685      0.215     0.916      0.479     0.407      0.025     0.500    0.627     0.411   0.840     0.102      0.627     0.01025  -1	   0.7216826     0.5083274
     D1GLA-a42d      0.047     0.058       0.141     0.686      0.178     0.900      0.447     0.419      0.031     0.508    0.593     0.446   0.845     0.092      0.504     0.01046  -1	   0.5736287     0.3791628
     D1GLA-a43a      0.051     0.058       0.147     0.682      0.057     0.909      0.571     0.522      0.861     0.539    0.628     0.447   0.805     0.086      0.435     0.00729  -1	   0.1924237     0.0730062
     D1GLA-a43b      0.041     0.034       0.097     0.625     -0.124     0.882      0.640     0.728      0.854     0.462    0.572     0.423   0.732     0.124      0.189     0.00734  -1	  -0.0226705    -0.0277222
     D1GLA-a43c      0.045     0.040       0.111     0.727      0.378     0.928      0.559     0.593      0.511     0.505    0.563     0.469   0.928     0.120      0.203     0.00482  -1	   0.2848756     0.1307818
     D1GLA-a43d      0.047     0.027       0.076     0.691      0.536     0.908      0.578     0.540      0.663     0.479    0.607     0.409   0.896     0.167      0.197     0.00534  -1	   0.3382663     0.2619886
     D1GLA-a44a      0.044     0.038       0.115     0.596      0.190     0.912      0.583     0.633      0.631     0.480    0.591     0.423   0.721     0.117      0.296     0.00478  -1	   0.1340879     0.0381399
     D1GLA-a44b      0.048     0.041       0.119     0.589      0.132     0.916      0.603     0.616      0.831     0.505    0.579     0.456   0.753     0.114      0.293     0.00479  -1	   0.1170761     0.0385931
     D1GLA-a44c      0.040     0.042       0.115     0.651      0.160     0.898      0.577     0.586      0.294     0.604    0.665     0.474   0.794     0.113      0.392     0.00416  -1	   0.3090341     0.1339305
     D1GLA-a44d      0.048     0.030       0.085     0.674     -0.216     0.934      0.617     0.706      0.997     0.525    0.627     0.435   0.773     0.113      0.099     0.00565  -1	  -0.0004995     0.0361484
     D1GLA-a45a      0.038     0.051       0.121     0.607      0.253     0.904      0.566     0.561      0.604     0.459    0.568     0.423   0.825     0.092      0.320     0.01226  -1	   0.1998717     0.0608892
     D1GLA-a45b      0.040     0.051       0.129     0.580      0.034     0.881      0.621     0.636      0.511     0.463    0.570     0.425   0.587     0.089      0.372     0.01203  -1	   0.1166250    -0.0166987
     D1GLA-a45c      0.039     0.054       0.149     0.576      0.149     0.878      0.603     0.612      0.836     0.442    0.522     0.445   0.587     0.088      0.334     0.01188  -1	   0.1467330     0.0215877
     D1GLA-a45d      0.037     0.045       0.117     0.529      0.135     0.909      0.619     0.604      0.306     0.435    0.533     0.429   0.692     0.097      0.357     0.01249  -1	   0.1471189     0.0084792
     D1GLA-a46a      0.037     0.051       0.135     0.668      0.044     0.896      0.581     0.581      0.357     0.493    0.583     0.442   0.780     0.093      0.349     0.01227  -1	   0.1794349     0.0227222
     D1GLA-a46b      0.043     0.047       0.127     0.615     -0.132     0.913      0.618     0.587      0.785     0.463    0.548     0.443   0.732     0.093      0.247     0.00954  -1	   0.0102079    -0.0104211
     D1GLA-a46c      0.042     0.045       0.119     0.608     -0.163     0.907      0.625     0.622      0.699     0.480    0.574     0.438   0.701     0.095      0.205     0.00952  -1	  -0.0060073    -0.0242069
     D1GLA-a46d      0.041     0.046       0.127     0.614     -0.169     0.911      0.625     0.620      0.690     0.448    0.536     0.438   0.701     0.093      0.249     0.00955  -1	  -0.0034565    -0.0346757
     D1GLA-a47a      0.039     0.051       0.137     0.556      0.158     0.872      0.583     0.582      0.300     0.482    0.508     0.493   0.652     0.096      0.139     0.01226  -1	   0.0881096     0.0113054
     D1GLA-a47b      0.044     0.043       0.119     0.617     -0.259     0.902      0.578     0.605      0.801     0.518    0.604     0.447   0.671     0.102      0.292     0.00813  -1	   0.0029721     0.0247162
     D1GLA-a47c      0.043     0.045       0.127     0.639     -0.086     0.902      0.619     0.619      0.366     0.458    0.534     0.450   0.756     0.085      0.261     0.01294  -1	   0.0587407    -0.0298876
     D1GLA-a47d      0.050     0.035       0.097     0.732      0.115     0.923      0.605     0.602      0.427     0.491    0.578     0.444   0.851     0.101      0.301     0.00846  -1	   0.1603038     0.0652270
     D1GLA-a48a      0.041     0.046       0.129     0.562      0.230     0.884      0.602     0.593      0.074     0.459    0.554     0.435   0.767     0.100      0.175     0.01218  -1	   0.1845107     0.0675054
     D1GLA-a48b      0.039     0.031       0.085     0.638      0.138     0.906      0.615     0.623      0.306     0.441    0.538     0.431   0.771     0.133      0.320     0.00974  -1	   0.1283443     0.0267399
     D1GLA-a48c      0.041     0.044       0.133     0.620     -0.073     0.912      0.617     0.599      0.273     0.522    0.598     0.455   0.756     0.089      0.339     0.01296  -1	   0.1339720     0.0172309
     D1GLA-a48d      0.039     0.032       0.080     0.725      0.104     0.903      0.577     0.614      0.575     0.489    0.630     0.399   0.851     0.132      0.299     0.00768  -1	   0.0997525     0.0286437
     D1GLA-a49a      0.040     0.047       0.131     0.634     -0.094     0.896      0.602     0.607      0.271     0.503    0.555     0.474   0.756     0.083      0.325     0.01327  -1	   0.1210150    -0.0096944
     D1GLA-a49b      0.042     0.043       0.111     0.745     -0.108     0.920      0.612     0.672      0.913     0.476    0.565     0.440   0.812     0.109      0.327     0.01707  -1	   0.0230192    -0.0209702
     D1GLA-a49c      0.042     0.043       0.113     0.664     -0.117     0.922      0.628     0.675      0.973     0.501    0.618     0.419   0.788     0.113      0.217     0.01722  -1	   0.0246182    -0.0027555
     D1GLA-a49d      0.046     0.040       0.109     0.580     -0.170     0.892      0.608     0.693      0.564     0.489    0.572     0.447   0.684     0.103      0.299     0.01751  -1	   0.0110175    -0.0505160
      D1GLA-a4a      0.045     0.033       0.089     0.706      0.219     0.915      0.545     0.527      0.505     0.483    0.559     0.452   0.864     0.142      0.178     0.44695   1	   0.1124235     0.1040726
      D1GLA-a4b      0.046     0.033       0.095     0.726      0.234     0.914      0.556     0.541      0.621     0.487    0.560     0.455   0.864     0.132      0.140     0.46479   1	   0.1149085     0.0995958
      D1GLA-a4c      0.043     0.036       0.099     0.645      0.258     0.903      0.566     0.527      0.333     0.469    0.582     0.421   0.816     0.114      0.143     0.31869   1	   0.1362706     0.1427772
      D1GLA-a4d      0.043     0.042       0.117     0.502     -0.122     0.911      0.592     0.539      0.795     0.484    0.576     0.439   0.653     0.109      0.286     0.06981  -1	   0.0016224     0.0538375
     D1GLA-a50a      0.039     0.045       0.121     0.550      0.345     0.893      0.591     0.591      0.588     0.492    0.604     0.424   0.798     0.115      0.336     0.02041  -1	   0.2525836     0.0946981
     D1GLA-a50b      0.036     0.050       0.123     0.574      0.169     0.890      0.537     0.625      0.563     0.487    0.576     0.443   0.721     0.103      0.179     0.01450  -1	   0.0979392     0.0000508
     D1GLA-a50c      0.038     0.041       0.115     0.544      0.283     0.894      0.591     0.602      0.308     0.532    0.551     0.504   0.737     0.111      0.315     0.02055  -1	   0.2127090     0.0730226
     D1GLA-a50d      0.042     0.043       0.111     0.753     -0.121     0.924      0.616     0.669      0.849     0.482    0.580     0.435   0.792     0.112      0.319     0.01699  -1	   0.0237213    -0.0273754
     D1GLA-a51a      0.041     0.044       0.121     0.603      0.457     0.892      0.573     0.588      0.552     0.495    0.583     0.443   0.836     0.115      0.208     0.02003  -1	   0.3136898     0.1537866
     D1GLA-a51b      0.040     0.045       0.121     0.615      0.366     0.894      0.566     0.588      0.867     0.529    0.636     0.430   0.848     0.105      0.323     0.02068  -1	   0.3050032     0.1517974
     D1GLA-a51c      0.040     0.043       0.115     0.547      0.419     0.893      0.585     0.583      0.580     0.499    0.611     0.425   0.743     0.118      0.341     0.02046  -1	   0.3187500     0.1616810
     D1GLA-a51d      0.041     0.046       0.125     0.627      0.202     0.889      0.593     0.709      0.312     0.477    0.567     0.440   0.784     0.093      0.127     0.01416  -1	   0.1217004    -0.0496707
     D1GLA-a52a      0.038     0.044       0.127     0.688      0.491     0.905      0.518     0.441      0.180     0.498    0.560     0.465   0.891     0.109      0.292     0.03850  -1	   0.5026464     0.4398224
     D1GLA-a52b      0.046     0.042       0.107     0.613      0.222     0.902      0.577     0.609      0.379     0.496    0.582     0.445   0.784     0.113      0.332     0.01669  -1	   0.2151975     0.0534866
     D1GLA-a52c      0.040     0.043       0.115     0.668      0.104     0.917      0.564     0.482      0.089     0.471    0.581     0.423   0.827     0.086      0.396     0.02145  -1	   0.3280318     0.2684584
     D1GLA-a52d      0.041     0.042       0.115     0.684      0.112     0.913      0.577     0.501      0.120     0.477    0.589     0.422   0.827     0.085      0.358     0.02137  -1	   0.2995543     0.2397134
     D1GLA-a53a      0.043     0.041       0.115     0.703      0.137     0.917      0.606     0.629      0.345     0.469    0.555     0.443   0.851     0.097      0.267     0.01079  -1	   0.1632098     0.0173281
     D1GLA-a53b      0.039     0.046       0.123     0.745      0.498     0.908      0.508     0.417      0.095     0.480    0.563     0.446   0.916     0.100      0.314     0.03880  -1	   0.6054136     0.5444443
     D1GLA-a53c      0.043     0.037       0.107     0.549      0.281     0.910      0.608     0.608      0.244     0.472    0.586     0.420   0.737     0.094      0.194     0.00831  -1	   0.1676748     0.0875457
     D1GLA-a53d      0.034     0.048       0.133     0.646      0.072     0.910      0.566     0.561      0.654     0.483    0.583     0.433   0.761     0.081      0.386     0.02854  -1	   0.1254871     0.0420585
     D1GLA-a54a      0.044     0.041       0.121     0.550      0.214     0.906      0.597     0.592      0.849     0.517    0.579     0.467   0.767     0.107      0.228     0.00723  -1	   0.1510905     0.0738220
     D1GLA-a54b      0.046     0.030       0.093     0.561      0.001     0.906      0.599     0.590      0.890     0.463    0.566     0.428   0.708     0.143      0.125     0.00895  -1	   0.0085327     0.0326968
     D1GLA-a54c      0.049     0.031       0.097     0.643      0.149     0.916      0.615     0.579      0.322     0.509    0.576     0.462   0.771     0.132      0.253     0.00894  -1	   0.1326484     0.0986657
     D1GLA-a54d      0.041     0.031       0.097     0.555      0.153     0.897      0.642     0.707      0.717     0.457    0.547     0.439   0.721     0.135      0.270     0.00825  -1	   0.0478359    -0.0335131
     D1GLA-a55a      0.049     0.035       0.109     0.639      0.094     0.913      0.605     0.566      0.808     0.510    0.588     0.453   0.761     0.119      0.284     0.00897  -1	   0.0853909     0.0652449
     D1GLA-a55b      0.048     0.036       0.107     0.610      0.093     0.915      0.594     0.555      0.214     0.480    0.565     0.443   0.761     0.119      0.232     0.00891  -1	   0.1190137     0.0977755
     D1GLA-a55c      0.049     0.031       0.097     0.590      0.097     0.915      0.621     0.581      0.261     0.476    0.542     0.460   0.744     0.144      0.215     0.00877  -1	   0.0707658     0.0554646
     D1GLA-a55d      0.034     0.061       0.157     0.653      0.183     0.885      0.559     0.639      0.734     0.475    0.588     0.421   0.845     0.077      0.199     0.01112  -1	   0.1607946    -0.0120897
     D1GLA-a56a      0.047     0.035       0.107     0.574      0.103     0.916      0.598     0.543      0.307     0.480    0.562     0.447   0.753     0.124      0.289     0.00913  -1	   0.1077042     0.0914580
     D1GLA-a56b      0.042     0.044       0.123     0.542     -0.375     0.900      0.624     0.686      0.572     0.477    0.596     0.416   0.564     0.106      0.269     0.00958  -1	   0.0054764    -0.0349173
     D1GLA-a56c      0.046     0.035       0.095     0.586     -0.058     0.899      0.586     0.552      0.524     0.466    0.567     0.430   0.738     0.131      0.386     0.00773  -1	   0.0442741     0.0442661
     D1GLA-a56d      0.047     0.034       0.099     0.695      0.188     0.917      0.597     0.562      0.163     0.489    0.591     0.431   0.794     0.127      0.269     0.00875  -1	   0.2493406     0.1854296
     D1GLA-a57a      0.047     0.035       0.089     0.716     -0.048     0.899      0.634     0.702      0.374     0.449    0.562     0.419   0.876     0.122      0.178     0.00568  -1	   0.0342883    -0.0664495
     D1GLA-a57b      0.046     0.029       0.082     0.628     -0.308     0.889      0.617     0.668      0.544     0.458    0.542     0.443   0.756     0.141      0.020     0.00859  -1	  -0.0455438    -0.0262925
     D1GLA-a57c      0.041     0.042       0.123     0.620      0.143     0.917      0.593     0.576      0.443     0.496    0.594     0.435   0.771     0.087      0.136     0.01138  -1	   0.0812640     0.0559871
     D1GLA-a57d      0.037     0.052       0.137     0.629     -0.091     0.901      0.575     0.691      0.428     0.467    0.580     0.420   0.680     0.093      0.080     0.01289  -1	   0.0009210    -0.0696906
     D1GLA-a58a      0.048     0.028       0.080     0.681      0.432     0.906      0.584     0.554      0.427     0.447    0.603     0.383   0.878     0.162      0.191     0.00532  -1	   0.2550514     0.1980858
     D1GLA-a58b      0.050     0.047       0.137     0.568     -0.190     0.916      0.650     0.558      0.569     0.500    0.592     0.440   0.684     0.085      0.448     0.00794  -1	   0.0714927     0.0201998
     D1GLA-a58c      0.051     0.041       0.107     0.588      0.171     0.905      0.579     0.481      0.433     0.498    0.553     0.471   0.721     0.109      0.395     0.00691  -1	   0.1902908     0.1739277
     D1GLA-a58d      0.047     0.050       0.137     0.603      0.224     0.913      0.507     0.496      0.248     0.462    0.555     0.437   0.784     0.086      0.274     0.00921  -1	   0.2400980     0.1578621
     D1GLA-a59a      0.049     0.028       0.078     0.717      0.332     0.895      0.565     0.524      0.348     0.486    0.590     0.430   0.896     0.151      0.575     0.00550  -1	   0.4505710     0.2563953
     D1GLA-a59b      0.048     0.029       0.085     0.673      0.329     0.905      0.576     0.547      0.407     0.446    0.568     0.411   0.872     0.149      0.191     0.00538  -1	   0.1729448     0.1412386
     D1GLA-a59c      0.045     0.052       0.131     0.635      0.151     0.912      0.579     0.587      0.363     0.491    0.600     0.426   0.778     0.096      0.193     0.00747  -1	   0.1562167     0.0371393
     D1GLA-a59d      0.050     0.030       0.087     0.759      0.238     0.902      0.554     0.503      0.409     0.512    0.628     0.421   0.844     0.141      0.575     0.00565  -1	   0.4233871     0.2604231
      D1GLA-a5a      0.034     0.040       0.115     0.593      0.115     0.910      0.537     0.607      0.974     0.495    0.592     0.435   0.753     0.107      0.108     0.06177  -1	   0.0996408     0.0752346
      D1GLA-a5b      0.039     0.039       0.107     0.600      0.250     0.902      0.572     0.629      0.743     0.494    0.597     0.431   0.816     0.103      0.196     0.02648  -1	   0.1374771     0.0502327
      D1GLA-a5c      0.034     0.038       0.103     0.523      0.540     0.912      0.544     0.583      0.585     0.475    0.587     0.423   0.761     0.113      0.124     0.07570  -1	   0.3182734     0.1939836
      D1GLA-a5d      0.039     0.040       0.105     0.735      0.159     0.906      0.558     0.548      0.855     0.537    0.676     0.401   0.819     0.128      0.091     0.15931  -1	   0.1181889     0.0876194
     D1GLA-a60a      0.043     0.038       0.105     0.669      0.078     0.902      0.610     0.680      0.757     0.465    0.587     0.413   0.817     0.130      0.293     0.00580  -1	   0.0602239    -0.0335759
     D1GLA-a60b      0.048     0.028       0.080     0.692      0.373     0.909      0.574     0.548      0.454     0.438    0.567     0.405   0.903     0.155      0.191     0.00534  -1	   0.1952650     0.1487682
     D1GLA-a60c      0.050     0.050       0.135     0.628      0.099     0.916      0.579     0.488      0.064     0.504    0.596     0.442   0.761     0.089      0.396     0.00769  -1	   0.3597572     0.2574973
     D1GLA-a60d      0.049     0.049       0.131     0.683      0.001     0.911      0.580     0.513      0.133     0.503    0.596     0.439   0.781     0.090      0.383     0.00740  -1	   0.3002399     0.1824642
     D1GLA-a61a      0.049     0.053       0.145     0.642     -0.097     0.915      0.557     0.476      0.118     0.509    0.607     0.437   0.680     0.082      0.367     0.00756  -1	   0.2576637     0.2074893
     D1GLA-a61b      0.048     0.028       0.076     0.717      0.364     0.912      0.577     0.547      0.546     0.449    0.569     0.413   0.928     0.161      0.222     0.00544  -1	   0.1961424     0.1391846
     D1GLA-a61c      0.051     0.040       0.127     0.644      0.281     0.904      0.597     0.521      0.241     0.469    0.591     0.414   0.816     0.088      0.448     0.00721  -1	   0.4047857     0.2552195
     D1GLA-a61d      0.049     0.041       0.113     0.546      0.254     0.901      0.524     0.446      0.639     0.489    0.600     0.424   0.737     0.090      0.224     0.01140  -1	   0.1581752     0.2236329
     D1GLA-a62a      0.041     0.041       0.113     0.583      0.311     0.905      0.585     0.596      0.549     0.528    0.547     0.504   0.798     0.124      0.369     0.00557  -1	   0.2392933     0.0862091
     D1GLA-a62b      0.042     0.039       0.111     0.680     -0.085     0.915      0.573     0.660      0.930     0.495    0.571     0.453   0.812     0.114      0.131     0.00458  -1	   0.0139797     0.0080917
     D1GLA-a62c      0.048     0.051       0.145     0.643      0.386     0.926      0.524     0.517      0.619     0.511    0.636     0.414   0.831     0.083      0.233     0.00580  -1	   0.3627977     0.2336210
     D1GLA-a62d      0.052     0.041       0.115     0.553      0.124     0.917      0.630     0.637      0.831     0.484    0.549     0.462   0.753     0.087      0.380     0.00631  -1	   0.1186822     0.0222091
     D1GLA-a63a      0.043     0.038       0.107     0.549     -0.002     0.922      0.601     0.659      0.741     0.491    0.598     0.427   0.717     0.102      0.106     0.00501  -1	   0.0050864    -0.0081034
     D1GLA-a63b      0.049     0.033       0.095     0.657      0.429     0.922      0.565     0.547      0.921     0.504    0.615     0.424   0.878     0.142      0.342     0.00481  -1	   0.3339944     0.2174243
     D1GLA-a63c      0.045     0.042       0.117     0.495      0.099     0.931      0.586     0.624      0.342     0.491    0.602     0.423   0.618     0.102      0.210     0.00498  -1	   0.0715302     0.0098108
     D1GLA-a63d      0.044     0.040       0.127     0.705     -0.064     0.914      0.571     0.615      0.814     0.474    0.584     0.423   0.836     0.096      0.133     0.00457  -1	   0.0045089     0.0043411
     D1GLA-a64a      0.045     0.043       0.115     0.536      0.157     0.926      0.546     0.571      0.340     0.504    0.613     0.426   0.659     0.111      0.200     0.00496  -1	   0.1149221     0.0743704
     D1GLA-a64b      0.049     0.035       0.095     0.595      0.035     0.915      0.607     0.715      0.762     0.482    0.614     0.406   0.708     0.128      0.065     0.00525  -1	   0.0169624    -0.0148621
     D1GLA-a64c      0.045     0.041       0.115     0.502      0.033     0.933      0.588     0.624      0.583     0.486    0.594     0.426   0.646     0.103      0.205     0.00493  -1	   0.0270297     0.0042312
     D1GLA-a64d      0.043     0.042       0.113     0.697      0.170     0.910      0.575     0.576      0.239     0.503    0.594     0.441   0.794     0.121      0.458     0.00417  -1	   0.3621973     0.1283028
     D1GLA-a65a      0.041     0.046       0.127     0.605     -0.158     0.910      0.630     0.609      0.612     0.464    0.553     0.439   0.701     0.098      0.274     0.00961  -1	   0.0074620    -0.0336428
     D1GLA-a65b      0.038     0.051       0.127     0.603      0.097     0.903      0.586     0.598      0.172     0.448    0.534     0.440   0.738     0.091      0.315     0.01224  -1	   0.2011425     0.0214714
     D1GLA-a65c      0.045     0.036       0.091     0.620      0.192     0.909      0.580     0.441      0.124     0.466    0.570     0.427   0.739     0.130      0.457     0.01302  -1	   0.3487898     0.3724283
     D1GLA-a65d      0.048     0.035       0.099     0.711      0.098     0.915      0.604     0.602      0.428     0.511    0.637     0.412   0.841     0.099      0.301     0.00841  -1	   0.1663797     0.0797406
     D1GLA-a66a      0.048     0.035       0.099     0.728      0.080     0.921      0.600     0.590      0.416     0.477    0.573     0.435   0.841     0.101      0.301     0.00842  -1	   0.1383147     0.0608976
     D1GLA-a66b      0.039     0.053       0.137     0.599      0.015     0.885      0.625     0.650      0.449     0.435    0.532     0.430   0.587     0.084      0.332     0.01214  -1	   0.1084702    -0.0369663
     D1GLA-a66c      0.043     0.046       0.125     0.622      0.043     0.915      0.598     0.581      0.206     0.479    0.548     0.458   0.725     0.093      0.281     0.01315  -1	   0.1512037     0.0463137
     D1GLA-a66d      0.048     0.041       0.111     0.712     -0.170     0.914      0.564     0.543      0.302     0.468    0.563     0.434   0.781     0.098      0.285     0.00705  -1	   0.1004230     0.0707602
     D1GLA-a67a      0.043     0.035       0.113     0.702     -0.066     0.899      0.549     0.662      0.108     0.492    0.611     0.419   0.836     0.111      0.149     0.00480  -1	   0.0993380    -0.0151732
     D1GLA-a67b      0.050     0.043       0.119     0.631     -0.279     0.916      0.638     0.649      0.810     0.517    0.593     0.455   0.671     0.094      0.172     0.00679  -1	  -0.0018537    -0.0073248
     D1GLA-a67c      0.039     0.048       0.121     0.612      0.015     0.903      0.594     0.572      0.655     0.465    0.564     0.431   0.725     0.080      0.316     0.01860  -1	   0.0673918     0.0176014
     D1GLA-a67d      0.042     0.035       0.113     0.693     -0.030     0.903      0.550     0.664      0.136     0.456    0.575     0.415   0.852     0.105      0.139     0.00482  -1	   0.0739721    -0.0377469
     D1GLA-a68a      0.045     0.032       0.097     0.679     -0.220     0.902      0.625     0.683      0.786     0.444    0.541     0.431   0.773     0.111      0.295     0.00509  -1	  -0.0317192    -0.0265781
     D1GLA-a68b      0.044     0.049       0.133     0.663     -0.181     0.909      0.567     0.542      0.397     0.496    0.567     0.458   0.757     0.082      0.363     0.00618  -1	   0.1029813     0.0339412
     D1GLA-a68c      0.043     0.050       0.133     0.678     -0.017     0.917      0.588     0.538      0.978     0.597    0.629     0.499   0.852     0.089      0.398     0.00630  -1	   0.1331698     0.0781681
     D1GLA-a68d      0.041     0.026       0.072     0.630      0.391     0.902      0.619     0.681      0.696     0.446    0.549     0.427   0.848     0.145      0.224     0.00756  -1	   0.1688046     0.0425949
     D1GLA-a69a      0.039     0.034       0.101     0.625     -0.019     0.906      0.614     0.681      0.956     0.481    0.563     0.447   0.796     0.147      0.156     0.00539  -1	   0.0133534    -0.0130048
     D1GLA-a69b      0.044     0.036       0.127     0.627      0.012     0.911      0.606     0.621      0.603     0.533    0.600     0.464   0.725     0.087      0.263     0.00610  -1	   0.0544600     0.0238361
     D1GLA-a69c      0.042     0.028       0.080     0.669     -0.114     0.897      0.613     0.678      0.899     0.455    0.545     0.439   0.788     0.123      0.275     0.00695  -1	  -0.0317241    -0.0031194
     D1GLA-a69d      0.041     0.049       0.131     0.687      0.036     0.912      0.551     0.526      0.599     0.573    0.623     0.482   0.781     0.086      0.360     0.00601  -1	   0.1601427     0.0903121
      D1GLA-a6a      0.034     0.055       0.143     0.677     -0.042     0.932      0.539     0.559      0.853     0.528    0.592     0.467   0.747     0.083      0.220     0.03593  -1	   0.0722508     0.0369985
      D1GLA-a6b      0.037     0.046       0.129     0.569     -0.119     0.917      0.608     0.610      0.744     0.542    0.581     0.489   0.714     0.088      0.237     0.03657  -1	   0.0101356    -0.0091400
      D1GLA-a6c      0.033     0.045       0.125     0.613      0.168     0.882      0.566     0.643      0.775     0.463    0.569     0.426   0.739     0.112      0.364     0.02003  -1	   0.1231119     0.0085367
      D1GLA-a6d      0.038     0.048       0.131     0.581     -0.139     0.926      0.599     0.615      0.547     0.528    0.593     0.465   0.714     0.084      0.236     0.03510  -1	   0.0104273    -0.0293360
     D1GLA-a70a      0.038     0.031       0.099     0.534      0.103     0.898      0.640     0.686      0.986     0.510    0.586     0.455   0.692     0.123      0.121     0.00555  -1	   0.0763073     0.0197842
     D1GLA-a70b      0.043     0.033       0.103     0.523     -0.372     0.898      0.615     0.664      0.806     0.492    0.587     0.438   0.564     0.125      0.312     0.00559  -1	  -0.0217598     0.0251089
     D1GLA-a70c      0.033     0.033       0.099     0.608      0.011     0.908      0.645     0.709      0.847     0.505    0.590     0.447   0.725     0.124      0.125     0.00584  -1	   0.0051162    -0.0217900
     D1GLA-a70d      0.041     0.031       0.101     0.584     -0.080     0.897      0.685     0.742      0.999     0.482    0.584     0.431   0.738     0.128      0.171     0.00551  -1	   0.0066101    -0.0107243
     D1GLA-a71a      0.044     0.045       0.119     0.719     -0.057     0.908      0.569     0.547      0.281     0.476    0.550     0.455   0.836     0.101      0.237     0.00829  -1	   0.1058121     0.0476964
     D1GLA-a71b      0.045     0.045       0.123     0.724     -0.081     0.913      0.551     0.515      0.416     0.482    0.551     0.459   0.836     0.099      0.218     0.00839  -1	   0.0580570     0.0486380
     D1GLA-a71c      0.042     0.028       0.089     0.499      0.020     0.906      0.637     0.667      0.470     0.454    0.533     0.447   0.582     0.142      0.127     0.00761  -1	  -0.0455477    -0.0440721
     D1GLA-a71d      0.044     0.045       0.117     0.657     -0.146     0.910      0.601     0.588      0.761     0.550    0.600     0.480   0.788     0.097      0.222     0.00768  -1	   0.0183542     0.0036653
     D1GLA-a72a      0.040     0.028       0.099     0.652      0.076     0.893      0.658     0.673      0.829     0.462    0.556     0.435   0.817     0.120      0.419     0.00663  -1	   0.0421523    -0.0198613
     D1GLA-a72b      0.044     0.032       0.093     0.694     -0.016     0.910      0.626     0.675      0.967     0.485    0.567     0.448   0.852     0.134      0.179     0.00762  -1	   0.0154728    -0.0052913
     D1GLA-a72c      0.044     0.031       0.093     0.613      0.041     0.893      0.618     0.609      0.801     0.475    0.582     0.426   0.725     0.136      0.368     0.00680  -1	   0.0330636     0.0184775
     D1GLA-a72d      0.044     0.045       0.117     0.699     -0.121     0.909      0.583     0.577      0.485     0.533    0.639     0.431   0.788     0.103      0.221     0.00832  -1	   0.0571133     0.0205930
     D1GLA-a73a      0.041     0.032       0.101     0.508      0.027     0.900      0.599     0.593      0.786     0.491    0.591     0.432   0.646     0.132      0.338     0.00687  -1	   0.0191799     0.0443251
     D1GLA-a73b      0.046     0.029       0.091     0.554      0.052     0.904      0.626     0.615      0.650     0.493    0.583     0.442   0.744     0.152      0.157     0.00895  -1	  -0.0102288    -0.0046125
     D1GLA-a73c      0.048     0.036       0.105     0.609      0.093     0.914      0.591     0.547      0.805     0.512    0.556     0.481   0.761     0.128      0.263     0.00916  -1	   0.0725968     0.0630534
     D1GLA-a73d      0.050     0.033       0.099     0.572      0.083     0.913      0.594     0.542      0.569     0.468    0.573     0.427   0.744     0.145      0.376     0.00853  -1	   0.0778848     0.0664573
     D1GLA-a74a      0.047     0.033       0.093     0.554      0.163     0.908      0.577     0.526      0.143     0.448    0.547     0.430   0.721     0.140      0.507     0.00773  -1	   0.3009287     0.1961870
     D1GLA-a74b      0.047     0.037       0.097     0.641      0.140     0.909      0.552     0.496      0.277     0.446    0.551     0.425   0.771     0.138      0.502     0.00790  -1	   0.2813130     0.1867102
     D1GLA-a74c      0.048     0.034       0.097     0.695      0.136     0.920      0.599     0.564      0.652     0.484    0.564     0.449   0.827     0.140      0.258     0.00897  -1	   0.0912585     0.0539069
     D1GLA-a74d      0.048     0.026       0.087     0.624      0.227     0.893      0.599     0.625      0.979     0.475    0.570     0.436   0.784     0.167      0.209     0.00604  -1	   0.1045609     0.0529346
     D1GLA-a75a      0.045     0.031       0.109     0.730      0.143     0.891      0.625     0.659      0.769     0.468    0.564     0.434   0.851     0.114      0.119     0.00439  -1	   0.0551294     0.0259495
     D1GLA-a75b      0.049     0.033       0.087     0.667      0.224     0.900      0.590     0.681      0.240     0.470    0.562     0.438   0.840     0.142      0.071     0.00462  -1	   0.0917459    -0.0188057
     D1GLA-a75c      0.044     0.029       0.087     0.606      0.011     0.895      0.624     0.683      0.664     0.441    0.551     0.422   0.725     0.161      0.100     0.00447  -1	  -0.0326567    -0.0428282
     D1GLA-a75d      0.045     0.029       0.085     0.659      0.053     0.896      0.622     0.681      0.728     0.468    0.554     0.443   0.817     0.158      0.092     0.00452  -1	  -0.0122962    -0.0369665
     D1GLA-a76a      0.043     0.034       0.095     0.579      0.016     0.898      0.633     0.699      0.848     0.490    0.559     0.459   0.708     0.147      0.027     0.00449  -1	   0.0164809    -0.0265008
     D1GLA-a76b      0.041     0.035       0.101     0.657     -0.040     0.895      0.616     0.718      0.597     0.458    0.572     0.419   0.852     0.152      0.022     0.00454  -1	  -0.0496933    -0.0875024
     D1GLA-a76c      0.044     0.039       0.115     0.672      0.059     0.895      0.586     0.678      0.686     0.466    0.582     0.419   0.817     0.108      0.125     0.00515  -1	   0.0268876    -0.0274566
     D1GLA-a76d      0.049     0.043       0.129     0.628      0.126     0.903      0.605     0.617      0.825     0.503    0.607     0.431   0.771     0.088      0.081     0.00547  -1	   0.1022809     0.0460312
     D1GLA-a77a      0.048     0.030       0.082     0.748      0.277     0.901      0.567     0.517      0.474     0.477    0.572     0.436   0.896     0.158      0.512     0.00570  -1	   0.3221990     0.1833667
     D1GLA-a77b      0.048     0.028       0.085     0.677      0.364     0.906      0.574     0.544      0.447     0.428    0.555     0.405   0.903     0.151      0.191     0.00538  -1	   0.1817389     0.1409368
     D1GLA-a77c      0.048     0.028       0.085     0.685      0.342     0.904      0.573     0.545      0.449     0.457    0.587     0.405   0.872     0.147      0.222     0.00541  -1	   0.1998950     0.1641761
     D1GLA-a77d      0.049     0.037       0.113     0.663      0.321     0.906      0.612     0.520      0.255     0.486    0.541     0.470   0.872     0.095      0.308     0.00715  -1	   0.3056930     0.2490011
     D1GLA-a78a      0.048     0.028       0.082     0.695      0.364     0.907      0.577     0.547      0.503     0.435    0.558     0.409   0.903     0.153      0.222     0.00541  -1	   0.1942054     0.1425532
     D1GLA-a78b      0.048     0.045       0.125     0.637      0.247     0.912      0.591     0.599      0.402     0.526    0.571     0.482   0.784     0.078      0.208     0.00590  -1	   0.2007161     0.0895103
     D1GLA-a78c      0.048     0.031       0.080     0.670      0.260     0.903      0.560     0.501      0.276     0.492    0.594     0.431   0.872     0.150      0.575     0.00556  -1	   0.4226679     0.2669401
     D1GLA-a78d      0.048     0.028       0.080     0.683      0.386     0.904      0.576     0.545      0.504     0.441    0.560     0.412   0.903     0.157      0.222     0.00540  -1	   0.2053878     0.1515816
     D1GLA-a79a      0.049     0.036       0.109     0.588      0.199     0.894      0.641     0.702      0.669     0.537    0.585     0.481   0.721     0.113      0.285     0.00552  -1	   0.1375099     0.0159823
     D1GLA-a79b      0.048     0.028       0.078     0.692      0.415     0.910      0.573     0.548      0.592     0.450    0.579     0.406   0.878     0.155      0.222     0.00536  -1	   0.2340875     0.1724182
     D1GLA-a79c      0.042     0.035       0.105     0.727      0.226     0.893      0.592     0.633      0.526     0.507    0.639     0.408   0.864     0.117      0.248     0.00585  -1	   0.1824717     0.0686465
     D1GLA-a79d      0.048     0.028       0.080     0.660      0.456     0.904      0.580     0.546      0.409     0.449    0.578     0.406   0.891     0.159      0.183     0.00533  -1	   0.2559026     0.2033845
      D1GLA-a7a      0.043     0.045       0.123     0.599      0.458     0.925      0.492     0.439      0.373     0.457    0.545     0.440   0.818     0.096      0.197     0.04293  -1	   0.3345448     0.3115079
      D1GLA-a7b      0.035     0.040       0.115     0.601     -0.087     0.904      0.622     0.679      0.979     0.500    0.589     0.443   0.756     0.103      0.218     0.02205  -1	   0.0202765     0.0028877
      D1GLA-a7c      0.035     0.044       0.121     0.599      0.010     0.905      0.615     0.681      0.969     0.487    0.591     0.429   0.708     0.096      0.220     0.02239  -1	   0.0632981     0.0122817
      D1GLA-a7d      0.033     0.040       0.121     0.558     -0.083     0.910      0.630     0.693      0.995     0.510    0.630     0.417   0.738     0.103      0.223     0.02223  -1	   0.0273352     0.0122866
     D1GLA-a80a      0.044     0.042       0.135     0.653      0.073     0.917      0.607     0.618      0.801     0.492    0.592     0.433   0.817     0.100      0.186     0.00503  -1	   0.0731486     0.0168104
     D1GLA-a80b      0.049     0.041       0.125     0.582      0.093     0.912      0.591     0.602      0.944     0.521    0.584     0.467   0.744     0.109      0.293     0.00479  -1	   0.1164421     0.0628761
     D1GLA-a80c      0.045     0.037       0.107     0.679      0.294     0.921      0.577     0.599      0.416     0.528    0.601     0.459   0.872     0.111      0.320     0.00487  -1	   0.2811266     0.1260454
     D1GLA-a80d      0.049     0.033       0.091     0.630      0.457     0.920      0.569     0.555      0.350     0.477    0.576     0.433   0.836     0.128      0.238     0.00480  -1	   0.3300480     0.2362575
     D1GLA-a81a      0.047     0.039       0.119     0.712      0.160     0.904      0.576     0.580      0.704     0.445    0.542     0.431   0.819     0.098      0.202     0.00413  -1	   0.1031658     0.0535569
     D1GLA-a81b      0.040     0.038       0.111     0.756      0.282     0.901      0.560     0.564      0.181     0.504    0.576     0.459   0.875     0.128      0.282     0.00413  -1	   0.3360975     0.1901893
     D1GLA-a81c      0.044     0.039       0.109     0.485      0.146     0.926      0.588     0.623      0.545     0.479    0.557     0.450   0.627     0.102      0.227     0.00497  -1	   0.0647599     0.0194288
     D1GLA-a81d      0.044     0.040       0.119     0.706     -0.034     0.912      0.572     0.616      0.816     0.460    0.557     0.432   0.876     0.096      0.151     0.00457  -1	   0.0103047    -0.0040448
     D1GLA-a82a      0.045     0.044       0.117     0.564      0.386     0.922      0.536     0.539      0.850     0.485    0.596     0.423   0.830     0.133      0.241     0.00471  -1	   0.2798602     0.1619418
     D1GLA-a82b      0.044     0.042       0.117     0.514      0.124     0.927      0.572     0.612      0.435     0.495    0.603     0.427   0.692     0.104      0.210     0.00503  -1	   0.0755212     0.0172987
     D1GLA-a82c      0.049     0.052       0.145     0.640      0.218     0.932      0.550     0.567      0.162     0.502    0.600     0.435   0.787     0.083      0.237     0.00553  -1	   0.2904604     0.1228863
     D1GLA-a82d      0.044     0.041       0.115     0.531      0.057     0.933      0.597     0.655      0.813     0.460    0.555     0.435   0.682     0.100      0.102     0.00506  -1	   0.0519998     0.0085434
     D1GLA-a83a      0.048     0.038       0.107     0.650     -0.317     0.915      0.587     0.583      0.779     0.501    0.610     0.427   0.812     0.108      0.257     0.00596  -1	  -0.0145882     0.0249530
     D1GLA-a83b      0.042     0.034       0.113     0.657     -0.092     0.907      0.554     0.661      0.136     0.476    0.569     0.438   0.812     0.110      0.140     0.00481  -1	   0.0434866    -0.0420623
     D1GLA-a83c      0.044     0.033       0.093     0.645     -0.367     0.891      0.585     0.639      0.806     0.467    0.590     0.412   0.644     0.128      0.185     0.00484  -1	  -0.0201379     0.0296489
     D1GLA-a83d      0.048     0.038       0.107     0.648     -0.167     0.921      0.601     0.609      0.824     0.502    0.620     0.418   0.701     0.105      0.217     0.00586  -1	   0.0003336     0.0254543
     D1GLA-a84a      0.048     0.033       0.091     0.636     -0.450     0.903      0.622     0.664      1.000     0.594    0.696     0.436   0.584     0.137      0.352     0.00527  -1	   0.0333644     0.0926747
     D1GLA-a84b      0.044     0.032       0.089     0.602     -0.475     0.888      0.609     0.691      0.930     0.489    0.582     0.439   0.627     0.125      0.287     0.00536  -1	   0.0075414     0.0600625
     D1GLA-a84c      0.046     0.030       0.085     0.736     -0.410     0.914      0.555     0.602      0.323     0.514    0.605     0.443   0.664     0.134      0.133     0.00470  -1	   0.0417045     0.0594468
     D1GLA-a84d      0.043     0.033       0.089     0.631     -0.606     0.910      0.594     0.701      0.778     0.471    0.600     0.408   0.553     0.147      0.172     0.00456  -1	   0.0427745     0.0317252
     D1GLA-a85a      0.044     0.046       0.125     0.648      0.208     0.919      0.542     0.529      0.086     0.492    0.573     0.450   0.784     0.102      0.394     0.00604  -1	   0.3877770     0.2047372
     D1GLA-a85b      0.044     0.035       0.099     0.671     -0.195     0.903      0.618     0.676      0.977     0.455    0.562     0.425   0.757     0.111      0.301     0.00515  -1	  -0.0181813     0.0116877
     D1GLA-a85c      0.045     0.049       0.137     0.613      0.185     0.914      0.543     0.527      0.408     0.475    0.612     0.402   0.739     0.085      0.228     0.00600  -1	   0.1793528     0.1182220
     D1GLA-a85d      0.044     0.027       0.087     0.599     -0.534     0.911      0.625     0.692      0.808     0.463    0.565     0.428   0.590     0.115      0.204     0.00515  -1	  -0.0001958     0.0290522
     D1GLA-a86a      0.044     0.031       0.093     0.683     -0.299     0.897      0.632     0.688      0.785     0.452    0.541     0.439   0.726     0.117      0.289     0.00506  -1	  -0.0321055    -0.0181008
     D1GLA-a86b      0.044     0.031       0.099     0.653     -0.153     0.896      0.627     0.685      0.900     0.491    0.615     0.413   0.757     0.112      0.254     0.00505  -1	  -0.0173818     0.0061435
     D1GLA-a86c      0.043     0.032       0.101     0.645     -0.079     0.896      0.620     0.680      0.770     0.455    0.551     0.434   0.756     0.113      0.266     0.00507  -1	  -0.0163220    -0.0269538
     D1GLA-a86d      0.044     0.028       0.097     0.574     -0.018     0.907      0.635     0.686      0.978     0.483    0.619     0.403   0.778     0.146      0.247     0.00492  -1	   0.0050492     0.0066141
     D1GLA-a87a      0.038     0.039       0.113     0.585      0.335     0.906      0.578     0.628      0.800     0.458    0.547     0.439   0.798     0.095      0.128     0.00556  -1	   0.1893197     0.0773819
     D1GLA-a87b      0.043     0.043       0.131     0.689      0.147     0.908      0.579     0.623      0.147     0.494    0.612     0.418   0.827     0.095      0.209     0.00579  -1	   0.2209132     0.0660139
     D1GLA-a87c      0.040     0.031       0.101     0.580     -0.035     0.904      0.674     0.731      0.997     0.504    0.603     0.435   0.778     0.123      0.171     0.00554  -1	   0.0197155    -0.0074435
     D1GLA-a87d      0.032     0.033       0.099     0.631     -0.110     0.893      0.588     0.625      0.130     0.456    0.536     0.447   0.732     0.134      0.239     0.00454  -1	   0.0775027     0.0070473
     D1GLA-a88a      0.042     0.047       0.137     0.702     -0.332     0.904      0.591     0.625      0.248     0.489    0.598     0.425   0.836     0.083      0.117     0.00693  -1	   0.0391085    -0.0246715
     D1GLA-a88b      0.039     0.050       0.137     0.738     -0.317     0.910      0.589     0.620      0.803     0.488    0.612     0.412   0.836     0.084      0.142     0.00707  -1	  -0.0157978    -0.0208776
     D1GLA-a88c      0.038     0.036       0.107     0.611      0.000     0.908      0.589     0.670      0.734     0.488    0.564     0.452   0.725     0.132      0.166     0.00499  -1	   0.0010503    -0.0236268
     D1GLA-a88d      0.040     0.050       0.135     0.721     -0.277     0.901      0.587     0.599      0.717     0.460    0.592     0.404   0.750     0.082      0.133     0.00711  -1	  -0.0135326    -0.0111474
     D1GLA-a89a      0.036     0.041       0.127     0.691      0.350     0.898      0.610     0.693      0.519     0.475    0.551     0.451   0.903     0.102      0.237     0.00429  -1	   0.2434217     0.0344266
     D1GLA-a89b      0.046     0.045       0.115     0.722     -0.211     0.916      0.574     0.544      0.164     0.472    0.540     0.458   0.798     0.106      0.267     0.00827  -1	   0.1459728     0.0828126
     D1GLA-a89c      0.039     0.047       0.135     0.509     -0.170     0.913      0.643     0.710      0.841     0.513    0.600     0.446   0.622     0.082      0.063     0.00588  -1	   0.0119836    -0.0216973
     D1GLA-a89d      0.042     0.047       0.129     0.733     -0.251     0.898      0.599     0.615      0.853     0.490    0.604     0.422   0.750     0.081      0.107     0.00699  -1	  -0.0053985     0.0078139
      D1GLA-a8a      0.042     0.034       0.095     0.633      0.312     0.930      0.556     0.584      0.346     0.469    0.557     0.441   0.816     0.144      0.183     0.02712  -1	   0.1743370     0.0883849
      D1GLA-a8b      0.051     0.047       0.121     0.554      0.168     0.903      0.530     0.440      0.323     0.475    0.588     0.423   0.721     0.087      0.235     0.01164  -1	   0.1506500     0.2169589
      D1GLA-a8c      0.042     0.045       0.113     0.578      0.214     0.919      0.563     0.521      0.747     0.477    0.552     0.453   0.767     0.092      0.248     0.02687  -1	   0.1451560     0.1073983
      D1GLA-a8d      0.044     0.046       0.119     0.586      0.145     0.907      0.563     0.546      0.669     0.504    0.591     0.445   0.753     0.104      0.354     0.00940  -1	   0.1439757     0.0788646
     D1GLA-a90a      0.035     0.032       0.097     0.611     -0.094     0.896      0.586     0.625      0.386     0.468    0.569     0.431   0.756     0.135      0.252     0.00456  -1	   0.0060534    -0.0253774
     D1GLA-a90b      0.044     0.029       0.093     0.581     -0.075     0.907      0.625     0.652      0.682     0.488    0.578     0.442   0.738     0.142      0.116     0.00519  -1	  -0.0445918    -0.0293131
     D1GLA-a90c      0.045     0.029       0.089     0.688     -0.087     0.907      0.610     0.633      0.740     0.493    0.562     0.459   0.812     0.136      0.250     0.00525  -1	  -0.0159866    -0.0130690
     D1GLA-a90d      0.042     0.033       0.089     0.620     -0.014     0.897      0.637     0.724      0.794     0.500    0.579     0.451   0.796     0.146     -0.016     0.00454  -1	  -0.0160766    -0.0479599
     D1GLA-a91a      0.044     0.028       0.085     0.659      0.058     0.899      0.631     0.695      0.585     0.454    0.538     0.443   0.817     0.160      0.096     0.00450  -1	  -0.0223941    -0.0545762
     D1GLA-a91b      0.043     0.035       0.089     0.616     -0.128     0.897      0.613     0.716      0.708     0.464    0.563     0.431   0.732     0.168      0.136     0.00461  -1	  -0.0329286    -0.0580311
     D1GLA-a91c      0.044     0.035       0.093     0.625     -0.124     0.896      0.622     0.722      0.809     0.461    0.568     0.424   0.732     0.151      0.136     0.00463  -1	  -0.0233988    -0.0370504
     D1GLA-a91d      0.044     0.029       0.085     0.660      0.072     0.903      0.620     0.679      0.690     0.481    0.594     0.422   0.817     0.158      0.092     0.00451  -1	  -0.0068427    -0.0329780
     D1GLA-a92a      0.042     0.034       0.095     0.591      0.130     0.901      0.615     0.676      0.609     0.492    0.598     0.428   0.753     0.149      0.048     0.00454  -1	   0.0107376    -0.0345412
     D1GLA-a92b      0.046     0.029       0.085     0.655      0.091     0.901      0.623     0.683      0.551     0.455    0.556     0.429   0.817     0.147      0.092     0.00453  -1	  -0.0061119    -0.0416041
     D1GLA-a92c      0.046     0.035       0.097     0.609      0.180     0.897      0.621     0.706      0.469     0.483    0.591     0.427   0.739     0.162      0.030     0.00452  -1	   0.0306217    -0.0436005
     D1GLA-a92d      0.042     0.036       0.095     0.674      0.076     0.892      0.621     0.704      0.731     0.484    0.562     0.451   0.817     0.151      0.026     0.00451  -1	   0.0073132    -0.0460091
     D1GLA-a93a      0.049     0.043       0.129     0.521      0.265     0.906      0.615     0.574      0.382     0.479    0.596     0.419   0.737     0.085      0.320     0.00745  -1	   0.2242385     0.1141850
     D1GLA-a93b      0.050     0.047       0.131     0.658      0.100     0.899      0.584     0.602      0.312     0.463    0.592     0.407   0.827     0.096      0.133     0.00557  -1	   0.1037345     0.0135023
     D1GLA-a93c      0.048     0.041       0.117     0.552      0.019     0.918      0.619     0.586      0.400     0.489    0.561     0.455   0.708     0.111      0.399     0.00482  -1	   0.1163421     0.0208765
     D1GLA-a93d      0.046     0.034       0.097     0.598      0.173     0.890      0.618     0.671      0.898     0.547    0.591     0.485   0.721     0.137      0.151     0.00532  -1	   0.1090153     0.0313028
     D1GLA-a94a      0.043     0.045       0.133     0.637      0.119     0.913      0.581     0.582      0.808     0.519    0.613     0.440   0.771     0.098      0.277     0.00508  -1	   0.1318735     0.0624514
     D1GLA-a94b      0.047     0.043       0.123     0.632     -0.098     0.906      0.594     0.562      0.420     0.511    0.583     0.458   0.756     0.096      0.303     0.00490  -1	   0.0723376     0.0300445
     D1GLA-a94c      0.047     0.035       0.113     0.609      0.172     0.888      0.611     0.659      0.651     0.510    0.567     0.470   0.739     0.116      0.327     0.00549  -1	   0.1233890     0.0200500
     D1GLA-a94d      0.047     0.036       0.109     0.691      0.170     0.923      0.584     0.610      0.369     0.468    0.555     0.443   0.794     0.120      0.250     0.00461  -1	   0.1551756     0.0512949
     D1GLA-a95a      0.041     0.040       0.111     0.750      0.267     0.904      0.550     0.550      0.067     0.492    0.583     0.441   0.875     0.121      0.313     0.00416  -1	   0.4107040     0.2394106
     D1GLA-a95b      0.040     0.040       0.107     0.723      0.137     0.903      0.559     0.561      0.067     0.487    0.591     0.429   0.851     0.124      0.295     0.00414  -1	   0.3049191     0.1653390
     D1GLA-a95c      0.040     0.040       0.115     0.760      0.313     0.909      0.547     0.550      0.230     0.493    0.558     0.463   0.875     0.116      0.307     0.00415  -1	   0.3628210     0.2032062
     D1GLA-a95d      0.040     0.040       0.109     0.741      0.203     0.903      0.553     0.557      0.064     0.483    0.567     0.446   0.864     0.125      0.268     0.00413  -1	   0.3188814     0.1807433
     D1GLA-a96a      0.047     0.047       0.121     0.506      0.167     0.930      0.555     0.552      0.155     0.489    0.604     0.421   0.659     0.093      0.289     0.00456  -1	   0.2050664     0.1215708
     D1GLA-a96b      0.047     0.044       0.135     0.553      0.211     0.912      0.537     0.510      0.708     0.488    0.549     0.465   0.767     0.105      0.309     0.00479  -1	   0.1608422     0.1274146
     D1GLA-a96c      0.038     0.040       0.129     0.631      0.335     0.900      0.603     0.676      0.548     0.462    0.550     0.441   0.816     0.103      0.201     0.00433  -1	   0.2012987     0.0393773
     D1GLA-a96d      0.042     0.041       0.115     0.677      0.260     0.913      0.570     0.576      0.477     0.527    0.572     0.482   0.872     0.125      0.385     0.00417  -1	   0.2681933     0.0965748
     D1GLA-a97a      0.045     0.048       0.135     0.641      0.259     0.910      0.522     0.499      0.259     0.464    0.546     0.445   0.816     0.083      0.238     0.00605  -1	   0.2449537     0.1685080
     D1GLA-a97b      0.043     0.032       0.105     0.653     -0.067     0.894      0.609     0.660      0.741     0.462    0.564     0.429   0.812     0.109      0.298     0.00506  -1	  -0.0072796    -0.0271808
     D1GLA-a97c      0.043     0.031       0.093     0.704      0.065     0.895      0.621     0.654      0.596     0.451    0.572     0.412   0.841     0.141      0.336     0.00385  -1	   0.0639318    -0.0291135
     D1GLA-a97d      0.044     0.047       0.133     0.684     -0.009     0.902      0.496     0.504      0.028     0.501    0.636     0.405   0.852     0.091      0.235     0.00554  -1	   0.2420845     0.1893627
     D1GLA-a98a      0.042     0.036       0.115     0.693     -0.112     0.910      0.551     0.668      0.278     0.475    0.555     0.448   0.788     0.113      0.148     0.00488  -1	   0.0212784    -0.0509444
     D1GLA-a98b      0.044     0.032       0.095     0.672     -0.180     0.904      0.623     0.680      0.807     0.444    0.561     0.416   0.757     0.109      0.271     0.00509  -1	  -0.0321535    -0.0178004
     D1GLA-a98c      0.042     0.036       0.115     0.692     -0.118     0.899      0.557     0.673      0.327     0.504    0.615     0.423   0.788     0.112      0.148     0.00486  -1	   0.0257847    -0.0396462
     D1GLA-a98d      0.046     0.050       0.143     0.659      0.168     0.913      0.529     0.500      0.196     0.489    0.586     0.436   0.794     0.081      0.297     0.00611  -1	   0.2767466     0.1799376
     D1GLA-a99a      0.043     0.043       0.131     0.702     -0.177     0.914      0.612     0.619      0.521     0.486    0.553     0.459   0.781     0.082      0.070     0.00668  -1	  -0.0310469    -0.0267952
     D1GLA-a99b      0.045     0.029       0.103     0.582      0.120     0.894      0.610     0.656      0.838     0.433    0.538     0.423   0.753     0.111      0.287     0.00493  -1	   0.0436623     0.0168894
     D1GLA-a99c      0.044     0.046       0.127     0.622     -0.488     0.910      0.573     0.593      0.644     0.539    0.586     0.481   0.627     0.086      0.349     0.00516  -1	   0.0405580     0.0346526
     D1GLA-a99d      0.042     0.049       0.139     0.558     -0.162     0.905      0.586     0.650      0.976     0.535    0.619     0.450   0.684     0.083      0.255     0.00518  -1	   0.0463195     0.0420664
      D1GLA-a9a      0.048     0.041       0.107     0.599      0.263     0.909      0.521     0.436      0.080     0.484    0.582     0.435   0.798     0.113      0.472     0.00958  -1	   0.4443411     0.3990559
      D1GLA-a9b      0.045     0.040       0.115     0.604      0.034     0.922      0.592     0.532      0.991     0.508    0.591     0.449   0.725     0.091      0.318     0.02716  -1	   0.0907124     0.0994358
      D1GLA-a9c      0.047     0.043       0.121     0.504     -0.086     0.900      0.559     0.506      0.464     0.760    0.626     0.672   0.677     0.085      0.178     0.01466  -1	  -0.0052446     0.0896459
      D1GLA-a9d      0.044     0.039       0.111     0.655      0.120     0.917      0.545     0.488      0.267     0.495    0.610     0.420   0.827     0.103      0.265     0.02312  -1	   0.1724532     0.1877616
