      D1NSN-a9d      0.034     0.019       0.070     0.725      0.280     0.738      0.616     0.681      0.675     0.868    0.516     0.853   0.896     0.161      0.119     0.00338  -1	   0.0867450     0.0692456
      D1NSN-a0a      0.032     0.036       0.124     0.583      0.129     0.715      0.614     0.705      0.353     0.865    0.534     0.842   0.753     0.110      0.177     0.00352  -1	   0.0205309    -0.0371897
      D1NSN-a0b      0.033     0.035       0.113     0.676      0.033     0.715      0.574     0.639      0.233     0.850    0.510     0.838   0.781     0.145      0.180     0.00365  -1	   0.0585477    -0.0077699
      D1NSN-a0c      0.031     0.039       0.131     0.642     -0.021     0.724      0.572     0.686      0.242     0.862    0.531     0.840   0.796     0.113      0.173     0.00364  -1	   0.0342587    -0.0508166
      D1NSN-a0d      0.030     0.038       0.135     0.613     -0.025     0.709      0.560     0.674      0.232     0.864    0.527     0.844   0.796     0.104      0.186     0.00360  -1	   0.0280819    -0.0513853
    D1NSN-a100a      0.032     0.049       0.155     0.676      0.271     0.713      0.523     0.410      0.079     0.873    0.577     0.831   0.872     0.086      0.125     0.04782  -1	   0.1435367     0.2019153
    D1NSN-a100b      0.031     0.049       0.173     0.623      0.180     0.710      0.573     0.494      0.034     0.872    0.591     0.824   0.739     0.079      0.304     0.04608  -1	   0.2295278     0.1294584
    D1NSN-a100c      0.036     0.043       0.140     0.585      0.089     0.728      0.544     0.458      0.960     0.863    0.558     0.829   0.744     0.099      0.190     0.06895  -1	   0.1296108     0.1104136
    D1NSN-a100d      0.038     0.034       0.115     0.618      0.088     0.707      0.615     0.542      0.616     0.850    0.568     0.810   0.761     0.116      0.096     0.16734  -1	   0.0094450     0.0486884
    D1NSN-a101a      0.030     0.038       0.131     0.671      0.062     0.710      0.563     0.488      0.428     0.864    0.521     0.847   0.817     0.100      0.404     0.09520  -1	   0.1608761     0.0962161
    D1NSN-a101b      0.029     0.043       0.140     0.647      0.213     0.720      0.583     0.548      0.481     0.871    0.528     0.851   0.784     0.103      0.246     0.09021  -1	   0.1285753     0.0778622
    D1NSN-a101c      0.036     0.043       0.146     0.608      0.131     0.728      0.532     0.438      0.945     0.867    0.562     0.832   0.771     0.096      0.219     0.07033  -1	   0.1499782     0.1397981
    D1NSN-a101d      0.032     0.041       0.140     0.644      0.101     0.734      0.541     0.446      0.679     0.793    0.515     0.779   0.771     0.109      0.294     0.03997  -1	   0.0991198     0.1093554
    D1NSN-a102a      0.036     0.045       0.153     0.614      0.068     0.733      0.535     0.421      0.295     0.858    0.548     0.828   0.761     0.095      0.313     0.05203  -1	   0.1324775     0.1411454
    D1NSN-a102b      0.037     0.044       0.146     0.632      0.004     0.734      0.561     0.463      0.628     0.858    0.519     0.841   0.725     0.092      0.259     0.05291  -1	   0.0769363     0.0803012
    D1NSN-a102c      0.039     0.034       0.115     0.688      0.115     0.730      0.584     0.497      0.583     0.853    0.530     0.832   0.827     0.100      0.568     0.07278  -1	   0.2471060     0.1269217
    D1NSN-a102d      0.035     0.039       0.131     0.715      0.202     0.699      0.564     0.509      0.453     0.869    0.535     0.846   0.864     0.104      0.170     0.12510  -1	   0.1050619     0.1082505
    D1NSN-a103a      0.034     0.040       0.133     0.638      0.268     0.696      0.546     0.460      0.389     0.873    0.550     0.843   0.816     0.098      0.164     0.14378  -1	   0.0991019     0.1468083
    D1NSN-a103b      0.037     0.032       0.106     0.712     -0.175     0.723      0.587     0.609      0.829     0.857    0.546     0.829   0.781     0.119      0.254     0.02222  -1	   0.0612554     0.0395704
    D1NSN-a103c      0.035     0.041       0.131     0.624      0.295     0.702      0.551     0.477      0.439     0.887    0.567     0.852   0.816     0.105      0.161     0.13636  -1	   0.1101276     0.1416872
    D1NSN-a103d      0.035     0.040       0.140     0.681      0.327     0.713      0.554     0.516      0.243     0.855    0.549     0.824   0.872     0.090      0.145     0.04857  -1	   0.1543116     0.1571697
    D1NSN-a104a      0.034     0.039       0.131     0.657      0.234     0.709      0.545     0.477      0.591     0.870    0.552     0.839   0.840     0.101      0.174     0.12892  -1	   0.1085476     0.1324335
    D1NSN-a104b      0.035     0.043       0.146     0.677      0.012     0.712      0.543     0.468      0.276     0.865    0.522     0.847   0.781     0.095      0.226     0.03433  -1	   0.0904289     0.0891588
    D1NSN-a104c      0.034     0.041       0.131     0.636      0.249     0.699      0.546     0.473      0.476     0.884    0.570     0.848   0.784     0.106      0.169     0.13703  -1	   0.0945270     0.1235061
    D1NSN-a104d      0.037     0.044       0.153     0.599      0.041     0.734      0.547     0.460      0.551     0.855    0.519     0.838   0.708     0.093      0.305     0.05312  -1	   0.0919203     0.0922554
    D1NSN-a105a      0.038     0.040       0.133     0.718      0.085     0.725      0.558     0.469      0.501     0.852    0.535     0.828   0.841     0.108      0.171     0.03658  -1	   0.0769114     0.1028558
    D1NSN-a105b      0.036     0.033       0.117     0.611      0.006     0.721      0.586     0.505      0.415     0.857    0.517     0.841   0.725     0.120      0.235     0.03930  -1	   0.0331928     0.0702833
    D1NSN-a105c      0.035     0.040       0.135     0.636      0.303     0.703      0.542     0.468      0.372     0.862    0.542     0.835   0.816     0.095      0.177     0.13613  -1	   0.1276021     0.1602297
    D1NSN-a105d      0.034     0.042       0.144     0.576     -0.240     0.711      0.591     0.523      0.794     0.851    0.530     0.829   0.700     0.090      0.237     0.11219  -1	   0.0573975     0.0604882
    D1NSN-a106a      0.032     0.044       0.151     0.605      0.134     0.731      0.543     0.486      0.885     0.868    0.544     0.842   0.771     0.085      0.276     0.03923  -1	   0.1494980     0.1184410
    D1NSN-a106b      0.036     0.033       0.113     0.604      0.067     0.717      0.572     0.472      0.269     0.834    0.501     0.826   0.761     0.128      0.194     0.03863  -1	   0.0332723     0.1048218
    D1NSN-a106c      0.038     0.036       0.128     0.539      0.368     0.728      0.597     0.559      0.975     0.898    0.603     0.850   0.769     0.095      0.216     0.19402  -1	   0.2698141     0.1892924
    D1NSN-a106d      0.035     0.041       0.142     0.617     -0.052     0.710      0.590     0.517      0.707     0.852    0.523     0.834   0.756     0.094      0.229     0.12037  -1	   0.0518547     0.0472825
    D1NSN-a107a      0.031     0.044       0.146     0.686      0.215     0.713      0.575     0.496      0.358     0.870    0.512     0.857   0.840     0.092      0.261     0.14383  -1	   0.1667904     0.1252623
    D1NSN-a107b      0.032     0.042       0.144     0.588      0.072     0.740      0.567     0.522      0.741     0.867    0.528     0.846   0.744     0.091      0.289     0.03962  -1	   0.0978656     0.0755726
    D1NSN-a107c      0.039     0.041       0.142     0.562      0.112     0.719      0.559     0.441      0.747     0.844    0.535     0.820   0.753     0.103      0.276     0.09335  -1	   0.1001094     0.1259040
    D1NSN-a107d      0.025     0.042       0.144     0.633      0.235     0.727      0.564     0.520      0.520     0.888    0.555     0.858   0.784     0.098      0.200     0.08886  -1	   0.1087114     0.1008619
    D1NSN-a108a      0.027     0.051       0.167     0.629      0.099     0.725      0.510     0.518      0.812     0.875    0.537     0.851   0.738     0.088      0.177     0.00473  -1	   0.1137492     0.0710830
    D1NSN-a108b      0.033     0.020       0.070     0.664      0.242     0.703      0.605     0.659      0.547     0.850    0.526     0.830   0.840     0.182      0.328     0.00290  -1	   0.1061997     0.0471552
    D1NSN-a108c      0.030     0.028       0.083     0.646     -0.138     0.714      0.624     0.670      0.314     0.858    0.522     0.840   0.732     0.184      0.117     0.00326  -1	   0.0022798    -0.0006824
    D1NSN-a108d      0.033     0.041       0.135     0.720      0.286     0.729      0.530     0.421      0.812     0.865    0.539     0.841   0.896     0.105      0.117     0.00325  -1	   0.1824357     0.1843288
    D1NSN-a109a      0.034     0.041       0.140     0.633      0.337     0.707      0.556     0.504      0.167     0.860    0.556     0.826   0.816     0.093      0.018     0.04834  -1	   0.0486285     0.1135276
    D1NSN-a109b      0.036     0.043       0.149     0.612      0.102     0.736      0.567     0.477      0.042     0.852    0.526     0.832   0.771     0.104      0.311     0.04888  -1	   0.1906760     0.1290763
    D1NSN-a109c      0.036     0.044       0.140     0.642      0.111     0.737      0.550     0.458      0.338     0.856    0.518     0.839   0.771     0.093      0.323     0.05323  -1	   0.1527931     0.1215076
    D1NSN-a109d      0.036     0.038       0.133     0.686      0.266     0.706      0.574     0.503      0.375     0.867    0.543     0.840   0.872     0.091      0.049     0.04879  -1	   0.0586087     0.1258798
     D1NSN-a10a      0.029     0.038       0.135     0.637      0.018     0.713      0.564     0.655      0.533     0.878    0.529     0.857   0.725     0.110      0.186     0.00379  -1	   0.0239288    -0.0046739
     D1NSN-a10b      0.033     0.034       0.122     0.608     -0.106     0.720      0.576     0.669      0.533     0.864    0.520     0.847   0.732     0.120      0.285     0.00463  -1	   0.0418354    -0.0031410
     D1NSN-a10c      0.031     0.036       0.131     0.652     -0.101     0.702      0.566     0.635      0.772     0.867    0.530     0.846   0.788     0.132      0.204     0.00391  -1	   0.0431950     0.0191423
     D1NSN-a10d      0.030     0.045       0.137     0.628      0.212     0.709      0.565     0.630      0.678     0.876    0.558     0.843   0.784     0.117      0.235     0.00451  -1	   0.1293165     0.0386394
     D1NSN-a11a      0.032     0.031       0.108     0.585      0.163     0.713      0.616     0.666      0.924     0.875    0.544     0.849   0.721     0.120      0.178     0.00383  -1	   0.0994118     0.0254289
     D1NSN-a11b      0.030     0.038       0.122     0.618     -0.058     0.701      0.579     0.687      0.623     0.862    0.519     0.846   0.756     0.122      0.160     0.00404  -1	   0.0158798    -0.0143395
     D1NSN-a11c      0.034     0.032       0.110     0.619     -0.003     0.716      0.600     0.664      0.462     0.879    0.546     0.853   0.796     0.109      0.212     0.00574  -1	   0.0189246    -0.0141058
     D1NSN-a11d      0.031     0.031       0.113     0.566     -0.073     0.701      0.599     0.691      0.595     0.872    0.518     0.856   0.738     0.117      0.203     0.00368  -1	   0.0007738    -0.0088526
     D1NSN-a12a      0.033     0.049       0.155     0.613     -0.155     0.713      0.584     0.714      0.807     0.870    0.538     0.846   0.701     0.111      0.232     0.00377  -1	   0.0705722     0.0105660
     D1NSN-a12b      0.033     0.050       0.158     0.619     -0.074     0.713      0.559     0.688      0.205     0.868    0.517     0.853   0.756     0.110      0.293     0.00382  -1	   0.1292162    -0.0643747
     D1NSN-a12c      0.028     0.044       0.153     0.566     -0.138     0.708      0.592     0.651      0.543     0.875    0.508     0.863   0.714     0.081      0.218     0.00384  -1	   0.0221369    -0.0095133
     D1NSN-a12d      0.036     0.038       0.137     0.463      0.037     0.715      0.597     0.643      0.617     0.849    0.519     0.832   0.582     0.102      0.208     0.00392  -1	   0.0045720    -0.0029596
     D1NSN-a13a      0.023     0.029       0.115     0.542     -0.019     0.698      0.638     0.659      0.679     0.831    0.491     0.827   0.717     0.112      0.176     0.00405  -1	  -0.0131568    -0.0150559
     D1NSN-a13b      0.032     0.026       0.104     0.626      0.026     0.713      0.612     0.657      0.427     0.842    0.505     0.832   0.725     0.130      0.087     0.00378  -1	  -0.0414509    -0.0086921
     D1NSN-a13c      0.030     0.033       0.104     0.699     -0.225     0.709      0.613     0.683      0.805     0.855    0.517     0.839   0.773     0.137      0.286     0.00427  -1	   0.0687774     0.0176748
     D1NSN-a13d      0.032     0.034       0.104     0.638     -0.173     0.718      0.594     0.654      0.767     0.860    0.527     0.840   0.701     0.141      0.286     0.00425  -1	   0.0517332     0.0170955
     D1NSN-a14a      0.031     0.023       0.083     0.700     -0.233     0.713      0.644     0.654      0.589     0.850    0.516     0.835   0.798     0.154      0.262     0.00331  -1	   0.0568613     0.0298023
     D1NSN-a14b      0.031     0.028       0.090     0.606      0.425     0.714      0.612     0.633      0.406     0.850    0.492     0.846   0.822     0.151      0.251     0.00344  -1	   0.1720005     0.1164920
     D1NSN-a14c      0.026     0.028       0.097     0.698      0.090     0.699      0.602     0.663      0.916     0.860    0.516     0.844   0.817     0.148      0.153     0.00395  -1	   0.0647790     0.0089961
     D1NSN-a14d      0.031     0.027       0.095     0.658     -0.171     0.714      0.635     0.689      0.460     0.865    0.512     0.851   0.757     0.136      0.398     0.00372  -1	   0.1067987    -0.0049373
     D1NSN-a15a      0.027     0.038       0.131     0.602      0.077     0.717      0.629     0.616      0.566     0.879    0.512     0.865   0.761     0.099      0.242     0.00369  -1	   0.0511067     0.0126970
     D1NSN-a15b      0.026     0.030       0.104     0.752     -0.089     0.724      0.604     0.631      0.394     0.864    0.541     0.838   0.815     0.147      0.257     0.00345  -1	   0.0800058     0.0194451
     D1NSN-a15c      0.026     0.039       0.133     0.576      0.096     0.712      0.622     0.610      0.691     0.886    0.514     0.872   0.744     0.105      0.235     0.00373  -1	   0.0609821     0.0175428
     D1NSN-a15d      0.027     0.037       0.133     0.589      0.098     0.719      0.625     0.612      0.721     0.865    0.506     0.854   0.744     0.103      0.242     0.00367  -1	   0.0672652     0.0223968
     D1NSN-a16a      0.027     0.040       0.135     0.557      0.018     0.713      0.619     0.604      0.787     0.888    0.502     0.879   0.708     0.110      0.242     0.00372  -1	   0.0620151     0.0121091
     D1NSN-a16b      0.029     0.028       0.097     0.676     -0.137     0.704      0.662     0.703      0.819     0.862    0.515     0.848   0.788     0.170      0.119     0.00346  -1	   0.0287214    -0.0021459
     D1NSN-a16c      0.025     0.030       0.099     0.612      0.120     0.715      0.638     0.669      0.780     0.869    0.539     0.844   0.771     0.147      0.310     0.00316  -1	   0.0716719     0.0095006
     D1NSN-a16d      0.027     0.041       0.131     0.506     -0.019     0.724      0.608     0.551      0.651     0.853    0.504     0.843   0.717     0.096      0.244     0.00366  -1	   0.0257594     0.0258938
     D1NSN-a17a      0.021     0.050       0.151     0.518     -0.103     0.712      0.597     0.618      0.855     0.869    0.536     0.846   0.653     0.082      0.130     0.00484  -1	   0.0493956    -0.0006740
     D1NSN-a17b      0.031     0.033       0.122     0.665      0.348     0.715      0.594     0.604      0.796     0.858    0.517     0.842   0.872     0.109      0.228     0.00492  -1	   0.2054237     0.1337764
     D1NSN-a17c      0.029     0.046       0.158     0.628      0.082     0.712      0.553     0.413      0.535     0.849    0.531     0.827   0.761     0.093      0.195     0.00411  -1	   0.0595931     0.1099420
     D1NSN-a17d      0.025     0.039       0.144     0.661      0.233     0.715      0.557     0.500      0.478     0.887    0.531     0.866   0.840     0.102      0.369     0.00443  -1	   0.1993248     0.1374956
     D1NSN-a18a      0.028     0.038       0.128     0.654      0.051     0.702      0.618     0.680      0.874     0.854    0.519     0.838   0.817     0.108      0.208     0.00500  -1	   0.0806112     0.0028446
     D1NSN-a18b      0.025     0.049       0.158     0.575      0.025     0.721      0.558     0.419      0.670     0.863    0.503     0.853   0.708     0.094      0.124     0.00402  -1	   0.0370224     0.0716882
     D1NSN-a18c      0.028     0.045       0.153     0.577      0.038     0.717      0.532     0.367      0.343     0.863    0.507     0.851   0.708     0.093      0.110     0.00402  -1	  -0.0143145     0.1217761
     D1NSN-a18d      0.026     0.046       0.158     0.650      0.099     0.713      0.551     0.399      0.597     0.869    0.518     0.853   0.817     0.091      0.129     0.00404  -1	   0.0532155     0.1155335
     D1NSN-a19a      0.031     0.038       0.137     0.588     -0.045     0.705      0.559     0.612      0.309     0.870    0.531     0.848   0.778     0.104      0.216     0.00426  -1	   0.0275043    -0.0120387
     D1NSN-a19b      0.031     0.030       0.108     0.706      0.075     0.717      0.574     0.639      0.718     0.869    0.521     0.852   0.841     0.108      0.267     0.00567  -1	   0.0810729     0.0370173
     D1NSN-a19c      0.034     0.036       0.119     0.521      0.136     0.714      0.583     0.634      0.192     0.854    0.536     0.830   0.692     0.112      0.139     0.00556  -1	  -0.0218363    -0.0416745
     D1NSN-a19d      0.031     0.029       0.106     0.597      0.389     0.716      0.607     0.659      0.309     0.857    0.529     0.836   0.830     0.123      0.205     0.00585  -1	   0.1345233     0.0810620
      D1NSN-a1a      0.032     0.030       0.099     0.615      0.127     0.719      0.599     0.619      0.637     0.850    0.509     0.838   0.771     0.129      0.220     0.00349  -1	   0.0459236     0.0232522
      D1NSN-a1b      0.030     0.035       0.117     0.643     -0.150     0.693      0.598     0.637      0.928     0.890    0.549     0.863   0.732     0.106      0.165     0.00390  -1	   0.0584713     0.0251954
      D1NSN-a1c      0.031     0.036       0.113     0.662      0.032     0.713      0.573     0.639      0.430     0.859    0.526     0.839   0.781     0.142      0.169     0.00366  -1	   0.0284155    -0.0108058
      D1NSN-a1d      0.032     0.030       0.099     0.630      0.079     0.706      0.608     0.624      0.521     0.865    0.521     0.848   0.761     0.130      0.239     0.00349  -1	   0.0375907     0.0133477
     D1NSN-a20a      0.032     0.038       0.135     0.600      0.126     0.734      0.557     0.606      0.197     0.894    0.540     0.871   0.771     0.117      0.193     0.00386  -1	   0.0475772    -0.0091054
     D1NSN-a20b      0.031     0.051       0.160     0.552     -0.022     0.719      0.491     0.562      0.141     0.865    0.528     0.844   0.554     0.108      0.190     0.00388  -1	   0.0302992    -0.0203961
     D1NSN-a20c      0.031     0.053       0.158     0.561     -0.124     0.725      0.512     0.606      0.067     0.867    0.523     0.848   0.463     0.103      0.177     0.00390  -1	   0.0324632    -0.0367538
     D1NSN-a20d      0.034     0.036       0.131     0.568     -0.484     0.714      0.601     0.687      0.590     0.871    0.520     0.855   0.609     0.094      0.141     0.00379  -1	   0.0836193     0.0717557
     D1NSN-a21a      0.030     0.050       0.162     0.588     -0.101     0.711      0.575     0.679      0.972     0.858    0.551     0.827   0.714     0.093      0.207     0.01117  -1	   0.0965396     0.0246806
     D1NSN-a21b      0.030     0.041       0.144     0.629     -0.108     0.711      0.594     0.679      0.598     0.862    0.512     0.849   0.732     0.105      0.182     0.00524  -1	   0.0237104    -0.0111919
     D1NSN-a21c      0.036     0.025       0.095     0.706     -0.168     0.721      0.630     0.679      0.613     0.852    0.516     0.837   0.781     0.132      0.193     0.00421  -1	   0.0269701     0.0153117
     D1NSN-a21d      0.031     0.046       0.149     0.635     -0.138     0.712      0.579     0.673      0.675     0.878    0.541     0.853   0.732     0.094      0.160     0.00516  -1	   0.0330905    -0.0022533
     D1NSN-a22a      0.036     0.050       0.182     0.535      0.188     0.705      0.566     0.586      0.205     0.846    0.526     0.826   0.659     0.082      0.144     0.01021  -1	   0.0487850    -0.0035266
     D1NSN-a22b      0.036     0.029       0.095     0.613      0.096     0.708      0.592     0.658      0.685     0.867    0.524     0.849   0.761     0.154      0.165     0.00486  -1	   0.0280490     0.0046394
     D1NSN-a22c      0.035     0.028       0.090     0.641      0.002     0.719      0.597     0.662      0.658     0.849    0.506     0.838   0.725     0.145      0.233     0.00521  -1	   0.0296879     0.0033142
     D1NSN-a22d      0.029     0.037       0.155     0.480      0.165     0.708      0.575     0.632      0.958     0.865    0.532     0.843   0.595     0.076      0.163     0.00737  -1	   0.1264679     0.0612500
     D1NSN-a23a      0.032     0.032       0.128     0.689      0.204     0.703      0.574     0.598      0.474     0.887    0.562     0.855   0.840     0.101      0.337     0.00616  -1	   0.1638968     0.0823474
     D1NSN-a23b      0.034     0.036       0.122     0.670     -0.062     0.709      0.568     0.648      0.247     0.872    0.532     0.850   0.812     0.096      0.285     0.00554  -1	   0.1091448    -0.0161285
     D1NSN-a23c      0.031     0.044       0.142     0.567      0.214     0.715      0.574     0.627      0.493     0.860    0.525     0.841   0.767     0.108      0.195     0.00437  -1	   0.0818113     0.0144810
     D1NSN-a23d      0.037     0.038       0.135     0.476      0.114     0.706      0.613     0.676      0.513     0.852    0.519     0.835   0.627     0.085      0.236     0.00609  -1	   0.0201527    -0.0184065
     D1NSN-a24a      0.033     0.041       0.135     0.588      0.432     0.729      0.565     0.632      0.256     0.899    0.544     0.875   0.804     0.099      0.112     0.00571  -1	   0.1437764     0.0793706
     D1NSN-a24b      0.033     0.045       0.144     0.540      0.176     0.716      0.544     0.588      0.683     0.865    0.524     0.847   0.659     0.103      0.224     0.00452  -1	   0.0948645     0.0468946
     D1NSN-a24c      0.034     0.041       0.140     0.602      0.428     0.720      0.560     0.638      0.496     0.884    0.541     0.860   0.822     0.103      0.102     0.00575  -1	   0.1738984     0.1100683
     D1NSN-a24d      0.033     0.032       0.122     0.703      0.208     0.712      0.582     0.619      0.287     0.850    0.533     0.827   0.864     0.105      0.310     0.00620  -1	   0.1845078     0.0662244
     D1NSN-a25a      0.032     0.035       0.115     0.565      0.015     0.723      0.587     0.595      0.489     0.881    0.523     0.863   0.708     0.113      0.181     0.00449  -1	  -0.0049078     0.0059275
     D1NSN-a25b      0.031     0.035       0.117     0.527      0.000     0.725      0.595     0.597      0.716     0.876    0.522     0.859   0.646     0.116      0.179     0.00453  -1	   0.0115132     0.0134825
     D1NSN-a25c      0.032     0.040       0.140     0.601     -0.062     0.715      0.626     0.594      0.619     0.867    0.528     0.847   0.756     0.100      0.134     0.00537  -1	   0.0087401     0.0068629
     D1NSN-a25d      0.034     0.043       0.140     0.514      0.297     0.711      0.572     0.628      0.733     0.848    0.529     0.826   0.737     0.104      0.260     0.00447  -1	   0.1624577     0.0750395
     D1NSN-a26a      0.031     0.042       0.142     0.665     -0.097     0.722      0.591     0.556      0.477     0.874    0.530     0.853   0.812     0.101      0.126     0.00544  -1	   0.0111512     0.0206669
     D1NSN-a26b      0.031     0.032       0.119     0.635      0.081     0.705      0.618     0.631      0.734     0.834    0.534     0.809   0.761     0.117      0.702     0.00782  -1	   0.2116590     0.0258612
     D1NSN-a26c      0.031     0.034       0.119     0.534     -0.013     0.728      0.586     0.580      0.467     0.879    0.531     0.859   0.717     0.116      0.179     0.00450  -1	  -0.0224405     0.0097892
     D1NSN-a26d      0.033     0.039       0.137     0.686     -0.071     0.726      0.607     0.580      0.519     0.821    0.540     0.793   0.812     0.105      0.129     0.00537  -1	   0.0136955     0.0187160
     D1NSN-a27a      0.034     0.044       0.158     0.494     -0.214     0.707      0.563     0.570      0.538     0.859    0.523     0.840   0.574     0.078      0.167     0.00871  -1	  -0.0055706     0.0324389
     D1NSN-a27b      0.029     0.029       0.104     0.558      0.023     0.714      0.626     0.702      0.670     0.858    0.522     0.840   0.708     0.130      0.164     0.00504  -1	  -0.0076222    -0.0208381
     D1NSN-a27c      0.029     0.029       0.099     0.673     -0.084     0.708      0.628     0.722      0.977     0.870    0.529     0.849   0.812     0.121      0.083     0.00512  -1	   0.0620762     0.0031912
     D1NSN-a27d      0.027     0.047       0.146     0.473     -0.149     0.701      0.617     0.709      0.879     0.856    0.514     0.842   0.588     0.087      0.167     0.00611  -1	   0.0584413     0.0014049
     D1NSN-a28a      0.027     0.043       0.124     0.477     -0.241     0.701      0.598     0.629      0.738     0.863    0.508     0.851   0.574     0.115      0.289     0.00573  -1	   0.0464189     0.0343917
     D1NSN-a28b      0.026     0.044       0.142     0.691      0.228     0.718      0.554     0.524      0.052     0.865    0.522     0.847   0.840     0.093      0.183     0.00650  -1	   0.1575766     0.1014355
     D1NSN-a28c      0.034     0.065       0.200     0.590      0.210     0.683      0.569     0.560      0.086     0.860    0.557     0.825   0.661     0.067      0.355     0.01005  -1	   0.2881182     0.0289178
     D1NSN-a28d      0.030     0.047       0.173     0.500     -0.270     0.691      0.606     0.619      0.614     0.852    0.507     0.841   0.591     0.074      0.206     0.00846  -1	   0.0289533     0.0185673
     D1NSN-a29a      0.029     0.032       0.099     0.587     -0.054     0.718      0.643     0.593      0.734     0.857    0.534     0.834   0.738     0.122      0.215     0.00439  -1	   0.0172672     0.0118495
     D1NSN-a29b      0.031     0.031       0.097     0.575     -0.053     0.711      0.620     0.562      0.716     0.867    0.510     0.855   0.738     0.132      0.274     0.00440  -1	   0.0315056     0.0338851
     D1NSN-a29c      0.029     0.033       0.108     0.607     -0.179     0.714      0.642     0.607      0.847     0.862    0.522     0.844   0.701     0.115      0.124     0.00443  -1	   0.0335173     0.0101957
     D1NSN-a29d      0.028     0.031       0.108     0.628     -0.007     0.718      0.648     0.649      0.710     0.853    0.496     0.847   0.796     0.125      0.735     0.00486  -1	   0.2028222    -0.0016362
      D1NSN-a2a      0.034     0.049       0.149     0.689     -0.060     0.705      0.530     0.665      0.099     0.885    0.536     0.862   0.812     0.108      0.236     0.00383  -1	   0.1507847    -0.0540914
      D1NSN-a2b      0.035     0.047       0.162     0.612     -0.154     0.711      0.522     0.609      0.260     0.845    0.520     0.828   0.701     0.107      0.348     0.00385  -1	   0.1413517    -0.0055131
      D1NSN-a2c      0.032     0.048       0.153     0.573     -0.172     0.716      0.561     0.660      0.704     0.787    0.499     0.783   0.684     0.112      0.206     0.00389  -1	   0.0440587     0.0005416
      D1NSN-a2d      0.025     0.043       0.144     0.622      0.088     0.721      0.525     0.514      0.136     0.874    0.546     0.847   0.761     0.101      0.354     0.00345  -1	   0.1795529     0.0595892
     D1NSN-a30a      0.028     0.049       0.187     0.608      0.151     0.711      0.570     0.530      0.576     0.868    0.511     0.855   0.739     0.070      0.210     0.00595  -1	   0.1016697     0.0659582
     D1NSN-a30c      0.030     0.032       0.097     0.546     -0.062     0.723      0.635     0.585      0.851     0.860    0.525     0.841   0.677     0.132      0.213     0.00438  -1	   0.0318027     0.0124931
     D1NSN-a30d      0.029     0.032       0.095     0.572     -0.153     0.716      0.637     0.592      0.798     0.856    0.509     0.844   0.684     0.129      0.177     0.00442  -1	   0.0245035     0.0124914
     D1NSN-a31a      0.028     0.047       0.171     0.644      0.213     0.711      0.565     0.565      0.428     0.853    0.521     0.835   0.784     0.077      0.116     0.00590  -1	   0.0766189     0.0547966
     D1NSN-a31b      0.028     0.047       0.158     0.651     -0.071     0.715      0.597     0.631      0.722     0.892    0.511     0.879   0.812     0.100      0.162     0.00521  -1	   0.0566965     0.0047990
     D1NSN-a31c      0.029     0.039       0.137     0.690     -0.061     0.718      0.597     0.496      0.887     0.861    0.541     0.835   0.812     0.099      0.166     0.00409  -1	   0.0632874     0.0532865
     D1NSN-a31d      0.028     0.034       0.122     0.683      0.174     0.702      0.569     0.522      0.928     0.879    0.539     0.855   0.794     0.119      0.183     0.00432  -1	   0.1222000     0.0813431
     D1NSN-a32a      0.034     0.035       0.122     0.554      0.073     0.709      0.624     0.709      0.235     0.846    0.500     0.838   0.744     0.100      0.262     0.00556  -1	   0.0523490    -0.0604134
     D1NSN-a32b      0.028     0.037       0.128     0.516      0.074     0.704      0.612     0.686      0.367     0.868    0.521     0.850   0.682     0.099      0.185     0.00515  -1	  -0.0183995    -0.0498941
     D1NSN-a32c      0.029     0.032       0.126     0.589     -0.208     0.703      0.626     0.638      0.948     0.869    0.523     0.851   0.700     0.118      0.127     0.00501  -1	   0.0599531     0.0210811
     D1NSN-a32d      0.028     0.032       0.117     0.674     -0.236     0.704      0.603     0.646      0.876     0.886    0.543     0.861   0.773     0.119      0.152     0.00510  -1	   0.0505250     0.0336991
     D1NSN-a33a      0.029     0.043       0.151     0.510     -0.025     0.701      0.591     0.617      0.784     0.872    0.510     0.859   0.717     0.100      0.172     0.00553  -1	   0.0476272     0.0172385
     D1NSN-a33b      0.028     0.038       0.133     0.678     -0.017     0.711      0.595     0.647      0.461     0.862    0.515     0.848   0.852     0.108      0.193     0.00509  -1	   0.0399081    -0.0118454
     D1NSN-a33c      0.032     0.039       0.128     0.650      0.077     0.710      0.583     0.669      0.998     0.882    0.552     0.853   0.817     0.105      0.230     0.00552  -1	   0.1294097     0.0377929
     D1NSN-a33d      0.029     0.029       0.104     0.608      0.035     0.722      0.637     0.697      0.502     0.858    0.527     0.838   0.725     0.125      0.206     0.00582  -1	   0.0020174    -0.0223430
     D1NSN-a34a      0.028     0.031       0.110     0.657     -0.053     0.709      0.602     0.677      0.872     0.864    0.531     0.842   0.812     0.110      0.257     0.00564  -1	   0.0558184     0.0171914
     D1NSN-a34b      0.029     0.031       0.106     0.535      0.074     0.717      0.621     0.675      0.286     0.862    0.523     0.843   0.682     0.119      0.218     0.00581  -1	  -0.0086197    -0.0435290
     D1NSN-a34c      0.030     0.030       0.104     0.554      0.141     0.721      0.612     0.663      0.382     0.851    0.525     0.832   0.753     0.128      0.201     0.00577  -1	   0.0060720    -0.0206601
     D1NSN-a34d      0.033     0.036       0.124     0.541      0.279     0.706      0.590     0.655      0.589     0.883    0.554     0.854   0.737     0.109      0.133     0.00549  -1	   0.0631458     0.0318156
     D1NSN-a35a      0.028     0.037       0.146     0.653      0.051     0.713      0.593     0.683      0.802     0.867    0.530     0.846   0.817     0.100      0.326     0.00705  -1	   0.1007242     0.0247536
     D1NSN-a35b      0.022     0.051       0.187     0.651      0.291     0.733      0.514     0.561      0.311     0.892    0.554     0.864   0.892     0.077      0.201     0.01184  -1	   0.1778200     0.0759987
     D1NSN-a35d      0.035     0.035       0.122     0.451      0.032     0.719      0.601     0.653      0.937     0.865    0.537     0.840   0.582     0.110      0.093     0.00546  -1	   0.0698856     0.0090845
     D1NSN-a36a      0.032     0.044       0.144     0.597     -0.157     0.722      0.572     0.645      0.443     0.873    0.533     0.851   0.684     0.106      0.184     0.00515  -1	   0.0165202    -0.0149417
     D1NSN-a36b      0.031     0.034       0.117     0.555      0.083     0.699      0.583     0.656      0.919     0.855    0.530     0.833   0.744     0.115      0.297     0.00724  -1	   0.0865161     0.0363202
     D1NSN-a36c      0.032     0.045       0.144     0.654     -0.152     0.716      0.609     0.700      0.887     0.869    0.543     0.843   0.757     0.105      0.188     0.00520  -1	   0.0723906     0.0072248
     D1NSN-a36d      0.031     0.037       0.122     0.558      0.157     0.712      0.577     0.664      0.317     0.854    0.524     0.835   0.721     0.111      0.255     0.00674  -1	   0.0597440    -0.0276579
     D1NSN-a37a      0.029     0.061       0.200     0.542      0.033     0.699      0.552     0.585      0.070     0.884    0.566     0.849   0.434     0.076      0.133     0.01018  -1	   0.0059445    -0.0659175
     D1NSN-a37b      0.030     0.059       0.191     0.560     -0.046     0.708      0.546     0.647      0.431     0.864    0.554     0.832   0.554     0.089      0.196     0.01106  -1	   0.0334341    -0.0328105
     D1NSN-a37c      0.035     0.038       0.137     0.505      0.428     0.727      0.541     0.563      0.225     0.839    0.527     0.818   0.743     0.093      0.409     0.00997  -1	   0.3018819     0.1589533
     D1NSN-a37d      0.035     0.048       0.162     0.592      0.465     0.713      0.504     0.507      0.110     0.812    0.518     0.796   0.818     0.094      0.355     0.01033  -1	   0.4041389     0.2128895
     D1NSN-a38a      0.031     0.063       0.209     0.601     -0.058     0.675      0.550     0.691      0.218     0.857    0.542     0.830   0.680     0.069      0.247     0.01220  -1	   0.1080719    -0.0704490
     D1NSN-a38b      0.032     0.058       0.189     0.501      0.040     0.706      0.517     0.501      0.159     0.871    0.559     0.837   0.434     0.084      0.073     0.01039  -1	  -0.0477543    -0.0322398
     D1NSN-a38c      0.028     0.041       0.162     0.585      0.133     0.693      0.602     0.629      0.583     0.868    0.521     0.851   0.753     0.089      0.210     0.00737  -1	   0.0598634     0.0210342
     D1NSN-a38d      0.032     0.043       0.158     0.548      0.154     0.701      0.569     0.555      0.403     0.882    0.538     0.858   0.659     0.083      0.106     0.00833  -1	  -0.0026110     0.0193026
     D1NSN-a39a      0.027     0.042       0.137     0.519      0.301     0.713      0.535     0.567      0.128     0.865    0.528     0.844   0.737     0.099      0.247     0.00630  -1	   0.1173630     0.0301439
     D1NSN-a39b      0.031     0.042       0.155     0.633      0.202     0.709      0.569     0.563      0.703     0.866    0.505     0.855   0.784     0.082      0.196     0.00709  -1	   0.1245366     0.0787432
     D1NSN-a39c      0.034     0.036       0.128     0.685     -0.553     0.705      0.588     0.664      0.985     0.865    0.552     0.834   0.663     0.111      0.389     0.00651  -1	   0.1658690     0.1361524
     D1NSN-a39d      0.033     0.045       0.160     0.624      0.159     0.707      0.563     0.549      0.564     0.855    0.520     0.838   0.739     0.088      0.210     0.00721  -1	   0.0951560     0.0558839
      D1NSN-a3a      0.024     0.047       0.155     0.589      0.092     0.718      0.532     0.521      0.291     0.878    0.500     0.869   0.744     0.092      0.168     0.00337  -1	   0.0291583     0.0186907
      D1NSN-a3b      0.029     0.038       0.128     0.585      0.017     0.718      0.544     0.594      0.178     0.849    0.534     0.826   0.708     0.125      0.278     0.00343  -1	   0.0797659    -0.0056696
      D1NSN-a3c      0.027     0.025       0.099     0.599     -0.197     0.707      0.632     0.681      0.483     0.849    0.508     0.837   0.684     0.158      0.210     0.00334  -1	   0.0063361    -0.0003754
      D1NSN-a3d      0.032     0.030       0.115     0.667      0.150     0.715      0.603     0.666      0.962     0.874    0.545     0.847   0.794     0.126      0.152     0.00378  -1	   0.1127623     0.0382736
     D1NSN-a40a      0.033     0.037       0.131     0.614      0.217     0.705      0.562     0.573      0.347     0.812    0.526     0.792   0.784     0.099      0.557     0.00726  -1	   0.2995886     0.0741673
     D1NSN-a40b      0.034     0.037       0.149     0.522      0.126     0.696      0.601     0.618      0.637     0.841    0.517     0.825   0.692     0.094      0.217     0.00733  -1	   0.0444539     0.0234002
     D1NSN-a40c      0.037     0.022       0.083     0.574      0.111     0.722      0.638     0.643      0.804     0.804    0.532     0.780   0.753     0.133      0.132     0.00960  -1	   0.0177334     0.0094153
     D1NSN-a40d      0.031     0.040       0.146     0.560      0.121     0.699      0.612     0.630      0.698     0.849    0.513     0.835   0.753     0.096      0.224     0.00709  -1	   0.0690673     0.0176695
     D1NSN-a41a      0.034     0.039       0.137     0.571     -0.042     0.702      0.589     0.673      0.569     0.793    0.513     0.780   0.778     0.109      0.205     0.00663  -1	   0.0220001    -0.0243681
     D1NSN-a41b      0.031     0.037       0.128     0.493      0.284     0.702      0.589     0.629      0.345     0.809    0.567     0.765   0.672     0.105      0.411     0.00712  -1	   0.1726147     0.0436880
     D1NSN-a41c      0.030     0.040       0.126     0.588      0.196     0.710      0.572     0.600      0.890     0.823    0.552     0.789   0.721     0.104      0.487     0.00734  -1	   0.1778933     0.0777448
     D1NSN-a41d      0.034     0.032       0.117     0.590     -0.051     0.718      0.593     0.655      0.237     0.861    0.530     0.840   0.738     0.116      0.147     0.00570  -1	  -0.0149158    -0.0296619
     D1NSN-a42a      0.034     0.030       0.115     0.576      0.070     0.716      0.632     0.688      0.947     0.847    0.512     0.833   0.744     0.110      0.174     0.00763  -1	   0.0823636     0.0099804
     D1NSN-a42b      0.033     0.040       0.131     0.599      0.112     0.707      0.609     0.589      0.463     0.865    0.519     0.848   0.753     0.102      0.185     0.00560  -1	   0.0402840     0.0194947
     D1NSN-a42c      0.030     0.041       0.131     0.684     -0.012     0.712      0.610     0.559      0.545     0.869    0.541     0.844   0.852     0.106      0.136     0.00539  -1	   0.0260114     0.0269312
     D1NSN-a42d      0.029     0.037       0.128     0.572      0.384     0.710      0.593     0.631      0.285     0.816    0.544     0.786   0.830     0.115      0.598     0.00715  -1	   0.4250747     0.1060638
     D1NSN-a43a      0.036     0.028       0.108     0.656     -0.009     0.686      0.627     0.641      0.784     0.867    0.519     0.851   0.852     0.116      0.211     0.00886  -1	   0.0469263     0.0214602
     D1NSN-a43b      0.035     0.029       0.099     0.606      0.074     0.702      0.608     0.643      0.479     0.860    0.512     0.846   0.761     0.141      0.195     0.00970  -1	   0.0152394     0.0000714
     D1NSN-a43c      0.024     0.041       0.126     0.471     -0.193     0.698      0.613     0.626      0.880     0.878    0.530     0.857   0.558     0.110      0.359     0.00563  -1	   0.0519391     0.0358155
     D1NSN-a43d      0.030     0.037       0.122     0.549     -0.238     0.695      0.611     0.637      0.951     0.850    0.523     0.831   0.639     0.104      0.159     0.00782  -1	   0.0709511     0.0276615
     D1NSN-a44a      0.027     0.038       0.119     0.435     -0.176     0.705      0.608     0.614      0.840     0.858    0.498     0.851   0.462     0.114      0.335     0.00564  -1	   0.0266710     0.0254182
     D1NSN-a44b      0.038     0.059       0.194     0.509      0.270     0.685      0.584     0.553      0.671     0.859    0.517     0.843   0.546     0.066      0.368     0.00993  -1	   0.2220214     0.0726966
     D1NSN-a44c      0.035     0.065       0.216     0.541      0.246     0.692      0.531     0.500      0.189     0.859    0.524     0.840   0.508     0.064      0.345     0.01004  -1	   0.2394963     0.0441257
     D1NSN-a44d      0.036     0.063       0.191     0.519      0.286     0.688      0.554     0.527      0.150     0.840    0.520     0.823   0.546     0.065      0.447     0.01003  -1	   0.3213003     0.0512016
     D1NSN-a45a      0.036     0.046       0.151     0.588     -0.366     0.687      0.533     0.502      0.146     0.837    0.525     0.818   0.626     0.089      0.187     0.00809  -1	   0.1237659     0.1249327
     D1NSN-a45b      0.032     0.058       0.189     0.517      0.088     0.708      0.512     0.444      0.482     0.844    0.526     0.825   0.459     0.074      0.189     0.00920  -1	   0.0449901     0.0407980
     D1NSN-a45c      0.034     0.062       0.185     0.542      0.054     0.695      0.560     0.556      0.009     0.837    0.510     0.824   0.459     0.072      0.256     0.00819  -1	   0.1259206    -0.0288658
     D1NSN-a45d      0.037     0.062       0.187     0.520      0.290     0.681      0.562     0.538      0.256     0.853    0.531     0.831   0.546     0.067      0.375     0.00994  -1	   0.2471600     0.0472001
     D1NSN-a46a      0.035     0.047       0.169     0.632     -0.015     0.721      0.570     0.586      0.359     0.855    0.541     0.828   0.796     0.084      0.328     0.00665  -1	   0.1267423     0.0041310
     D1NSN-a46b      0.033     0.052       0.185     0.636      0.088     0.710      0.542     0.500      0.533     0.851    0.501     0.843   0.738     0.089      0.205     0.00633  -1	   0.0921601     0.0509424
     D1NSN-a46c      0.034     0.064       0.200     0.600      0.086     0.706      0.519     0.468      0.072     0.869    0.556     0.836   0.738     0.065      0.265     0.00866  -1	   0.1815957     0.0518042
     D1NSN-a46d      0.032     0.050       0.160     0.583     -0.222     0.691      0.541     0.547      0.919     0.859    0.536     0.834   0.700     0.080      0.132     0.00836  -1	   0.0854878     0.0606821
     D1NSN-a47a      0.029     0.050       0.182     0.556      0.172     0.716      0.593     0.603      0.708     0.868    0.509     0.855   0.721     0.069      0.184     0.00589  -1	   0.1184512     0.0493739
     D1NSN-a47b      0.031     0.065       0.209     0.519      0.028     0.686      0.528     0.483      0.862     0.879    0.577     0.839   0.434     0.068      0.289     0.00856  -1	   0.1233533     0.0369264
     D1NSN-a47c      0.033     0.052       0.187     0.612      0.035     0.721      0.540     0.511      0.954     0.876    0.565     0.840   0.713     0.087      0.190     0.00643  -1	   0.1347747     0.0680303
     D1NSN-a47d      0.028     0.049       0.185     0.576      0.199     0.722      0.577     0.567      0.520     0.858    0.516     0.843   0.721     0.075      0.159     0.00585  -1	   0.0885225     0.0543772
     D1NSN-a48a      0.028     0.049       0.182     0.577      0.221     0.724      0.572     0.547      0.669     0.855    0.516     0.839   0.767     0.074      0.175     0.00585  -1	   0.1339101     0.0867378
     D1NSN-a48b      0.029     0.036       0.133     0.649     -0.151     0.701      0.645     0.688      0.700     0.863    0.532     0.841   0.701     0.103      0.116     0.00477  -1	   0.0056594    -0.0034716
     D1NSN-a48c      0.035     0.029       0.104     0.741      0.299     0.721      0.586     0.594      0.232     0.858    0.555     0.825   0.896     0.115      0.414     0.00669  -1	   0.3413733     0.1661630
     D1NSN-a48d      0.031     0.053       0.187     0.671      0.106     0.730      0.509     0.421      0.298     0.856    0.517     0.840   0.780     0.084      0.174     0.00651  -1	   0.0982877     0.1024065
     D1NSN-a49a      0.027     0.055       0.187     0.627      0.141     0.710      0.551     0.513      0.612     0.876    0.526     0.857   0.713     0.062      0.206     0.00593  -1	   0.1141166     0.0603378
     D1NSN-a49b      0.029     0.052       0.176     0.652     -0.165     0.703      0.519     0.502      0.410     0.862    0.533     0.839   0.730     0.082      0.421     0.00696  -1	   0.1631044     0.0435297
     D1NSN-a49c      0.026     0.056       0.185     0.679     -0.092     0.700      0.529     0.540      0.464     0.887    0.544     0.862   0.747     0.077      0.393     0.00701  -1	   0.1554660     0.0072046
     D1NSN-a49d      0.029     0.057       0.187     0.706     -0.245     0.704      0.514     0.524      0.665     0.904    0.547     0.880   0.691     0.079      0.387     0.00704  -1	   0.1291030     0.0359622
      D1NSN-a4a      0.034     0.024       0.086     0.538      0.210     0.718      0.650     0.684      0.816     0.853    0.501     0.843   0.705     0.157      0.201     0.00336  -1	   0.0650970     0.0082100
      D1NSN-a4b      0.029     0.029       0.108     0.713     -0.206     0.706      0.630     0.664      0.661     0.875    0.555     0.844   0.798     0.144      0.116     0.00349  -1	   0.0132137     0.0163868
      D1NSN-a4c      0.030     0.029       0.104     0.717     -0.081     0.716      0.609     0.626      0.493     0.858    0.521     0.841   0.836     0.137      0.252     0.00347  -1	   0.0566854     0.0171031
      D1NSN-a4d      0.028     0.030       0.106     0.760     -0.090     0.718      0.593     0.609      0.688     0.873    0.555     0.842   0.815     0.131      0.252     0.00348  -1	   0.0536702     0.0283940
     D1NSN-a50a      0.030     0.042       0.153     0.497      0.305     0.712      0.573     0.654      0.505     0.871    0.542     0.846   0.672     0.092      0.200     0.01118  -1	   0.0982632     0.0411955
     D1NSN-a50b      0.030     0.044       0.162     0.565      0.430     0.696      0.529     0.614      0.480     0.865    0.547     0.837   0.804     0.088      0.240     0.01135  -1	   0.2292864     0.1316248
     D1NSN-a50c      0.031     0.043       0.160     0.588      0.244     0.714      0.557     0.640      0.901     0.878    0.536     0.855   0.767     0.083      0.187     0.01111  -1	   0.1861224     0.0934056
     D1NSN-a50d      0.031     0.043       0.167     0.588     -0.083     0.708      0.559     0.659      0.182     0.869    0.515     0.855   0.738     0.089      0.203     0.01095  -1	   0.0373879    -0.0493469
     D1NSN-a51a      0.029     0.046       0.155     0.490      0.238     0.709      0.539     0.604      0.727     0.814    0.505     0.805   0.641     0.092      0.190     0.01189  -1	   0.1090182     0.0537136
     D1NSN-a51b      0.031     0.045       0.162     0.531      0.108     0.699      0.587     0.668      0.881     0.869    0.555     0.837   0.692     0.083      0.189     0.01108  -1	   0.1039575     0.0325418
     D1NSN-a51c      0.026     0.049       0.158     0.508      0.241     0.711      0.520     0.581      0.894     0.880    0.624     0.818   0.705     0.089      0.173     0.01172  -1	   0.1632715     0.1090779
     D1NSN-a51d      0.031     0.045       0.160     0.494      0.190     0.697      0.582     0.660      0.526     0.851    0.528     0.831   0.595     0.084      0.176     0.01110  -1	   0.0406296    -0.0033872
     D1NSN-a52a      0.019     0.047       0.178     0.553      0.314     0.706      0.524     0.615      0.996     0.892    0.549     0.866   0.798     0.076      0.199     0.01128  -1	   0.2598091     0.1505919
     D1NSN-a52b      0.023     0.050       0.185     0.636      0.301     0.726      0.500     0.532      0.970     0.903    0.595     0.861   0.816     0.078      0.190     0.01167  -1	   0.2727813     0.1828482
     D1NSN-a52c      0.032     0.042       0.155     0.557     -0.277     0.712      0.563     0.644      0.248     0.871    0.535     0.848   0.653     0.101      0.214     0.00892  -1	   0.0471459    -0.0002096
     D1NSN-a52d      0.027     0.037       0.137     0.632      0.236     0.704      0.575     0.668      0.861     0.858    0.531     0.836   0.784     0.102      0.100     0.01244  -1	   0.1223824     0.0480252
     D1NSN-a53a      0.029     0.048       0.167     0.669      0.235     0.713      0.540     0.632      0.607     0.861    0.536     0.836   0.840     0.074      0.147     0.01230  -1	   0.1321833     0.0553585
     D1NSN-a53b      0.030     0.043       0.146     0.670      0.267     0.711      0.550     0.596      0.618     0.850    0.527     0.830   0.872     0.090      0.180     0.01229  -1	   0.1446324     0.0749086
     D1NSN-a53c      0.029     0.057       0.196     0.608      0.023     0.695      0.545     0.555      0.972     0.888    0.593     0.842   0.713     0.076      0.145     0.01038  -1	   0.1280741     0.0422537
     D1NSN-a53d      0.033     0.041       0.151     0.491     -0.094     0.699      0.549     0.620      0.237     0.860    0.530     0.838   0.612     0.093      0.228     0.00901  -1	   0.0024258    -0.0210774
     D1NSN-a54a      0.035     0.040       0.149     0.649      0.244     0.708      0.552     0.571      0.096     0.858    0.542     0.831   0.784     0.088      0.274     0.01267  -1	   0.2067892     0.0774484
     D1NSN-a54b      0.032     0.054       0.189     0.617      0.100     0.710      0.490     0.489      0.250     0.865    0.527     0.845   0.713     0.083      0.323     0.01056  -1	   0.1706186     0.0518693
     D1NSN-a54c      0.033     0.068       0.212     0.631      0.200     0.706      0.438     0.440      0.210     0.859    0.540     0.833   0.787     0.077      0.281     0.01160  -1	   0.2408314     0.0776384
     D1NSN-a54d      0.035     0.057       0.203     0.593      0.104     0.700      0.536     0.579      0.973     0.859    0.527     0.839   0.587     0.063      0.187     0.01185  -1	   0.1745301     0.0579557
     D1NSN-a55a      0.036     0.041       0.144     0.582      0.168     0.692      0.559     0.581      0.176     0.873    0.553     0.843   0.721     0.080      0.177     0.01307  -1	   0.0508623     0.0094114
     D1NSN-a55b      0.031     0.059       0.209     0.565     -0.082     0.681      0.548     0.682      0.038     0.848    0.522     0.829   0.554     0.072      0.233     0.01195  -1	   0.1016034    -0.0756675
     D1NSN-a55c      0.031     0.043       0.158     0.461      0.486     0.713      0.561     0.617      0.506     0.814    0.498     0.808   0.692     0.088      0.300     0.01429  -1	   0.2636072     0.1536553
     D1NSN-a55d      0.031     0.046       0.162     0.639      0.300     0.685      0.596     0.572      0.378     0.846    0.520     0.829   0.816     0.080      0.171     0.02037  -1	   0.1361641     0.0938818
     D1NSN-a56a      0.040     0.031       0.099     0.631      0.394     0.701      0.620     0.609      0.740     0.794    0.517     0.779   0.848     0.132      0.254     0.01140  -1	   0.1899787     0.1155303
     D1NSN-a56b      0.033     0.050       0.185     0.543      0.278     0.709      0.538     0.552      0.927     0.889    0.568     0.854   0.737     0.082      0.167     0.00972  -1	   0.2294107     0.1349118
     D1NSN-a56c      0.040     0.032       0.099     0.600      0.429     0.707      0.596     0.570      0.265     0.809    0.529     0.787   0.822     0.136      0.277     0.01145  -1	   0.2236136     0.1733727
     D1NSN-a56d      0.039     0.026       0.101     0.605      0.220     0.705      0.641     0.645      0.927     0.859    0.519     0.842   0.784     0.144      0.131     0.01369  -1	   0.1132422     0.0344695
     D1NSN-a57a      0.040     0.026       0.099     0.649      0.204     0.718      0.647     0.669      0.402     0.870    0.555     0.839   0.784     0.143      0.119     0.01369  -1	   0.0252541     0.0414892
     D1NSN-a57b      0.036     0.028       0.095     0.659      0.512     0.730      0.603     0.604      0.346     0.830    0.534     0.806   0.896     0.148      0.170     0.01076  -1	   0.2351658     0.2241515
     D1NSN-a57c      0.037     0.038       0.133     0.638      0.089     0.701      0.640     0.645      0.487     0.848    0.541     0.821   0.761     0.105      0.214     0.01732  -1	   0.0588289     0.0145790
     D1NSN-a57d      0.037     0.032       0.126     0.653     -0.015     0.706      0.616     0.591      0.479     0.851    0.530     0.830   0.852     0.115      0.114     0.01662  -1	  -0.0012152     0.0257751
     D1NSN-a58a      0.032     0.023       0.081     0.633     -0.075     0.708      0.626     0.649      0.991     0.883    0.555     0.853   0.756     0.154      0.083     0.00962  -1	   0.0507075     0.0061203
     D1NSN-a58b      0.037     0.022       0.086     0.559      0.066     0.722      0.640     0.644      0.762     0.797    0.524     0.778   0.744     0.136      0.140     0.00937  -1	  -0.0010073     0.0015313
     D1NSN-a58c      0.029     0.040       0.128     0.613      0.171     0.709      0.558     0.586      0.465     0.797    0.533     0.773   0.739     0.105      0.479     0.00728  -1	   0.1981106     0.0419479
     D1NSN-a58d      0.031     0.026       0.095     0.629      0.002     0.711      0.615     0.623      0.702     0.850    0.526     0.831   0.725     0.130      0.534     0.00812  -1	   0.1080340     0.0261692
     D1NSN-a59a      0.035     0.028       0.106     0.596     -0.070     0.713      0.586     0.614      0.985     0.816    0.539     0.789   0.738     0.135      0.128     0.00837  -1	   0.0527631     0.0265858
     D1NSN-a59b      0.032     0.033       0.115     0.674      0.080     0.704      0.601     0.650      0.900     0.826    0.517     0.810   0.817     0.108      0.292     0.00688  -1	   0.0941548     0.0230747
     D1NSN-a59c      0.034     0.035       0.117     0.548     -0.038     0.700      0.649     0.669      0.742     0.859    0.496     0.852   0.717     0.127      0.188     0.01017  -1	   0.0309613    -0.0119542
     D1NSN-a59d      0.036     0.029       0.097     0.597      0.006     0.707      0.638     0.681      0.457     0.863    0.524     0.844   0.708     0.129      0.195     0.00965  -1	   0.0001865    -0.0179467
      D1NSN-a5a      0.029     0.029       0.097     0.676     -0.277     0.709      0.653     0.693      0.726     0.861    0.514     0.846   0.726     0.168      0.116     0.00344  -1	   0.0409032     0.0204138
      D1NSN-a5b      0.025     0.029       0.097     0.635      0.060     0.721      0.654     0.684      0.728     0.866    0.525     0.847   0.761     0.142      0.310     0.00317  -1	   0.0560135    -0.0031344
      D1NSN-a5c      0.024     0.031       0.095     0.644      0.121     0.716      0.621     0.645      0.904     0.881    0.533     0.860   0.771     0.155      0.273     0.00317  -1	   0.0897743     0.0159305
      D1NSN-a5d      0.026     0.027       0.092     0.551      0.102     0.724      0.627     0.610      0.823     0.878    0.521     0.860   0.753     0.133      0.703     0.00324  -1	   0.1646983     0.0704809
     D1NSN-a60a      0.035     0.028       0.097     0.562      0.128     0.715      0.625     0.669      0.242     0.853    0.500     0.845   0.753     0.138      0.189     0.00951  -1	   0.0081223    -0.0250598
     D1NSN-a60b      0.034     0.029       0.101     0.661      0.086     0.702      0.620     0.613      0.546     0.857    0.530     0.835   0.817     0.119      0.259     0.00886  -1	   0.0600816     0.0342597
     D1NSN-a60c      0.036     0.029       0.101     0.586      0.041     0.696      0.613     0.653      0.666     0.825    0.525     0.805   0.708     0.121      0.204     0.00958  -1	   0.0118567    -0.0012770
     D1NSN-a60d      0.033     0.039       0.135     0.640      0.168     0.696      0.573     0.542      0.554     0.856    0.523     0.837   0.739     0.102      0.297     0.01109  -1	   0.1157411     0.0698733
     D1NSN-a61a      0.034     0.037       0.128     0.616      0.113     0.698      0.595     0.567      0.329     0.851    0.530     0.829   0.771     0.099      0.311     0.01111  -1	   0.1111137     0.0474224
     D1NSN-a61b      0.035     0.053       0.178     0.460      0.277     0.693      0.584     0.574      0.281     0.837    0.519     0.820   0.428     0.074      0.344     0.00964  -1	   0.1546831     0.0159490
     D1NSN-a61c      0.030     0.050       0.178     0.553     -0.206     0.695      0.574     0.583      0.795     0.844    0.517     0.829   0.700     0.071      0.279     0.00848  -1	   0.0693087     0.0371974
     D1NSN-a61d      0.028     0.067       0.221     0.527      0.018     0.707      0.543     0.543      0.021     0.864    0.537     0.840   0.434     0.063      0.311     0.00842  -1	   0.1490904    -0.0426170
     D1NSN-a62a      0.030     0.056       0.187     0.614     -0.093     0.691      0.545     0.529      0.023     0.852    0.514     0.837   0.680     0.073      0.228     0.00810  -1	   0.1265125     0.0196261
     D1NSN-a62b      0.038     0.060       0.196     0.600      0.158     0.698      0.554     0.547      0.351     0.852    0.559     0.816   0.778     0.074      0.272     0.00863  -1	   0.1690557     0.0365831
     D1NSN-a62c      0.038     0.062       0.189     0.540      0.204     0.684      0.561     0.547      0.365     0.862    0.530     0.841   0.508     0.069      0.436     0.00987  -1	   0.2352771     0.0211619
     D1NSN-a62d      0.034     0.055       0.187     0.574      0.056     0.699      0.482     0.424      0.698     0.871    0.552     0.840   0.612     0.073      0.207     0.00829  -1	   0.0831195     0.0954615
     D1NSN-a63a      0.031     0.046       0.158     0.521     -0.359     0.693      0.574     0.564      0.868     0.834    0.514     0.819   0.564     0.095      0.186     0.00868  -1	   0.0864145     0.0661598
     D1NSN-a63b      0.031     0.062       0.205     0.539      0.132     0.693      0.491     0.455      0.748     0.868    0.587     0.820   0.434     0.066      0.320     0.00838  -1	   0.1523184     0.0804416
     D1NSN-a63c      0.035     0.072       0.227     0.647      0.095     0.690      0.477     0.463      0.044     0.838    0.556     0.802   0.738     0.069      0.320     0.00870  -1	   0.2963090     0.0529228
     D1NSN-a63d      0.035     0.059       0.198     0.650      0.178     0.711      0.505     0.423      0.353     0.893    0.548     0.867   0.845     0.075      0.340     0.00876  -1	   0.2379278     0.1305508
     D1NSN-a64a      0.036     0.032       0.106     0.697      0.202     0.707      0.596     0.620      0.675     0.873    0.565     0.837   0.840     0.123      0.421     0.00666  -1	   0.1916250     0.0777338
     D1NSN-a64b      0.036     0.032       0.106     0.652      0.267     0.710      0.589     0.608      0.222     0.874    0.558     0.841   0.872     0.125      0.355     0.00671  -1	   0.2304450     0.0872346
     D1NSN-a64c      0.031     0.053       0.169     0.606      0.087     0.695      0.497     0.455      0.006     0.849    0.548     0.819   0.738     0.090      0.377     0.00810  -1	   0.2721727     0.1093680
     D1NSN-a64d      0.036     0.036       0.117     0.619      0.072     0.717      0.622     0.697      0.498     0.856    0.535     0.831   0.761     0.101      0.217     0.00743  -1	   0.0451319    -0.0168523
     D1NSN-a65a      0.033     0.059       0.180     0.509     -0.188     0.696      0.522     0.540      0.866     0.854    0.550     0.823   0.384     0.076      0.192     0.00826  -1	   0.0614343     0.0364868
     D1NSN-a65b      0.031     0.051       0.173     0.681      0.085     0.724      0.569     0.559      0.646     0.873    0.555     0.842   0.805     0.085      0.177     0.00629  -1	   0.0947581     0.0398156
     D1NSN-a65c      0.036     0.023       0.068     0.563     -0.054     0.714      0.660     0.734      0.834     0.850    0.520     0.834   0.738     0.161      0.129     0.00748  -1	   0.0136198    -0.0243612
     D1NSN-a65d      0.035     0.031       0.101     0.709      0.266     0.717      0.584     0.593      0.174     0.860    0.545     0.832   0.896     0.120      0.418     0.00662  -1	   0.3261052     0.1278988
     D1NSN-a66a      0.028     0.048       0.158     0.502      0.177     0.696      0.589     0.670      0.189     0.867    0.528     0.847   0.659     0.088      0.170     0.01128  -1	   0.0188520    -0.0691533
     D1NSN-a66b      0.036     0.033       0.124     0.562     -0.134     0.714      0.644     0.693      0.510     0.851    0.531     0.829   0.714     0.120      0.075     0.01119  -1	  -0.0341332    -0.0209961
     D1NSN-a66c      0.035     0.032       0.117     0.535     -0.088     0.714      0.631     0.682      0.163     0.853    0.531     0.831   0.677     0.121      0.048     0.01096  -1	  -0.0771359    -0.0484518
     D1NSN-a66d      0.036     0.032       0.122     0.615     -0.073     0.719      0.645     0.688      0.225     0.846    0.528     0.825   0.756     0.121      0.083     0.01119  -1	  -0.0295988    -0.0224873
     D1NSN-a67a      0.030     0.040       0.158     0.580      0.101     0.713      0.610     0.676      0.521     0.857    0.525     0.838   0.753     0.102      0.192     0.01201  -1	   0.0390871    -0.0051718
     D1NSN-a67b      0.029     0.050       0.162     0.623     -0.204     0.702      0.610     0.771      0.395     0.855    0.541     0.829   0.718     0.096      0.183     0.01110  -1	   0.0418577    -0.0423589
     D1NSN-a67c      0.029     0.040       0.155     0.612      0.084     0.709      0.596     0.658      0.465     0.863    0.533     0.840   0.761     0.096      0.158     0.01224  -1	   0.0225039    -0.0068332
     D1NSN-a67d      0.026     0.046       0.158     0.649     -0.004     0.710      0.587     0.629      0.177     0.844    0.513     0.830   0.796     0.092      0.414     0.01309  -1	   0.2237367    -0.0281097
     D1NSN-a68a      0.029     0.041       0.160     0.601      0.111     0.706      0.604     0.675      0.566     0.888    0.591     0.843   0.771     0.095      0.185     0.01217  -1	   0.0451987     0.0070089
     D1NSN-a68b      0.031     0.047       0.155     0.491      0.171     0.698      0.593     0.676      0.681     0.872    0.560     0.838   0.595     0.088      0.167     0.01116  -1	   0.0614434     0.0044469
     D1NSN-a68c      0.031     0.047       0.158     0.524      0.163     0.690      0.572     0.650      0.817     0.868    0.552     0.838   0.659     0.090      0.170     0.01107  -1	   0.0999517     0.0281058
     D1NSN-a68d      0.024     0.050       0.185     0.638      0.366     0.728      0.504     0.563      0.117     0.882    0.531     0.861   0.848     0.076      0.189     0.01158  -1	   0.2209882     0.0820445
     D1NSN-a69a      0.023     0.055       0.191     0.656      0.289     0.718      0.503     0.558      0.820     0.916    0.590     0.879   0.892     0.077      0.172     0.01204  -1	   0.2293385     0.1369283
     D1NSN-a69b      0.024     0.036       0.117     0.578      0.054     0.728      0.594     0.620      0.677     0.842    0.527     0.821   0.744     0.112      0.660     0.01204  -1	   0.1821508     0.0276604
     D1NSN-a69c      0.025     0.051       0.180     0.607      0.501     0.731      0.507     0.549      0.104     0.869    0.540     0.844   0.842     0.077      0.185     0.01176  -1	   0.3102600     0.1716199
     D1NSN-a69d      0.022     0.050       0.187     0.630      0.296     0.735      0.495     0.533      0.151     0.899    0.561     0.869   0.816     0.077      0.190     0.01166  -1	   0.1630965     0.0667553
      D1NSN-a6a      0.024     0.030       0.101     0.638      0.140     0.724      0.640     0.660      0.845     0.882    0.519     0.866   0.771     0.131      0.348     0.00320  -1	   0.1091361     0.0289033
      D1NSN-a6b      0.030     0.023       0.070     0.582      0.011     0.716      0.629     0.668      0.614     0.850    0.521     0.832   0.708     0.196      0.417     0.00327  -1	   0.0528818    -0.0023208
      D1NSN-a6c      0.031     0.038       0.137     0.640      0.103     0.717      0.550     0.424      0.999     0.843    0.557     0.807   0.771     0.112      0.148     0.00415  -1	   0.1177333     0.1088112
      D1NSN-a6d      0.029     0.022       0.072     0.697      0.342     0.732      0.597     0.576      0.756     0.856    0.516     0.841   0.872     0.182      0.465     0.00351  -1	   0.2317024     0.1551827
     D1NSN-a70a      0.028     0.033       0.126     0.579      0.172     0.740      0.583     0.631      0.949     0.870    0.557     0.837   0.721     0.105      0.193     0.01235  -1	   0.1278762     0.0681407
     D1NSN-a70c      0.030     0.037       0.113     0.676     -0.105     0.716      0.586     0.676      0.768     0.850    0.523     0.831   0.788     0.115      0.225     0.01178  -1	   0.0501526     0.0035201
     D1NSN-a70d      0.029     0.049       0.176     0.608      0.074     0.711      0.599     0.702      0.644     0.876    0.543     0.850   0.761     0.087      0.131     0.01178  -1	   0.0520658    -0.0008101
     D1NSN-a71a      0.035     0.034       0.126     0.568     -0.266     0.721      0.622     0.632      0.614     0.872    0.550     0.843   0.653     0.111      0.262     0.02993  -1	   0.0335204     0.0242844
     D1NSN-a71b      0.034     0.043       0.158     0.582      0.039     0.697      0.546     0.592      0.257     0.850    0.536     0.826   0.708     0.073      0.231     0.01329  -1	   0.0535286    -0.0067081
     D1NSN-a71c      0.036     0.038       0.144     0.555      0.192     0.707      0.599     0.624      0.247     0.840    0.520     0.822   0.721     0.082      0.182     0.01289  -1	   0.0462989     0.0066017
     D1NSN-a71d      0.033     0.030       0.095     0.608      0.003     0.723      0.599     0.599      0.861     0.857    0.531     0.835   0.725     0.134      0.207     0.02657  -1	   0.0457258     0.0254977
     D1NSN-a72a      0.033     0.035       0.128     0.556      0.020     0.706      0.608     0.581      0.544     0.861    0.526     0.841   0.708     0.094      0.083     0.01464  -1	  -0.0310278     0.0091390
     D1NSN-a72b      0.039     0.026       0.101     0.602      0.146     0.701      0.645     0.653      0.853     0.850    0.502     0.841   0.771     0.137      0.128     0.01367  -1	   0.0667248     0.0152557
     D1NSN-a72c      0.025     0.056       0.203     0.592      0.026     0.698      0.548     0.669      0.151     0.861    0.541     0.835   0.587     0.071      0.146     0.01271  -1	   0.0238809    -0.0667690
     D1NSN-a72d      0.030     0.046       0.153     0.650      0.172     0.728      0.547     0.486      0.102     0.851    0.531     0.829   0.794     0.084      0.185     0.05721  -1	   0.1186298     0.1018299
     D1NSN-a73a      0.038     0.032       0.122     0.673     -0.035     0.710      0.630     0.617      0.175     0.839    0.519     0.823   0.852     0.114      0.144     0.01762  -1	   0.0426973     0.0339775
     D1NSN-a73b      0.038     0.032       0.122     0.663     -0.061     0.703      0.629     0.609      0.131     0.849    0.531     0.826   0.812     0.110      0.114     0.01675  -1	   0.0253599     0.0423372
     D1NSN-a73c      0.038     0.033       0.126     0.669     -0.067     0.711      0.616     0.603      0.624     0.846    0.528     0.825   0.812     0.108      0.135     0.01691  -1	   0.0160881     0.0228457
     D1NSN-a73d      0.036     0.051       0.180     0.591      0.143     0.688      0.529     0.518      0.287     0.849    0.531     0.826   0.587     0.080      0.156     0.01098  -1	   0.0552319     0.0275007
     D1NSN-a74a      0.037     0.032       0.126     0.631     -0.035     0.704      0.611     0.588      0.585     0.844    0.523     0.826   0.796     0.108      0.135     0.01674  -1	   0.0036216     0.0244274
     D1NSN-a74b      0.041     0.029       0.106     0.591      0.450     0.690      0.646     0.643      0.541     0.853    0.512     0.840   0.818     0.127      0.376     0.01124  -1	   0.2622200     0.1660909
     D1NSN-a74c      0.031     0.035       0.135     0.572      0.136     0.702      0.581     0.588      0.541     0.862    0.524     0.843   0.753     0.109      0.469     0.00749  -1	   0.1505801     0.0485432
     D1NSN-a74d      0.039     0.026       0.104     0.678      0.275     0.701      0.632     0.637      0.788     0.845    0.526     0.825   0.872     0.127      0.139     0.01435  -1	   0.1141458     0.0788747
     D1NSN-a75a      0.037     0.035       0.140     0.649     -0.260     0.696      0.637     0.702      0.615     0.871    0.545     0.843   0.671     0.116      0.191     0.03353  -1	   0.0362263     0.0142022
     D1NSN-a75b      0.040     0.030       0.101     0.621      0.434     0.696      0.631     0.636      0.663     0.851    0.518     0.835   0.822     0.124      0.309     0.01131  -1	   0.2378849     0.1541517
     D1NSN-a75c      0.040     0.027       0.099     0.685      0.000     0.718      0.634     0.616      0.521     0.844    0.528     0.824   0.781     0.129      0.320     0.02172  -1	   0.0805894     0.0342197
     D1NSN-a75d      0.038     0.031       0.113     0.592     -0.135     0.699      0.644     0.637      0.781     0.865    0.545     0.837   0.714     0.114      0.075     0.01610  -1	   0.0142136     0.0082244
     D1NSN-a76a      0.035     0.028       0.097     0.635      0.009     0.705      0.627     0.662      0.598     0.875    0.516     0.859   0.725     0.125      0.207     0.00958  -1	   0.0184649     0.0030726
     D1NSN-a76b      0.034     0.029       0.104     0.730      0.118     0.711      0.620     0.647      0.506     0.812    0.520     0.795   0.851     0.141      0.213     0.01162  -1	   0.0701287     0.0308626
     D1NSN-a76c      0.037     0.031       0.110     0.692      0.071     0.713      0.632     0.711      0.725     0.872    0.513     0.858   0.817     0.126      0.093     0.01160  -1	   0.0416684     0.0100143
     D1NSN-a76d      0.036     0.039       0.131     0.542     -0.040     0.707      0.608     0.679      0.718     0.882    0.524     0.864   0.717     0.102      0.189     0.01317  -1	   0.0333050     0.0001581
     D1NSN-a77a      0.035     0.028       0.097     0.578     -0.044     0.713      0.645     0.691      0.717     0.848    0.520     0.831   0.778     0.127      0.233     0.00963  -1	   0.0212760    -0.0090906
     D1NSN-a77b      0.034     0.038       0.128     0.691     -0.097     0.710      0.608     0.706      0.727     0.795    0.528     0.774   0.812     0.116      0.125     0.00873  -1	   0.0252497    -0.0142874
     D1NSN-a77c      0.037     0.035       0.124     0.656      0.220     0.705      0.610     0.618      0.416     0.859    0.550     0.828   0.840     0.109      0.238     0.01177  -1	   0.1192427     0.0638927
     D1NSN-a77d      0.035     0.056       0.198     0.523     -0.176     0.715      0.525     0.452      0.130     0.850    0.527     0.830   0.384     0.079      0.211     0.01167  -1	   0.0317540     0.0393671
     D1NSN-a78a      0.038     0.031       0.128     0.657      0.182     0.733      0.572     0.469      0.220     0.869    0.511     0.856   0.794     0.080      0.362     0.01315  -1	   0.1996512     0.1855856
     D1NSN-a78b      0.033     0.037       0.119     0.558     -0.251     0.702      0.577     0.587      0.804     0.859    0.530     0.837   0.653     0.112      0.267     0.01351  -1	   0.0554356     0.0617426
     D1NSN-a78c      0.033     0.055       0.198     0.497     -0.294     0.716      0.549     0.495      0.172     0.849    0.542     0.823   0.118     0.074      0.255     0.01157  -1	   0.0243701     0.0098496
     D1NSN-a78d      0.036     0.033       0.115     0.568     -0.454     0.725      0.627     0.654      0.862     0.874    0.550     0.845   0.609     0.132      0.443     0.01852  -1	   0.1242603     0.1081834
     D1NSN-a79a      0.033     0.063       0.185     0.538      0.060     0.701      0.554     0.541      0.024     0.845    0.508     0.833   0.459     0.073      0.270     0.00822  -1	   0.1302786    -0.0261855
     D1NSN-a79b      0.033     0.050       0.162     0.626      0.131     0.703      0.501     0.450      0.170     0.852    0.511     0.839   0.771     0.084      0.307     0.00804  -1	   0.1810605     0.1035350
     D1NSN-a79c      0.030     0.061       0.214     0.546      0.011     0.690      0.500     0.462      0.045     0.862    0.559     0.827   0.434     0.067      0.325     0.00830  -1	   0.1562146     0.0239420
     D1NSN-a79d      0.030     0.040       0.133     0.535     -0.173     0.708      0.606     0.650      0.623     0.856    0.517     0.839   0.622     0.103      0.169     0.01274  -1	   0.0029618    -0.0034678
      D1NSN-a7a      0.032     0.042       0.133     0.640      0.197     0.717      0.539     0.452      0.481     0.882    0.560     0.850   0.739     0.115      0.116     0.00325  -1	   0.0531427     0.1020163
      D1NSN-a7b      0.029     0.024       0.074     0.616     -0.244     0.722      0.645     0.702      0.960     0.862    0.508     0.850   0.718     0.162      0.413     0.00331  -1	   0.0694409     0.0436954
      D1NSN-a7c      0.032     0.044       0.146     0.604      0.089     0.708      0.548     0.627      0.131     0.858    0.534     0.835   0.761     0.098      0.216     0.00399  -1	   0.0852917    -0.0373533
      D1NSN-a7d      0.032     0.043       0.146     0.615      0.106     0.719      0.545     0.615      0.127     0.860    0.526     0.841   0.771     0.104      0.223     0.00384  -1	   0.0980113    -0.0241512
     D1NSN-a80a      0.030     0.052       0.187     0.577     -0.038     0.691      0.534     0.500      0.079     0.867    0.536     0.843   0.554     0.075      0.217     0.00801  -1	   0.0627366     0.0175625
     D1NSN-a80b      0.027     0.040       0.137     0.502     -0.110     0.709      0.627     0.677      0.720     0.866    0.534     0.843   0.653     0.093      0.193     0.01189  -1	   0.0093369    -0.0105184
     D1NSN-a80c      0.034     0.054       0.187     0.542      0.049     0.689      0.529     0.491      0.120     0.845    0.511     0.832   0.434     0.082      0.260     0.00822  -1	   0.0832623     0.0101112
     D1NSN-a80d      0.032     0.032       0.117     0.609     -0.585     0.713      0.626     0.662      0.676     0.866    0.572     0.826   0.607     0.121      0.182     0.01224  -1	   0.1479009     0.1009703
     D1NSN-a81a      0.031     0.032       0.106     0.650     -0.093     0.717      0.629     0.675      0.248     0.853    0.548     0.823   0.812     0.131      0.335     0.01450  -1	   0.1277747    -0.0182982
     D1NSN-a81b      0.033     0.025       0.092     0.638      0.063     0.724      0.612     0.647      0.457     0.856    0.540     0.829   0.761     0.159      0.318     0.01438  -1	   0.0677424     0.0142727
     D1NSN-a81c      0.028     0.032       0.124     0.655      0.168     0.714      0.580     0.610      0.260     0.862    0.546     0.834   0.794     0.100      0.207     0.02868  -1	   0.0705113     0.0351104
     D1NSN-a81d      0.032     0.031       0.104     0.635     -0.006     0.725      0.597     0.616      0.633     0.860    0.550     0.830   0.796     0.138      0.328     0.01471  -1	   0.0632096     0.0201955
     D1NSN-a82a      0.030     0.035       0.128     0.645      0.029     0.726      0.644     0.699      0.671     0.846    0.524     0.827   0.725     0.105      0.244     0.01749  -1	   0.0484825    -0.0046402
     D1NSN-a82b      0.026     0.049       0.162     0.678      0.048     0.705      0.572     0.627      0.543     0.850    0.516     0.835   0.781     0.088      0.332     0.01305  -1	   0.1273222    -0.0049596
     D1NSN-a82c      0.031     0.032       0.110     0.707      0.098     0.729      0.598     0.617      0.271     0.860    0.549     0.831   0.841     0.130      0.325     0.01432  -1	   0.1608484     0.0410172
     D1NSN-a82d      0.030     0.035       0.135     0.609     -0.015     0.723      0.637     0.686      0.961     0.860    0.534     0.837   0.796     0.103      0.249     0.01737  -1	   0.0860339     0.0165407
     D1NSN-a83a      0.026     0.050       0.160     0.679      0.035     0.700      0.551     0.595      0.161     0.851    0.532     0.828   0.781     0.085      0.356     0.01298  -1	   0.2163374    -0.0073443
     D1NSN-a83b      0.029     0.035       0.128     0.705     -0.013     0.714      0.635     0.685      0.806     0.874    0.537     0.850   0.876     0.117      0.228     0.01721  -1	   0.0681645     0.0090510
     D1NSN-a83c      0.030     0.034       0.128     0.603     -0.011     0.727      0.626     0.670      0.801     0.859    0.527     0.839   0.796     0.105      0.244     0.01750  -1	   0.0529773     0.0084061
     D1NSN-a83d      0.031     0.039       0.153     0.610      0.101     0.720      0.584     0.642      0.201     0.861    0.534     0.838   0.771     0.097      0.154     0.01209  -1	   0.0276736    -0.0220694
     D1NSN-a84a      0.035     0.030       0.101     0.615      0.013     0.731      0.604     0.628      0.834     0.871    0.524     0.853   0.725     0.151      0.197     0.02318  -1	   0.0496779     0.0169297
     D1NSN-a84b      0.035     0.025       0.072     0.568     -0.167     0.711      0.634     0.671      0.834     0.874    0.532     0.852   0.684     0.177      0.169     0.02996  -1	   0.0299738     0.0123658
     D1NSN-a84c      0.033     0.034       0.122     0.623      0.105     0.709      0.583     0.591      0.771     0.862    0.528     0.842   0.771     0.118      0.151     0.04998  -1	   0.0559795     0.0349035
     D1NSN-a84d      0.031     0.039       0.151     0.600      0.077     0.709      0.600     0.653      0.397     0.853    0.516     0.838   0.761     0.089      0.279     0.01220  -1	   0.0742318    -0.0110788
     D1NSN-a85a      0.029     0.035       0.119     0.464      0.217     0.724      0.606     0.632      0.963     0.852    0.534     0.828   0.641     0.127      0.155     0.03280  -1	   0.1298208     0.0306438
     D1NSN-a85b      0.030     0.036       0.128     0.536     -0.161     0.716      0.590     0.626      0.926     0.833    0.548     0.801   0.622     0.112      0.279     0.01315  -1	   0.0464533     0.0371699
     D1NSN-a85c      0.036     0.035       0.113     0.715      0.136     0.716      0.580     0.659      0.571     0.866    0.517     0.850   0.851     0.117      0.449     0.01177  -1	   0.2047758     0.0264653
     D1NSN-a85d      0.034     0.032       0.113     0.534     -0.370     0.724      0.610     0.651      0.841     0.851    0.520     0.835   0.564     0.142      0.318     0.01393  -1	   0.0737114     0.0674406
     D1NSN-a86a      0.033     0.053       0.178     0.538      0.407     0.705      0.513     0.564      0.278     0.835    0.552     0.801   0.599     0.082      0.260     0.01393  -1	   0.2429442     0.1038305
     D1NSN-a86b      0.034     0.033       0.115     0.675      0.073     0.719      0.575     0.664      0.369     0.863    0.520     0.846   0.817     0.130      0.205     0.01171  -1	   0.0584152    -0.0083643
     D1NSN-a86c      0.035     0.053       0.182     0.519      0.182     0.699      0.526     0.523      0.569     0.862    0.556     0.828   0.499     0.080      0.111     0.01005  -1	   0.0563571     0.0375561
     D1NSN-a86d      0.031     0.033       0.108     0.521     -0.409     0.716      0.610     0.647      0.876     0.847    0.519     0.830   0.504     0.142      0.324     0.01397  -1	   0.0850487     0.0768029
     D1NSN-a87a      0.040     0.041       0.128     0.670     -0.137     0.723      0.570     0.463      0.611     0.857    0.516     0.842   0.788     0.101      0.232     0.04462  -1	   0.0638545     0.0844814
     D1NSN-a87b      0.028     0.042       0.140     0.632      0.268     0.715      0.570     0.532      0.316     0.865    0.517     0.849   0.816     0.107      0.225     0.09660  -1	   0.1376913     0.0987455
     D1NSN-a87c      0.029     0.042       0.146     0.647      0.223     0.711      0.591     0.547      0.968     0.870    0.530     0.849   0.784     0.094      0.212     0.12120  -1	   0.1901736     0.0888532
     D1NSN-a87d      0.028     0.042       0.140     0.634      0.223     0.717      0.570     0.518      0.855     0.874    0.550     0.846   0.784     0.097      0.227     0.12253  -1	   0.1599021     0.1056647
     D1NSN-a88a      0.032     0.041       0.142     0.583      0.343     0.723      0.572     0.498      0.764     0.879    0.531     0.859   0.798     0.094      0.203     0.10894  -1	   0.2053577     0.1735425
     D1NSN-a88b      0.026     0.043       0.142     0.593     -0.096     0.722      0.630     0.662      0.855     0.909    0.549     0.885   0.738     0.096      0.236     0.06589  -1	   0.0646408     0.0066455
     D1NSN-a88c      0.029     0.047       0.153     0.677      0.247     0.722      0.525     0.456      0.086     0.870    0.547     0.842   0.840     0.085      0.166     0.07079  -1	   0.1515264     0.1473024
     D1NSN-a88d      0.028     0.049       0.149     0.639      0.267     0.718      0.542     0.481      0.113     0.878    0.553     0.849   0.816     0.087      0.191     0.06989  -1	   0.1527853     0.1190117
     D1NSN-a89a      0.040     0.032       0.117     0.702     -0.082     0.721      0.620     0.669      0.519     0.854    0.529     0.833   0.836     0.112      0.349     0.02381  -1	   0.1079218     0.0007429
     D1NSN-a89b      0.036     0.040       0.160     0.591      0.106     0.714      0.636     0.644      0.735     0.877    0.570     0.839   0.753     0.087      0.115     0.03251  -1	   0.0581071     0.0318843
     D1NSN-a89c      0.031     0.037       0.140     0.590      0.117     0.713      0.604     0.552      0.936     0.871    0.549     0.843   0.753     0.096      0.112     0.11453  -1	   0.1032816     0.0512102
     D1NSN-a89d      0.036     0.039       0.146     0.622      0.210     0.710      0.605     0.609      0.361     0.865    0.527     0.845   0.784     0.101      0.186     0.03170  -1	   0.0860297     0.0484762
      D1NSN-a8a      0.033     0.052       0.160     0.639     -0.267     0.720      0.537     0.638      0.113     0.872    0.545     0.845   0.515     0.101      0.199     0.00389  -1	   0.0970840    -0.0061636
      D1NSN-a8b      0.029     0.031       0.110     0.666      0.309     0.707      0.606     0.674      0.310     0.846    0.511     0.833   0.872     0.126      0.210     0.00334  -1	   0.1302332     0.0480926
      D1NSN-a8c      0.033     0.045       0.144     0.656     -0.225     0.714      0.589     0.676      0.825     0.876    0.551     0.847   0.773     0.108      0.173     0.00521  -1	   0.0656015     0.0186167
      D1NSN-a8d      0.036     0.045       0.164     0.605     -0.180     0.709      0.541     0.605      0.089     0.841    0.537     0.815   0.701     0.092      0.220     0.00369  -1	   0.0983611    -0.0016081
     D1NSN-a90a      0.042     0.031       0.115     0.595     -0.047     0.717      0.624     0.612      0.911     0.860    0.544     0.832   0.778     0.125      0.345     0.02308  -1	   0.0822864     0.0436398
     D1NSN-a90b      0.038     0.033       0.126     0.751     -0.172     0.717      0.597     0.675      0.829     0.813    0.552     0.778   0.761     0.129      0.209     0.01563  -1	   0.0459720     0.0158766
     D1NSN-a90c      0.033     0.043       0.142     0.607     -0.206     0.712      0.655     0.574      0.800     0.872    0.521     0.855   0.718     0.096      0.164     0.03860  -1	   0.0538191     0.0186521
     D1NSN-a90d      0.038     0.032       0.119     0.737      0.022     0.715      0.614     0.660      0.407     0.857    0.532     0.835   0.805     0.116      0.369     0.02393  -1	   0.1597335     0.0176756
     D1NSN-a91a      0.040     0.033       0.108     0.613      0.007     0.699      0.626     0.673      0.746     0.862    0.534     0.839   0.725     0.121      0.447     0.02818  -1	   0.1038301     0.0084605
     D1NSN-a91b      0.038     0.030       0.115     0.622      0.306     0.707      0.610     0.669      0.247     0.858    0.518     0.841   0.816     0.134      0.200     0.02310  -1	   0.1163133     0.0486850
     D1NSN-a91c      0.036     0.038       0.126     0.655      0.263     0.711      0.598     0.603      0.850     0.893    0.586     0.851   0.872     0.103      0.099     0.04304  -1	   0.1493043     0.0843971
     D1NSN-a91d      0.040     0.029       0.108     0.658      0.060     0.710      0.612     0.656      0.493     0.868    0.523     0.849   0.817     0.143      0.193     0.02352  -1	   0.0398554     0.0117215
     D1NSN-a92a      0.037     0.019       0.077     0.682      0.133     0.718      0.633     0.621      0.907     0.854    0.533     0.831   0.827     0.148      0.398     0.02310  -1	   0.1079412     0.0647750
     D1NSN-a92b      0.033     0.046       0.146     0.652      0.338     0.707      0.520     0.403      0.337     0.869    0.571     0.831   0.872     0.095      0.137     0.04626  -1	   0.1471727     0.2176116
     D1NSN-a92c      0.034     0.041       0.131     0.646      0.235     0.700      0.556     0.479      0.842     0.865    0.530     0.844   0.784     0.096      0.161     0.12688  -1	   0.1465597     0.1138079
     D1NSN-a92d      0.040     0.023       0.088     0.689      0.075     0.701      0.635     0.670      0.427     0.879    0.540     0.854   0.817     0.168      0.176     0.02356  -1	   0.0310227     0.0249191
     D1NSN-a93a      0.030     0.041       0.142     0.572      0.074     0.717      0.573     0.613      0.602     0.880    0.539     0.856   0.744     0.098      0.248     0.01851  -1	   0.0559594     0.0178928
     D1NSN-a93b      0.036     0.033       0.101     0.723     -0.188     0.713      0.553     0.577      0.943     0.857    0.527     0.838   0.781     0.142      0.286     0.02313  -1	   0.0817887     0.0602997
     D1NSN-a93c      0.033     0.038       0.133     0.616     -0.438     0.717      0.618     0.604      0.557     0.857    0.518     0.840   0.584     0.098      0.222     0.02367  -1	   0.0819995     0.0545159
     D1NSN-a93d      0.037     0.029       0.099     0.695     -0.202     0.722      0.565     0.629      0.573     0.859    0.533     0.835   0.773     0.141      0.299     0.02049  -1	   0.0754204     0.0365653
     D1NSN-a94a      0.032     0.037       0.140     0.610     -0.217     0.728      0.581     0.528      0.795     0.867    0.535     0.844   0.718     0.092      0.228     0.01617  -1	   0.0419425     0.0612486
     D1NSN-a94b      0.034     0.040       0.149     0.592      0.049     0.730      0.527     0.446      0.859     0.865    0.519     0.848   0.708     0.081      0.197     0.03755  -1	   0.0904249     0.1181858
     D1NSN-a94c      0.028     0.037       0.117     0.427     -0.217     0.715      0.608     0.616      0.520     0.874    0.558     0.842   0.479     0.105      0.261     0.01659  -1	  -0.0244096     0.0143721
     D1NSN-a94d      0.038     0.038       0.124     0.722      0.054     0.732      0.554     0.460      0.378     0.844    0.527     0.824   0.841     0.116      0.154     0.03625  -1	   0.0623366     0.1125352
     D1NSN-a95a      0.039     0.031       0.122     0.581      0.016     0.711      0.621     0.615      0.663     0.843    0.520     0.825   0.708     0.102      0.436     0.05013  -1	   0.0901766     0.0270450
     D1NSN-a95b      0.031     0.042       0.144     0.637     -0.263     0.727      0.608     0.562      0.597     0.871    0.521     0.854   0.671     0.104      0.224     0.11215  -1	   0.0439930     0.0268985
     D1NSN-a95c      0.038     0.039       0.122     0.665     -0.028     0.713      0.584     0.526      0.346     0.860    0.544     0.832   0.852     0.110      0.253     0.05626  -1	   0.0906788     0.0636433
     D1NSN-a95d      0.039     0.040       0.135     0.648      0.027     0.711      0.543     0.455      0.266     0.880    0.552     0.850   0.725     0.099      0.443     0.05785  -1	   0.2177365     0.1288759
     D1NSN-a96a      0.028     0.035       0.128     0.666      0.102     0.724      0.656     0.708      0.634     0.858    0.524     0.839   0.827     0.111      0.209     0.01735  -1	   0.0628614     0.0081912
     D1NSN-a96b      0.028     0.036       0.131     0.666     -0.060     0.719      0.653     0.715      0.804     0.861    0.541     0.835   0.812     0.111      0.232     0.01749  -1	   0.0516140    -0.0038855
     D1NSN-a96c      0.031     0.041       0.158     0.559      0.005     0.720      0.583     0.651      0.627     0.865    0.544     0.838   0.708     0.096      0.251     0.01232  -1	   0.0409531     0.0050723
     D1NSN-a96d      0.030     0.035       0.128     0.586     -0.046     0.720      0.655     0.704      0.850     0.872    0.556     0.839   0.778     0.111      0.185     0.01783  -1	   0.0444024    -0.0025563
     D1NSN-a97a      0.027     0.038       0.124     0.612      0.212     0.718      0.565     0.601      0.889     0.865    0.538     0.841   0.784     0.118      0.155     0.03317  -1	   0.1267751     0.0554227
     D1NSN-a97b      0.030     0.032       0.117     0.705     -0.161     0.727      0.636     0.648      0.683     0.879    0.547     0.852   0.781     0.118      0.239     0.01678  -1	   0.0410838     0.0133810
     D1NSN-a97c      0.029     0.034       0.110     0.702     -0.291     0.728      0.578     0.600      0.864     0.848    0.527     0.828   0.750     0.124      0.165     0.03361  -1	   0.0586819     0.0457283
     D1NSN-a97d      0.033     0.033       0.117     0.626      0.278     0.724      0.572     0.629      0.982     0.873    0.568     0.835   0.816     0.122      0.227     0.04395  -1	   0.1969694     0.1057533
     D1NSN-a98a      0.031     0.029       0.108     0.583      0.084     0.717      0.643     0.673      0.696     0.861    0.551     0.830   0.744     0.114      0.275     0.02578  -1	   0.0434596     0.0084617
     D1NSN-a98b      0.033     0.033       0.108     0.589      0.037     0.731      0.588     0.553      0.884     0.875    0.518     0.859   0.708     0.126      0.160     0.01894  -1	   0.0655433     0.0410848
     D1NSN-a98c      0.031     0.030       0.108     0.746      0.185     0.727      0.587     0.543      0.419     0.847    0.513     0.833   0.819     0.135      0.190     0.01831  -1	   0.0957689     0.1103070
     D1NSN-a98d      0.036     0.027       0.081     0.624     -0.244     0.724      0.611     0.618      0.888     0.872    0.531     0.851   0.718     0.170      0.196     0.03114  -1	   0.0619699     0.0464808
     D1NSN-a99a      0.037     0.038       0.131     0.705     -0.067     0.714      0.574     0.486      0.999     0.879    0.583     0.836   0.836     0.090      0.451     0.26325   1	   0.1383752     0.1094885
     D1NSN-a99b      0.029     0.043       0.144     0.673      0.334     0.719      0.553     0.471      0.909     0.856    0.519     0.839   0.872     0.094      0.276     0.15446  -1	   0.2673811     0.1927582
     D1NSN-a99c      0.033     0.027       0.090     0.692      0.192     0.720      0.612     0.595      0.747     0.856    0.534     0.832   0.794     0.154      0.153     0.02698  -1	   0.0712132     0.0558141
     D1NSN-a99d      0.032     0.028       0.101     0.671      0.137     0.734      0.612     0.568      0.745     0.860    0.536     0.835   0.827     0.123      0.149     0.02784  -1	   0.0576334     0.0653735
      D1NSN-a9a      0.034     0.026       0.081     0.609      0.197     0.731      0.583     0.603      0.594     0.846    0.509     0.834   0.739     0.187      0.030     0.00378  -1	  -0.0047790     0.0097391
      D1NSN-a9b      0.032     0.042       0.142     0.625      0.215     0.712      0.567     0.649      0.317     0.867    0.525     0.848   0.784     0.099      0.137     0.00434  -1	   0.0624586    -0.0028749
      D1NSN-a9c      0.034     0.020       0.072     0.739      0.093     0.715      0.618     0.705      0.579     0.867    0.522     0.849   0.841     0.233      0.292     0.00469  -1	   0.0817361     0.0173868
      D1NSN-a9d      0.034     0.019       0.070     0.725      0.280     0.738      0.616     0.681      0.675     0.868    0.516     0.853   0.896     0.161      0.119     0.00338  -1	   0.0867450     0.0692456
