      D1E6E-a9d      0.038     0.031       0.110     0.647      0.055     0.834      0.581     0.651      0.169     0.300    0.457     0.359   0.761     0.119      0.107     0.00637  -1	   0.0539415     0.0009195
      D1E6E-a0b      0.028     0.039       0.136     0.696      0.293     0.839      0.591     0.594      0.048     0.312    0.459     0.370   0.872     0.092      0.167     0.00767  -1	   0.2446688     0.1148338
      D1E6E-a0c      0.030     0.043       0.130     0.631     -0.009     0.856      0.571     0.588      0.630     0.318    0.475     0.362   0.796     0.107      0.096     0.00821  -1	  -0.0135498    -0.0205281
      D1E6E-a0d      0.028     0.045       0.167     0.552      0.181     0.829      0.571     0.629      0.550     0.327    0.491     0.360   0.721     0.091      0.032     0.00781  -1	   0.0424034    -0.0106042
    D1E6E-a100a      0.034     0.026       0.086     0.691      0.085     0.833      0.579     0.661      0.866     0.320    0.506     0.342   0.817     0.158      0.482     0.01554  -1	  -0.0357331    -0.0470069
    D1E6E-a100b      0.038     0.022       0.075     0.717      0.242     0.823      0.578     0.643      0.857     0.297    0.475     0.343   0.864     0.175      0.049     0.01208  -1	  -0.0030842    -0.0015205
    D1E6E-a100c      0.039     0.029       0.092     0.681     -0.002     0.837      0.599     0.672      0.620     0.286    0.472     0.334   0.852     0.157      0.149     0.01325  -1	  -0.0417102    -0.0505224
    D1E6E-a100d      0.040     0.045       0.134     0.630      0.340     0.859      0.512     0.447      0.460     0.331    0.518     0.344   0.816     0.106      0.219     0.51117   1	   0.1949767     0.1641065
    D1E6E-a101a      0.039     0.029       0.095     0.663     -0.007     0.836      0.605     0.683      0.546     0.283    0.457     0.342   0.852     0.155      0.134     0.01322  -1	  -0.0334089    -0.0581877
    D1E6E-a101b      0.039     0.029       0.092     0.618     -0.001     0.827      0.602     0.674      0.453     0.323    0.495     0.353   0.796     0.168      0.149     0.01315  -1	  -0.0265492    -0.0593086
    D1E6E-a101c      0.034     0.030       0.095     0.760      0.104     0.817      0.535     0.605      0.451     0.300    0.455     0.361   0.831     0.140      0.147     0.01148  -1	   0.0195413     0.0074574
    D1E6E-a101d      0.039     0.029       0.090     0.693      0.007     0.828      0.598     0.665      0.458     0.289    0.468     0.340   0.781     0.170      0.128     0.01322  -1	  -0.0142546    -0.0289010
    D1E6E-a102a      0.039     0.028       0.092     0.644     -0.040     0.826      0.613     0.687      0.677     0.310    0.504     0.334   0.796     0.147      0.134     0.01310  -1	  -0.0544350    -0.0343133
    D1E6E-a102b      0.039     0.029       0.095     0.680     -0.006     0.835      0.606     0.681      0.729     0.303    0.511     0.322   0.852     0.155      0.149     0.01329  -1	  -0.0564969    -0.0466653
    D1E6E-a102c      0.034     0.035       0.108     0.608     -0.061     0.810      0.586     0.697      0.850     0.300    0.463     0.355   0.756     0.138      0.154     0.00905  -1	  -0.0249828    -0.0048569
    D1E6E-a102d      0.035     0.041       0.123     0.670      0.213     0.816      0.526     0.586      0.345     0.311    0.490     0.346   0.840     0.116      0.111     0.01163  -1	   0.0783657    -0.0063575
    D1E6E-a103a      0.038     0.030       0.095     0.695     -0.215     0.815      0.598     0.662      0.487     0.326    0.495     0.356   0.773     0.139      0.080     0.00739  -1	  -0.0207983    -0.0011358
    D1E6E-a103b      0.037     0.034       0.116     0.685      0.080     0.831      0.554     0.691      0.581     0.294    0.486     0.331   0.817     0.122      0.107     0.00916  -1	  -0.0102513    -0.0410011
    D1E6E-a103c      0.037     0.027       0.086     0.690      0.061     0.806      0.560     0.576      0.757     0.327    0.503     0.351   0.817     0.154      0.142     0.00753  -1	  -0.0477581     0.0092476
    D1E6E-a103d      0.038     0.034       0.121     0.683      0.115     0.825      0.548     0.690      0.199     0.292    0.488     0.328   0.827     0.116      0.163     0.00923  -1	   0.1019009    -0.0505822
    D1E6E-a104a      0.033     0.026       0.095     0.626     -0.240     0.821      0.621     0.698      0.675     0.308    0.463     0.362   0.718     0.146      0.099     0.00808  -1	  -0.0374674    -0.0005982
    D1E6E-a104b      0.034     0.032       0.105     0.632      0.152     0.811      0.579     0.606      0.805     0.314    0.501     0.341   0.739     0.125      0.010     0.00832  -1	   0.0061414     0.0238734
    D1E6E-a104c      0.034     0.030       0.097     0.666      0.264     0.806      0.596     0.650      0.632     0.286    0.459     0.342   0.872     0.125      0.191     0.00735  -1	   0.0389675    -0.0262839
    D1E6E-a104d      0.036     0.041       0.127     0.701     -0.106     0.808      0.549     0.662      0.557     0.330    0.505     0.353   0.812     0.111      0.072     0.00789  -1	  -0.0238739    -0.0339642
    D1E6E-a105a      0.038     0.027       0.090     0.678      0.342     0.811      0.554     0.557      0.328     0.292    0.472     0.340   0.872     0.159      0.181     0.00748  -1	   0.1201530     0.0690554
    D1E6E-a105b      0.037     0.028       0.088     0.753      0.283     0.800      0.556     0.576      0.134     0.300    0.469     0.349   0.875     0.152      0.175     0.00753  -1	   0.1920393     0.1242301
    D1E6E-a105c      0.037     0.027       0.092     0.682      0.345     0.805      0.555     0.543      0.689     0.307    0.490     0.342   0.872     0.146      0.203     0.00758  -1	   0.0642644     0.0466997
    D1E6E-a105d      0.037     0.027       0.090     0.615      0.319     0.806      0.564     0.548      0.503     0.315    0.471     0.364   0.816     0.149      0.144     0.00753  -1	   0.0497388     0.0509482
    D1E6E-a106a      0.038     0.024       0.068     0.618      0.254     0.819      0.596     0.599      0.353     0.284    0.467     0.336   0.816     0.167      0.178     0.00740  -1	   0.0422132     0.0218232
    D1E6E-a106b      0.038     0.029       0.101     0.704     -0.164     0.823      0.608     0.681      0.602     0.279    0.466     0.331   0.781     0.150      0.101     0.00800  -1	  -0.0388979    -0.0100597
    D1E6E-a106c      0.040     0.029       0.090     0.700     -0.073     0.824      0.595     0.680      0.412     0.300    0.494     0.331   0.836     0.153      0.085     0.00795  -1	  -0.0220706    -0.0350424
    D1E6E-a106d      0.039     0.028       0.088     0.648     -0.105     0.820      0.600     0.683      0.588     0.297    0.473     0.344   0.732     0.163      0.085     0.00797  -1	  -0.0421766    -0.0154804
    D1E6E-a107a      0.033     0.038       0.132     0.609     -0.562     0.834      0.581     0.640      0.830     0.327    0.478     0.371   0.607     0.108      0.140     0.00938  -1	   0.0687210     0.0476063
    D1E6E-a107b      0.031     0.041       0.132     0.653     -0.095     0.805      0.579     0.685      0.769     0.327    0.486     0.365   0.812     0.098      0.120     0.01016  -1	  -0.0255785    -0.0219768
    D1E6E-a107c      0.031     0.039       0.121     0.649     -0.547     0.837      0.575     0.653      0.613     0.321    0.481     0.362   0.607     0.109      0.068     0.00896  -1	   0.0678342     0.0238965
    D1E6E-a107d      0.031     0.042       0.132     0.634     -0.190     0.809      0.542     0.680      0.937     0.364    0.499     0.389   0.701     0.118      0.298     0.01014  -1	  -0.0264186     0.0237812
    D1E6E-a108a      0.031     0.044       0.130     0.635     -0.109     0.816      0.530     0.618      0.599     0.319    0.495     0.350   0.732     0.105      0.258     0.01085  -1	  -0.0023013    -0.0159103
    D1E6E-a108b      0.030     0.040       0.130     0.606      0.108     0.815      0.559     0.613      0.532     0.339    0.503     0.363   0.771     0.103      0.116     0.01040  -1	   0.0045378    -0.0211100
    D1E6E-a108c      0.032     0.034       0.121     0.675      0.129     0.830      0.548     0.623      0.543     0.355    0.493     0.386   0.827     0.121      0.371     0.01158  -1	   0.0708989    -0.0317257
    D1E6E-a108d      0.032     0.040       0.134     0.667     -0.044     0.810      0.553     0.602      0.710     0.320    0.477     0.364   0.852     0.094      0.125     0.01064  -1	  -0.0237106    -0.0112248
    D1E6E-a109b      0.031     0.041       0.132     0.698      0.102     0.826      0.530     0.629      0.481     0.348    0.502     0.372   0.827     0.111      0.261     0.01120  -1	   0.0659197    -0.0421016
    D1E6E-a109c      0.035     0.032       0.108     0.725     -0.078     0.831      0.545     0.623      0.236     0.281    0.474     0.327   0.836     0.124      0.091     0.01449  -1	   0.0333249     0.0097195
    D1E6E-a109d      0.035     0.032       0.112     0.651     -0.058     0.830      0.554     0.572      0.850     0.312    0.481     0.353   0.812     0.110      0.299     0.00982  -1	  -0.0442442     0.0254343
     D1E6E-a10a      0.031     0.026       0.092     0.542      0.132     0.821      0.622     0.666      0.810     0.284    0.470     0.333   0.692     0.159      0.008     0.00643  -1	  -0.0058230     0.0007622
     D1E6E-a10b      0.029     0.042       0.145     0.654     -0.059     0.825      0.519     0.596      0.845     0.358    0.522     0.366   0.812     0.092      0.096     0.00729  -1	  -0.0201737     0.0193053
     D1E6E-a10c      0.035     0.033       0.108     0.665      0.021     0.834      0.595     0.732      0.410     0.295    0.478     0.338   0.781     0.137      0.174     0.00639  -1	   0.0098453    -0.0748239
     D1E6E-a10d      0.031     0.051       0.165     0.592     -0.117     0.835      0.535     0.574      0.220     0.281    0.468     0.332   0.463     0.085      0.105     0.00769  -1	   0.0592001     0.0439842
    D1E6E-a110a      0.036     0.027       0.092     0.672     -0.338     0.837      0.568     0.639      0.976     0.314    0.527     0.322   0.812     0.152      0.262     0.01049  -1	  -0.0573346     0.0623777
    D1E6E-a110b      0.039     0.027       0.084     0.604     -0.221     0.822      0.572     0.625      0.395     0.345    0.515     0.359   0.718     0.196      0.137     0.01172  -1	  -0.0052988     0.0071867
    D1E6E-a110c      0.036     0.025       0.073     0.579     -0.300     0.830      0.625     0.683      0.845     0.300    0.477     0.344   0.653     0.155      0.278     0.01251  -1	  -0.0407490     0.0298353
    D1E6E-a110d      0.035     0.031       0.099     0.684     -0.021     0.831      0.562     0.647      0.501     0.294    0.447     0.361   0.852     0.136      0.030     0.01433  -1	  -0.0374149    -0.0330168
    D1E6E-a111a      0.036     0.026       0.079     0.585      0.337     0.825      0.517     0.538      0.299     0.303    0.467     0.355   0.798     0.186      0.192     0.00971  -1	   0.0917880     0.0677803
    D1E6E-a111b      0.039     0.028       0.086     0.656      0.261     0.840      0.577     0.625      0.423     0.297    0.470     0.347   0.872     0.162      0.198     0.01170  -1	   0.0649987    -0.0250112
    D1E6E-a111c      0.035     0.032       0.103     0.724      0.147     0.835      0.569     0.668      0.112     0.321    0.483     0.360   0.851     0.152      0.058     0.01311  -1	   0.0867220    -0.0125290
    D1E6E-a111d      0.038     0.031       0.097     0.604      0.272     0.825      0.590     0.682      0.328     0.320    0.500     0.347   0.816     0.167      0.175     0.01204  -1	   0.0780458    -0.0634638
    D1E6E-a112a      0.038     0.031       0.101     0.600     -0.578     0.821      0.583     0.644      0.966     0.331    0.484     0.369   0.607     0.136      0.161     0.00994  -1	   0.1002769     0.1039567
    D1E6E-a112b      0.036     0.031       0.101     0.618      0.234     0.823      0.602     0.699      0.555     0.297    0.474     0.344   0.784     0.157      0.110     0.01142  -1	   0.0196815    -0.0517699
    D1E6E-a112c      0.038     0.030       0.099     0.719     -0.095     0.822      0.596     0.695      0.675     0.286    0.468     0.337   0.836     0.157      0.073     0.00802  -1	  -0.0493881    -0.0232206
    D1E6E-a112d      0.041     0.027       0.084     0.632      0.097     0.829      0.560     0.613      0.450     0.318    0.487     0.356   0.761     0.174      0.199     0.01140  -1	   0.0012645    -0.0105257
    D1E6E-a113a      0.038     0.028       0.086     0.606     -0.029     0.819      0.568     0.645      0.967     0.299    0.496     0.330   0.796     0.138      0.088     0.00826  -1	  -0.0213764     0.0431466
    D1E6E-a113b      0.037     0.028       0.086     0.757      0.325     0.811      0.563     0.588      0.205     0.300    0.461     0.356   0.875     0.150      0.181     0.00754  -1	   0.1867762     0.1049002
    D1E6E-a113c      0.038     0.029       0.095     0.671     -0.247     0.814      0.614     0.684      0.333     0.294    0.480     0.336   0.773     0.147      0.086     0.00735  -1	   0.0205053     0.0010936
    D1E6E-a113d      0.037     0.031       0.103     0.718      0.226     0.808      0.604     0.664      0.591     0.297    0.486     0.336   0.864     0.134      0.040     0.00763  -1	   0.0095271    -0.0156258
    D1E6E-a114a      0.032     0.038       0.134     0.614      0.035     0.844      0.559     0.628      0.592     0.309    0.490     0.344   0.725     0.095      0.064     0.00970  -1	  -0.0160563    -0.0049681
    D1E6E-a114b      0.029     0.045       0.141     0.698     -0.247     0.844      0.583     0.686      0.469     0.308    0.467     0.359   0.773     0.090      0.137     0.00773  -1	   0.0029379    -0.0511553
    D1E6E-a114c      0.019     0.037       0.134     0.586      0.095     0.840      0.557     0.625      0.993     0.342    0.506     0.364   0.744     0.112      0.204     0.00823  -1	   0.0208939     0.0314270
    D1E6E-a114d      0.028     0.044       0.145     0.583      0.327     0.839      0.488     0.527      0.588     0.313    0.477     0.357   0.798     0.093      0.193     0.00815  -1	   0.1400717     0.0761485
    D1E6E-a115a      0.032     0.039       0.138     0.650     -0.040     0.813      0.565     0.613      0.793     0.334    0.472     0.382   0.852     0.098      0.132     0.01067  -1	  -0.0199373    -0.0088001
    D1E6E-a115b      0.034     0.034       0.132     0.660     -0.062     0.832      0.584     0.700      0.709     0.302    0.468     0.353   0.812     0.096      0.045     0.00966  -1	  -0.0348970    -0.0097354
    D1E6E-a115c      0.037     0.035       0.119     0.626     -0.103     0.820      0.543     0.597      0.604     0.286    0.467     0.337   0.732     0.127      0.147     0.00959  -1	  -0.0252711     0.0122510
    D1E6E-a115d      0.038     0.026       0.092     0.669      0.318     0.808      0.585     0.572      0.336     0.285    0.460     0.342   0.872     0.152      0.169     0.00751  -1	   0.0974930     0.0621224
     D1E6E-a11a      0.037     0.035       0.119     0.747     -0.418     0.831      0.572     0.623      0.569     0.303    0.462     0.358   0.664     0.124      0.065     0.00674  -1	   0.0224949     0.0318719
     D1E6E-a11b      0.034     0.041       0.138     0.676     -0.252     0.837      0.590     0.634      0.541     0.321    0.491     0.354   0.726     0.097      0.057     0.00788  -1	  -0.0223385    -0.0085891
     D1E6E-a11c      0.030     0.039       0.134     0.631     -0.171     0.837      0.592     0.636      0.997     0.318    0.505     0.342   0.701     0.097      0.052     0.00799  -1	   0.0097250     0.0522965
     D1E6E-a11d      0.029     0.052       0.169     0.627     -0.091     0.834      0.516     0.564      0.243     0.323    0.505     0.345   0.680     0.082      0.103     0.00766  -1	   0.0451822     0.0149600
     D1E6E-a12a      0.033     0.040       0.138     0.646      0.049     0.836      0.562     0.619      0.767     0.310    0.498     0.339   0.725     0.084      0.034     0.00788  -1	   0.0072216     0.0282851
     D1E6E-a12b      0.031     0.044       0.152     0.593      0.067     0.843      0.511     0.608      0.204     0.289    0.495     0.321   0.744     0.101      0.054     0.00837  -1	   0.0377360    -0.0293289
     D1E6E-a12c      0.029     0.030       0.108     0.655      0.500     0.827      0.517     0.613      0.570     0.311    0.503     0.336   0.896     0.134      0.177     0.00975  -1	   0.1912268     0.0415128
     D1E6E-a12d      0.033     0.044       0.136     0.648     -0.024     0.814      0.547     0.604      0.844     0.295    0.460     0.352   0.796     0.098      0.109     0.00768  -1	   0.0054153     0.0156783
     D1E6E-a13a      0.033     0.034       0.116     0.520      0.190     0.835      0.580     0.646      0.348     0.288    0.456     0.347   0.659     0.113      0.066     0.00990  -1	   0.0211756    -0.0181168
     D1E6E-a13b      0.031     0.035       0.114     0.520      0.214     0.838      0.563     0.639      0.853     0.314    0.497     0.343   0.705     0.116      0.066     0.00993  -1	   0.0610422     0.0313221
     D1E6E-a13c      0.028     0.029       0.101     0.655      0.595     0.826      0.542     0.637      0.607     0.276    0.461     0.331   0.889     0.131      0.198     0.00936  -1	   0.2684073     0.0740856
     D1E6E-a13d      0.031     0.030       0.105     0.648      0.545     0.827      0.509     0.606      0.547     0.286    0.476     0.331   0.841     0.129      0.146     0.00961  -1	   0.2285445     0.0797765
     D1E6E-a14a      0.031     0.029       0.084     0.642      0.137     0.820      0.586     0.696      0.299     0.292    0.459     0.349   0.771     0.152      0.062     0.01043  -1	   0.0033520    -0.0495016
     D1E6E-a14b      0.029     0.034       0.103     0.567      0.139     0.833      0.575     0.685      0.369     0.305    0.475     0.351   0.753     0.135      0.068     0.00852  -1	  -0.0092852    -0.0733078
     D1E6E-a14c      0.028     0.029       0.097     0.668      0.218     0.800      0.636     0.712      0.385     0.271    0.450     0.334   0.840     0.146      0.013     0.00980  -1	  -0.0002437    -0.0370697
     D1E6E-a14d      0.030     0.037       0.114     0.534      0.184     0.830      0.624     0.724      0.873     0.286    0.497     0.316   0.659     0.109      0.035     0.01102  -1	   0.0611994     0.0148718
     D1E6E-a15a      0.038     0.045       0.132     0.609      0.374     0.851      0.518     0.459      0.592     0.319    0.494     0.350   0.848     0.104      0.222     0.51526   1	   0.1883754     0.1347684
     D1E6E-a15b      0.037     0.031       0.108     0.688      0.229     0.833      0.545     0.590      0.234     0.314    0.513     0.332   0.840     0.120      0.097     0.00953  -1	   0.0879568     0.0453560
     D1E6E-a15c      0.038     0.019       0.070     0.682      0.019     0.835      0.622     0.681      0.788     0.289    0.460     0.345   0.781     0.213      0.029     0.00948  -1	  -0.0615784    -0.0059824
     D1E6E-a15d      0.028     0.037       0.116     0.592     -0.119     0.827      0.629     0.759      0.555     0.302    0.474     0.349   0.714     0.107      0.256     0.02727  -1	  -0.0185758    -0.0797410
     D1E6E-a16a      0.032     0.028       0.090     0.694      0.122     0.829      0.554     0.603      0.808     0.308    0.473     0.356   0.827     0.144      0.077     0.02469  -1	  -0.0234984     0.0096272
     D1E6E-a16b      0.031     0.039       0.112     0.643     -0.042     0.826      0.611     0.698      0.796     0.332    0.511     0.351   0.796     0.125      0.005     0.02507  -1	  -0.0263722    -0.0243280
     D1E6E-a16c      0.033     0.031       0.108     0.721      0.084     0.833      0.541     0.649      0.322     0.352    0.507     0.372   0.841     0.149      0.260     0.01254  -1	   0.0851783    -0.0386748
     D1E6E-a16d      0.033     0.030       0.088     0.571      0.481     0.829      0.546     0.552      0.673     0.301    0.453     0.363   0.818     0.130      0.172     0.03952  -1	   0.1610530     0.0889808
     D1E6E-a17a      0.035     0.031       0.099     0.740      0.014     0.833      0.520     0.627      0.298     0.336    0.482     0.376   0.805     0.150      0.233     0.01231  -1	   0.0750658    -0.0043627
     D1E6E-a17b      0.034     0.029       0.103     0.758      0.121     0.834      0.541     0.649      0.286     0.311    0.469     0.362   0.831     0.138      0.234     0.01244  -1	   0.1052807    -0.0052651
     D1E6E-a17c      0.027     0.036       0.105     0.503     -0.352     0.809      0.649     0.715      0.838     0.308    0.473     0.356   0.564     0.125      0.273     0.02749  -1	  -0.0002232     0.0117687
     D1E6E-a17d      0.035     0.030       0.105     0.748      0.103     0.829      0.537     0.641      0.302     0.340    0.483     0.380   0.851     0.143      0.248     0.01228  -1	   0.0991835    -0.0182040
     D1E6E-a18a      0.035     0.029       0.097     0.742      0.095     0.834      0.530     0.645      0.199     0.322    0.476     0.367   0.841     0.149      0.234     0.01221  -1	   0.1282338    -0.0034201
     D1E6E-a18b      0.035     0.028       0.097     0.768      0.072     0.825      0.548     0.659      0.510     0.334    0.494     0.365   0.821     0.142      0.251     0.01237  -1	   0.0248897    -0.0256691
     D1E6E-a18c      0.034     0.033       0.110     0.775      0.116     0.832      0.536     0.651      0.155     0.340    0.502     0.365   0.831     0.145      0.299     0.01257  -1	   0.2220489     0.0134359
     D1E6E-a18d      0.039     0.037       0.119     0.638      0.196     0.832      0.565     0.605      0.799     0.318    0.498     0.347   0.739     0.099      0.182     0.00911  -1	   0.0571798     0.0343568
     D1E6E-a19a      0.040     0.035       0.121     0.635      0.181     0.841      0.571     0.601      0.659     0.305    0.475     0.351   0.739     0.101      0.133     0.00973  -1	   0.0437779     0.0310389
     D1E6E-a19b      0.035     0.042       0.130     0.642      0.193     0.826      0.544     0.643      0.251     0.318    0.508     0.339   0.739     0.106      0.190     0.01037  -1	   0.1335472    -0.0102520
     D1E6E-a19c      0.030     0.032       0.105     0.646      0.147     0.820      0.609     0.659      0.463     0.310    0.461     0.366   0.771     0.120      0.162     0.00925  -1	   0.0179398    -0.0241029
     D1E6E-a19d      0.036     0.034       0.114     0.626      0.173     0.840      0.565     0.569      0.153     0.338    0.483     0.377   0.739     0.126      0.085     0.00998  -1	   0.0723617     0.0667379
      D1E6E-a1a      0.032     0.042       0.147     0.651      0.190     0.841      0.501     0.576      0.673     0.330    0.512     0.347   0.794     0.099      0.048     0.00833  -1	   0.0465255     0.0252191
      D1E6E-a1b      0.020     0.041       0.138     0.631      0.180     0.833      0.534     0.604      0.862     0.342    0.486     0.380   0.739     0.113      0.137     0.00822  -1	   0.0516028     0.0264181
      D1E6E-a1c      0.031     0.048       0.163     0.673      0.253     0.836      0.498     0.589      0.528     0.343    0.513     0.359   0.872     0.091      0.147     0.00830  -1	   0.1154113    -0.0095486
      D1E6E-a1d      0.029     0.046       0.149     0.676     -0.261     0.835      0.576     0.677      0.656     0.311    0.481     0.352   0.726     0.088      0.130     0.00779  -1	  -0.0171562    -0.0226762
     D1E6E-a20a      0.035     0.037       0.123     0.621      0.064     0.829      0.533     0.542      0.248     0.301    0.497     0.331   0.761     0.126      0.188     0.00903  -1	   0.0683738     0.0572934
     D1E6E-a20b      0.035     0.033       0.099     0.610     -0.050     0.843      0.621     0.649      0.518     0.329    0.484     0.367   0.796     0.134      0.185     0.00996  -1	  -0.0274443    -0.0497583
     D1E6E-a20c      0.031     0.031       0.110     0.713      0.196     0.824      0.579     0.616      0.443     0.288    0.473     0.335   0.819     0.139      0.219     0.00783  -1	   0.0642926     0.0040108
     D1E6E-a20d      0.032     0.034       0.114     0.580      0.132     0.826      0.608     0.643      0.184     0.282    0.476     0.327   0.753     0.130      0.251     0.00799  -1	   0.1123648    -0.0091829
     D1E6E-a21a      0.035     0.033       0.114     0.582     -0.007     0.830      0.555     0.593      0.792     0.294    0.469     0.344   0.778     0.111      0.057     0.00933  -1	  -0.0152913     0.0337418
     D1E6E-a21b      0.030     0.028       0.101     0.749      0.105     0.839      0.637     0.673      0.429     0.300    0.458     0.359   0.851     0.129      0.194     0.00798  -1	   0.0282373    -0.0116811
     D1E6E-a21c      0.028     0.040       0.141     0.632      0.193     0.829      0.573     0.681      0.904     0.305    0.493     0.336   0.739     0.098      0.124     0.00865  -1	   0.0694100     0.0311041
     D1E6E-a21d      0.033     0.032       0.108     0.560      0.193     0.826      0.582     0.604      0.776     0.299    0.481     0.341   0.721     0.133      0.263     0.00892  -1	   0.0185492     0.0068070
     D1E6E-a22a      0.032     0.041       0.145     0.652     -0.233     0.836      0.610     0.653      0.296     0.314    0.509     0.334   0.773     0.105      0.086     0.00782  -1	   0.0105889    -0.0294835
     D1E6E-a22b      0.030     0.032       0.097     0.740      0.357     0.814      0.549     0.615      0.568     0.294    0.488     0.331   0.928     0.151      0.160     0.00639  -1	   0.0864337    -0.0224681
     D1E6E-a22c      0.035     0.033       0.112     0.601      0.217     0.834      0.512     0.537      0.228     0.357    0.505     0.378   0.784     0.131      0.077     0.00915  -1	   0.0499193     0.0581867
     D1E6E-a22d      0.037     0.031       0.108     0.632      0.086     0.836      0.596     0.672      0.465     0.319    0.498     0.347   0.761     0.120      0.119     0.00629  -1	  -0.0078617    -0.0321686
     D1E6E-a23a      0.032     0.032       0.103     0.769      0.331     0.814      0.564     0.634      0.971     0.323    0.492     0.356   0.875     0.138      0.196     0.00639  -1	   0.0867877     0.0197719
     D1E6E-a23b      0.034     0.027       0.088     0.712      0.392     0.817      0.589     0.633      0.718     0.324    0.475     0.369   0.928     0.155      0.180     0.00583  -1	   0.0901193    -0.0023472
     D1E6E-a23c      0.034     0.033       0.110     0.728      0.148     0.827      0.562     0.638      0.100     0.289    0.480     0.331   0.851     0.137      0.110     0.00669  -1	   0.1282331     0.0244939
     D1E6E-a23d      0.030     0.033       0.099     0.786      0.346     0.819      0.549     0.615      0.926     0.326    0.506     0.348   0.875     0.142      0.219     0.00633  -1	   0.0949996     0.0194128
     D1E6E-a24a      0.036     0.021       0.073     0.609      0.390     0.832      0.578     0.589      0.578     0.307    0.497     0.336   0.848     0.178      0.214     0.00586  -1	   0.0670972     0.0252395
     D1E6E-a24b      0.037     0.025       0.088     0.678     -0.025     0.826      0.605     0.673      0.920     0.296    0.478     0.339   0.852     0.176      0.089     0.00582  -1	  -0.0522464    -0.0041533
     D1E6E-a24c      0.037     0.025       0.088     0.657     -0.018     0.826      0.613     0.687      0.812     0.300    0.477     0.343   0.852     0.176      0.104     0.00585  -1	  -0.0610496    -0.0298865
     D1E6E-a24d      0.038     0.025       0.088     0.674      0.009     0.836      0.612     0.678      0.654     0.292    0.457     0.351   0.781     0.167      0.089     0.00580  -1	  -0.0486580    -0.0211246
     D1E6E-a25a      0.027     0.045       0.156     0.612      0.119     0.837      0.499     0.581      0.296     0.309    0.493     0.342   0.771     0.102      0.044     0.00839  -1	   0.0302572    -0.0221094
     D1E6E-a25b      0.029     0.038       0.119     0.685     -0.542     0.801      0.560     0.589      0.926     0.318    0.488     0.353   0.663     0.111      0.116     0.00726  -1	   0.0725274     0.0892130
     D1E6E-a25c      0.032     0.045       0.138     0.675     -0.002     0.822      0.531     0.591      0.818     0.307    0.483     0.347   0.852     0.102      0.096     0.00769  -1	  -0.0044660    -0.0024609
     D1E6E-a25d      0.033     0.044       0.136     0.591      0.072     0.824      0.599     0.670      0.886     0.287    0.458     0.346   0.744     0.098      0.093     0.00767  -1	   0.0459928     0.0082901
     D1E6E-a26a      0.027     0.042       0.138     0.691     -0.235     0.798      0.603     0.704      0.575     0.313    0.486     0.350   0.773     0.088      0.146     0.00904  -1	  -0.0118998    -0.0314516
     D1E6E-a26b      0.028     0.043       0.125     0.726     -0.538     0.800      0.584     0.644      0.818     0.318    0.479     0.359   0.688     0.106      0.101     0.00744  -1	   0.0714129     0.0510956
     D1E6E-a26c      0.029     0.045       0.147     0.582      0.012     0.802      0.596     0.627      0.563     0.326    0.476     0.371   0.708     0.095      0.173     0.00867  -1	   0.0072108    -0.0293423
     D1E6E-a26d      0.027     0.043       0.123     0.719     -0.537     0.796      0.573     0.627      0.964     0.317    0.483     0.356   0.688     0.095      0.094     0.00741  -1	   0.0810062     0.0869947
     D1E6E-a27a      0.029     0.040       0.125     0.680      0.451     0.832      0.526     0.598      0.866     0.294    0.469     0.344   0.891     0.123      0.176     0.01018  -1	   0.1991889     0.0474158
     D1E6E-a27b      0.034     0.030       0.097     0.648      0.232     0.837      0.554     0.622      0.561     0.308    0.481     0.350   0.784     0.134      0.035     0.00904  -1	   0.0132451    -0.0007552
     D1E6E-a27c      0.030     0.032       0.099     0.687      0.122     0.825      0.569     0.658      0.553     0.284    0.458     0.342   0.827     0.132      0.093     0.01092  -1	  -0.0122067    -0.0347631
     D1E6E-a27d      0.034     0.035       0.119     0.732     -0.344     0.800      0.623     0.712      0.604     0.274    0.437     0.348   0.836     0.111      0.166     0.00958  -1	   0.0178698    -0.0055905
     D1E6E-a28a      0.033     0.035       0.108     0.536      0.336     0.841      0.555     0.616      0.635     0.286    0.469     0.336   0.737     0.113      0.063     0.01005  -1	   0.0883586     0.0226573
     D1E6E-a28b      0.033     0.036       0.108     0.667      0.210     0.821      0.500     0.551      0.256     0.293    0.489     0.328   0.840     0.125      0.110     0.01095  -1	   0.0800812     0.0372190
     D1E6E-a28c      0.028     0.032       0.112     0.682      0.467     0.835      0.563     0.622      0.571     0.330    0.495     0.360   0.891     0.139      0.178     0.00977  -1	   0.1861990     0.0438333
     D1E6E-a28d      0.029     0.034       0.108     0.656      0.404     0.821      0.593     0.667      0.731     0.295    0.474     0.342   0.878     0.121      0.015     0.01148  -1	   0.1104480    -0.0004814
     D1E6E-a29a      0.034     0.031       0.095     0.548      0.238     0.825      0.583     0.647      0.263     0.278    0.445     0.346   0.705     0.117      0.126     0.01045  -1	   0.0569249    -0.0092595
     D1E6E-a29b      0.033     0.034       0.112     0.506      0.263     0.830      0.578     0.648      0.602     0.345    0.469     0.394   0.737     0.110      0.059     0.00988  -1	   0.0413106    -0.0136968
     D1E6E-a29c      0.030     0.032       0.103     0.618      0.357     0.818      0.613     0.683      0.884     0.310    0.477     0.354   0.848     0.113      0.094     0.01116  -1	   0.1054234     0.0071186
     D1E6E-a29d      0.031     0.036       0.119     0.572     -0.177     0.833      0.567     0.722      0.266     0.300    0.466     0.353   0.684     0.108      0.115     0.01690  -1	   0.0100010    -0.0564736
      D1E6E-a2a      0.031     0.039       0.130     0.635      0.397     0.841      0.488     0.552      0.497     0.295    0.474     0.342   0.848     0.117      0.153     0.00804  -1	   0.1648274     0.0533127
      D1E6E-a2b      0.029     0.042       0.136     0.631      0.105     0.828      0.593     0.654      0.542     0.328    0.509     0.349   0.771     0.096      0.131     0.00835  -1	   0.0148054    -0.0384472
      D1E6E-a2c      0.029     0.044       0.158     0.735     -0.091     0.845      0.531     0.629      0.164     0.324    0.529     0.328   0.836     0.089      0.065     0.00851  -1	   0.0494487    -0.0234950
      D1E6E-a2d      0.032     0.041       0.136     0.657     -0.190     0.833      0.607     0.645      0.478     0.321    0.515     0.336   0.757     0.109      0.078     0.00791  -1	  -0.0258655    -0.0288108
     D1E6E-a30a      0.041     0.043       0.127     0.630      0.202     0.843      0.516     0.438      0.717     0.294    0.483     0.335   0.784     0.099      0.157     0.51144   1	   0.0728204     0.1129458
     D1E6E-a30b      0.027     0.040       0.112     0.590     -0.018     0.815      0.603     0.691      0.910     0.300    0.475     0.347   0.778     0.111      0.382     0.02237  -1	  -0.0323175    -0.0400781
     D1E6E-a30c      0.032     0.041       0.138     0.680      0.057     0.830      0.507     0.649      0.163     0.297    0.465     0.350   0.817     0.100      0.088     0.06892  -1	   0.0758441    -0.0438845
     D1E6E-a30d      0.029     0.035       0.108     0.531     -0.228     0.829      0.555     0.627      0.708     0.303    0.475     0.348   0.639     0.128      0.081     0.03227  -1	  -0.0180064     0.0373066
     D1E6E-a31a      0.027     0.036       0.101     0.578      0.070     0.834      0.533     0.509      0.860     0.319    0.462     0.374   0.744     0.144      0.095     0.02112  -1	   0.0021765     0.0545005
     D1E6E-a31b      0.029     0.032       0.086     0.559      0.613     0.814      0.535     0.568      0.473     0.302    0.480     0.344   0.733     0.164      0.177     0.05796  -1	   0.2540715     0.1142626
     D1E6E-a31d      0.026     0.042       0.134     0.587     -0.169     0.824      0.518     0.545      0.310     0.356    0.510     0.374   0.684     0.098      0.057     0.03802  -1	  -0.0176261     0.0406012
     D1E6E-a32b      0.031     0.026       0.068     0.726      0.411     0.815      0.508     0.494      0.668     0.300    0.462     0.355   0.902     0.158      0.093     0.05907  -1	   0.0752914     0.0793251
     D1E6E-a32c      0.028     0.039       0.121     0.697      0.053     0.823      0.566     0.679      0.611     0.354    0.502     0.377   0.817     0.126      0.063     0.02199  -1	  -0.0226721    -0.0507167
     D1E6E-a32d      0.029     0.039       0.119     0.670     -0.016     0.822      0.557     0.657      0.703     0.321    0.483     0.360   0.852     0.131      0.077     0.02354  -1	  -0.0347196    -0.0454276
     D1E6E-a33a      0.028     0.031       0.092     0.726      0.413     0.819      0.493     0.548      0.658     0.309    0.494     0.341   0.902     0.160      0.067     0.04963  -1	   0.0883928     0.0226572
     D1E6E-a33b      0.029     0.043       0.145     0.642      0.247     0.846      0.535     0.683      0.317     0.309    0.478     0.353   0.784     0.103      0.075     0.00866  -1	   0.0957599    -0.0546363
     D1E6E-a33c      0.027     0.041       0.123     0.692      0.230     0.832      0.623     0.666      0.870     0.331    0.492     0.364   0.840     0.120      0.175     0.02355  -1	   0.0641294    -0.0200954
     D1E6E-a33d      0.028     0.025       0.077     0.631      0.238     0.824      0.557     0.611      0.793     0.330    0.508     0.351   0.784     0.168      0.026     0.01458  -1	  -0.0098835    -0.0005122
     D1E6E-a34a      0.035     0.031       0.099     0.612      0.147     0.836      0.592     0.589      0.406     0.300    0.485     0.338   0.771     0.136      0.185     0.00980  -1	   0.0262668     0.0139276
     D1E6E-a34c      0.035     0.030       0.095     0.633      0.094     0.830      0.629     0.653      0.427     0.293    0.466     0.345   0.761     0.135      0.209     0.00984  -1	   0.0171614    -0.0221975
     D1E6E-a35a      0.035     0.034       0.105     0.626      0.234     0.831      0.590     0.646      0.597     0.286    0.455     0.347   0.784     0.121      0.259     0.00985  -1	   0.0629658    -0.0224509
     D1E6E-a35b      0.033     0.034       0.108     0.672     -0.030     0.833      0.572     0.593      0.575     0.322    0.474     0.368   0.852     0.129      0.196     0.01047  -1	  -0.0239411    -0.0240909
     D1E6E-a35c      0.034     0.025       0.095     0.701      0.406     0.833      0.574     0.643      0.332     0.322    0.508     0.343   0.902     0.123      0.076     0.01135  -1	   0.1280123     0.0400801
     D1E6E-a36a      0.037     0.030       0.097     0.572      0.033     0.834      0.566     0.585      0.572     0.305    0.482     0.346   0.708     0.131      0.097     0.00792  -1	  -0.0357658     0.0181341
     D1E6E-a36b      0.035     0.044       0.152     0.605      0.049     0.809      0.543     0.600      0.757     0.396    0.475     0.439   0.725     0.091      0.075     0.00901  -1	   0.0262044     0.0165298
     D1E6E-a36c      0.033     0.055       0.152     0.648     -0.060     0.816      0.603     0.655      0.785     0.337    0.489     0.371   0.680     0.084      0.179     0.01437  -1	   0.0225350    -0.0231880
     D1E6E-a36d      0.035     0.041       0.125     0.631      0.262     0.833      0.589     0.629      0.719     0.308    0.507     0.329   0.816     0.103      0.121     0.00882  -1	   0.0779970    -0.0019767
     D1E6E-a37b      0.035     0.039       0.121     0.675      0.185     0.830      0.526     0.548      0.050     0.311    0.475     0.357   0.794     0.106      0.159     0.00899  -1	   0.1869653     0.1187944
     D1E6E-a37c      0.036     0.035       0.114     0.631      0.149     0.831      0.513     0.554      0.665     0.329    0.513     0.346   0.771     0.121      0.082     0.00918  -1	   0.0045291     0.0343557
     D1E6E-a37d      0.036     0.045       0.136     0.640      0.308     0.835      0.465     0.479      0.028     0.297    0.474     0.344   0.816     0.102      0.127     0.00913  -1	   0.2407630     0.1666665
     D1E6E-a38a      0.032     0.032       0.097     0.744      0.360     0.812      0.542     0.606      0.713     0.305    0.499     0.333   0.928     0.151      0.187     0.00640  -1	   0.0804075    -0.0167548
     D1E6E-a38b      0.033     0.038       0.116     0.475     -0.078     0.814      0.545     0.572      0.690     0.327    0.468     0.377   0.612     0.124      0.229     0.00865  -1	  -0.0191793     0.0471654
     D1E6E-a38c      0.032     0.032       0.097     0.772      0.338     0.816      0.564     0.633      0.734     0.294    0.480     0.336   0.875     0.164      0.191     0.00638  -1	   0.0746888    -0.0116412
     D1E6E-a38d      0.038     0.036       0.121     0.719      0.283     0.828      0.512     0.521      0.042     0.300    0.472     0.347   0.896     0.105      0.134     0.00882  -1	   0.2327344     0.1642077
     D1E6E-a39a      0.032     0.044       0.134     0.647     -0.211     0.828      0.571     0.712      0.249     0.315    0.454     0.377   0.718     0.090      0.162     0.00804  -1	   0.0636136    -0.0557227
     D1E6E-a39b      0.036     0.028       0.097     0.634      0.003     0.824      0.629     0.717      0.768     0.300    0.474     0.347   0.725     0.145      0.156     0.00695  -1	  -0.0423583    -0.0205424
     D1E6E-a39c      0.037     0.027       0.097     0.558      0.091     0.813      0.629     0.723      0.770     0.305    0.476     0.350   0.744     0.131      0.135     0.00693  -1	  -0.0254358    -0.0266170
     D1E6E-a39d      0.032     0.053       0.160     0.567      0.141     0.816      0.504     0.586      0.073     0.312    0.502     0.337   0.587     0.082      0.130     0.00844  -1	   0.1545677     0.0434197
      D1E6E-a3a      0.024     0.030       0.099     0.503      0.203     0.850      0.568     0.625      0.535     0.313    0.486     0.350   0.705     0.132      0.113     0.00833  -1	  -0.0103696    -0.0166196
      D1E6E-a3b      0.032     0.034       0.114     0.574      0.080     0.840      0.543     0.510      0.860     0.315    0.487     0.352   0.744     0.117      0.173     0.00872  -1	  -0.0002619     0.0707816
      D1E6E-a3c      0.036     0.032       0.108     0.664      0.274     0.832      0.569     0.613      0.235     0.282    0.461     0.338   0.872     0.129      0.107     0.00951  -1	   0.1051242     0.0109329
      D1E6E-a3d      0.037     0.031       0.108     0.648      0.260     0.829      0.534     0.576      0.637     0.312    0.481     0.353   0.816     0.118      0.100     0.00960  -1	   0.0448098     0.0356443
     D1E6E-a40a      0.030     0.046       0.141     0.638      0.191     0.803      0.515     0.545      0.592     0.303    0.455     0.363   0.739     0.089      0.122     0.00770  -1	   0.0640121     0.0385849
     D1E6E-a40b      0.031     0.046       0.138     0.644     -0.158     0.814      0.539     0.648      0.159     0.303    0.471     0.351   0.701     0.095      0.193     0.00805  -1	   0.1149506    -0.0044061
     D1E6E-a40c      0.034     0.033       0.114     0.569      0.304     0.811      0.581     0.638      0.212     0.292    0.456     0.351   0.798     0.117      0.182     0.00829  -1	   0.1308333    -0.0044575
     D1E6E-a40d      0.032     0.036       0.125     0.542      0.330     0.813      0.575     0.641      0.078     0.281    0.466     0.334   0.737     0.112      0.164     0.00845  -1	   0.1806504     0.0128883
     D1E6E-a41a      0.033     0.041       0.132     0.677     -0.013     0.815      0.554     0.651      0.269     0.305    0.465     0.358   0.852     0.086      0.044     0.00939  -1	   0.0194710    -0.0441747
     D1E6E-a41b      0.030     0.050       0.149     0.669      0.134     0.814      0.537     0.583      0.508     0.316    0.494     0.347   0.827     0.092      0.196     0.00776  -1	   0.0704889    -0.0250702
     D1E6E-a41c      0.032     0.046       0.143     0.600      0.106     0.805      0.542     0.564      0.207     0.292    0.453     0.353   0.771     0.092      0.187     0.00773  -1	   0.1143260     0.0295081
     D1E6E-a41d      0.030     0.040       0.130     0.598      0.213     0.810      0.632     0.701      0.842     0.317    0.497     0.346   0.767     0.101      0.035     0.00888  -1	   0.0612453    -0.0001213
     D1E6E-a42b      0.029     0.037       0.116     0.714      0.194     0.813      0.544     0.659      0.535     0.314    0.482     0.354   0.819     0.115      0.094     0.00845  -1	   0.0302621    -0.0266432
     D1E6E-a42c      0.027     0.043       0.130     0.728     -0.537     0.802      0.551     0.607      0.961     0.309    0.488     0.345   0.688     0.105      0.104     0.00745  -1	   0.0658621     0.0838395
     D1E6E-a42d      0.028     0.042       0.121     0.729     -0.536     0.798      0.561     0.617      0.962     0.306    0.474     0.353   0.688     0.096      0.130     0.00738  -1	   0.0701709     0.0901716
     D1E6E-a43a      0.033     0.041       0.125     0.594      0.305     0.814      0.593     0.662      0.525     0.311    0.497     0.342   0.798     0.092      0.084     0.00903  -1	   0.0828608    -0.0232953
     D1E6E-a43b      0.029     0.044       0.136     0.647     -0.101     0.788      0.589     0.702      0.704     0.277    0.445     0.345   0.732     0.097      0.172     0.00905  -1	  -0.0074887    -0.0197587
     D1E6E-a43c      0.029     0.041       0.130     0.694      0.004     0.801      0.548     0.639      0.690     0.282    0.454     0.343   0.781     0.109      0.179     0.00864  -1	  -0.0100494    -0.0178976
     D1E6E-a43d      0.032     0.042       0.132     0.708     -0.268     0.805      0.610     0.695      0.864     0.322    0.481     0.363   0.750     0.102      0.049     0.00786  -1	  -0.0028845     0.0296461
     D1E6E-a44a      0.034     0.028       0.099     0.587     -0.062     0.818      0.650     0.660      0.956     0.303    0.490     0.338   0.738     0.145      0.096     0.01076  -1	  -0.0231234     0.0145879
     D1E6E-a44b      0.034     0.027       0.097     0.574     -0.015     0.818      0.649     0.655      0.903     0.294    0.480     0.336   0.778     0.141      0.114     0.01065  -1	  -0.0326646     0.0009352
     D1E6E-a44c      0.033     0.027       0.088     0.527     -0.001     0.817      0.657     0.666      0.938     0.303    0.497     0.333   0.717     0.156      0.074     0.01068  -1	  -0.0165267     0.0019084
     D1E6E-a44d      0.030     0.036       0.116     0.626     -0.332     0.811      0.623     0.676      0.936     0.294    0.473     0.340   0.756     0.109      0.144     0.00975  -1	   0.0060834     0.0474620
     D1E6E-a45a      0.038     0.026       0.084     0.627     -0.065     0.833      0.598     0.610      0.998     0.334    0.496     0.363   0.756     0.176      0.156     0.00918  -1	  -0.0377612     0.0224350
     D1E6E-a45b      0.030     0.035       0.125     0.660      0.009     0.829      0.599     0.708      0.655     0.297    0.498     0.326   0.781     0.108      0.124     0.01037  -1	  -0.0335337    -0.0369219
     D1E6E-a45c      0.032     0.035       0.108     0.649     -0.079     0.831      0.615     0.684      0.811     0.288    0.473     0.335   0.756     0.116      0.358     0.04401  -1	  -0.0422084    -0.0388995
     D1E6E-a45d      0.037     0.031       0.095     0.528     -0.110     0.827      0.606     0.671      0.528     0.302    0.467     0.353   0.653     0.134      0.064     0.01023  -1	  -0.0354594    -0.0155684
     D1E6E-a46a      0.040     0.041       0.119     0.577      0.208     0.812      0.508     0.601      0.242     0.333    0.511     0.351   0.767     0.124      0.177     0.02084  -1	   0.1087566    -0.0056720
     D1E6E-a46b      0.025     0.045       0.138     0.564     -0.251     0.800      0.551     0.669      0.077     0.289    0.475     0.336   0.653     0.098      0.154     0.02198  -1	   0.1252065     0.0052959
     D1E6E-a46c      0.032     0.035       0.110     0.681     -0.048     0.827      0.594     0.657      0.124     0.286    0.460     0.342   0.852     0.115      0.350     0.04421  -1	   0.1995061    -0.0099460
     D1E6E-a46d      0.031     0.041       0.136     0.560      0.201     0.828      0.540     0.588      0.089     0.330    0.507     0.351   0.767     0.118      0.129     0.08000  -1	   0.1170589     0.0142760
     D1E6E-a47a      0.029     0.042       0.125     0.508     -0.273     0.837      0.509     0.597      0.784     0.284    0.462     0.339   0.591     0.093      0.053     0.03197  -1	   0.0255403     0.1018958
     D1E6E-a47b      0.027     0.039       0.130     0.652     -0.277     0.821      0.549     0.673      0.232     0.300    0.495     0.331   0.726     0.093      0.138     0.04090  -1	   0.0576622    -0.0115631
     D1E6E-a47d      0.033     0.036       0.110     0.711     -0.116     0.818      0.589     0.678      0.273     0.275    0.466     0.327   0.812     0.132      0.326     0.04063  -1	   0.1216774    -0.0407739
     D1E6E-a48a      0.022     0.033       0.114     0.687      0.273     0.833      0.571     0.611      0.750     0.314    0.497     0.344   0.872     0.110      0.057     0.02699  -1	   0.0392959     0.0090769
     D1E6E-a48b      0.038     0.044       0.130     0.620      0.372     0.847      0.508     0.438      0.482     0.313    0.483     0.352   0.848     0.105      0.202     0.49458   1	   0.1893362     0.1640108
     D1E6E-a48c      0.038     0.042       0.132     0.679      0.437     0.846      0.518     0.455      0.322     0.316    0.468     0.368   0.878     0.109      0.250     0.48608   1	   0.3026023     0.2223194
     D1E6E-a48d      0.028     0.036       0.101     0.617      0.100     0.833      0.560     0.548      0.820     0.331    0.499     0.358   0.771     0.132      0.115     0.02124  -1	  -0.0079633     0.0206805
     D1E6E-a49a      0.026     0.035       0.099     0.498      0.069     0.826      0.586     0.589      0.646     0.321    0.451     0.384   0.618     0.140      0.127     0.02131  -1	  -0.0190563     0.0024170
     D1E6E-a49b      0.033     0.037       0.112     0.613      0.475     0.822      0.528     0.505      0.507     0.324    0.490     0.358   0.836     0.139      0.156     0.02502  -1	   0.1892093     0.1134102
     D1E6E-a49c      0.031     0.029       0.090     0.642      0.391     0.816      0.606     0.623      0.818     0.325    0.470     0.375   0.848     0.152      0.152     0.02098  -1	   0.0924941     0.0094573
     D1E6E-a49d      0.025     0.035       0.112     0.641      0.062     0.826      0.620     0.737      0.712     0.303    0.470     0.353   0.761     0.125      0.101     0.02245  -1	  -0.0249349    -0.0397661
      D1E6E-a4a      0.036     0.037       0.127     0.685      0.051     0.838      0.482     0.483      0.709     0.309    0.483     0.350   0.817     0.091      0.172     0.00997  -1	  -0.0025842     0.0851109
      D1E6E-a4b      0.032     0.040       0.138     0.626     -0.004     0.847      0.570     0.627      0.571     0.300    0.474     0.346   0.796     0.098      0.067     0.01011  -1	  -0.0195985    -0.0284113
      D1E6E-a4c      0.029     0.043       0.134     0.615      0.257     0.851      0.541     0.686      0.150     0.284    0.467     0.335   0.816     0.103      0.068     0.00866  -1	   0.1223750    -0.0833446
      D1E6E-a4d      0.029     0.045       0.149     0.620      0.091     0.847      0.612     0.742      0.217     0.330    0.488     0.365   0.761     0.094      0.132     0.00855  -1	   0.0749511    -0.0965301
     D1E6E-a50a      0.030     0.033       0.088     0.582      0.564     0.823      0.523     0.567      0.287     0.300    0.499     0.328   0.815     0.181      0.184     0.05182  -1	   0.2524402     0.0818034
     D1E6E-a50b      0.031     0.031       0.095     0.551      0.186     0.834      0.618     0.648      0.890     0.327    0.510     0.347   0.721     0.144      0.204     0.03110  -1	   0.0134508    -0.0125587
     D1E6E-a50c      0.026     0.043       0.132     0.629      0.039     0.829      0.634     0.702      0.992     0.339    0.515     0.355   0.725     0.110      0.173     0.02341  -1	   0.0186424    -0.0078257
     D1E6E-a50d      0.026     0.043       0.127     0.662      0.094     0.829      0.624     0.672      0.986     0.370    0.542     0.362   0.817     0.122      0.135     0.02362  -1	   0.0247965    -0.0231910
     D1E6E-a51a      0.039     0.046       0.138     0.617      0.508     0.855      0.450     0.379      0.120     0.294    0.493     0.326   0.841     0.092      0.051     0.74037   1	   0.3122678     0.3124717
     D1E6E-a51b      0.027     0.043       0.125     0.705      0.217     0.821      0.616     0.683      0.902     0.400    0.560     0.375   0.864     0.110      0.155     0.02330  -1	   0.0697590    -0.0194149
     D1E6E-a51c      0.036     0.039       0.110     0.655      0.131     0.848      0.559     0.582      0.997     0.357    0.530     0.359   0.827     0.121      0.193     0.00997  -1	   0.0406342     0.0235615
     D1E6E-a51d      0.033     0.033       0.112     0.629     -0.015     0.828      0.593     0.664      0.815     0.307    0.481     0.347   0.796     0.115      0.303     0.00855  -1	  -0.0364344    -0.0281310
     D1E6E-a52a      0.034     0.035       0.105     0.670      0.043     0.825      0.543     0.568      0.675     0.318    0.468     0.369   0.781     0.138      0.205     0.01063  -1	  -0.0143597     0.0057662
     D1E6E-a52b      0.036     0.027       0.084     0.691      0.004     0.837      0.554     0.598      0.891     0.304    0.473     0.350   0.781     0.157      0.192     0.01119  -1	  -0.0472393     0.0239424
     D1E6E-a52c      0.034     0.028       0.099     0.581      0.283     0.836      0.575     0.637      0.433     0.300    0.485     0.339   0.798     0.107      0.143     0.01141  -1	   0.0518882    -0.0032503
     D1E6E-a52d      0.033     0.035       0.108     0.686      0.048     0.826      0.553     0.574      0.581     0.334    0.487     0.370   0.781     0.139      0.190     0.01060  -1	  -0.0062789    -0.0001212
     D1E6E-a53a      0.042     0.051       0.154     0.580      0.079     0.816      0.514     0.563      0.421     0.279    0.479     0.322   0.612     0.071      0.111     0.01868  -1	   0.0658714     0.0455130
     D1E6E-a53b      0.036     0.027       0.090     0.580      0.399     0.832      0.559     0.573      0.537     0.294    0.474     0.341   0.830     0.144      0.132     0.00803  -1	   0.0890399     0.0406071
     D1E6E-a53c      0.035     0.033       0.112     0.642      0.082     0.836      0.544     0.577      0.538     0.300    0.467     0.352   0.761     0.120      0.062     0.00919  -1	  -0.0148793     0.0172419
     D1E6E-a53d      0.035     0.039       0.127     0.626     -0.046     0.823      0.572     0.625      0.396     0.289    0.464     0.343   0.796     0.096      0.193     0.01497  -1	   0.0227833    -0.0272090
     D1E6E-a54a      0.035     0.034       0.110     0.602      0.166     0.835      0.533     0.581      0.970     0.322    0.490     0.356   0.739     0.120      0.076     0.00919  -1	   0.0613722     0.0690569
     D1E6E-a54b      0.036     0.041       0.123     0.676      0.195     0.826      0.501     0.512      0.038     0.309    0.479     0.352   0.794     0.110      0.113     0.00912  -1	   0.1760007     0.1433682
     D1E6E-a54c      0.037     0.042       0.125     0.700      0.386     0.825      0.494     0.487      0.038     0.301    0.475     0.347   0.928     0.096      0.104     0.00922  -1	   0.2778686     0.1870156
     D1E6E-a54d      0.039     0.041       0.127     0.621      0.138     0.828      0.521     0.599      0.391     0.317    0.496     0.347   0.771     0.098     -0.001     0.01219  -1	   0.0151926    -0.0090631
     D1E6E-a55a      0.036     0.047       0.141     0.673      0.126     0.818      0.459     0.510      0.036     0.314    0.516     0.330   0.827     0.103      0.143     0.00908  -1	   0.1899552     0.1115199
     D1E6E-a55b      0.031     0.038       0.134     0.653      0.085     0.834      0.543     0.608      0.744     0.332    0.484     0.371   0.817     0.086      0.204     0.00964  -1	   0.0100430     0.0042261
     D1E6E-a55c      0.035     0.043       0.132     0.606      0.340     0.832      0.473     0.507      0.063     0.288    0.490     0.323   0.816     0.106      0.144     0.00893  -1	   0.2343414     0.1275113
     D1E6E-a55d      0.035     0.040       0.121     0.669      0.210     0.822      0.502     0.521      0.071     0.312    0.485     0.350   0.840     0.117      0.125     0.00888  -1	   0.1656467     0.1106046
     D1E6E-a56a      0.028     0.047       0.145     0.519     -0.444     0.800      0.509     0.658      0.757     0.308    0.461     0.365   0.504     0.089      0.059     0.00860  -1	   0.0812886     0.0909876
     D1E6E-a56b      0.039     0.033       0.130     0.635     -0.030     0.818      0.600     0.641      0.472     0.334    0.469     0.384   0.796     0.111      0.287     0.00896  -1	   0.0204114    -0.0388787
     D1E6E-a56c      0.036     0.042       0.125     0.701      0.161     0.827      0.512     0.537      0.089     0.293    0.487     0.330   0.819     0.102      0.104     0.00903  -1	   0.1540432     0.1028552
     D1E6E-a56d      0.034     0.031       0.108     0.740      0.124     0.817      0.597     0.655      0.168     0.313    0.510     0.333   0.851     0.140      0.112     0.00655  -1	   0.0917024     0.0242087
     D1E6E-a57a      0.025     0.048       0.149     0.639     -0.320     0.802      0.554     0.738      0.822     0.305    0.471     0.354   0.756     0.097      0.166     0.00859  -1	   0.0051884     0.0197840
     D1E6E-a57b      0.034     0.051       0.165     0.698      0.188     0.806      0.527     0.624      0.627     0.314    0.476     0.359   0.845     0.075      0.145     0.00848  -1	   0.0861445    -0.0187467
     D1E6E-a57c      0.032     0.041       0.132     0.640     -0.235     0.832      0.562     0.694      0.549     0.303    0.464     0.358   0.718     0.098      0.075     0.00834  -1	  -0.0147641    -0.0207243
     D1E6E-a57d      0.026     0.048       0.145     0.569     -0.244     0.796      0.528     0.705      0.142     0.310    0.480     0.352   0.700     0.101      0.083     0.00862  -1	   0.0783447    -0.0447115
     D1E6E-a58a      0.028     0.046       0.143     0.587     -0.247     0.798      0.524     0.700      0.241     0.339    0.483     0.378   0.700     0.098      0.105     0.00852  -1	   0.0499494    -0.0420735
     D1E6E-a58b      0.030     0.046       0.141     0.640      0.131     0.803      0.522     0.555      0.383     0.290    0.471     0.339   0.771     0.093      0.154     0.00768  -1	   0.0674337     0.0187534
     D1E6E-a58c      0.031     0.048       0.149     0.689      0.155     0.803      0.507     0.542      0.133     0.290    0.457     0.349   0.794     0.089      0.146     0.00777  -1	   0.1676738     0.0706525
     D1E6E-a58d      0.036     0.043       0.127     0.645     -0.068     0.820      0.563     0.640      0.419     0.291    0.460     0.347   0.756     0.097      0.111     0.00830  -1	   0.0142756    -0.0238176
     D1E6E-a59a      0.034     0.038       0.132     0.674     -0.189     0.803      0.617     0.645      0.772     0.314    0.461     0.371   0.757     0.107      0.239     0.00834  -1	  -0.0272190    -0.0142471
     D1E6E-a59b      0.036     0.038       0.108     0.604     -0.244     0.815      0.592     0.576      0.800     0.308    0.461     0.365   0.718     0.128      0.026     0.00797  -1	   0.0148449     0.0430721
     D1E6E-a59c      0.035     0.040       0.110     0.630     -0.335     0.822      0.569     0.557      0.681     0.326    0.476     0.371   0.756     0.130      0.033     0.00797  -1	   0.0157282     0.0421922
     D1E6E-a59d      0.032     0.029       0.090     0.611     -0.667     0.811      0.579     0.571      0.687     0.288    0.451     0.351   0.584     0.138      0.054     0.00711  -1	   0.1835489     0.0975964
      D1E6E-a5a      0.028     0.046       0.158     0.744     -0.209     0.832      0.519     0.621      0.508     0.370    0.543     0.362   0.798     0.093      0.060     0.00855  -1	  -0.0324285    -0.0322728
      D1E6E-a5b      0.027     0.035       0.116     0.648      0.128     0.828      0.581     0.669      0.955     0.387    0.514     0.400   0.771     0.132      0.155     0.00783  -1	   0.0231035    -0.0009165
      D1E6E-a5c      0.035     0.028       0.097     0.745      0.096     0.838      0.543     0.654      0.313     0.327    0.471     0.375   0.841     0.144      0.234     0.01213  -1	   0.0810500    -0.0204685
      D1E6E-a5d      0.034     0.031       0.103     0.746      0.069     0.829      0.537     0.660      0.592     0.349    0.493     0.380   0.841     0.154      0.256     0.01240  -1	   0.0068832    -0.0495422
     D1E6E-a60a      0.041     0.026       0.077     0.580     -0.308     0.830      0.604     0.574      0.400     0.289    0.469     0.340   0.738     0.187      0.190     0.00743  -1	   0.0333199     0.0632351
     D1E6E-a60b      0.035     0.039       0.141     0.663     -0.065     0.816      0.521     0.626      0.381     0.309    0.484     0.349   0.812     0.098      0.177     0.01032  -1	   0.0215405    -0.0308820
     D1E6E-a60c      0.034     0.039       0.125     0.758     -0.114     0.806      0.591     0.623      0.550     0.314    0.479     0.356   0.792     0.118      0.174     0.00815  -1	  -0.0041733    -0.0104731
     D1E6E-a60d      0.031     0.040       0.121     0.554      0.069     0.824      0.614     0.726      0.907     0.315    0.488     0.352   0.744     0.099      0.068     0.00906  -1	   0.0342711     0.0003541
     D1E6E-a61a      0.034     0.031       0.095     0.627     -0.453     0.814      0.619     0.721      0.940     0.304    0.449     0.369   0.627     0.155      0.126     0.01178  -1	   0.0607034     0.0712667
     D1E6E-a61b      0.031     0.048       0.145     0.665      0.070     0.805      0.571     0.544      0.517     0.318    0.495     0.349   0.817     0.090      0.051     0.00852  -1	   0.0104541     0.0074364
     D1E6E-a61c      0.031     0.041       0.125     0.561      0.213     0.815      0.625     0.689      0.839     0.301    0.498     0.330   0.767     0.092      0.117     0.00888  -1	   0.0614812    -0.0124209
     D1E6E-a61d      0.028     0.041       0.143     0.710     -0.104     0.793      0.599     0.702      0.545     0.303    0.484     0.342   0.812     0.086      0.146     0.00903  -1	  -0.0146979    -0.0421558
     D1E6E-a62a      0.037     0.020       0.064     0.666      0.159     0.825      0.613     0.680      0.833     0.279    0.456     0.337   0.794     0.208      0.077     0.00924  -1	  -0.0393645    -0.0179446
     D1E6E-a62b      0.032     0.031       0.101     0.743     -0.303     0.809      0.586     0.688      0.497     0.294    0.459     0.351   0.836     0.140      0.110     0.01163  -1	   0.0077021    -0.0073195
     D1E6E-a62c      0.033     0.029       0.095     0.632      0.043     0.810      0.548     0.611      0.983     0.364    0.502     0.387   0.725     0.160      0.083     0.01192  -1	  -0.0066722     0.0328566
     D1E6E-a62d      0.040     0.024       0.081     0.692     -0.394     0.820      0.636     0.661      0.685     0.294    0.454     0.355   0.699     0.182      0.267     0.00788  -1	   0.0079932     0.0195592
     D1E6E-a63a      0.027     0.032       0.099     0.456     -0.352     0.834      0.554     0.608      0.564     0.286    0.463     0.340   0.500     0.132      0.086     0.02975  -1	   0.0093292     0.0661753
     D1E6E-a63b      0.032     0.028       0.090     0.594      0.222     0.818      0.584     0.638      0.940     0.313    0.476     0.358   0.767     0.125      0.178     0.01288  -1	   0.0309399     0.0223426
     D1E6E-a63c      0.035     0.028       0.105     0.554      0.053     0.836      0.626     0.687      0.793     0.294    0.466     0.347   0.744     0.114     -0.034     0.02810  -1	  -0.0007734     0.0100641
     D1E6E-a63d      0.035     0.028       0.099     0.615      0.048     0.838      0.631     0.696      0.519     0.281    0.447     0.348   0.725     0.118      0.037     0.03553  -1	  -0.0324431    -0.0192265
     D1E6E-a64a      0.033     0.037       0.127     0.614     -0.262     0.831      0.544     0.606      0.148     0.310    0.474     0.356   0.671     0.103      0.384     0.06499  -1	   0.1832423     0.0655980
     D1E6E-a64b      0.039     0.040       0.116     0.636      0.169     0.819      0.537     0.646      0.218     0.327    0.524     0.336   0.739     0.129      0.169     0.02069  -1	   0.1168745    -0.0171489
     D1E6E-a64c      0.039     0.040       0.116     0.569      0.161     0.818      0.524     0.623      0.626     0.331    0.545     0.325   0.721     0.117      0.162     0.02006  -1	   0.0256734    -0.0029486
     D1E6E-a64d      0.034     0.038       0.112     0.709      0.040     0.828      0.565     0.606      0.781     0.338    0.471     0.386   0.805     0.125      0.090     0.02905  -1	  -0.0080470    -0.0028131
     D1E6E-a65a      0.033     0.041       0.132     0.596      0.036     0.838      0.555     0.619      0.195     0.300    0.490     0.334   0.708     0.110      0.090     0.09110  -1	   0.0431360    -0.0090920
     D1E6E-a65b      0.040     0.041       0.121     0.663      0.355     0.834      0.563     0.617      0.865     0.322    0.480     0.364   0.903     0.101      0.114     0.04840  -1	   0.1527181     0.0240011
     D1E6E-a65c      0.041     0.040       0.125     0.678      0.213     0.834      0.583     0.637      0.808     0.346    0.498     0.374   0.840     0.110      0.107     0.05013  -1	   0.0688025     0.0004441
     D1E6E-a65d      0.040     0.041       0.119     0.658      0.344     0.833      0.556     0.614      0.722     0.363    0.518     0.374   0.872     0.105      0.107     0.04178  -1	   0.1326546     0.0183679
     D1E6E-a66a      0.037     0.046       0.138     0.613      0.362     0.852      0.516     0.453      0.287     0.332    0.505     0.354   0.848     0.093      0.210     0.49307   1	   0.2351578     0.1901042
     D1E6E-a66b      0.038     0.048       0.136     0.638      0.542     0.836      0.452     0.359      0.054     0.311    0.480     0.353   0.841     0.092      0.164     0.64996   1	   0.4336627     0.4319253
     D1E6E-a66c      0.039     0.046       0.134     0.646      0.389     0.854      0.486     0.408      0.263     0.313    0.490     0.347   0.848     0.099      0.223     0.47501   1	   0.2796443     0.2616288
     D1E6E-a66d      0.038     0.047       0.138     0.631      0.536     0.849      0.432     0.355      0.119     0.291    0.492     0.324   0.841     0.100      0.097     0.74403   1	   0.3671355     0.3659466
     D1E6E-a67a      0.039     0.049       0.141     0.630      0.320     0.854      0.487     0.414      0.626     0.323    0.497     0.352   0.816     0.090      0.214     0.48605   1	   0.1758312     0.1670199
     D1E6E-a67c      0.039     0.050       0.141     0.687      0.595     0.839      0.434     0.336      0.223     0.331    0.484     0.370   0.889     0.092      0.185     0.65744   1	   0.4743992     0.4445299
     D1E6E-a67d      0.040     0.046       0.136     0.616      0.342     0.853      0.503     0.434      0.726     0.324    0.531     0.327   0.816     0.099      0.208     0.50543   1	   0.1717151     0.1503459
     D1E6E-a68a      0.036     0.047       0.136     0.650      0.276     0.824      0.515     0.564      0.371     0.290    0.466     0.342   0.872     0.098      0.273     0.05882  -1	   0.1860367     0.0104749
     D1E6E-a68b      0.038     0.051       0.156     0.664      0.032     0.830      0.506     0.530      0.183     0.311    0.510     0.331   0.780     0.075      0.102     0.05295  -1	   0.0980255     0.0589568
     D1E6E-a68c      0.038     0.046       0.136     0.631      0.372     0.853      0.488     0.416      0.196     0.331    0.486     0.368   0.848     0.099      0.218     0.49579   1	   0.2772480     0.2596011
     D1E6E-a68d      0.041     0.051       0.149     0.642      0.631     0.844      0.463     0.375      0.136     0.316    0.492     0.349   0.829     0.088      0.190     0.65353   1	   0.5434601     0.4576921
     D1E6E-a69a      0.038     0.038       0.141     0.730     -0.195     0.832      0.539     0.550      0.345     0.305    0.477     0.348   0.781     0.094      0.116     0.07797  -1	   0.0215265     0.0481659
     D1E6E-a69b      0.035     0.034       0.132     0.652     -0.309     0.817      0.553     0.586      0.251     0.321    0.494     0.353   0.812     0.097      0.173     0.06545  -1	   0.0661170     0.0453647
     D1E6E-a69c      0.037     0.037       0.136     0.711     -0.263     0.823      0.511     0.516      0.501     0.279    0.470     0.328   0.750     0.098      0.103     0.07265  -1	  -0.0052261     0.0689177
     D1E6E-a69d      0.039     0.052       0.154     0.653      0.093     0.832      0.501     0.523      0.384     0.313    0.493     0.345   0.805     0.075      0.100     0.05393  -1	   0.0679324     0.0297140
      D1E6E-a6a      0.028     0.039       0.134     0.630      0.153     0.834      0.569     0.685      0.860     0.331    0.501     0.356   0.739     0.097      0.136     0.00881  -1	   0.0432142     0.0156079
      D1E6E-a6b      0.027     0.042       0.132     0.619      0.284     0.845      0.527     0.657      0.367     0.296    0.463     0.350   0.816     0.103      0.012     0.00854  -1	   0.0739723    -0.0547353
      D1E6E-a6c      0.022     0.038       0.141     0.583      0.064     0.836      0.523     0.581      0.832     0.327    0.486     0.364   0.744     0.110      0.201     0.00822  -1	  -0.0026026     0.0324802
      D1E6E-a6d      0.030     0.040       0.132     0.589      0.216     0.836      0.558     0.606      0.396     0.293    0.488     0.330   0.767     0.109      0.124     0.00831  -1	   0.0605208    -0.0122092
     D1E6E-a70a      0.038     0.045       0.127     0.636      0.182     0.842      0.546     0.582      0.063     0.320    0.492     0.353   0.739     0.089      0.182     0.03646  -1	   0.2013125     0.0805512
     D1E6E-a70b      0.031     0.074       0.209     0.687      0.091     0.814      0.437     0.593      0.096     0.305    0.486     0.343   0.805     0.065      0.141     0.02993  -1	   0.2287971    -0.0585462
     D1E6E-a70c      0.038     0.049       0.149     0.599      0.051     0.831      0.512     0.537      0.658     0.327    0.491     0.361   0.744     0.083      0.060     0.05519  -1	   0.0259879     0.0343729
     D1E6E-a70d      0.031     0.030       0.099     0.608      0.141     0.838      0.610     0.606      0.823     0.292    0.478     0.335   0.771     0.096      0.047     0.01689  -1	   0.0112332     0.0343715
     D1E6E-a71a      0.040     0.049       0.156     0.525      0.102     0.823      0.542     0.589      0.330     0.286    0.455     0.347   0.692     0.067      0.126     0.01861  -1	   0.0702663     0.0054995
     D1E6E-a71b      0.036     0.038       0.121     0.529     -0.080     0.820      0.640     0.649      0.519     0.309    0.476     0.355   0.677     0.101      0.463     0.01421  -1	   0.0338414    -0.0508866
     D1E6E-a71c      0.036     0.044       0.130     0.655      0.054     0.827      0.487     0.531      0.195     0.316    0.487     0.353   0.817     0.090      0.261     0.01663  -1	   0.1493592     0.0767716
     D1E6E-a71d      0.031     0.042       0.130     0.604      0.032     0.822      0.570     0.612      0.387     0.285    0.443     0.355   0.725     0.098      0.177     0.01514  -1	   0.0361112    -0.0142106
     D1E6E-a72a      0.037     0.032       0.110     0.621      0.043     0.834      0.603     0.689      0.834     0.318    0.503     0.343   0.725     0.100      0.208     0.01520  -1	  -0.0149183     0.0003509
     D1E6E-a72b      0.038     0.041       0.123     0.593      0.138     0.829      0.509     0.581      0.387     0.309    0.475     0.355   0.753     0.093     -0.004     0.01226  -1	   0.0138540     0.0048128
     D1E6E-a72c      0.036     0.042       0.132     0.601      0.179     0.823      0.513     0.557      0.161     0.296    0.452     0.358   0.739     0.096      0.284     0.01568  -1	   0.1933295     0.0761920
     D1E6E-a72d      0.034     0.029       0.099     0.711      0.329     0.818      0.572     0.593      0.336     0.299    0.476     0.344   0.896     0.136      0.176     0.01501  -1	   0.1291274     0.0487946
     D1E6E-a73a      0.029     0.024       0.075     0.711     -0.393     0.830      0.584     0.657      0.512     0.317    0.496     0.347   0.724     0.213      0.050     0.00809  -1	   0.0110343     0.0197604
     D1E6E-a73b      0.037     0.034       0.116     0.662      0.171     0.826      0.599     0.680      0.717     0.294    0.473     0.342   0.794     0.108      0.169     0.00995  -1	   0.0258278    -0.0144470
     D1E6E-a73c      0.026     0.048       0.145     0.605     -0.340     0.803      0.549     0.737      0.451     0.334    0.498     0.362   0.756     0.100      0.157     0.00861  -1	   0.0373931    -0.0535383
     D1E6E-a73d      0.037     0.041       0.138     0.570     -0.118     0.823      0.586     0.640      0.604     0.290    0.469     0.340   0.714     0.113      0.374     0.00967  -1	   0.0082231    -0.0400433
     D1E6E-a74a      0.038     0.040       0.136     0.549      0.004     0.827      0.610     0.657      0.538     0.289    0.468     0.340   0.646     0.102      0.395     0.00965  -1	   0.0415190    -0.0453316
     D1E6E-a74b      0.038     0.042       0.136     0.571     -0.104     0.826      0.574     0.627      0.571     0.297    0.487     0.334   0.714     0.112      0.354     0.00968  -1	   0.0145722    -0.0327792
     D1E6E-a74c      0.037     0.042       0.141     0.629     -0.195     0.824      0.572     0.649      0.725     0.301    0.477     0.345   0.701     0.114      0.335     0.00968  -1	  -0.0148589    -0.0226117
     D1E6E-a74d      0.027     0.048       0.149     0.590     -0.317     0.809      0.508     0.693      0.369     0.337    0.501     0.363   0.738     0.095      0.098     0.00859  -1	   0.0296877    -0.0348792
     D1E6E-a75a      0.033     0.038       0.108     0.648     -0.189     0.806      0.591     0.637      0.497     0.313    0.476     0.359   0.701     0.145      0.015     0.00800  -1	  -0.0152181    -0.0028199
     D1E6E-a75b      0.031     0.044       0.134     0.679      0.011     0.812      0.575     0.712      0.418     0.315    0.486     0.353   0.781     0.110      0.091     0.00827  -1	   0.0110718    -0.0678136
     D1E6E-a75c      0.038     0.027       0.092     0.671      0.300     0.812      0.557     0.537      0.371     0.289    0.457     0.347   0.872     0.158      0.169     0.00757  -1	   0.0841550     0.0697538
     D1E6E-a75d      0.033     0.050       0.163     0.643      0.028     0.834      0.607     0.726      0.639     0.325    0.476     0.370   0.725     0.076      0.161     0.00972  -1	   0.0322725    -0.0419610
     D1E6E-a76a      0.038     0.031       0.095     0.668     -0.131     0.827      0.633     0.716      0.378     0.294    0.463     0.349   0.788     0.143      0.057     0.00782  -1	  -0.0138173    -0.0345700
     D1E6E-a76b      0.037     0.040       0.127     0.735     -0.110     0.821      0.600     0.612      0.225     0.324    0.501     0.350   0.812     0.112      0.150     0.00816  -1	   0.0798084     0.0335390
     D1E6E-a76c      0.039     0.034       0.112     0.669     -0.297     0.808      0.612     0.645      0.785     0.311    0.472     0.359   0.726     0.150      0.135     0.00755  -1	  -0.0104312     0.0155370
     D1E6E-a77a      0.039     0.028       0.073     0.691     -0.493     0.826      0.597     0.575      0.775     0.307    0.490     0.341   0.683     0.199      0.056     0.00732  -1	   0.0644707     0.0758605
     D1E6E-a77b      0.040     0.035       0.105     0.597     -0.477     0.825      0.586     0.606      0.733     0.300    0.458     0.358   0.609     0.127      0.196     0.00745  -1	   0.0539168     0.0580028
     D1E6E-a77c      0.034     0.036       0.112     0.650      0.115     0.820      0.588     0.559      0.704     0.287    0.465     0.341   0.827     0.101      0.001     0.00789  -1	   0.0001953     0.0256253
     D1E6E-a77d      0.033     0.054       0.156     0.613     -0.025     0.818      0.562     0.645      0.628     0.320    0.477     0.364   0.680     0.079      0.088     0.00850  -1	   0.0225776    -0.0183664
     D1E6E-a78a      0.036     0.025       0.086     0.644     -0.101     0.835      0.610     0.672      0.523     0.324    0.471     0.373   0.732     0.199      0.515     0.00771  -1	   0.0283977    -0.0638594
     D1E6E-a78b      0.037     0.026       0.086     0.752     -0.500     0.834      0.559     0.541      0.280     0.296    0.473     0.342   0.686     0.162      0.106     0.00853  -1	   0.1376123     0.1468712
     D1E6E-a78c      0.039     0.029       0.075     0.690     -0.351     0.824      0.577     0.575      0.727     0.303    0.472     0.352   0.699     0.183      0.019     0.00731  -1	   0.0142709     0.0619883
     D1E6E-a78d      0.036     0.026       0.079     0.600     -0.389     0.815      0.599     0.618      0.877     0.332    0.530     0.336   0.644     0.180      0.162     0.00760  -1	  -0.0031225     0.0657242
     D1E6E-a79a      0.036     0.027       0.088     0.774     -0.099     0.838      0.608     0.675      0.999     0.340    0.529     0.344   0.815     0.128      0.022     0.00945  -1	  -0.0376851     0.0506544
     D1E6E-a79b      0.035     0.038       0.125     0.646     -0.622     0.822      0.564     0.634      0.313     0.318    0.481     0.359   0.553     0.108      0.089     0.00902  -1	   0.1698673     0.0529517
     D1E6E-a79c      0.035     0.029       0.092     0.710     -0.350     0.824      0.572     0.645      0.589     0.303    0.464     0.357   0.836     0.144      0.305     0.00889  -1	   0.0153426    -0.0005104
     D1E6E-a79d      0.038     0.032       0.092     0.670     -0.391     0.817      0.589     0.630      0.702     0.301    0.489     0.336   0.699     0.156      0.297     0.00902  -1	   0.0087646     0.0287967
      D1E6E-a7b      0.031     0.039       0.125     0.669      0.376     0.845      0.491     0.563      0.642     0.304    0.502     0.330   0.903     0.127      0.141     0.00804  -1	   0.1316899     0.0203701
      D1E6E-a7c      0.029     0.041       0.143     0.650      0.160     0.839      0.557     0.665      0.979     0.349    0.496     0.378   0.794     0.100      0.126     0.00890  -1	   0.0749846     0.0326423
     D1E6E-a80a      0.035     0.037       0.108     0.604      0.094     0.821      0.576     0.645      0.832     0.332    0.478     0.374   0.761     0.135      0.176     0.01134  -1	   0.0045254    -0.0151183
     D1E6E-a80b      0.037     0.027       0.097     0.696      0.268     0.831      0.572     0.660      0.713     0.294    0.482     0.335   0.872     0.126      0.154     0.01571  -1	   0.0367343    -0.0082532
     D1E6E-a80c      0.036     0.026       0.090     0.611     -0.353     0.823      0.611     0.705      0.783     0.290    0.463     0.345   0.644     0.149      0.071     0.00975  -1	   0.0072270     0.0463058
     D1E6E-a80d      0.029     0.037       0.121     0.618      0.309     0.827      0.543     0.625      0.755     0.324    0.479     0.366   0.816     0.113      0.086     0.01186  -1	   0.0871075     0.0150799
     D1E6E-a81a      0.039     0.044       0.132     0.708      0.098     0.822      0.507     0.581      0.732     0.332    0.493     0.365   0.841     0.117      0.113     0.02143  -1	   0.0195044    -0.0067595
     D1E6E-a81b      0.031     0.034       0.119     0.619     -0.240     0.809      0.590     0.636      0.409     0.313    0.493     0.345   0.718     0.115      0.100     0.01348  -1	  -0.0078988     0.0023068
     D1E6E-a81c      0.036     0.034       0.105     0.543      0.002     0.821      0.600     0.657      0.575     0.283    0.471     0.331   0.646     0.121      0.094     0.02205  -1	  -0.0233368    -0.0099063
     D1E6E-a81d      0.037     0.030       0.108     0.674      0.195     0.833      0.602     0.699      0.531     0.316    0.475     0.362   0.794     0.117      0.123     0.01564  -1	   0.0282985    -0.0220151
     D1E6E-a82a      0.039     0.037       0.121     0.686     -0.148     0.835      0.591     0.641      0.711     0.374    0.507     0.392   0.788     0.116      0.060     0.11653  -1	  -0.0344059    -0.0114350
     D1E6E-a82b      0.032     0.032       0.092     0.645      0.102     0.819      0.607     0.686      0.325     0.348    0.519     0.359   0.771     0.144      0.108     0.02741  -1	   0.0084600    -0.0445624
     D1E6E-a82c      0.040     0.036       0.112     0.669     -0.044     0.833      0.588     0.641      0.852     0.343    0.485     0.381   0.852     0.117      0.192     0.04005  -1	  -0.0233273    -0.0176888
     D1E6E-a82d      0.042     0.031       0.086     0.661     -0.041     0.837      0.536     0.609      0.810     0.331    0.508     0.352   0.852     0.142      0.100     0.03405  -1	  -0.0428168     0.0107401
     D1E6E-a83a      0.038     0.046       0.136     0.599      0.357     0.861      0.500     0.432      0.399     0.321    0.507     0.342   0.830     0.094      0.190     0.49815   1	   0.1993282     0.1862688
     D1E6E-a83b      0.040     0.045       0.134     0.624      0.338     0.854      0.527     0.467      0.779     0.334    0.503     0.359   0.816     0.100      0.212     0.51976   1	   0.1726764     0.1231417
     D1E6E-a83c      0.039     0.047       0.136     0.649      0.324     0.851      0.494     0.425      0.416     0.322    0.485     0.360   0.816     0.098      0.223     0.47772   1	   0.2014431     0.1841376
     D1E6E-a83d      0.041     0.050       0.141     0.684      0.596     0.842      0.458     0.366      0.092     0.320    0.490     0.354   0.889     0.095      0.190     0.64709   1	   0.5282237     0.4648583
     D1E6E-a84a      0.039     0.047       0.136     0.627      0.353     0.856      0.499     0.428      0.352     0.329    0.513     0.345   0.848     0.095      0.191     0.49769   1	   0.2156338     0.1968916
     D1E6E-a84b      0.037     0.045       0.130     0.603      0.344     0.850      0.506     0.440      0.751     0.345    0.542     0.339   0.816     0.100      0.209     0.50797   1	   0.1642699     0.1498230
     D1E6E-a84c      0.041     0.049       0.143     0.646      0.557     0.848      0.482     0.375      0.161     0.308    0.489     0.344   0.833     0.105      0.172     0.55866   1	   0.4366812     0.3965997
     D1E6E-a84d      0.038     0.044       0.132     0.605      0.364     0.850      0.505     0.438      0.667     0.304    0.488     0.340   0.848     0.099      0.188     0.49456   1	   0.1677493     0.1465668
     D1E6E-a85a      0.036     0.040       0.138     0.610      0.148     0.819      0.553     0.552      0.942     0.321    0.498     0.350   0.771     0.087      0.203     0.03762  -1	   0.0550521     0.0571617
     D1E6E-a85b      0.038     0.043       0.134     0.647      0.384     0.854      0.501     0.430      0.893     0.342    0.523     0.351   0.848     0.108      0.200     0.48899   1	   0.2030730     0.1643282
     D1E6E-a85c      0.032     0.055       0.154     0.650     -0.118     0.834      0.504     0.486      0.830     0.346    0.517     0.359   0.656     0.083      0.094     0.06200  -1	   0.0149985     0.0604678
     D1E6E-a85d      0.036     0.044       0.132     0.637      0.370     0.855      0.506     0.435      0.453     0.354    0.533     0.355   0.848     0.098      0.190     0.49441   1	   0.2004073     0.1908726
     D1E6E-a86a      0.036     0.037       0.108     0.686     -0.052     0.828      0.614     0.666      0.638     0.305    0.471     0.354   0.812     0.130      0.267     0.02072  -1	  -0.0126331    -0.0565505
     D1E6E-a86b      0.038     0.049       0.149     0.635      0.023     0.830      0.503     0.506      0.396     0.331    0.494     0.362   0.725     0.080      0.157     0.04687  -1	   0.0531288     0.0622166
     D1E6E-a86c      0.037     0.037       0.108     0.598     -0.066     0.818      0.541     0.575      0.505     0.303    0.487     0.340   0.738     0.126      0.018     0.03096  -1	  -0.0305714     0.0161175
     D1E6E-a86d      0.040     0.051       0.158     0.631      0.105     0.832      0.486     0.499      0.415     0.308    0.482     0.349   0.713     0.076      0.039     0.05387  -1	   0.0546970     0.0627118
     D1E6E-a87a      0.037     0.036       0.108     0.671      0.059     0.827      0.614     0.666      0.742     0.321    0.482     0.361   0.817     0.131      0.241     0.02156  -1	  -0.0085414    -0.0480650
     D1E6E-a87b      0.036     0.032       0.101     0.765      0.270     0.833      0.532     0.529      0.135     0.303    0.470     0.352   0.875     0.128      0.140     0.01551  -1	   0.1907150     0.1612610
     D1E6E-a87c      0.035     0.030       0.099     0.703      0.296     0.821      0.575     0.604      0.288     0.324    0.488     0.360   0.896     0.123      0.176     0.01502  -1	   0.1308106     0.0439797
     D1E6E-a87d      0.040     0.040       0.123     0.585      0.108     0.832      0.536     0.613      0.553     0.325    0.506     0.347   0.753     0.098     -0.004     0.01225  -1	  -0.0000182    -0.0051940
     D1E6E-a88a      0.036     0.037       0.116     0.593      0.296     0.830      0.519     0.532      0.574     0.318    0.478     0.362   0.798     0.136      0.241     0.01341  -1	   0.0961372     0.0503196
     D1E6E-a88b      0.039     0.037       0.125     0.752      0.073     0.821      0.540     0.601      0.230     0.318    0.480     0.360   0.821     0.135      0.031     0.01018  -1	   0.0492193     0.0187573
     D1E6E-a88c      0.038     0.024       0.088     0.649     -0.322     0.828      0.580     0.627      0.485     0.276    0.452     0.338   0.756     0.167      0.177     0.00897  -1	   0.0115867     0.0258012
     D1E6E-a88d      0.038     0.039       0.119     0.586      0.192     0.832      0.554     0.620      0.555     0.319    0.493     0.351   0.721     0.099      0.121     0.01216  -1	   0.0450996     0.0051186
     D1E6E-a89a      0.032     0.036       0.105     0.629      0.321     0.822      0.546     0.614      0.237     0.306    0.483     0.346   0.816     0.124      0.052     0.00887  -1	   0.0950966    -0.0032808
     D1E6E-a89b      0.037     0.039       0.123     0.764      0.051     0.826      0.544     0.616      0.619     0.331    0.501     0.357   0.821     0.129      0.021     0.01029  -1	  -0.0154059    -0.0118095
     D1E6E-a89c      0.039     0.037       0.123     0.741      0.161     0.828      0.533     0.604      0.173     0.310    0.486     0.347   0.819     0.138      0.031     0.01032  -1	   0.0878852     0.0267031
     D1E6E-a89d      0.039     0.033       0.108     0.757      0.359     0.829      0.525     0.553      0.518     0.314    0.475     0.360   0.907     0.139      0.110     0.01158  -1	   0.1217090     0.0523398
      D1E6E-a8a      0.030     0.043       0.132     0.616      0.041     0.848      0.593     0.610      0.971     0.334    0.508     0.355   0.725     0.104      0.206     0.00827  -1	   0.0252135     0.0124495
      D1E6E-a8b      0.031     0.043       0.132     0.622      0.006     0.845      0.598     0.619      0.895     0.325    0.493     0.358   0.725     0.100      0.162     0.00828  -1	   0.0112944     0.0039902
      D1E6E-a8d      0.031     0.044       0.134     0.650      0.053     0.848      0.609     0.641      1.000     0.365    0.523     0.372   0.817     0.109      0.167     0.00828  -1	   0.0333959    -0.0078641
     D1E6E-a90a      0.038     0.043       0.134     0.586     -0.138     0.821      0.565     0.630      0.656     0.287    0.467     0.338   0.714     0.116      0.331     0.00974  -1	   0.0008453    -0.0215315
     D1E6E-a90b      0.039     0.032       0.112     0.608     -0.171     0.830      0.598     0.668      0.616     0.304    0.493     0.336   0.701     0.129      0.079     0.00915  -1	  -0.0377945    -0.0063207
     D1E6E-a90c      0.040     0.030       0.108     0.570     -0.117     0.832      0.611     0.675      0.556     0.284    0.477     0.328   0.714     0.127      0.101     0.00902  -1	  -0.0377680    -0.0192313
     D1E6E-a90d      0.036     0.035       0.114     0.619      0.015     0.819      0.607     0.664      0.251     0.281    0.454     0.342   0.725     0.130      0.237     0.00912  -1	   0.0792991    -0.0227503
     D1E6E-a91a      0.038     0.039       0.125     0.621     -0.186     0.817      0.576     0.676      0.645     0.315    0.487     0.352   0.701     0.116      0.098     0.00782  -1	  -0.0193800    -0.0080803
     D1E6E-a91b      0.039     0.028       0.099     0.651      0.122     0.836      0.624     0.702      0.992     0.315    0.518     0.329   0.827     0.154      0.085     0.00766  -1	   0.0018508    -0.0009638
     D1E6E-a91c      0.037     0.028       0.086     0.694      0.370     0.802      0.573     0.581      0.935     0.314    0.481     0.355   0.903     0.140      0.192     0.00758  -1	   0.0813778     0.0256224
     D1E6E-a91d      0.038     0.026       0.090     0.658      0.357     0.808      0.572     0.553      0.289     0.279    0.450     0.343   0.903     0.154      0.169     0.00750  -1	   0.1243140     0.0796623
     D1E6E-a92a      0.038     0.029       0.101     0.745     -0.189     0.826      0.597     0.680      0.741     0.297    0.482     0.337   0.781     0.135      0.099     0.00802  -1	  -0.0498211     0.0131545
     D1E6E-a92b      0.038     0.027       0.092     0.665      0.284     0.805      0.545     0.527      0.521     0.307    0.477     0.352   0.872     0.156      0.203     0.00755  -1	   0.0495006     0.0499086
     D1E6E-a92c      0.038     0.031       0.101     0.698     -0.012     0.819      0.612     0.705      0.772     0.332    0.504     0.356   0.852     0.147      0.065     0.00788  -1	  -0.0481304    -0.0325852
     D1E6E-a92d      0.037     0.029       0.099     0.698     -0.226     0.825      0.592     0.681      0.367     0.278    0.447     0.344   0.773     0.150      0.094     0.00801  -1	   0.0135167    -0.0061063
     D1E6E-a93a      0.040     0.028       0.092     0.646      0.041     0.819      0.600     0.642      0.532     0.300    0.499     0.328   0.725     0.145      0.045     0.00820  -1	  -0.0389751     0.0005844
     D1E6E-a93b      0.039     0.025       0.077     0.650     -0.570     0.820      0.623     0.620      0.845     0.307    0.487     0.344   0.663     0.174      0.043     0.00757  -1	   0.1127201     0.0906143
     D1E6E-a93c      0.041     0.030       0.090     0.657     -0.174     0.823      0.609     0.623      0.607     0.320    0.491     0.353   0.757     0.140      0.119     0.00764  -1	  -0.0344590     0.0073508
     D1E6E-a93d      0.038     0.029       0.077     0.719     -0.505     0.824      0.575     0.557      0.552     0.292    0.474     0.338   0.688     0.183      0.114     0.00739  -1	   0.0880437     0.0884512
     D1E6E-a94a      0.034     0.038       0.136     0.708     -0.049     0.826      0.615     0.735      0.801     0.301    0.500     0.328   0.876     0.105      0.109     0.01025  -1	  -0.0386259    -0.0291876
     D1E6E-a94b      0.036     0.026       0.086     0.744     -0.480     0.840      0.567     0.553      0.236     0.313    0.489     0.348   0.707     0.158      0.106     0.00865  -1	   0.1316963     0.1446613
     D1E6E-a94c      0.035     0.041       0.130     0.719     -0.402     0.822      0.571     0.633      0.848     0.310    0.466     0.362   0.664     0.105      0.126     0.00980  -1	   0.0130339     0.0421917
     D1E6E-a94d      0.031     0.041       0.130     0.728     -0.555     0.823      0.550     0.629      0.272     0.335    0.490     0.369   0.688     0.104      0.094     0.00924  -1	   0.1483318     0.0504378
     D1E6E-a95a      0.034     0.034       0.108     0.710     -0.664     0.820      0.613     0.661      0.927     0.344    0.494     0.374   0.664     0.127      0.174     0.00896  -1	   0.1092775     0.0730814
     D1E6E-a95b      0.035     0.039       0.114     0.644     -0.017     0.823      0.586     0.667      0.615     0.312    0.483     0.353   0.796     0.126      0.195     0.01137  -1	  -0.0144298    -0.0556560
     D1E6E-a95c      0.033     0.040       0.132     0.673     -0.548     0.782      0.553     0.615      0.782     0.613    0.551     0.581   0.663     0.103      0.163     0.01089  -1	   0.0796229     0.0534417
     D1E6E-a95d      0.031     0.040       0.125     0.724      0.242     0.839      0.547     0.653      0.064     0.296    0.500     0.324   0.864     0.100      0.132     0.01270  -1	   0.2108260     0.0126963
     D1E6E-a96a      0.032     0.046       0.147     0.526     -0.013     0.834      0.513     0.629      0.926     0.318    0.501     0.344   0.717     0.095      0.088     0.01190  -1	   0.0416783     0.0674465
     D1E6E-a96b      0.032     0.036       0.123     0.653     -0.048     0.834      0.561     0.629      0.633     0.309    0.471     0.358   0.852     0.136      0.088     0.01239  -1	  -0.0403739    -0.0418556
     D1E6E-a96c      0.033     0.031       0.119     0.617      0.101     0.839      0.561     0.615      0.506     0.303    0.484     0.342   0.771     0.103      0.115     0.01531  -1	  -0.0103866    -0.0007237
     D1E6E-a96d      0.033     0.040       0.127     0.600     -0.297     0.825      0.530     0.580      0.628     0.294    0.475     0.339   0.671     0.122      0.185     0.01407  -1	  -0.0025404     0.0385681
     D1E6E-a97a      0.030     0.033       0.121     0.551     -0.270     0.816      0.612     0.657      0.771     0.324    0.503     0.349   0.653     0.108      0.059     0.01314  -1	  -0.0174586     0.0246185
     D1E6E-a97b      0.030     0.036       0.101     0.675      0.183     0.825      0.540     0.583      0.561     0.337    0.495     0.368   0.794     0.131      0.107     0.01825  -1	   0.0159997     0.0012344
     D1E6E-a97c      0.031     0.034       0.110     0.527     -0.170     0.820      0.620     0.726      0.887     0.335    0.515     0.350   0.622     0.119      0.023     0.01100  -1	   0.0027698     0.0298093
     D1E6E-a97d      0.033     0.032       0.116     0.613     -0.164     0.845      0.580     0.660      0.335     0.298    0.481     0.339   0.701     0.107      0.075     0.01470  -1	  -0.0230405    -0.0164935
     D1E6E-a98a      0.038     0.034       0.092     0.720     -0.112     0.839      0.526     0.592      0.861     0.310    0.505     0.334   0.812     0.135      0.038     0.03999  -1	  -0.0363203     0.0401306
     D1E6E-a98b      0.039     0.034       0.099     0.604      0.352     0.837      0.557     0.620      0.416     0.307    0.476     0.352   0.848     0.149      0.211     0.03131  -1	   0.1283773    -0.0170673
     D1E6E-a98c      0.038     0.030       0.090     0.625      0.321     0.835      0.600     0.671      0.737     0.308    0.486     0.346   0.816     0.129      0.042     0.02482  -1	   0.0651933    -0.0034093
     D1E6E-a98d      0.044     0.055       0.160     0.571      0.124     0.850      0.536     0.482      0.416     0.303    0.502     0.329   0.587     0.079      0.211     0.11563  -1	   0.1220926     0.1008665
     D1E6E-a99a      0.037     0.033       0.084     0.710      0.233     0.844      0.561     0.627      0.536     0.334    0.503     0.359   0.864     0.122      0.058     0.04058  -1	   0.0306815    -0.0116796
     D1E6E-a99b      0.042     0.046       0.152     0.631      0.337     0.855      0.559     0.561      0.375     0.288    0.468     0.339   0.816     0.088      0.252     0.09783  -1	   0.2378062     0.0730563
     D1E6E-a99c      0.036     0.032       0.092     0.594     -0.037     0.837      0.537     0.597      0.441     0.303    0.469     0.353   0.778     0.150      0.025     0.04186  -1	  -0.0414792    -0.0086886
     D1E6E-a99d      0.037     0.029       0.084     0.653      0.071     0.822      0.604     0.683      0.893     0.296    0.467     0.347   0.817     0.165      0.047     0.03793  -1	  -0.0163038    -0.0091574
      D1E6E-a9a      0.033     0.033       0.112     0.740      0.144     0.826      0.561     0.637      0.088     0.294    0.485     0.333   0.851     0.136      0.110     0.00671  -1	   0.1348290     0.0329388
      D1E6E-a9b      0.038     0.030       0.114     0.658      0.165     0.823      0.616     0.702      0.938     0.327    0.482     0.368   0.794     0.122      0.092     0.00630  -1	   0.0349351     0.0179714
      D1E6E-a9c      0.033     0.028       0.099     0.629     -0.049     0.828      0.610     0.666      0.826     0.312    0.496     0.343   0.796     0.134      0.076     0.00614  -1	  -0.0496261    -0.0036191
      D1E6E-a9d      0.038     0.031       0.110     0.647      0.055     0.834      0.581     0.651      0.169     0.300    0.457     0.359   0.761     0.119      0.107     0.00637  -1	   0.0539415     0.0009195
