      D1GCQ-a9d      0.032     0.035       0.138     0.614      0.170     0.583      0.597     0.559      0.592     0.739    0.523     0.722   0.739     0.161      0.424     0.00720  -1	   0.0864853     0.0142923
      D1GCQ-a0a      0.041     0.042       0.157     0.721      0.029     0.589      0.505     0.377      0.303     0.731    0.532     0.708   0.805     0.161      0.143     0.00848  -1	   0.0759825     0.1453539
      D1GCQ-a0b      0.032     0.040       0.143     0.817     -0.032     0.564      0.467     0.285      0.740     0.707    0.510     0.701   0.727     0.172      0.215     0.00743  -1	   0.0165734     0.0918372
      D1GCQ-a0c      0.032     0.042       0.161     0.670      0.015     0.586      0.567     0.544      0.744     0.735    0.516     0.722   0.781     0.158     -0.026     0.00827  -1	  -0.0105589    -0.0123537
      D1GCQ-a0d      0.039     0.046       0.171     0.730      0.192     0.589      0.470     0.345      0.490     0.734    0.562     0.690   0.819     0.159      0.114     0.00844  -1	   0.0553457     0.1134530
    D1GCQ-a100a      0.023     0.042       0.184     0.569      0.314     0.570      0.491     0.542      0.786     0.746    0.534     0.722   0.798     0.137      0.080     0.01813  -1	   0.0478686     0.0243157
    D1GCQ-a100b      0.020     0.048       0.203     0.692      0.192     0.561      0.413     0.446      0.138     0.784    0.552     0.748   0.794     0.159      0.129     0.01744  -1	   0.0864427     0.0256910
    D1GCQ-a100c      0.024     0.043       0.203     0.590      0.362     0.566      0.441     0.466      0.127     0.782    0.582     0.727   0.830     0.134      0.120     0.01796  -1	   0.0944931     0.0662763
    D1GCQ-a100d      0.023     0.051       0.207     0.627      0.277     0.531      0.429     0.440      0.145     0.822    0.537     0.796   0.825     0.146      0.130     0.01758  -1	   0.0790362     0.0164430
    D1GCQ-a101a      0.025     0.045       0.203     0.616      0.193     0.560      0.476     0.483      0.701     0.784    0.584     0.728   0.739     0.142      0.080     0.01809  -1	   0.0020586     0.0196076
    D1GCQ-a101b      0.020     0.049       0.194     0.720      0.270     0.564      0.444     0.488      0.182     0.745    0.547     0.712   0.896     0.172      0.120     0.01768  -1	   0.1066240     0.0060446
    D1GCQ-a101c      0.021     0.051       0.207     0.682      0.388     0.570      0.392     0.385      0.073     0.755    0.536     0.729   0.898     0.159      0.144     0.01698  -1	   0.1922886     0.1030562
    D1GCQ-a101d      0.024     0.041       0.217     0.681     -0.172     0.543      0.481     0.550      0.686     0.757    0.527     0.737   0.757     0.165      0.203     0.01727  -1	   0.0108904     0.0075886
    D1GCQ-a102a      0.032     0.059       0.253     0.727      0.028     0.603      0.419     0.230      0.271     0.683    0.484     0.696   0.834     0.118      0.162     0.01749  -1	   0.1067355     0.1916523
    D1GCQ-a102b      0.029     0.033       0.147     0.684     -0.008     0.563      0.541     0.357      0.430     0.682    0.485     0.695   0.852     0.170      0.451     0.00979  -1	   0.1400094     0.1751201
    D1GCQ-a102c      0.029     0.045       0.203     0.570      0.375     0.536      0.490     0.553      0.574     0.881    0.558     0.849   0.830     0.127      0.285     0.01954  -1	   0.1428866     0.0765047
    D1GCQ-a102d      0.027     0.046       0.203     0.734      0.500     0.560      0.419     0.567      0.084     0.692    0.509     0.687   0.921     0.141      0.126     0.02037  -1	   0.2528908     0.0137276
    D1GCQ-a103a      0.026     0.046       0.203     0.701      0.029     0.590      0.451     0.257      0.428     0.760    0.594     0.694   0.805     0.132      0.191     0.02074  -1	   0.0521581     0.1990303
    D1GCQ-a103b      0.033     0.058       0.235     0.691     -0.084     0.591      0.485     0.331      0.982     0.779    0.574     0.729   0.747     0.130      0.161     0.03553  -1	   0.0514069     0.0268906
    D1GCQ-a103c      0.037     0.054       0.240     0.696      0.074     0.596      0.470     0.356      0.499     0.726    0.559     0.684   0.805     0.119      0.339     0.02881  -1	   0.1397188     0.0997698
    D1GCQ-a103d      0.033     0.062       0.258     0.686      0.011     0.597      0.435     0.236      0.198     0.726    0.507     0.720   0.780     0.115      0.169     0.01798  -1	   0.1215470     0.2006622
    D1GCQ-a104a      0.036     0.062       0.272     0.739      0.040     0.600      0.382     0.186      0.150     0.726    0.502     0.724   0.834     0.112      0.153     0.01790  -1	   0.1469967     0.2382718
    D1GCQ-a104b      0.033     0.056       0.235     0.687      0.095     0.599      0.469     0.359      0.471     0.745    0.576     0.692   0.805     0.120      0.287     0.02895  -1	   0.1275535     0.1011532
    D1GCQ-a104c      0.039     0.057       0.240     0.668     -0.262     0.612      0.403     0.123      0.221     0.724    0.498     0.724   0.582     0.141      0.565     0.02246  -1	   0.3615187     0.4276602
    D1GCQ-a104d      0.036     0.056       0.244     0.679      0.098     0.596      0.458     0.338      0.493     0.736    0.569     0.687   0.805     0.119      0.287     0.02897  -1	   0.1234416     0.1107710
    D1GCQ-a105a      0.035     0.048       0.203     0.711     -0.117     0.603      0.453     0.223      0.577     0.740    0.538     0.712   0.812     0.141      0.407     0.03400  -1	   0.1248853     0.2092025
    D1GCQ-a105b      0.033     0.062       0.267     0.731      0.025     0.599      0.405     0.206      0.140     0.717    0.519     0.704   0.834     0.118      0.189     0.01786  -1	   0.1694195     0.2460729
    D1GCQ-a105c      0.037     0.060       0.240     0.637     -0.199     0.581      0.425     0.254      0.771     0.794    0.542     0.764   0.664     0.126      0.197     0.02895  -1	   0.0602419     0.1166801
    D1GCQ-a105d      0.036     0.055       0.226     0.629      0.024     0.604      0.458     0.369      0.643     0.733    0.573     0.681   0.713     0.117      0.333     0.02876  -1	   0.0896743     0.0829496
    D1GCQ-a106a      0.022     0.035       0.124     0.772      0.155     0.577      0.532     0.535      0.703     0.703    0.496     0.706   0.798     0.231      0.139     0.02714  -1	  -0.0171410    -0.0352048
    D1GCQ-a106b      0.032     0.043       0.161     0.766     -0.005     0.590      0.446     0.297      0.688     0.713    0.492     0.718   0.855     0.177      0.037     0.09305  -1	  -0.0017788     0.0827071
    D1GCQ-a106c      0.030     0.032       0.138     0.734      0.397     0.588      0.554     0.349      0.919     0.733    0.545     0.700   0.928     0.218      0.276     0.04043  -1	   0.1022850     0.1356667
    D1GCQ-a106d      0.028     0.041       0.161     0.791      0.083     0.575      0.474     0.391      0.505     0.739    0.538     0.712   0.821     0.179      0.058     0.08294  -1	  -0.0032856     0.0531791
    D1GCQ-a107a      0.026     0.042       0.166     0.808      0.090     0.582      0.466     0.378      0.347     0.725    0.531     0.704   0.692     0.177      0.058     0.08198  -1	   0.0214809     0.0876892
    D1GCQ-a107b      0.030     0.041       0.157     0.705      0.080     0.587      0.465     0.365      0.790     0.751    0.572     0.701   0.841     0.188      0.068     0.09022  -1	  -0.0102678     0.0375587
    D1GCQ-a107c      0.032     0.043       0.166     0.786      0.140     0.591      0.463     0.371      0.723     0.708    0.491     0.714   0.831     0.183      0.033     0.09483  -1	   0.0049787     0.0257527
    D1GCQ-a107d      0.026     0.040       0.157     0.787      0.105     0.590      0.478     0.398      0.489     0.731    0.542     0.702   0.831     0.176      0.068     0.07506  -1	   0.0010840     0.0605366
    D1GCQ-a108a      0.029     0.045       0.171     0.683     -0.218     0.588      0.520     0.547      0.596     0.726    0.523     0.710   0.773     0.140      0.010     0.00836  -1	   0.0202611     0.0247884
    D1GCQ-a108b      0.023     0.047       0.180     0.693     -0.044     0.600      0.489     0.438      0.646     0.780    0.554     0.743   0.852     0.146      0.499     0.00842  -1	   0.1399276     0.0436322
    D1GCQ-a108c      0.023     0.046       0.189     0.651      0.148     0.602      0.520     0.485      0.791     0.759    0.540     0.731   0.827     0.136      0.569     0.00839  -1	   0.1519467     0.0280365
    D1GCQ-a108d      0.040     0.042       0.161     0.701      0.190     0.590      0.465     0.317      0.309     0.741    0.531     0.719   0.819     0.175      0.216     0.00852  -1	   0.1198029     0.1933132
    D1GCQ-a109a      0.028     0.049       0.212     0.721      0.462     0.560      0.412     0.554      0.049     0.731    0.516     0.719   0.916     0.133      0.105     0.02115  -1	   0.2295367    -0.0022471
    D1GCQ-a109b      0.027     0.046       0.207     0.726      0.463     0.564      0.410     0.553      0.061     0.692    0.526     0.674   0.916     0.133      0.108     0.02061  -1	   0.2291991     0.0086264
    D1GCQ-a109c      0.027     0.048       0.212     0.725      0.470     0.561      0.390     0.526      0.167     0.734    0.517     0.721   0.916     0.131      0.096     0.02118  -1	   0.1963915     0.0141061
    D1GCQ-a109d      0.028     0.047       0.212     0.742      0.420     0.558      0.415     0.539      0.263     0.743    0.574     0.691   0.902     0.141      0.110     0.02105  -1	   0.1671317     0.0294492
     D1GCQ-a10a      0.023     0.052       0.212     0.751      0.100     0.560      0.457     0.427      0.356     0.765    0.551     0.730   0.826     0.120      0.351     0.00780  -1	   0.1856367     0.0567841
     D1GCQ-a10b      0.024     0.048       0.184     0.789      0.093     0.566      0.456     0.388      0.180     0.774    0.564     0.729   0.821     0.139      0.359     0.00768  -1	   0.2814435     0.1546753
     D1GCQ-a10c      0.034     0.038       0.161     0.579      0.035     0.583      0.544     0.406      0.819     0.678    0.531     0.657   0.708     0.131      0.300     0.00889  -1	   0.0091855     0.0697684
     D1GCQ-a10d      0.021     0.039       0.157     0.734      0.514     0.554      0.490     0.426      0.952     0.749    0.561     0.706   0.921     0.185      0.126     0.00756  -1	   0.1470870     0.0881022
     D1GCQ-a11a      0.023     0.049       0.198     0.775      0.100     0.569      0.456     0.407      0.209     0.779    0.520     0.763   0.831     0.132      0.374     0.00774  -1	   0.2633662     0.1057432
     D1GCQ-a11b      0.021     0.038       0.161     0.692      0.393     0.562      0.497     0.414      0.764     0.737    0.529     0.716   0.903     0.176      0.176     0.00747  -1	   0.0751141     0.0827121
     D1GCQ-a11c      0.019     0.039       0.152     0.689      0.533     0.558      0.504     0.446      0.674     0.730    0.551     0.694   0.896     0.179      0.126     0.00773  -1	   0.1249018     0.1216851
     D1GCQ-a11d      0.020     0.033       0.157     0.601      0.307     0.548      0.523     0.517      0.828     0.737    0.530     0.715   0.816     0.181      0.474     0.00686  -1	   0.0731805     0.0254888
     D1GCQ-a12a      0.018     0.033       0.152     0.623      0.387     0.556      0.525     0.517      0.841     0.766    0.510     0.756   0.848     0.190      0.603     0.00684  -1	   0.1640862     0.0547335
     D1GCQ-a12b      0.021     0.056       0.244     0.665      0.208     0.569      0.408     0.424      0.160     0.710    0.554     0.672   0.854     0.112      0.346     0.00858  -1	   0.2665217     0.0784461
     D1GCQ-a12c      0.017     0.034       0.161     0.661      0.366     0.546      0.537     0.540      0.772     0.726    0.536     0.701   0.903     0.183      0.546     0.00691  -1	   0.1421798     0.0204937
     D1GCQ-a12d      0.019     0.033       0.152     0.614      0.454     0.551      0.533     0.512      0.749     0.756    0.528     0.735   0.836     0.199      0.614     0.00682  -1	   0.2137305     0.0874484
     D1GCQ-a13a      0.022     0.053       0.226     0.661     -0.323     0.592      0.521     0.478      0.647     0.830    0.603     0.767   0.582     0.124      0.475     0.01006  -1	   0.1385390     0.0381008
     D1GCQ-a13b      0.021     0.046       0.212     0.738     -0.186     0.587      0.550     0.574      0.995     0.834    0.601     0.773   0.781     0.143      0.151     0.00983  -1	   0.0250865    -0.0085457
     D1GCQ-a13c      0.021     0.049       0.207     0.658      0.116     0.542      0.436     0.276      0.255     0.776    0.547     0.743   0.827     0.138      0.467     0.00896  -1	   0.2596974     0.2286543
     D1GCQ-a13d      0.022     0.039       0.152     0.660      0.500     0.565      0.504     0.426      0.433     0.730    0.561     0.687   0.896     0.182      0.146     0.00757  -1	   0.1233422     0.1602397
     D1GCQ-a14a      0.019     0.055       0.226     0.665     -0.317     0.596      0.514     0.469      1.000     0.951    0.855     0.795   0.582     0.131      0.475     0.01004  -1	   0.1730600     0.1170014
     D1GCQ-a14b      0.026     0.039       0.166     0.650      0.188     0.604      0.543     0.542      0.335     0.733    0.549     0.697   0.794     0.184      0.035     0.00874  -1	  -0.0166196     0.0127003
     D1GCQ-a14c      0.023     0.054       0.217     0.652     -0.206     0.583      0.502     0.447      0.988     0.813    0.634     0.727   0.637     0.124      0.421     0.00984  -1	   0.0640837     0.0289346
     D1GCQ-a14d      0.026     0.038       0.143     0.668      0.135     0.576      0.504     0.449      0.109     0.738    0.506     0.732   0.827     0.180      0.093     0.00868  -1	   0.0518206     0.0923681
     D1GCQ-a15a      0.032     0.043       0.198     0.658      0.059     0.589      0.572     0.642      0.427     0.733    0.505     0.727   0.817     0.143      0.211     0.00855  -1	   0.0542238    -0.0162079
     D1GCQ-a15b      0.022     0.054       0.212     0.607     -0.308     0.606      0.553     0.514      0.550     0.803    0.581     0.750   0.515     0.131      0.638     0.01002  -1	   0.2190243     0.0378048
     D1GCQ-a15c      0.024     0.038       0.175     0.571      0.169     0.586      0.557     0.569      0.138     0.743    0.534     0.719   0.721     0.179      0.093     0.00874  -1	   0.0021134     0.0087671
     D1GCQ-a15d      0.021     0.054       0.207     0.638     -0.344     0.593      0.497     0.420      0.514     0.810    0.581     0.759   0.515     0.132      0.585     0.01002  -1	   0.2293975     0.0997400
     D1GCQ-a16a      0.028     0.047       0.212     0.692     -0.356     0.579      0.566     0.665      1.000     0.819    0.646     0.725   0.699     0.133      0.029     0.01169  -1	   0.0610584     0.0205110
     D1GCQ-a16b      0.027     0.044       0.207     0.725     -0.112     0.591      0.460     0.488      0.993     0.843    0.578     0.797   0.812     0.137      0.030     0.01188  -1	   0.0311852     0.0230581
     D1GCQ-a16c      0.026     0.045       0.217     0.678     -0.202     0.587      0.552     0.596      1.000     0.855    0.604     0.797   0.773     0.150     -0.051     0.01149  -1	   0.0396151     0.0006932
     D1GCQ-a16d      0.019     0.053       0.217     0.621     -0.292     0.595      0.517     0.463      0.480     0.804    0.584     0.749   0.515     0.132      0.638     0.00979  -1	   0.2453207     0.0627134
     D1GCQ-a17a      0.019     0.051       0.217     0.619     -0.337     0.591      0.513     0.468      0.556     0.812    0.581     0.760   0.515     0.128      0.638     0.00979  -1	   0.2165150     0.0696810
     D1GCQ-a17b      0.026     0.047       0.203     0.679     -0.261     0.574      0.428     0.388      0.230     0.747    0.538     0.720   0.726     0.128      0.139     0.01003  -1	   0.1115353     0.1527985
     D1GCQ-a17c      0.027     0.044       0.207     0.746     -0.177     0.583      0.433     0.409      0.172     0.691    0.544     0.660   0.781     0.138      0.093     0.01077  -1	   0.0936614     0.1258014
     D1GCQ-a17d      0.025     0.045       0.217     0.664     -0.377     0.578      0.565     0.632      1.000     0.855    0.602     0.797   0.699     0.149     -0.041     0.01166  -1	   0.0875983     0.0354784
     D1GCQ-a18a      0.039     0.039       0.171     0.715      0.050     0.584      0.444     0.505      0.226     0.721    0.500     0.720   0.841     0.169      0.187     0.01316  -1	   0.1088364     0.0328266
     D1GCQ-a18b      0.038     0.039       0.157     0.729     -0.082     0.594      0.463     0.527      0.339     0.720    0.499     0.720   0.836     0.175      0.193     0.01360  -1	   0.0961117     0.0317612
     D1GCQ-a18c      0.038     0.040       0.166     0.733     -0.072     0.596      0.450     0.521      0.278     0.712    0.500     0.712   0.836     0.166      0.187     0.01335  -1	   0.1087706     0.0352782
     D1GCQ-a18d      0.036     0.039       0.157     0.725      0.029     0.588      0.448     0.503      0.347     0.736    0.521     0.720   0.805     0.175      0.187     0.01310  -1	   0.0744167     0.0292077
     D1GCQ-a19a      0.038     0.039       0.157     0.735      0.006     0.587      0.457     0.514      0.381     0.721    0.488     0.728   0.805     0.182      0.221     0.01316  -1	   0.0878444     0.0235843
     D1GCQ-a19b      0.037     0.039       0.157     0.731     -0.005     0.595      0.457     0.520      0.249     0.719    0.486     0.727   0.876     0.175      0.187     0.01307  -1	   0.1128790     0.0289877
     D1GCQ-a19c      0.038     0.038       0.157     0.726      0.016     0.581      0.445     0.494      0.482     0.758    0.558     0.718   0.805     0.176      0.207     0.01296  -1	   0.0543336     0.0288253
     D1GCQ-a19d      0.041     0.039       0.161     0.743     -0.024     0.590      0.460     0.518      0.120     0.717    0.465     0.739   0.876     0.164      0.187     0.01313  -1	   0.1703376     0.0585581
      D1GCQ-a1a      0.023     0.028       0.120     0.724      0.219     0.573      0.570     0.476      0.835     0.745    0.532     0.722   0.864     0.223      0.039     0.00640  -1	  -0.0328455    -0.0037229
      D1GCQ-a1b      0.037     0.041       0.161     0.662     -0.268     0.582      0.462     0.349      0.294     0.719    0.496     0.720   0.726     0.149      0.086     0.00941  -1	   0.1035871     0.2118602
      D1GCQ-a1c      0.026     0.050       0.198     0.800      0.043     0.571      0.439     0.382      0.162     0.784    0.555     0.747   0.656     0.138      0.426     0.00778  -1	   0.3315722     0.1368034
      D1GCQ-a1d      0.026     0.046       0.189     0.661      0.085     0.575      0.428     0.409      0.384     0.759    0.529     0.738   0.817     0.180      0.151     0.00730  -1	   0.0327217     0.0428116
     D1GCQ-a20a      0.033     0.031       0.147     0.673      0.210     0.591      0.510     0.446      0.462     0.708    0.552     0.672   0.840     0.166      0.149     0.01154  -1	   0.0173621     0.0898330
     D1GCQ-a20b      0.038     0.042       0.166     0.709     -0.066     0.590      0.471     0.350      0.341     0.711    0.520     0.697   0.836     0.145      0.115     0.00926  -1	   0.0547979     0.1529248
     D1GCQ-a20c      0.041     0.041       0.157     0.749      0.160     0.594      0.460     0.310      0.274     0.749    0.534     0.725   0.819     0.169      0.216     0.00857  -1	   0.1423852     0.2164168
     D1GCQ-a20d      0.037     0.044       0.166     0.654      0.257     0.594      0.420     0.361      0.953     0.731    0.580     0.674   0.872     0.184      0.182     0.00992  -1	   0.0746470     0.0808597
     D1GCQ-a21a      0.029     0.036       0.152     0.640      0.008     0.586      0.544     0.412      0.748     0.729    0.552     0.693   0.725     0.181      0.280     0.01086  -1	   0.0041744     0.0496032
     D1GCQ-a21b      0.037     0.043       0.171     0.720      0.213     0.586      0.406     0.358      0.622     0.748    0.556     0.708   0.864     0.164      0.203     0.00999  -1	   0.0728044     0.0992427
     D1GCQ-a21c      0.034     0.039       0.161     0.664      0.333     0.580      0.497     0.348      0.654     0.745    0.501     0.741   0.872     0.170     -0.010     0.00845  -1	   0.0302956     0.0999495
     D1GCQ-a21d      0.028     0.035       0.157     0.753      0.388     0.574      0.446     0.292      0.415     0.681    0.510     0.676   0.907     0.174      0.239     0.00967  -1	   0.1442792     0.2441196
     D1GCQ-a22a      0.026     0.031       0.147     0.655      0.277     0.585      0.512     0.385      0.721     0.676    0.514     0.669   0.872     0.184      0.206     0.00954  -1	   0.0120372     0.0909902
     D1GCQ-a22b      0.037     0.041       0.166     0.727     -0.123     0.582      0.453     0.377      0.330     0.726    0.498     0.725   0.812     0.145      0.086     0.00919  -1	   0.0578903     0.1341951
     D1GCQ-a22c      0.034     0.041       0.166     0.675      0.388     0.588      0.440     0.279      0.509     0.705    0.515     0.694   0.903     0.160      0.100     0.00851  -1	   0.0843327     0.2039023
     D1GCQ-a22d      0.027     0.036       0.161     0.702      0.210     0.590      0.525     0.408      0.926     0.724    0.560     0.682   0.864     0.165      0.269     0.01104  -1	   0.0430197     0.0540864
     D1GCQ-a23a      0.021     0.042       0.180     0.708      0.200     0.548      0.432     0.347      0.248     0.749    0.560     0.706   0.864     0.150      0.097     0.00867  -1	   0.0397000     0.1249185
     D1GCQ-a23b      0.033     0.063       0.244     0.694     -0.388     0.573      0.330     0.296      0.169     0.804    0.608     0.734   0.538     0.118      0.084     0.01172  -1	   0.1539327     0.2216355
     D1GCQ-a23c      0.028     0.056       0.240     0.717     -0.267     0.588      0.478     0.510      0.258     0.658    0.527     0.642   0.636     0.125      0.093     0.00991  -1	   0.0888585     0.0487741
     D1GCQ-a23d      0.027     0.065       0.249     0.706     -0.289     0.582      0.376     0.319      0.864     0.761    0.569     0.713   0.636     0.110      0.038     0.01228  -1	   0.0397605     0.0674436
     D1GCQ-a24a      0.023     0.048       0.198     0.782      0.144     0.570      0.487     0.443      0.108     0.783    0.552     0.748   0.831     0.141      0.351     0.00770  -1	   0.3088524     0.1308627
     D1GCQ-a24b      0.023     0.063       0.267     0.708      0.232     0.600      0.395     0.276      1.000     0.791    0.721     0.629   0.909     0.097      0.325     0.00991  -1	   0.2089217     0.1816284
     D1GCQ-a24c      0.025     0.073       0.327     0.671     -0.079     0.600      0.480     0.409      0.130     0.763    0.510     0.753   0.747     0.097      0.163     0.02292  -1	   0.1212496     0.0517744
     D1GCQ-a24d      0.031     0.056       0.244     0.711     -0.268     0.583      0.475     0.473      0.092     0.704    0.516     0.694   0.636     0.113      0.432     0.00991  -1	   0.3615877     0.1098158
     D1GCQ-a25a      0.026     0.036       0.143     0.694      0.368     0.572      0.482     0.516      0.585     0.747    0.527     0.726   0.903     0.177      0.092     0.00793  -1	   0.0414711     0.0213677
     D1GCQ-a25b      0.019     0.054       0.221     0.647      0.043     0.578      0.476     0.542      0.487     0.740    0.530     0.718   0.713     0.109      0.333     0.00832  -1	   0.0926196    -0.0134645
     D1GCQ-a25c      0.015     0.054       0.194     0.607     -0.210     0.577      0.477     0.284      0.210     0.721    0.522     0.705   0.570     0.132      0.441     0.00814  -1	   0.2427857     0.2733868
     D1GCQ-a25d      0.022     0.056       0.226     0.684      0.164     0.582      0.457     0.501      0.261     0.759    0.562     0.715   0.845     0.110      0.278     0.00849  -1	   0.1784555     0.0171182
     D1GCQ-a26a      0.026     0.040       0.175     0.764      0.409     0.586      0.443     0.468      0.676     0.767    0.570     0.718   0.882     0.182      0.009     0.00797  -1	   0.0748458     0.0530001
     D1GCQ-a26b      0.021     0.039       0.175     0.638      0.373     0.567      0.499     0.486      0.584     0.822    0.613     0.751   0.848     0.158      0.323     0.00675  -1	   0.1550067     0.1205798
     D1GCQ-a26c      0.024     0.050       0.221     0.643     -0.002     0.573      0.478     0.511      0.281     0.739    0.568     0.691   0.796     0.106      0.277     0.00834  -1	   0.1192275     0.0205663
     D1GCQ-a26d      0.028     0.033       0.134     0.635      0.570     0.576      0.527     0.442      0.505     0.791    0.555     0.754   0.833     0.200      0.273     0.00663  -1	   0.2162962     0.2430451
     D1GCQ-a27a      0.028     0.032       0.129     0.752     -0.181     0.589      0.574     0.556      0.800     0.762    0.591     0.699   0.761     0.184      0.162     0.00848  -1	   0.0107901     0.0113525
     D1GCQ-a27b      0.028     0.045       0.194     0.652     -0.096     0.566      0.435     0.398      0.749     0.746    0.531     0.723   0.812     0.178      0.124     0.00724  -1	   0.0062850     0.0488608
     D1GCQ-a27c      0.023     0.039       0.161     0.665      0.403     0.567      0.513     0.446      0.872     0.718    0.539     0.691   0.878     0.176      0.234     0.00762  -1	   0.0960001     0.0629750
     D1GCQ-a27d      0.022     0.033       0.143     0.693      0.102     0.575      0.623     0.651      0.672     0.716    0.538     0.689   0.827     0.196      0.094     0.00808  -1	  -0.0415719    -0.0246090
     D1GCQ-a28a      0.022     0.052       0.217     0.668     -0.192     0.597      0.468     0.438      0.901     0.884    0.700     0.778   0.730     0.130      0.077     0.01015  -1	   0.0230280     0.0332555
     D1GCQ-a28b      0.019     0.031       0.147     0.683      0.411     0.582      0.555     0.651      0.888     0.794    0.553     0.758   0.878     0.189      0.074     0.00847  -1	   0.0791894     0.0209776
     D1GCQ-a28c      0.020     0.052       0.221     0.627     -0.293     0.596      0.519     0.471      0.369     0.849    0.666     0.751   0.515     0.127      0.638     0.01009  -1	   0.3292881     0.0882280
     D1GCQ-a28d      0.030     0.042       0.166     0.540      0.134     0.590      0.576     0.603      0.639     0.739    0.481     0.748   0.692     0.150      0.821     0.00922  -1	   0.2214635    -0.0381537
     D1GCQ-a29a      0.024     0.044       0.194     0.664      0.116     0.596      0.510     0.549      0.880     0.828    0.591     0.772   0.827     0.131      0.151     0.00856  -1	   0.0459217     0.0174848
     D1GCQ-a29b      0.025     0.038       0.184     0.611      0.163     0.587      0.468     0.338      0.289     0.714    0.533     0.691   0.739     0.161      0.424     0.00781  -1	   0.1774391     0.2049047
     D1GCQ-a29c      0.023     0.047       0.189     0.648      0.309     0.572      0.444     0.299      0.089     0.719    0.538     0.692   0.816     0.150      0.379     0.00825  -1	   0.3158083     0.3079901
     D1GCQ-a29d      0.019     0.032       0.147     0.750      0.354     0.582      0.489     0.543      0.346     0.723    0.524     0.706   0.907     0.167      0.214     0.00936  -1	   0.1233662     0.0565638
      D1GCQ-a2a      0.030     0.037       0.161     0.705      0.050     0.560      0.551     0.534      0.893     0.730    0.513     0.720   0.841     0.179      0.200     0.00689  -1	   0.0011174    -0.0262738
      D1GCQ-a2b      0.025     0.047       0.184     0.639     -0.072     0.577      0.451     0.469      0.316     0.780    0.543     0.749   0.756     0.182      0.157     0.00737  -1	   0.0518845     0.0355148
      D1GCQ-a2c      0.020     0.034       0.147     0.739      0.342     0.566      0.526     0.486      0.529     0.735    0.561     0.692   0.896     0.184      0.155     0.00714  -1	   0.0493985     0.0724478
      D1GCQ-a2d      0.018     0.035       0.143     0.634      0.230     0.559      0.560     0.547      0.387     0.737    0.538     0.711   0.784     0.199      0.527     0.00694  -1	   0.1966144     0.0251639
     D1GCQ-a30a      0.030     0.043       0.207     0.686     -0.097     0.582      0.497     0.530      0.911     0.808    0.554     0.773   0.812     0.140     -0.029     0.01207  -1	   0.0156816     0.0097033
     D1GCQ-a30b      0.029     0.050       0.217     0.681     -0.278     0.594      0.543     0.694      0.904     0.759    0.567     0.712   0.726     0.137      0.247     0.01186  -1	   0.0476568     0.0118989
     D1GCQ-a30c      0.029     0.039       0.161     0.586      0.235     0.585      0.511     0.502      0.701     0.760    0.490     0.762   0.767     0.147      0.109     0.00849  -1	   0.0261046     0.0285797
     D1GCQ-a30d      0.020     0.055       0.212     0.665     -0.314     0.594      0.495     0.419      0.997     0.835    0.637     0.752   0.582     0.138      0.514     0.01011  -1	   0.0930636     0.0586688
     D1GCQ-a31a      0.025     0.040       0.166     0.685     -0.217     0.577      0.532     0.532      0.489     0.746    0.509     0.738   0.773     0.172      0.097     0.01015  -1	   0.0407195     0.0407176
     D1GCQ-a31b      0.029     0.050       0.212     0.683     -0.111     0.585      0.488     0.603      0.848     0.766    0.549     0.731   0.788     0.144     -0.030     0.01132  -1	   0.0097795    -0.0059527
     D1GCQ-a31c      0.028     0.044       0.212     0.742     -0.247     0.578      0.487     0.510      1.000     0.857    0.639     0.778   0.798     0.149     -0.033     0.01170  -1	   0.0294236     0.0097414
     D1GCQ-a31d      0.022     0.055       0.217     0.600     -0.325     0.603      0.465     0.405      0.213     0.808    0.587     0.752   0.515     0.134      0.551     0.01007  -1	   0.3410142     0.1719689
     D1GCQ-a32a      0.027     0.035       0.171     0.737     -0.176     0.588      0.461     0.526      0.692     0.744    0.584     0.685   0.781     0.184      0.102     0.01247  -1	  -0.0113743     0.0106973
     D1GCQ-a32b      0.027     0.046       0.221     0.625     -0.373     0.578      0.553     0.629      1.000     0.817    0.612     0.747   0.644     0.138      0.032     0.01172  -1	   0.0775396     0.0305924
     D1GCQ-a32c      0.027     0.046       0.221     0.637     -0.349     0.586      0.567     0.632      1.000     0.842    0.629     0.765   0.756     0.147      0.024     0.01174  -1	   0.0745063     0.0307550
     D1GCQ-a32d      0.038     0.038       0.157     0.716      0.082     0.576      0.462     0.508      0.308     0.769    0.601     0.699   0.841     0.170      0.187     0.01281  -1	   0.0920193     0.0406571
     D1GCQ-a33a      0.034     0.038       0.157     0.725      0.086     0.576      0.462     0.512      0.207     0.778    0.591     0.716   0.841     0.169      0.168     0.01278  -1	   0.1061949     0.0447577
     D1GCQ-a33b      0.031     0.035       0.161     0.699      0.367     0.561      0.517     0.514      0.392     0.688    0.526     0.671   0.903     0.200      0.105     0.01939  -1	   0.0483434     0.0416556
     D1GCQ-a33c      0.036     0.039       0.157     0.735      0.047     0.587      0.456     0.519      0.265     0.738    0.513     0.727   0.805     0.177      0.187     0.01233  -1	   0.1001107     0.0279619
     D1GCQ-a33d      0.030     0.032       0.147     0.612     -0.193     0.590      0.531     0.556      0.659     0.726    0.525     0.708   0.701     0.175      0.053     0.01240  -1	   0.0002929     0.0330839
     D1GCQ-a34a      0.037     0.039       0.166     0.709      0.070     0.584      0.447     0.507      0.320     0.748    0.510     0.739   0.841     0.182      0.187     0.01306  -1	   0.0791990     0.0189447
     D1GCQ-a34b      0.037     0.039       0.161     0.742      0.082     0.591      0.442     0.491      0.098     0.738    0.487     0.744   0.841     0.164      0.205     0.01282  -1	   0.1740826     0.0667042
     D1GCQ-a34c      0.034     0.027       0.115     0.679      0.346     0.587      0.512     0.465      0.696     0.739    0.522     0.723   0.872     0.207      0.113     0.01086  -1	   0.0219210     0.0570839
     D1GCQ-a34d      0.038     0.039       0.161     0.732     -0.023     0.593      0.447     0.520      0.207     0.715    0.508     0.709   0.876     0.171      0.187     0.01312  -1	   0.1287064     0.0350786
     D1GCQ-a35a      0.033     0.031       0.138     0.654      0.434     0.592      0.515     0.472      0.541     0.700    0.531     0.679   0.878     0.166      0.154     0.01132  -1	   0.0880010     0.1188489
     D1GCQ-a35b      0.036     0.023       0.115     0.649      0.097     0.576      0.537     0.487      0.847     0.746    0.537     0.720   0.761     0.214      0.172     0.01072  -1	  -0.0272075     0.0168602
     D1GCQ-a35c      0.033     0.038       0.166     0.591      0.053     0.592      0.526     0.452      0.283     0.743    0.552     0.707   0.744     0.170      0.162     0.00977  -1	   0.0280742     0.0843715
     D1GCQ-a35d      0.038     0.038       0.161     0.719      0.021     0.589      0.464     0.521      0.411     0.741    0.553     0.704   0.805     0.175      0.193     0.01313  -1	   0.0602233     0.0188927
     D1GCQ-a36a      0.036     0.041       0.161     0.686     -0.043     0.586      0.486     0.394      0.374     0.702    0.509     0.696   0.852     0.155      0.133     0.00933  -1	   0.0470157     0.1103624
     D1GCQ-a36b      0.034     0.039       0.152     0.678     -0.167     0.580      0.493     0.401      0.496     0.708    0.502     0.707   0.757     0.163      0.133     0.00923  -1	   0.0441955     0.1098111
     D1GCQ-a36c      0.028     0.035       0.152     0.742      0.160     0.590      0.510     0.381      0.548     0.705    0.571     0.654   0.819     0.168      0.340     0.01070  -1	   0.0951458     0.1295922
     D1GCQ-a36d      0.033     0.036       0.152     0.727      0.170     0.591      0.515     0.362      0.404     0.698    0.540     0.671   0.819     0.176      0.391     0.01081  -1	   0.1661254     0.1829267
     D1GCQ-a37a      0.026     0.073       0.300     0.683      0.199     0.562      0.408     0.498      0.279     0.719    0.527     0.700   0.845     0.091      0.157     0.01612  -1	   0.1447598    -0.0293965
     D1GCQ-a37b      0.025     0.063       0.286     0.625     -0.134     0.573      0.428     0.511      0.373     0.753    0.528     0.733   0.589     0.112      0.448     0.01772  -1	   0.1781735    -0.0027898
     D1GCQ-a37c      0.019     0.074       0.323     0.620     -0.193     0.574      0.493     0.471      0.955     0.777    0.531     0.754   0.664     0.091      0.042     0.02230  -1	   0.0590963     0.0113503
     D1GCQ-a37d      0.024     0.051       0.217     0.729      0.167     0.574      0.506     0.394      0.896     0.741    0.547     0.708   0.900     0.127      0.120     0.01251  -1	   0.0472302     0.0307068
     D1GCQ-a38a      0.017     0.073       0.304     0.646     -0.268     0.576      0.511     0.481      0.918     0.769    0.560     0.728   0.515     0.100      0.082     0.02349  -1	   0.0317065    -0.0192680
     D1GCQ-a38b      0.024     0.070       0.327     0.679     -0.186     0.585      0.473     0.436      0.843     0.816    0.575     0.768   0.730     0.090      0.034     0.02236  -1	   0.0124664     0.0115188
     D1GCQ-a38c      0.016     0.065       0.309     0.726     -0.004     0.588      0.447     0.387      0.411     0.760    0.543     0.730   0.802     0.086      0.047     0.02356  -1	  -0.0064119     0.0288484
     D1GCQ-a38d      0.024     0.070       0.327     0.657     -0.171     0.589      0.510     0.478      0.493     0.786    0.576     0.734   0.730     0.092      0.040     0.02265  -1	  -0.0153183     0.0155443
     D1GCQ-a39a      0.023     0.053       0.221     0.631      0.207     0.578      0.446     0.471      0.462     0.767    0.556     0.727   0.787     0.122      0.367     0.00844  -1	   0.1631636     0.0462732
     D1GCQ-a39b      0.026     0.070       0.295     0.716     -0.148     0.558      0.396     0.365      0.864     0.827    0.550     0.794   0.711     0.112      0.243     0.02346  -1	   0.0578425     0.0127766
     D1GCQ-a39c      0.023     0.057       0.249     0.725      0.176     0.571      0.539     0.472      0.490     0.715    0.541     0.687   0.900     0.112      0.161     0.01440  -1	   0.0722525     0.0492544
     D1GCQ-a39d      0.021     0.055       0.253     0.626      0.162     0.575      0.509     0.462      0.709     0.672    0.506     0.670   0.778     0.108      0.041     0.01463  -1	   0.0179227     0.0236663
      D1GCQ-a3a      0.019     0.054       0.212     0.641     -0.218     0.598      0.534     0.490      0.717     0.818    0.594     0.758   0.570     0.129      0.544     0.01001  -1	   0.1253437     0.0138915
      D1GCQ-a3b      0.018     0.055       0.235     0.562      0.105     0.569      0.490     0.481      0.513     0.930    0.577     0.901   0.587     0.108      0.210     0.01015  -1	   0.0191405     0.0044505
      D1GCQ-a3c      0.028     0.044       0.189     0.708      0.017     0.587      0.512     0.569      0.671     0.740    0.550     0.706   0.805     0.139      0.238     0.00865  -1	   0.0304573    -0.0168961
      D1GCQ-a3d      0.028     0.038       0.166     0.443      0.393     0.559      0.514     0.383      0.800     0.708    0.501     0.707   0.609     0.176      0.377     0.00707  -1	   0.0823590     0.1176139
     D1GCQ-a40a      0.028     0.057       0.240     0.748     -0.286     0.584      0.409     0.405      0.137     0.723    0.564     0.677   0.636     0.114      0.195     0.01000  -1	   0.1988410     0.1380389
     D1GCQ-a40b      0.020     0.073       0.323     0.691      0.111     0.583      0.388     0.332      0.243     0.758    0.479     0.767   0.780     0.096      0.045     0.02241  -1	   0.0567853     0.0332000
     D1GCQ-a40c      0.029     0.054       0.226     0.784     -0.208     0.586      0.453     0.506      0.332     0.713    0.542     0.684   0.683     0.123      0.182     0.01003  -1	   0.1076317     0.0304604
     D1GCQ-a40d      0.013     0.063       0.226     0.697     -0.264     0.560      0.483     0.306      0.371     0.769    0.526     0.749   0.582     0.128      0.402     0.00812  -1	   0.1997597     0.1351478
     D1GCQ-a41a      0.019     0.064       0.244     0.697      0.097     0.580      0.446     0.460      0.293     0.804    0.589     0.746   0.805     0.120      0.232     0.00859  -1	   0.1394127     0.0090481
     D1GCQ-a41b      0.024     0.050       0.194     0.795      0.080     0.558      0.446     0.387      0.099     0.775    0.531     0.752   0.821     0.135      0.391     0.00773  -1	   0.3454022     0.1562840
     D1GCQ-a41c      0.024     0.050       0.203     0.698     -0.169     0.588      0.570     0.645      0.719     0.753    0.527     0.733   0.757     0.105      0.117     0.00826  -1	   0.0175274    -0.0033872
     D1GCQ-a41d      0.023     0.051       0.212     0.760      0.142     0.571      0.457     0.420      0.248     0.765    0.533     0.741   0.826     0.120      0.332     0.00773  -1	   0.2236182     0.0887560
     D1GCQ-a42a      0.032     0.042       0.180     0.713     -0.181     0.584      0.605     0.659      0.713     0.696    0.506     0.693   0.781     0.112      0.115     0.00820  -1	   0.0186414     0.0095791
     D1GCQ-a42b      0.030     0.060       0.217     0.656     -0.015     0.566      0.373     0.340      0.270     0.713    0.527     0.694   0.747     0.146      0.319     0.01542  -1	   0.1779590     0.1222524
     D1GCQ-a42c      0.020     0.065       0.221     0.649     -0.071     0.576      0.446     0.256      0.815     0.745    0.568     0.697   0.680     0.098      0.320     0.00877  -1	   0.0615547     0.1002018
     D1GCQ-a42d      0.021     0.058       0.198     0.761     -0.021     0.593      0.517     0.543      0.353     0.773    0.532     0.749   0.793     0.135      0.233     0.01199  -1	   0.1235131    -0.0082860
     D1GCQ-a43a      0.033     0.053       0.212     0.731     -0.081     0.607      0.471     0.268      0.955     0.793    0.614     0.717   0.802     0.150      0.162     0.01576  -1	   0.0402351     0.0677587
     D1GCQ-a43b      0.035     0.037       0.152     0.680      0.000     0.582      0.494     0.464      0.341     0.736    0.510     0.727   0.781     0.171      0.210     0.01108  -1	   0.0702605     0.0716202
     D1GCQ-a43c      0.029     0.034       0.152     0.665      0.073     0.592      0.524     0.383      0.651     0.687    0.514     0.678   0.817     0.187      0.338     0.01031  -1	   0.0298143     0.0852680
     D1GCQ-a43d      0.031     0.062       0.258     0.736      0.064     0.593      0.413     0.211      0.233     0.721    0.514     0.711   0.859     0.122      0.140     0.01781  -1	   0.1142836     0.2022677
     D1GCQ-a44a      0.029     0.041       0.184     0.599      0.446     0.560      0.487     0.283      0.349     0.810    0.627     0.727   0.804     0.140      0.171     0.01349  -1	   0.1425437     0.3329644
     D1GCQ-a44b      0.030     0.039       0.184     0.609     -0.287     0.577      0.496     0.348      0.506     0.755    0.521     0.739   0.671     0.160      0.029     0.01352  -1	   0.0326052     0.1458306
     D1GCQ-a44c      0.030     0.035       0.152     0.751      0.086     0.588      0.480     0.325      0.341     0.681    0.541     0.653   0.821     0.189      0.234     0.01054  -1	   0.0895889     0.1941799
     D1GCQ-a44d      0.026     0.034       0.152     0.611     -0.214     0.572      0.531     0.340      0.430     0.700    0.493     0.706   0.718     0.165      0.368     0.01013  -1	   0.1190787     0.2160905
     D1GCQ-a45a      0.034     0.040       0.184     0.722     -0.062     0.574      0.451     0.460      0.323     0.710    0.527     0.692   0.836     0.165      0.260     0.01445  -1	   0.1178380     0.0612793
     D1GCQ-a45b      0.039     0.056       0.240     0.666     -0.432     0.608      0.416     0.136      0.157     0.726    0.538     0.700   0.000     0.133      0.663     0.02228  -1	   0.4428950     0.3949663
     D1GCQ-a45c      0.036     0.037       0.157     0.728     -0.067     0.575      0.461     0.440      0.460     0.718    0.527     0.698   0.836     0.172      0.204     0.01080  -1	   0.0592311     0.0708290
     D1GCQ-a45d      0.034     0.058       0.230     0.671     -0.326     0.616      0.421     0.144      0.167     0.741    0.561     0.698   0.582     0.129      0.586     0.02228  -1	   0.4388725     0.4905314
     D1GCQ-a46a      0.021     0.053       0.221     0.649     -0.288     0.601      0.512     0.477      0.916     0.852    0.660     0.758   0.515     0.123      0.509     0.00978  -1	   0.0946402     0.0423627
     D1GCQ-a46b      0.040     0.062       0.249     0.677     -0.482     0.585      0.378     0.113      0.044     0.757    0.597     0.689   0.613     0.120      0.490     0.02251  -1	   0.5524703     0.6590762
     D1GCQ-a46c      0.023     0.051       0.221     0.614     -0.332     0.592      0.532     0.498      0.700     0.784    0.580     0.731   0.515     0.124      0.547     0.00916  -1	   0.1249038     0.0379430
     D1GCQ-a46d      0.024     0.045       0.207     0.673      0.060     0.583      0.496     0.571      0.419     0.764    0.592     0.700   0.817     0.136      0.066     0.01205  -1	  -0.0152194    -0.0179843
     D1GCQ-a47a      0.029     0.039       0.157     0.735     -0.576     0.610      0.461     0.269      0.141     0.776    0.595     0.711   0.688     0.182      0.261     0.75141   1	   0.4255201     0.4918339
     D1GCQ-a47b      0.022     0.048       0.212     0.580     -0.218     0.583      0.522     0.593      0.481     0.737    0.540     0.710   0.700     0.123      0.028     0.01156  -1	  -0.0049240     0.0130002
     D1GCQ-a47c      0.029     0.048       0.212     0.662     -0.298     0.589      0.588     0.711      0.885     0.775    0.574     0.725   0.726     0.135     -0.016     0.01106  -1	   0.0450330     0.0286110
     D1GCQ-a47d      0.025     0.046       0.166     0.684      0.088     0.557      0.440     0.223      0.363     0.730    0.495     0.731   0.817     0.178      0.580     0.00845  -1	   0.2739499     0.2856139
     D1GCQ-a48a      0.030     0.035       0.157     0.685     -0.133     0.574      0.554     0.571      0.841     0.762    0.523     0.744   0.788     0.186      0.068     0.01743  -1	   0.0079776    -0.0004349
     D1GCQ-a48b      0.031     0.043       0.194     0.676      0.235     0.569      0.483     0.476      0.462     0.738    0.554     0.700   0.840     0.159      0.162     0.01608  -1	   0.0546886     0.0389805
     D1GCQ-a48c      0.028     0.034       0.171     0.743     -0.093     0.587      0.481     0.547      0.606     0.756    0.552     0.720   0.836     0.187      0.102     0.01252  -1	  -0.0136710    -0.0014327
     D1GCQ-a48d      0.031     0.045       0.171     0.711      0.211     0.613      0.471     0.451      0.273     0.731    0.525     0.712   0.864     0.165      0.083     0.10033  -1	   0.0632187     0.0540095
     D1GCQ-a49a      0.013     0.098       0.355     0.592      0.177     0.581      0.259     0.147      0.515     0.743    0.604     0.669   0.652     0.086      0.054     0.05685  -1	   0.1005246     0.1034665
     D1GCQ-a49b      0.039     0.037       0.161     0.724      0.071     0.585      0.466     0.519      0.609     0.738    0.533     0.714   0.841     0.192      0.187     0.01304  -1	   0.0259369    -0.0004404
     D1GCQ-a49c      0.014     0.070       0.277     0.698     -0.226     0.608      0.391     0.289      0.699     0.795    0.580     0.742   0.637     0.092      0.155     0.06588  -1	   0.0239176     0.0592279
     D1GCQ-a49d      0.025     0.109       0.392     0.712      0.245     0.570      0.209     0.068      0.403     0.834    0.716     0.691   0.958     0.080      0.240     0.04187  -1	   0.3268028     0.2096501
      D1GCQ-a4a      0.019     0.044       0.175     0.774     -0.337     0.596      0.587     0.488      0.883     0.762    0.555     0.724   0.815     0.148      0.148     0.00888  -1	   0.0537628     0.0329039
      D1GCQ-a4b      0.025     0.037       0.175     0.743      0.385     0.580      0.475     0.384      0.428     0.740    0.537     0.714   0.928     0.177      0.083     0.00799  -1	   0.0737527     0.1420427
      D1GCQ-a4c      0.024     0.044       0.171     0.617      0.031     0.593      0.536     0.535      0.976     0.748    0.526     0.728   0.725     0.160      0.570     0.00837  -1	   0.0625208    -0.0096911
      D1GCQ-a4d      0.022     0.058       0.235     0.756     -0.104     0.604      0.351     0.367      0.257     0.846    0.577     0.801   0.703     0.124      0.053     0.01030  -1	   0.0223272     0.0479558
     D1GCQ-a50a      0.014     0.088       0.341     0.678      0.080     0.592      0.474     0.186      0.600     0.790    0.549     0.756   0.805     0.081      0.256     0.03999  -1	   0.1441472     0.1205938
     D1GCQ-a50b      0.029     0.107       0.392     0.688      0.224     0.565      0.230     0.080      0.296     0.810    0.665     0.700   0.903     0.085      0.181     0.04208  -1	   0.2690692     0.1704579
     D1GCQ-a50c      0.018     0.080       0.327     0.594      0.059     0.574      0.451     0.169      0.083     0.682    0.533     0.660   0.612     0.091      0.252     0.03998  -1	   0.2040853     0.2768520
     D1GCQ-a50d      0.013     0.075       0.313     0.589      0.102     0.573      0.475     0.229      0.128     0.756    0.508     0.748   0.587     0.087      0.139     0.03624  -1	   0.0854832     0.1563760
     D1GCQ-a51a      0.011     0.099       0.369     0.691     -0.137     0.599      0.363     0.148      0.027     0.747    0.548     0.713   0.656     0.082      0.114     0.08349  -1	   0.1511792     0.1760818
     D1GCQ-a51b      0.011     0.084       0.309     0.692      0.078     0.590      0.442     0.174      0.881     0.729    0.577     0.674   0.805     0.082      0.287     0.03780  -1	   0.1182267     0.0842791
     D1GCQ-a51c      0.012     0.081       0.318     0.673      0.048     0.577      0.478     0.219      0.259     0.780    0.517     0.765   0.780     0.078      0.301     0.03800  -1	   0.1967155     0.1733779
     D1GCQ-a51d      0.012     0.084       0.327     0.689      0.074     0.582      0.447     0.192      0.845     0.785    0.543     0.755   0.805     0.076      0.269     0.03679  -1	   0.1291060     0.0787588
     D1GCQ-a52a      0.017     0.102       0.382     0.695     -0.085     0.594      0.301     0.105      0.013     0.726    0.523     0.709   0.663     0.086      0.133     0.08483  -1	   0.1899031     0.1849759
     D1GCQ-a52b      0.021     0.066       0.295     0.692      0.257     0.570      0.330     0.176      0.229     0.716    0.539     0.689   0.892     0.115      0.075     0.04651  -1	   0.1056591     0.1796666
     D1GCQ-a52c      0.013     0.098       0.364     0.692     -0.199     0.610      0.267     0.082      0.017     0.706    0.515     0.695   0.730     0.083      0.037     0.08405  -1	   0.1174135     0.2386439
     D1GCQ-a52d      0.016     0.087       0.350     0.644      0.088     0.593      0.453     0.172      0.542     0.762    0.577     0.709   0.738     0.080      0.295     0.04191  -1	   0.1614165     0.1476111
     D1GCQ-a53a      0.021     0.070       0.327     0.659     -0.275     0.597      0.469     0.410      0.995     0.842    0.629     0.765   0.582     0.092      0.051     0.02329  -1	   0.0328202    -0.0007746
     D1GCQ-a53b      0.031     0.036       0.152     0.758      0.166     0.575      0.525     0.379      0.515     0.725    0.538     0.698   0.798     0.176      0.386     0.01082  -1	   0.1308439     0.1299887
     D1GCQ-a53c      0.021     0.053       0.230     0.701      0.139     0.570      0.515     0.445      0.208     0.708    0.493     0.712   0.834     0.105      0.105     0.01353  -1	   0.0677900     0.0743478
     D1GCQ-a53d      0.028     0.034       0.152     0.664      0.018     0.587      0.543     0.432      0.904     0.741    0.585     0.681   0.781     0.171      0.261     0.01089  -1	  -0.0015593     0.0337072
     D1GCQ-a54a      0.022     0.049       0.194     0.657     -0.630     0.574      0.422     0.363      0.685     0.723    0.504     0.719   0.608     0.158      0.064     0.01769  -1	   0.2434691     0.2101189
     D1GCQ-a54b      0.024     0.065       0.281     0.634     -0.172     0.552      0.425     0.450      0.232     0.700    0.517     0.689   0.664     0.104      0.016     0.02038  -1	   0.0245254     0.0301658
     D1GCQ-a54c      0.023     0.051       0.184     0.725     -0.632     0.565      0.414     0.359      0.914     0.712    0.508     0.706   0.518     0.170      0.087     0.01838  -1	   0.2272633     0.1505709
     D1GCQ-a54d      0.025     0.066       0.244     0.672     -0.129     0.565      0.364     0.446      0.504     0.743    0.527     0.724   0.656     0.129      0.053     0.02086  -1	   0.0165186     0.0184686
     D1GCQ-a55a      0.025     0.067       0.244     0.702     -0.120     0.558      0.341     0.422      0.922     0.762    0.561     0.719   0.711     0.128      0.063     0.02049  -1	   0.0335426     0.0323191
     D1GCQ-a55b      0.023     0.067       0.286     0.700     -0.477     0.577      0.458     0.496      0.684     0.748    0.487     0.753   0.667     0.101      0.280     0.02017  -1	   0.1344946     0.0497930
     D1GCQ-a55c      0.020     0.054       0.240     0.671      0.160     0.563      0.503     0.417      0.711     0.721    0.531     0.699   0.845     0.121      0.169     0.01412  -1	   0.0379526     0.0329872
     D1GCQ-a55d      0.022     0.063       0.290     0.625     -0.240     0.541      0.469     0.576      0.694     0.697    0.494     0.702   0.570     0.099      0.059     0.02129  -1	   0.0128345     0.0282082
     D1GCQ-a56a      0.028     0.030       0.147     0.732      0.098     0.548      0.535     0.449      0.652     0.818    0.559     0.780   0.841     0.170      0.152     0.01115  -1	  -0.0078270     0.0567764
     D1GCQ-a56b      0.025     0.040       0.157     0.737      0.119     0.564      0.521     0.552      0.266     0.731    0.484     0.739   0.851     0.142      0.129     0.01006  -1	   0.0582383     0.0163630
     D1GCQ-a56c      0.031     0.065       0.277     0.570      0.042     0.544      0.414     0.485      0.814     0.698    0.561     0.654   0.587     0.097      0.188     0.01421  -1	   0.0382446     0.0252780
     D1GCQ-a56d      0.035     0.043       0.180     0.767      0.092     0.575      0.461     0.575      0.976     0.801    0.565     0.758   0.821     0.170      0.117     0.01195  -1	   0.0393650    -0.0149635
     D1GCQ-a57a      0.025     0.036       0.152     0.766     -0.276     0.569      0.553     0.696      0.882     0.763    0.596     0.696   0.730     0.184      0.201     0.00934  -1	   0.0303706     0.0021676
     D1GCQ-a57b      0.025     0.036       0.152     0.699      0.134     0.569      0.526     0.572      0.731     0.773    0.559     0.732   0.827     0.163      0.094     0.00966  -1	  -0.0149775    -0.0164522
     D1GCQ-a57c      0.028     0.037       0.147     0.729      0.205     0.552      0.552     0.575      0.590     0.678    0.490     0.687   0.864     0.152      0.116     0.01005  -1	  -0.0001092    -0.0132136
     D1GCQ-a57d      0.023     0.044       0.198     0.779     -0.548     0.585      0.506     0.494      0.984     0.770    0.574     0.719   0.667     0.133      0.193     0.01807  -1	   0.1205774     0.0657915
     D1GCQ-a58a      0.030     0.037       0.147     0.670      0.273     0.599      0.572     0.692      0.945     0.707    0.524     0.691   0.872     0.174      0.008     0.00749  -1	   0.0486957    -0.0451190
     D1GCQ-a58b      0.032     0.033       0.138     0.758      0.325     0.569      0.534     0.678      0.610     0.734    0.537     0.708   0.875     0.210      0.020     0.00736  -1	   0.0005740    -0.0298203
     D1GCQ-a58c      0.033     0.044       0.166     0.599      0.050     0.580      0.477     0.536      0.613     0.734    0.528     0.714   0.744     0.155      0.083     0.00748  -1	  -0.0088309    -0.0028561
     D1GCQ-a58d      0.037     0.034       0.138     0.614      0.267     0.577      0.517     0.616      0.620     0.700    0.515     0.691   0.816     0.196      0.085     0.00796  -1	  -0.0069916    -0.0404932
     D1GCQ-a59a      0.029     0.036       0.143     0.711      0.056     0.588      0.480     0.349      0.989     0.749    0.539     0.721   0.841     0.188      0.311     0.01073  -1	   0.0216706     0.0632393
     D1GCQ-a59b      0.032     0.040       0.180     0.697     -0.225     0.579      0.414     0.350      0.483     0.703    0.489     0.712   0.773     0.161      0.215     0.01450  -1	   0.0811162     0.1546876
     D1GCQ-a59c      0.032     0.046       0.184     0.734     -0.097     0.592      0.577     0.651      0.798     0.684    0.520     0.672   0.836     0.114      0.167     0.00819  -1	   0.0174725    -0.0204875
     D1GCQ-a59d      0.028     0.035       0.138     0.735      0.259     0.573      0.532     0.371      0.206     0.692    0.502     0.691   0.896     0.198      0.349     0.01169  -1	   0.2277643     0.2546654
      D1GCQ-a5a      0.022     0.055       0.207     0.647     -0.319     0.597      0.510     0.449      0.917     0.801    0.614     0.726   0.515     0.131      0.514     0.01007  -1	   0.0894630     0.0433507
      D1GCQ-a5b      0.021     0.053       0.217     0.638     -0.374     0.597      0.497     0.444      0.343     0.809    0.566     0.765   0.471     0.131      0.585     0.00993  -1	   0.3048326     0.1103057
      D1GCQ-a5c      0.019     0.053       0.226     0.608     -0.288     0.591      0.497     0.446      0.378     0.832    0.591     0.776   0.515     0.127      0.638     0.01000  -1	   0.2908895     0.0847241
      D1GCQ-a5d      0.021     0.055       0.203     0.647     -0.293     0.595      0.530     0.475      0.470     0.796    0.597     0.732   0.515     0.137      0.558     0.01003  -1	   0.2311687     0.0565578
     D1GCQ-a60a      0.029     0.034       0.147     0.694     -0.021     0.600      0.524     0.413      0.891     0.729    0.530     0.708   0.852     0.178      0.270     0.01069  -1	   0.0083795     0.0436526
     D1GCQ-a60b      0.030     0.035       0.147     0.725      0.098     0.583      0.479     0.338      0.971     0.711    0.526     0.693   0.841     0.181      0.311     0.01060  -1	   0.0126620     0.0624623
     D1GCQ-a60c      0.031     0.035       0.147     0.703      0.065     0.587      0.499     0.369      0.917     0.701    0.502     0.701   0.841     0.178      0.324     0.01074  -1	   0.0135288     0.0541902
     D1GCQ-a60d      0.034     0.040       0.184     0.690     -0.186     0.564      0.453     0.459      0.531     0.724    0.502     0.722   0.757     0.162      0.276     0.01464  -1	   0.0796467     0.0672814
     D1GCQ-a61a      0.032     0.035       0.152     0.702      0.012     0.597      0.488     0.349      0.932     0.713    0.526     0.695   0.805     0.182      0.311     0.01086  -1	   0.0100058     0.0671885
     D1GCQ-a61b      0.041     0.056       0.235     0.669     -0.400     0.609      0.439     0.146      0.489     0.756    0.560     0.714   0.538     0.126      0.702     0.02229  -1	   0.3264427     0.3513025
     D1GCQ-a61c      0.034     0.057       0.235     0.672     -0.388     0.604      0.425     0.153      0.185     0.745    0.546     0.712   0.538     0.123      0.559     0.02250  -1	   0.4159728     0.4608416
     D1GCQ-a61d      0.038     0.057       0.240     0.686      0.207     0.617      0.429     0.304      0.774     0.762    0.579     0.707   0.854     0.119      0.345     0.02979  -1	   0.1760150     0.1492813
     D1GCQ-a62a      0.030     0.065       0.272     0.630      0.005     0.604      0.395     0.209      0.495     0.782    0.555     0.744   0.713     0.120      0.135     0.01832  -1	   0.0425000     0.1375091
     D1GCQ-a62b      0.038     0.058       0.240     0.667     -0.352     0.606      0.417     0.154      0.146     0.784    0.555     0.746   0.538     0.141      0.511     0.02256  -1	   0.4017380     0.4294904
     D1GCQ-a62c      0.031     0.062       0.258     0.659      0.025     0.592      0.452     0.249      0.315     0.714    0.481     0.725   0.780     0.126      0.172     0.01778  -1	   0.0915215     0.1595101
     D1GCQ-a62d      0.029     0.058       0.235     0.650      0.349     0.601      0.434     0.324      0.814     0.778    0.540     0.749   0.920     0.110      0.014     0.01503  -1	   0.1520976     0.1383842
     D1GCQ-a63a      0.041     0.057       0.244     0.659     -0.317     0.607      0.434     0.137      0.217     0.768    0.578     0.714   0.582     0.135      0.569     0.02256  -1	   0.3949087     0.4419241
     D1GCQ-a63b      0.039     0.061       0.253     0.678     -0.381     0.607      0.371     0.097      0.143     0.771    0.558     0.731   0.538     0.127      0.484     0.02269  -1	   0.3971085     0.5012749
     D1GCQ-a63c      0.025     0.067       0.226     0.703     -0.008     0.572      0.431     0.341      0.806     0.781    0.571     0.733   0.802     0.111      0.199     0.01295  -1	   0.0623130     0.0331101
     D1GCQ-a63d      0.039     0.052       0.235     0.575     -0.334     0.613      0.466     0.201      0.414     0.700    0.519     0.687   0.389     0.110      0.280     0.02119  -1	   0.0968654     0.2447933
     D1GCQ-a64a      0.035     0.046       0.171     0.720      0.305     0.625      0.460     0.414      0.347     0.729    0.525     0.711   0.896     0.166      0.018     0.09381  -1	   0.0629721     0.0739467
     D1GCQ-a64b      0.032     0.042       0.171     0.780      0.243     0.593      0.456     0.435      0.888     0.715    0.523     0.699   0.844     0.161      0.184     0.05720  -1	   0.0676482     0.0284064
     D1GCQ-a64c      0.031     0.038       0.157     0.754     -0.429     0.610      0.488     0.315      0.405     0.733    0.557     0.692   0.643     0.176      0.261     0.75356   1	   0.2012317     0.2511190
     D1GCQ-a64d      0.034     0.057       0.226     0.629      0.013     0.604      0.447     0.354      0.721     0.747    0.595     0.679   0.713     0.117      0.304     0.02873  -1	   0.0766965     0.0844970
     D1GCQ-a65a      0.032     0.042       0.161     0.807      0.249     0.589      0.442     0.418      0.779     0.700    0.529     0.680   0.715     0.164      0.190     0.05701  -1	   0.0651397     0.0373281
     D1GCQ-a65b      0.019     0.075       0.300     0.638      0.229     0.579      0.371     0.158      0.077     0.703    0.518     0.691   0.787     0.090      0.080     0.03890  -1	   0.1356256     0.2302946
     D1GCQ-a65c      0.037     0.045       0.171     0.636      0.077     0.618      0.502     0.428      0.582     0.741    0.538     0.714   0.761     0.176      0.057     0.11308  -1	   0.0002663     0.0336609
     D1GCQ-a65d      0.016     0.101       0.364     0.618      0.273     0.565      0.249     0.141      0.509     0.771    0.630     0.680   0.735     0.089      0.055     0.05651  -1	   0.1536021     0.1040328
     D1GCQ-a66a      0.011     0.100       0.364     0.648      0.269     0.572      0.270     0.173      0.043     0.764    0.622     0.678   0.825     0.089      0.036     0.05662  -1	   0.1829843     0.0921778
     D1GCQ-a66b      0.031     0.037       0.161     0.775     -0.739     0.600      0.441     0.287      0.597     0.720    0.559     0.678   0.643     0.179      0.141     0.70626   1	   0.3307233     0.3030228
     D1GCQ-a66c      0.011     0.101       0.364     0.643      0.306     0.566      0.214     0.118      0.056     0.754    0.657     0.639   0.660     0.088      0.041     0.05615  -1	   0.2179942     0.1305826
     D1GCQ-a66d      0.009     0.077       0.313     0.592     -0.147     0.584      0.504     0.295      0.739     0.780    0.518     0.764   0.463     0.085      0.065     0.03887  -1	   0.0139283     0.0117277
     D1GCQ-a67a      0.025     0.099       0.378     0.723      0.271     0.571      0.219     0.071      0.032     0.772    0.593     0.708   0.946     0.088      0.131     0.04207  -1	   0.3065928     0.2140399
     D1GCQ-a67b      0.020     0.080       0.313     0.651      0.096     0.582      0.457     0.184      0.856     0.755    0.546     0.723   0.805     0.079      0.269     0.03701  -1	   0.1301806     0.1103010
     D1GCQ-a67c      0.016     0.092       0.336     0.721      0.018     0.595      0.410     0.143      0.145     0.741    0.567     0.693   0.834     0.085      0.263     0.04567  -1	   0.2588436     0.2529866
     D1GCQ-a67d      0.011     0.084       0.318     0.693      0.085     0.588      0.439     0.171      0.943     0.758    0.610     0.681   0.805     0.081      0.261     0.03890  -1	   0.1225692     0.0825358
     D1GCQ-a68a      0.013     0.100       0.355     0.628      0.206     0.577      0.253     0.131      0.800     0.792    0.617     0.714   0.787     0.093      0.053     0.05649  -1	   0.1495200     0.1176578
     D1GCQ-a68b      0.011     0.084       0.327     0.689      0.033     0.581      0.472     0.214      0.985     0.799    0.643     0.704   0.780     0.082      0.153     0.03992  -1	   0.0903720     0.0428117
     D1GCQ-a68c      0.010     0.081       0.323     0.675      0.092     0.583      0.440     0.167      0.391     0.768    0.578     0.714   0.805     0.084      0.271     0.03917  -1	   0.1591841     0.1936210
     D1GCQ-a68d      0.014     0.100       0.387     0.678     -0.247     0.605      0.253     0.169      0.338     0.791    0.616     0.714   0.637     0.082      0.174     0.06590  -1	   0.0924688     0.1020253
     D1GCQ-a69a      0.027     0.039       0.134     0.767      0.022     0.599      0.515     0.295      0.562     0.741    0.542     0.712   0.785     0.217      0.251     0.04928  -1	   0.0531688     0.1440804
     D1GCQ-a69b      0.017     0.109       0.387     0.670      0.229     0.584      0.210     0.064      0.459     0.842    0.681     0.731   0.903     0.081      0.216     0.04155  -1	   0.2662693     0.1974337
     D1GCQ-a69c      0.034     0.041       0.166     0.728      0.084     0.591      0.515     0.414      0.415     0.695    0.494     0.700   0.841     0.177      0.094     0.09375  -1	   0.0215153     0.0726382
     D1GCQ-a69d      0.032     0.035       0.138     0.805      0.098     0.575      0.481     0.208      0.724     0.736    0.568     0.688   0.692     0.206      0.189     0.05862  -1	   0.0080817     0.1479287
      D1GCQ-a6a      0.019     0.044       0.189     0.753     -0.290     0.590      0.494     0.514      0.982     0.806    0.600     0.741   0.730     0.152      0.173     0.00982  -1	   0.0347879     0.0134732
      D1GCQ-a6b      0.028     0.045       0.207     0.555     -0.291     0.586      0.594     0.673      1.000     0.814    0.642     0.722   0.653     0.143     -0.007     0.01152  -1	   0.0688103     0.0142976
      D1GCQ-a6c      0.022     0.042       0.194     0.715     -0.095     0.577      0.528     0.598      0.601     0.824    0.652     0.727   0.836     0.160      0.029     0.01027  -1	  -0.0363605    -0.0191700
      D1GCQ-a6d      0.039     0.039       0.175     0.724      0.013     0.588      0.448     0.519      0.314     0.729    0.561     0.686   0.805     0.163      0.187     0.01299  -1	   0.0848295     0.0267096
     D1GCQ-a70a      0.012     0.085       0.327     0.673      0.059     0.594      0.475     0.194      0.764     0.755    0.565     0.710   0.805     0.079      0.261     0.03919  -1	   0.1166566     0.0952127
     D1GCQ-a70b      0.030     0.064       0.281     0.583     -0.256     0.547      0.439     0.510      0.820     0.818    0.527     0.797   0.389     0.115      0.081     0.02076  -1	   0.0353936     0.0354527
     D1GCQ-a70c      0.010     0.081       0.318     0.675      0.045     0.584      0.485     0.235      0.103     0.781    0.522     0.764   0.780     0.080      0.139     0.03762  -1	   0.1234275     0.1807774
     D1GCQ-a70d      0.023     0.073       0.309     0.656      0.049     0.588      0.457     0.465      0.587     0.743    0.547     0.710   0.780     0.094      0.092     0.02237  -1	   0.0393539    -0.0001192
     D1GCQ-a71a      0.019     0.054       0.212     0.759     -0.209     0.571      0.414     0.392      0.044     0.716    0.523     0.700   0.683     0.163      0.089     0.02105  -1	   0.1636570     0.1460439
     D1GCQ-a71b      0.020     0.058       0.217     0.744     -0.015     0.565      0.350     0.341      0.045     0.674    0.480     0.691   0.802     0.163      0.109     0.02054  -1	   0.1495187     0.1096272
     D1GCQ-a71c      0.026     0.067       0.244     0.649     -0.159     0.565      0.361     0.423      0.704     0.753    0.567     0.705   0.664     0.127      0.052     0.02095  -1	   0.0189617     0.0376149
     D1GCQ-a71d      0.028     0.044       0.189     0.730      0.162     0.585      0.436     0.394      0.203     0.675    0.496     0.680   0.819     0.144      0.100     0.04344  -1	   0.0710373     0.0939423
     D1GCQ-a72a      0.021     0.065       0.277     0.659     -0.049     0.560      0.416     0.300      0.424     0.692    0.485     0.704   0.747     0.113      0.154     0.01937  -1	   0.0459786     0.0757268
     D1GCQ-a72b      0.028     0.064       0.290     0.641     -0.154     0.567      0.386     0.369      0.268     0.739    0.522     0.723   0.664     0.096      0.232     0.02093  -1	   0.1106635     0.0773258
     D1GCQ-a72c      0.024     0.066       0.230     0.702     -0.172     0.569      0.367     0.436      0.979     0.737    0.561     0.693   0.785     0.127      0.072     0.02045  -1	   0.0486857     0.0337106
     D1GCQ-a72d      0.028     0.065       0.277     0.536     -0.195     0.544      0.437     0.484      0.865     0.791    0.533     0.767   0.384     0.113      0.086     0.02168  -1	   0.0378467     0.0308791
     D1GCQ-a73a      0.034     0.036       0.166     0.648     -0.459     0.570      0.564     0.618      0.863     0.749    0.524     0.731   0.627     0.164      0.113     0.01198  -1	   0.1318623     0.0713974
     D1GCQ-a73b      0.034     0.040       0.171     0.707     -0.261     0.566      0.547     0.617      0.595     0.762    0.533     0.738   0.750     0.193      0.071     0.01200  -1	   0.0494095     0.0271346
     D1GCQ-a73c      0.032     0.037       0.157     0.623     -0.175     0.574      0.572     0.621      0.880     0.719    0.510     0.712   0.701     0.181      0.067     0.01178  -1	   0.0285259    -0.0009693
     D1GCQ-a73d      0.025     0.036       0.152     0.657      0.091     0.558      0.554     0.603      0.821     0.694    0.496     0.697   0.817     0.169      0.124     0.01004  -1	  -0.0187827    -0.0387397
     D1GCQ-a74a      0.027     0.043       0.171     0.755     -0.080     0.559      0.411     0.496      0.221     0.722    0.584     0.661   0.815     0.193      0.141     0.01155  -1	   0.1108356     0.0363641
     D1GCQ-a74b      0.026     0.034       0.134     0.707      0.006     0.548      0.551     0.599      0.734     0.703    0.501     0.702   0.805     0.208      0.037     0.00901  -1	  -0.0363877    -0.0360118
     D1GCQ-a74c      0.027     0.033       0.134     0.743     -0.110     0.551      0.513     0.465      0.602     0.741    0.545     0.709   0.812     0.202      0.337     0.00953  -1	   0.0693134     0.0473228
     D1GCQ-a74d      0.033     0.033       0.143     0.607     -0.117     0.572      0.537     0.576      0.816     0.730    0.513     0.720   0.732     0.197      0.061     0.01162  -1	   0.0066861     0.0060527
     D1GCQ-a75a      0.026     0.035       0.147     0.642     -0.188     0.558      0.501     0.299      0.484     0.702    0.516     0.691   0.701     0.163      0.510     0.01009  -1	   0.1570370     0.2453387
     D1GCQ-a75b      0.029     0.037       0.152     0.731      0.152     0.590      0.465     0.329      0.979     0.733    0.553     0.696   0.819     0.191      0.311     0.01052  -1	   0.0332204     0.0641515
     D1GCQ-a75c      0.025     0.040       0.147     0.633      0.316     0.582      0.466     0.236      0.528     0.753    0.486     0.758   0.816     0.165      0.280     0.00956  -1	   0.0984460     0.2590550
     D1GCQ-a75d      0.033     0.041       0.152     0.727      0.297     0.568      0.500     0.481      0.909     0.749    0.551     0.713   0.896     0.194      0.125     0.01190  -1	   0.0552772    -0.0094388
     D1GCQ-a76a      0.030     0.031       0.143     0.700      0.051     0.570      0.548     0.361      0.235     0.682    0.514     0.674   0.841     0.153      0.464     0.00975  -1	   0.2436982     0.2712553
     D1GCQ-a76b      0.025     0.035       0.143     0.569     -0.209     0.565      0.535     0.317      0.425     0.689    0.502     0.688   0.700     0.151      0.382     0.01018  -1	   0.1193111     0.2654407
     D1GCQ-a76c      0.029     0.032       0.147     0.692      0.030     0.574      0.545     0.365      0.292     0.673    0.490     0.683   0.781     0.156      0.451     0.00977  -1	   0.1924704     0.2210655
     D1GCQ-a76d      0.029     0.036       0.157     0.731      0.062     0.590      0.496     0.306      0.797     0.722    0.522     0.706   0.841     0.194      0.288     0.01053  -1	   0.0174027     0.0924145
     D1GCQ-a77a      0.031     0.035       0.152     0.717      0.099     0.591      0.494     0.340      0.778     0.695    0.524     0.679   0.841     0.173      0.338     0.01054  -1	   0.0299117     0.0939617
     D1GCQ-a77b      0.031     0.036       0.157     0.702      0.046     0.602      0.469     0.341      0.886     0.714    0.516     0.703   0.805     0.173      0.311     0.01052  -1	   0.0199086     0.0835809
     D1GCQ-a77c      0.034     0.062       0.263     0.701      0.118     0.589      0.423     0.234      0.340     0.751    0.533     0.727   0.834     0.116      0.138     0.01811  -1	   0.0936918     0.1644846
     D1GCQ-a77d      0.031     0.036       0.157     0.727      0.002     0.598      0.489     0.349      0.688     0.716    0.491     0.722   0.805     0.182      0.301     0.01081  -1	   0.0352636     0.0888412
     D1GCQ-a78a      0.040     0.060       0.249     0.640     -0.400     0.606      0.409     0.135      0.191     0.745    0.551     0.709   0.471     0.133      0.523     0.02271  -1	   0.3838656     0.4526687
     D1GCQ-a78b      0.044     0.059       0.253     0.684     -0.311     0.608      0.377     0.101      0.078     0.761    0.571     0.712   0.582     0.128      0.462     0.02287  -1	   0.4117054     0.5277461
     D1GCQ-a78c      0.028     0.043       0.189     0.623      0.425     0.551      0.433     0.215      0.554     0.738    0.533     0.714   0.822     0.135      0.211     0.01360  -1	   0.1262973     0.2896766
     D1GCQ-a78d      0.039     0.056       0.240     0.700     -0.488     0.616      0.431     0.139      0.389     0.743    0.520     0.728   0.667     0.138      0.601     0.02231  -1	   0.3776885     0.4137058
     D1GCQ-a79a      0.035     0.059       0.235     0.555      0.266     0.598      0.423     0.248      0.574     0.796    0.572     0.748   0.699     0.147      0.425     0.02263  -1	   0.2159708     0.2190483
     D1GCQ-a79b      0.035     0.057       0.230     0.692     -0.440     0.615      0.443     0.170      0.191     0.743    0.554     0.705   0.000     0.138      0.551     0.02228  -1	   0.3686623     0.3145984
     D1GCQ-a79c      0.034     0.058       0.230     0.689     -0.282     0.603      0.414     0.139      0.150     0.747    0.536     0.722   0.582     0.127      0.586     0.02229  -1	   0.4410963     0.4684222
     D1GCQ-a79d      0.036     0.058       0.235     0.629     -0.165     0.612      0.440     0.152      0.276     0.760    0.540     0.732   0.664     0.129      0.546     0.02227  -1	   0.3056869     0.3720175
      D1GCQ-a7a      0.037     0.039       0.161     0.733      0.019     0.588      0.452     0.524      0.352     0.757    0.568     0.709   0.805     0.171      0.187     0.01309  -1	   0.0789729     0.0223686
      D1GCQ-a7b      0.033     0.046       0.198     0.610     -0.057     0.597      0.479     0.425      0.874     0.770    0.569     0.723   0.756     0.153      0.097     0.01060  -1	   0.0205400     0.0398053
      D1GCQ-a7c      0.034     0.040       0.157     0.643      0.221     0.593      0.487     0.450      0.115     0.718    0.521     0.703   0.784     0.181      0.192     0.01022  -1	   0.1301694     0.1072150
      D1GCQ-a7d      0.031     0.043       0.198     0.690      0.079     0.587      0.419     0.332      0.260     0.740    0.517     0.727   0.817     0.154      0.158     0.01035  -1	   0.0681949     0.1372150
     D1GCQ-a80a      0.034     0.059       0.230     0.696     -0.168     0.591      0.400     0.185      0.219     0.708    0.507     0.704   0.730     0.124      0.235     0.02117  -1	   0.1680524     0.2993980
     D1GCQ-a80b      0.034     0.057       0.230     0.672      0.112     0.605      0.446     0.343      0.635     0.775    0.607     0.701   0.780     0.112      0.284     0.02887  -1	   0.1163693     0.1079734
     D1GCQ-a80c      0.037     0.040       0.180     0.616      0.044     0.588      0.492     0.307      0.743     0.724    0.515     0.713   0.725     0.168      0.383     0.03005  -1	   0.0490624     0.1219443
     D1GCQ-a80d      0.035     0.048       0.217     0.655      0.028     0.587      0.486     0.362      0.462     0.932    0.561     0.908   0.781     0.116      0.300     0.03052  -1	   0.1015014     0.0952636
     D1GCQ-a81a      0.033     0.044       0.171     0.662      0.220     0.607      0.496     0.483      0.289     0.737    0.534     0.713   0.840     0.167      0.041     0.10064  -1	   0.0231113     0.0281278
     D1GCQ-a81b      0.037     0.045       0.175     0.693      0.234     0.617      0.482     0.448      0.363     0.746    0.505     0.740   0.840     0.167      0.039     0.10140  -1	   0.0411892     0.0482988
     D1GCQ-a81c      0.034     0.039       0.157     0.746     -0.415     0.600      0.465     0.287      0.366     0.759    0.536     0.734   0.664     0.182      0.261     0.76782   1	   0.2217757     0.2850429
     D1GCQ-a81d      0.039     0.042       0.161     0.707      0.126     0.605      0.495     0.458      0.261     0.768    0.534     0.743   0.851     0.165      0.037     0.09376  -1	   0.0264999     0.0574701
     D1GCQ-a82a      0.038     0.046       0.180     0.704      0.036     0.615      0.492     0.433      0.994     0.784    0.566     0.739   0.805     0.167      0.057     0.13877  -1	   0.0555348     0.0081285
     D1GCQ-a82b      0.027     0.038       0.175     0.675     -0.059     0.606      0.595     0.559      0.907     0.744    0.546     0.712   0.812     0.174      0.192     0.07635  -1	   0.0054649    -0.0168513
     D1GCQ-a82c      0.026     0.045       0.184     0.739     -0.018     0.593      0.436     0.321      0.183     0.749    0.527     0.729   0.876     0.160      0.107     0.28519  -1	   0.0788856     0.1681438
     D1GCQ-a82d      0.016     0.098       0.350     0.560      0.379     0.573      0.277     0.177      0.106     0.738    0.592     0.672   0.705     0.093      0.055     0.05655  -1	   0.2200149     0.1179327
     D1GCQ-a83a      0.034     0.039       0.171     0.740     -0.531     0.604      0.464     0.269      0.454     0.755    0.565     0.710   0.688     0.179      0.236     0.74502   1	   0.2379030     0.3003720
     D1GCQ-a83b      0.033     0.037       0.157     0.759     -0.321     0.612      0.474     0.307      0.162     0.731    0.576     0.678   0.815     0.179      0.261     0.75677   1	   0.2744576     0.3548652
     D1GCQ-a83c      0.032     0.039       0.157     0.724     -0.553     0.606      0.466     0.284      0.863     0.749    0.591     0.685   0.688     0.168      0.236     0.71900   1	   0.1649143     0.2262042
     D1GCQ-a83d      0.032     0.037       0.157     0.756     -0.231     0.621      0.463     0.296      0.132     0.746    0.571     0.696   0.777     0.176      0.261     0.75434   1	   0.2426988     0.3454399
     D1GCQ-a84a      0.032     0.033       0.138     0.797      0.031     0.572      0.515     0.240      0.822     0.757    0.563     0.713   0.785     0.204      0.191     0.05725  -1	  -0.0035673     0.1229368
     D1GCQ-a84b      0.025     0.041       0.171     0.734     -0.131     0.583      0.442     0.340      0.577     0.745    0.506     0.738   0.812     0.175      0.194     0.12554  -1	   0.0391827     0.1058246
     D1GCQ-a84c      0.034     0.040       0.161     0.749     -0.561     0.605      0.465     0.267      0.790     0.760    0.572     0.710   0.688     0.171      0.236     0.76044   1	   0.1838940     0.2364949
     D1GCQ-a84d      0.033     0.040       0.166     0.731      0.083     0.594      0.519     0.424      0.389     0.704    0.516     0.693   0.841     0.180      0.084     0.08469  -1	   0.0170906     0.0750495
     D1GCQ-a85a      0.032     0.042       0.175     0.749     -0.019     0.582      0.455     0.338      0.618     0.728    0.498     0.728   0.876     0.169      0.152     0.14565  -1	   0.0222206     0.0832887
     D1GCQ-a85b      0.033     0.034       0.134     0.808     -0.014     0.581      0.516     0.241      0.441     0.753    0.586     0.693   0.727     0.204      0.200     0.05774  -1	   0.0716211     0.2568669
     D1GCQ-a85c      0.029     0.033       0.147     0.805      0.036     0.579      0.519     0.265      0.782     0.793    0.601     0.725   0.656     0.184      0.156     0.05721  -1	  -0.0017960     0.1101006
     D1GCQ-a85d      0.028     0.038       0.138     0.784      0.024     0.610      0.525     0.318      0.767     0.743    0.543     0.712   0.785     0.204      0.150     0.04729  -1	   0.0040058     0.0755342
     D1GCQ-a86a      0.032     0.049       0.189     0.779      0.267     0.589      0.380     0.398      0.529     0.743    0.520     0.727   0.875     0.159      0.163     0.05070  -1	   0.1078488     0.0561540
     D1GCQ-a86b      0.025     0.039       0.134     0.760     -0.003     0.611      0.510     0.285      0.660     0.749    0.532     0.725   0.855     0.213      0.169     0.04818  -1	   0.0154278     0.1252303
     D1GCQ-a86c      0.030     0.039       0.161     0.652      0.042     0.579      0.502     0.348      0.490     0.718    0.536     0.693   0.781     0.173      0.271     0.06069  -1	   0.0481334     0.1314621
     D1GCQ-a86d      0.027     0.039       0.129     0.715     -0.007     0.602      0.513     0.301      0.793     0.733    0.563     0.688   0.876     0.211      0.288     0.04739  -1	   0.0223255     0.1097093
     D1GCQ-a87a      0.023     0.065       0.240     0.653     -0.116     0.577      0.378     0.440      0.344     0.734    0.525     0.715   0.656     0.134      0.077     0.02084  -1	   0.0352648     0.0208374
     D1GCQ-a87b      0.026     0.038       0.134     0.715     -0.035     0.615      0.538     0.346      0.445     0.728    0.582     0.669   0.876     0.214      0.347     0.04817  -1	   0.1211219     0.1806304
     D1GCQ-a87c      0.028     0.049       0.194     0.737      0.227     0.594      0.421     0.416      0.958     0.748    0.558     0.707   0.864     0.150      0.171     0.05890  -1	   0.0873885     0.0392887
     D1GCQ-a87d      0.026     0.041       0.166     0.800      0.057     0.586      0.483     0.402      0.312     0.725    0.537     0.699   0.692     0.191      0.072     0.09858  -1	   0.0314820     0.0894909
     D1GCQ-a88a      0.028     0.031       0.147     0.758      0.142     0.555      0.512     0.633      0.913     0.732    0.559     0.690   0.831     0.173      0.076     0.01158  -1	  -0.0241954    -0.0344753
     D1GCQ-a88b      0.034     0.038       0.161     0.654     -0.417     0.573      0.580     0.660      0.862     0.729    0.508     0.722   0.639     0.171      0.121     0.01211  -1	   0.1183510     0.0555616
     D1GCQ-a88c      0.034     0.039       0.175     0.705     -0.333     0.570      0.521     0.574      0.699     0.716    0.498     0.716   0.836     0.170      0.091     0.01187  -1	   0.0838185     0.0532877
     D1GCQ-a88d      0.024     0.067       0.244     0.698     -0.054     0.568      0.373     0.455      0.553     0.780    0.553     0.743   0.747     0.133      0.063     0.02061  -1	   0.0157955    -0.0107139
     D1GCQ-a89a      0.028     0.031       0.147     0.639      0.020     0.526      0.554     0.508      0.804     0.842    0.543     0.814   0.725     0.190      0.359     0.00940  -1	   0.0187401     0.0101468
     D1GCQ-a89b      0.025     0.034       0.138     0.712     -0.124     0.555      0.504     0.433      0.922     0.721    0.520     0.706   0.812     0.231      0.337     0.00947  -1	   0.0032458     0.0141492
     D1GCQ-a89c      0.033     0.038       0.157     0.691      0.332     0.567      0.532     0.514      0.864     0.706    0.482     0.718   0.872     0.191      0.109     0.01182  -1	   0.0556537    -0.0053169
     D1GCQ-a89d      0.024     0.033       0.134     0.715     -0.173     0.556      0.521     0.436      0.615     0.730    0.497     0.730   0.781     0.210      0.329     0.00933  -1	   0.0719301     0.0739530
      D1GCQ-a8a      0.031     0.039       0.152     0.675      0.271     0.577      0.462     0.308      0.472     0.728    0.510     0.720   0.872     0.194      0.278     0.00870  -1	   0.0994590     0.1776618
      D1GCQ-a8b      0.031     0.034       0.161     0.562      0.123     0.576      0.561     0.450      0.791     0.757    0.511     0.747   0.753     0.152      0.026     0.00830  -1	  -0.0072905     0.0370274
      D1GCQ-a8c      0.033     0.040       0.171     0.729      0.060     0.583      0.455     0.369      0.513     0.719    0.480     0.731   0.841     0.155      0.114     0.00947  -1	   0.0167685     0.0832331
      D1GCQ-a8d      0.032     0.046       0.166     0.699      0.195     0.590      0.426     0.356      0.750     0.764    0.497     0.762   0.794     0.186      0.148     0.00982  -1	   0.0526742     0.0591944
     D1GCQ-a90a      0.034     0.059       0.253     0.725      0.039     0.595      0.451     0.254      0.325     0.692    0.481     0.706   0.834     0.120      0.177     0.01749  -1	   0.1045806     0.1666755
     D1GCQ-a90b      0.027     0.036       0.143     0.681     -0.031     0.599      0.572     0.458      0.583     0.666    0.498     0.670   0.852     0.195      0.224     0.01338  -1	   0.0155214     0.0440231
     D1GCQ-a90c      0.034     0.032       0.134     0.674      0.123     0.571      0.522     0.532      0.601     0.726    0.512     0.717   0.827     0.219     -0.008     0.01147  -1	  -0.0472872    -0.0225556
     D1GCQ-a90d      0.034     0.047       0.184     0.750     -0.306     0.578      0.417     0.295      0.363     0.743    0.555     0.706   0.815     0.180      0.079     0.01101  -1	   0.1135745     0.1970775
     D1GCQ-a91a      0.033     0.032       0.143     0.689     -0.005     0.581      0.546     0.344      0.246     0.695    0.494     0.700   0.852     0.165      0.464     0.01027  -1	   0.2411724     0.2763214
     D1GCQ-a91b      0.029     0.031       0.143     0.676     -0.017     0.589      0.538     0.358      0.393     0.708    0.500     0.708   0.852     0.148      0.526     0.00980  -1	   0.1950728     0.2099029
     D1GCQ-a91c      0.031     0.048       0.189     0.767     -0.336     0.596      0.384     0.261      0.325     0.719    0.566     0.672   0.815     0.178      0.079     0.01094  -1	   0.1277833     0.2386808
     D1GCQ-a91d      0.029     0.032       0.152     0.552     -0.295     0.565      0.566     0.389      0.678     0.691    0.499     0.693   0.653     0.171      0.349     0.00997  -1	   0.0738252     0.1515581
     D1GCQ-a92a      0.036     0.050       0.207     0.524     -0.071     0.586      0.473     0.300      0.656     0.786    0.580     0.733   0.677     0.160      0.451     0.01591  -1	   0.0954438     0.1655562
     D1GCQ-a92b      0.035     0.055       0.240     0.639      0.017     0.604      0.437     0.333      0.407     0.741    0.591     0.676   0.713     0.116      0.338     0.02881  -1	   0.1418947     0.1358797
     D1GCQ-a92c      0.034     0.056       0.235     0.647      0.026     0.607      0.460     0.364      0.442     0.722    0.553     0.685   0.713     0.117      0.300     0.02890  -1	   0.1120643     0.0939930
     D1GCQ-a92d      0.029     0.043       0.184     0.630      0.455     0.551      0.461     0.235      0.258     0.723    0.517     0.710   0.836     0.154      0.211     0.01372  -1	   0.1762725     0.3435491
     D1GCQ-a93a      0.036     0.057       0.249     0.637     -0.036     0.597      0.449     0.346      0.375     0.734    0.566     0.687   0.680     0.116      0.335     0.02866  -1	   0.1403699     0.1134345
     D1GCQ-a93b      0.037     0.058       0.235     0.691     -0.287     0.577      0.457     0.276      0.974     0.848    0.624     0.776   0.582     0.141      0.281     0.01752  -1	   0.0750323     0.0641365
     D1GCQ-a93c      0.036     0.061       0.263     0.701      0.019     0.592      0.399     0.224      0.228     0.755    0.517     0.741   0.834     0.122      0.180     0.01819  -1	   0.1273606     0.1911678
     D1GCQ-a93d      0.042     0.057       0.244     0.689     -0.330     0.604      0.424     0.118      0.205     0.730    0.566     0.683   0.582     0.138      0.588     0.02276  -1	   0.4304772     0.4860919
     D1GCQ-a94a      0.034     0.049       0.221     0.695     -0.123     0.537      0.416     0.215      0.066     0.740    0.544     0.709   0.788     0.139      0.266     0.02135  -1	   0.2441021     0.3598482
     D1GCQ-a94b      0.035     0.054       0.226     0.715      0.169     0.600      0.455     0.325      0.289     0.750    0.582     0.693   0.900     0.122      0.113     0.02894  -1	   0.0967555     0.1557519
     D1GCQ-a94c      0.039     0.054       0.230     0.694     -0.370     0.620      0.418     0.147      0.369     0.732    0.489     0.737   0.538     0.128      0.702     0.02178  -1	   0.3726530     0.3784038
     D1GCQ-a94d      0.036     0.056       0.244     0.662      0.128     0.601      0.460     0.361      0.549     0.760    0.590     0.697   0.780     0.111      0.287     0.02877  -1	   0.1262950     0.1063623
     D1GCQ-a95a      0.029     0.051       0.226     0.596     -0.379     0.590      0.433     0.298      0.731     0.747    0.559     0.706   0.345     0.142      0.345     0.02448  -1	   0.0646354     0.1196413
     D1GCQ-a95b      0.035     0.056       0.230     0.645      0.048     0.601      0.446     0.357      0.524     0.716    0.556     0.676   0.713     0.116      0.300     0.02877  -1	   0.0994185     0.0919537
     D1GCQ-a95c      0.032     0.053       0.230     0.707      0.095     0.598      0.456     0.333      0.273     0.749    0.559     0.707   0.859     0.124      0.136     0.02897  -1	   0.0849948     0.1363852
     D1GCQ-a95d      0.035     0.055       0.235     0.580      0.188     0.593      0.470     0.279      0.414     0.764    0.502     0.759   0.652     0.137      0.409     0.02173  -1	   0.1874661     0.1746434
     D1GCQ-a96a      0.035     0.037       0.157     0.762     -0.311     0.608      0.465     0.298      0.141     0.743    0.597     0.674   0.815     0.179      0.261     0.75715   1	   0.2902571     0.3794325
     D1GCQ-a96b      0.032     0.039       0.171     0.745     -0.545     0.608      0.455     0.257      0.478     0.766    0.556     0.726   0.688     0.179      0.236     0.74841   1	   0.2365856     0.3043970
     D1GCQ-a96c      0.035     0.038       0.157     0.770     -0.293     0.611      0.453     0.283      0.152     0.753    0.565     0.707   0.730     0.179      0.227     0.75357   1	   0.2449537     0.3509090
     D1GCQ-a96d      0.034     0.039       0.161     0.775     -0.698     0.612      0.446     0.247      0.424     0.749    0.551     0.714   0.643     0.168      0.214     0.74676   1	   0.3654726     0.3941335
     D1GCQ-a97a      0.034     0.040       0.166     0.731      0.093     0.588      0.523     0.435      0.451     0.695    0.502     0.694   0.841     0.188      0.069     0.09333  -1	   0.0041488     0.0521920
     D1GCQ-a97b      0.035     0.039       0.166     0.781     -0.643     0.611      0.443     0.247      0.336     0.753    0.533     0.729   0.612     0.168      0.214     0.73539   1	   0.3498694     0.3925213
     D1GCQ-a97c      0.035     0.038       0.157     0.770     -0.337     0.611      0.479     0.292      0.170     0.730    0.555     0.691   0.815     0.182      0.261     0.76022   1	   0.2857309     0.3685428
     D1GCQ-a97d      0.027     0.041       0.157     0.759     -0.066     0.579      0.473     0.365      0.514     0.703    0.484     0.714   0.815     0.179      0.206     0.11303  -1	   0.0506779     0.0916449
     D1GCQ-a98a      0.028     0.043       0.166     0.819     -0.023     0.577      0.452     0.353      0.815     0.764    0.595     0.698   0.727     0.183      0.072     0.08774  -1	  -0.0128010     0.0161516
     D1GCQ-a98b      0.024     0.039       0.171     0.747     -0.073     0.564      0.463     0.373      0.715     0.716    0.508     0.711   0.836     0.163      0.254     0.11698  -1	   0.0165544     0.0595521
     D1GCQ-a98c      0.027     0.039       0.161     0.731     -0.038     0.578      0.458     0.364      0.619     0.714    0.535     0.689   0.876     0.182      0.199     0.12337  -1	   0.0159387     0.0756378
     D1GCQ-a98d      0.029     0.043       0.166     0.750      0.019     0.579      0.447     0.330      0.806     0.760    0.550     0.725   0.785     0.191      0.068     0.09587  -1	  -0.0076341     0.0357332
     D1GCQ-a99a      0.027     0.044       0.171     0.825      0.012     0.578      0.450     0.339      0.818     0.755    0.599     0.686   0.656     0.177      0.058     0.08656  -1	  -0.0153396     0.0120957
     D1GCQ-a99b      0.028     0.036       0.134     0.731     -0.099     0.616      0.535     0.333      0.630     0.718    0.517     0.706   0.836     0.211      0.263     0.04818  -1	   0.0420837     0.1238436
     D1GCQ-a99c      0.027     0.032       0.138     0.682      0.297     0.601      0.532     0.349      0.839     0.689    0.496     0.692   0.872     0.175      0.116     0.04104  -1	   0.0319252     0.1056785
     D1GCQ-a99d      0.029     0.034       0.147     0.780      0.114     0.601      0.561     0.337      0.577     0.739    0.507     0.732   0.831     0.170      0.099     0.04305  -1	   0.0036769     0.1470241
      D1GCQ-a9a      0.024     0.037       0.152     0.737      0.134     0.581      0.518     0.377      0.353     0.722    0.506     0.717   0.851     0.186      0.340     0.01033  -1	   0.1422342     0.1533459
      D1GCQ-a9b      0.033     0.033       0.152     0.538      0.165     0.579      0.543     0.424      0.898     0.735    0.512     0.725   0.659     0.154     -0.009     0.00828  -1	   0.0201627     0.0312523
      D1GCQ-a9c      0.027     0.035       0.147     0.737      0.107     0.591      0.531     0.405      0.727     0.697    0.545     0.666   0.851     0.174      0.340     0.01061  -1	   0.0372118     0.0598312
      D1GCQ-a9d      0.032     0.035       0.138     0.614      0.170     0.583      0.597     0.559      0.592     0.739    0.523     0.722   0.739     0.161      0.424     0.00720  -1	   0.0864853     0.0142923
