      D1AY7-a9d     -0.016     0.069       0.417     0.597      0.049     0.801      0.448     0.366      0.414     0.321    0.440     0.394   0.587     0.157      0.495     0.03459  -1	   0.2355634     0.1073333
      D1AY7-a0a     -0.014     0.094       0.500     0.734     -0.278     0.733      0.341     0.425      0.115     0.359    0.458     0.417   0.636     0.135      0.208     0.01866  -1	   0.1490329    -0.0353041
      D1AY7-a0b     -0.012     0.094       0.521     0.656     -0.261     0.725      0.375     0.542      0.465     0.380    0.482     0.418   0.582     0.123      0.195     0.01811  -1	   0.0127223    -0.0038619
      D1AY7-a0c     -0.002     0.058       0.312     0.755      0.070     0.738      0.483     0.664      0.968     0.544    0.510     0.549   0.851     0.218      0.083     0.01855  -1	   0.0153614     0.0198138
      D1AY7-a0d     -0.009     0.089       0.500     0.733     -0.186     0.734      0.348     0.445      0.328     0.326    0.434     0.405   0.785     0.141      0.179     0.01839  -1	   0.0548641    -0.0645973
    D1AY7-a100a     -0.028     0.090       0.448     0.589      0.285     0.691      0.388     0.531      0.440     0.367    0.497     0.394   0.699     0.150      0.386     0.01751  -1	   0.3165735     0.0382744
    D1AY7-a100b     -0.011     0.074       0.406     0.752     -0.166     0.719      0.323     0.464      0.646     0.507    0.523     0.504   0.777     0.156      0.271     0.01565  -1	  -0.0177522    -0.0569587
    D1AY7-a100c     -0.028     0.089       0.448     0.523      0.236     0.698      0.446     0.602      0.766     0.369    0.484     0.406   0.508     0.150      0.395     0.01756  -1	   0.2445452     0.1497639
    D1AY7-a100d     -0.025     0.091       0.417     0.578      0.373     0.701      0.332     0.392      0.630     0.435    0.432     0.512   0.705     0.149      0.260     0.01750  -1	   0.3296243     0.1641662
    D1AY7-a101a     -0.008     0.076       0.354     0.604     -0.292     0.746      0.309     0.341      0.991     0.390    0.504     0.410   0.515     0.174      0.197     0.01498  -1	   0.0005691     0.0736884
    D1AY7-a101b     -0.003     0.083       0.438     0.563     -0.172     0.778      0.442     0.554      0.500     0.384    0.485     0.419   0.538     0.143      0.158     0.01329  -1	   0.0410654     0.0100425
    D1AY7-a101c     -0.017     0.066       0.396     0.780      0.136     0.727      0.333     0.173      0.561     0.504    0.474     0.541   0.826     0.143      0.293     0.01621  -1	   0.1279153     0.1649921
    D1AY7-a101d     -0.001     0.084       0.448     0.596     -0.242     0.767      0.443     0.583      0.474     0.396    0.471     0.443   0.444     0.145      0.162     0.01338  -1	   0.0362104     0.0185785
    D1AY7-a102a     -0.003     0.081       0.427     0.561     -0.279     0.758      0.530     0.655      0.550     0.423    0.497     0.447   0.389     0.130      0.140     0.01326  -1	   0.0088868     0.0371151
    D1AY7-a102b     -0.005     0.047       0.302     0.772     -0.456     0.763      0.449     0.490      0.818     0.541    0.425     0.614   0.686     0.198      0.257     0.01276  -1	  -0.0276451    -0.0132845
    D1AY7-a102c     -0.001     0.066       0.354     0.601     -0.487     0.732      0.447     0.593      0.799     0.376    0.448     0.442   0.546     0.182      0.105     0.01212  -1	   0.0318667     0.0175778
    D1AY7-a102d     -0.007     0.049       0.302     0.745     -0.366     0.775      0.460     0.502      0.790     0.592    0.477     0.619   0.724     0.222      0.264     0.01264  -1	  -0.0354423    -0.0324102
    D1AY7-a103a     -0.005     0.050       0.323     0.740     -0.391     0.768      0.479     0.545      0.816     0.551    0.455     0.599   0.724     0.225      0.275     0.01259  -1	  -0.0374165    -0.0293476
    D1AY7-a103b      0.001     0.071       0.396     0.670     -0.389     0.717      0.454     0.647      0.747     0.390    0.497     0.417   0.538     0.160      0.129     0.01230  -1	  -0.0454257     0.0067316
    D1AY7-a103c      0.000     0.049       0.333     0.653     -0.567     0.768      0.449     0.405      0.572     0.457    0.480     0.493   0.663     0.212      0.199     0.01209  -1	   0.0117183    -0.0240280
    D1AY7-a103d      0.003     0.054       0.354     0.631     -0.059     0.754      0.525     0.643      0.890     0.387    0.459     0.443   0.680     0.190      0.386     0.01323  -1	  -0.0057704     0.0244472
    D1AY7-a104a     -0.010     0.067       0.448     0.701      0.257     0.771      0.436     0.430      0.192     0.351    0.476     0.396   0.946     0.156      0.215     0.02938  -1	   0.2805377     0.1071146
    D1AY7-a104b     -0.006     0.079       0.469     0.632     -0.082     0.727      0.293     0.376      0.541     0.368    0.449     0.433   0.680     0.144      0.223     0.01858  -1	   0.0474782     0.0491534
    D1AY7-a104c      0.005     0.066       0.396     0.575      0.289     0.801      0.390     0.428      0.900     0.510    0.584     0.457   0.699     0.198      0.172     0.02591  -1	   0.2734009     0.1967040
    D1AY7-a104d     -0.010     0.089       0.500     0.671     -0.312     0.680      0.372     0.557      0.489     0.469    0.534     0.460   0.582     0.137      0.226     0.02384  -1	  -0.0137384    -0.0339507
    D1AY7-a105a     -0.002     0.080       0.531     0.574      0.007     0.784      0.398     0.411      0.590     0.293    0.495     0.324   0.587     0.128      0.144     0.02937  -1	   0.0972873     0.1200082
    D1AY7-a105b     -0.001     0.072       0.479     0.723     -0.160     0.790      0.469     0.533      0.330     0.429    0.451     0.490   0.785     0.163      0.204     0.02264  -1	   0.0455818    -0.0035904
    D1AY7-a105c     -0.007     0.067       0.448     0.748      0.260     0.763      0.381     0.488      0.585     0.415    0.474     0.458   0.946     0.156      0.356     0.02470  -1	   0.2560181     0.0862931
    D1AY7-a105d     -0.008     0.083       0.510     0.658      0.120     0.766      0.370     0.496      0.176     0.411    0.470     0.458   0.780     0.141      0.168     0.02700  -1	   0.2215527     0.0454918
    D1AY7-a106a     -0.011     0.076       0.417     0.593      0.119     0.770      0.365     0.489      0.206     0.326    0.467     0.377   0.587     0.165      0.160     0.02179  -1	   0.1896301     0.0235020
    D1AY7-a106b     -0.017     0.067       0.365     0.788      0.015     0.750      0.319     0.162      0.601     0.398    0.420     0.486   0.826     0.152      0.114     0.01676  -1	   0.0043400     0.1047412
    D1AY7-a106c      0.001     0.077       0.479     0.640      0.211     0.798      0.316     0.396      0.335     0.370    0.492     0.401   0.787     0.156      0.281     0.03537  -1	   0.3079081     0.1098867
    D1AY7-a106d     -0.010     0.082       0.510     0.771      0.096     0.779      0.317     0.436      0.230     0.455    0.474     0.495   0.851     0.134      0.198     0.02833  -1	   0.2144360     0.0411767
    D1AY7-a107a     -0.016     0.071       0.438     0.711      0.261     0.740      0.344     0.196      0.811     0.354    0.468     0.405   0.946     0.148      0.254     0.01598  -1	   0.1569702     0.1549993
    D1AY7-a107b     -0.029     0.090       0.448     0.530      0.242     0.684      0.473     0.647      0.692     0.377    0.471     0.424   0.508     0.149      0.373     0.01755  -1	   0.2449010     0.1548446
    D1AY7-a107c     -0.027     0.088       0.427     0.527      0.310     0.695      0.393     0.546      0.487     0.369    0.470     0.417   0.574     0.154      0.411     0.01717  -1	   0.3325380     0.0924566
    D1AY7-a107d     -0.027     0.088       0.427     0.589      0.309     0.697      0.339     0.444      0.981     0.411    0.532     0.408   0.727     0.152      0.427     0.01731  -1	   0.2555323     0.1173714
    D1AY7-a108a     -0.016     0.070       0.385     0.677      0.070     0.731      0.327     0.160      0.743     0.424    0.499     0.446   0.805     0.173      0.156     0.01672  -1	   0.0174197     0.0932128
    D1AY7-a108b     -0.009     0.070       0.385     0.738     -0.011     0.758      0.262     0.320      0.207     0.346    0.469     0.395   0.802     0.178      0.251     0.01579  -1	   0.1586936     0.0355185
    D1AY7-a108c     -0.027     0.086       0.417     0.608      0.213     0.713      0.343     0.464      0.705     0.357    0.487     0.393   0.787     0.157      0.270     0.01759  -1	   0.1529786     0.0263891
    D1AY7-a108d     -0.013     0.071       0.354     0.668      0.099     0.747      0.348     0.182      0.664     0.417    0.473     0.461   0.805     0.175      0.175     0.01692  -1	   0.0549233     0.1106358
    D1AY7-a109a     -0.015     0.075       0.448     0.634     -0.070     0.766      0.432     0.482      0.473     0.437    0.477     0.476   0.680     0.153      0.252     0.02063  -1	   0.0621909     0.0133934
    D1AY7-a109b     -0.029     0.090       0.448     0.612      0.269     0.698      0.354     0.505      0.993     0.394    0.524     0.398   0.825     0.143      0.428     0.01741  -1	   0.2180109     0.0903887
    D1AY7-a109c     -0.014     0.070       0.396     0.708      0.181     0.745      0.356     0.184      0.461     0.406    0.451     0.468   0.900     0.167      0.212     0.01636  -1	   0.1371435     0.1660597
    D1AY7-a109d     -0.011     0.071       0.417     0.639      0.017     0.761      0.351     0.482      0.202     0.400    0.464     0.452   0.713     0.164      0.225     0.01547  -1	   0.1490568    -0.0123840
     D1AY7-a10a     -0.012     0.095       0.521     0.698     -0.342     0.722      0.335     0.470      0.596     0.401    0.499     0.425   0.582     0.118      0.169     0.01826  -1	  -0.0471885    -0.0265884
     D1AY7-a10b     -0.014     0.071       0.396     0.620      0.062     0.815      0.401     0.312      0.283     0.323    0.433     0.402   0.738     0.149      0.525     0.03436  -1	   0.3197909     0.1609218
     D1AY7-a10c     -0.005     0.061       0.396     0.676      0.053     0.804      0.373     0.340      0.276     0.364    0.462     0.419   0.805     0.162      0.402     0.03705  -1	   0.2285671     0.1049986
     D1AY7-a10d     -0.006     0.088       0.510     0.731     -0.018     0.714      0.319     0.541      0.534     0.377    0.495     0.406   0.802     0.122      0.176     0.01682  -1	   0.0345280    -0.0124177
    D1AY7-a110a     -0.012     0.050       0.260     0.682     -0.155     0.731      0.503     0.572      0.956     0.903    0.556     0.875   0.757     0.209      0.383     0.02553  -1	   0.0760403     0.0425838
    D1AY7-a110b     -0.019     0.061       0.312     0.610     -0.229     0.737      0.368     0.595      0.342     0.314    0.453     0.377   0.570     0.242      0.267     0.02770  -1	   0.0671921    -0.0455533
    D1AY7-a110c     -0.014     0.096       0.521     0.688     -0.379     0.728      0.391     0.541      0.680     0.397    0.478     0.438   0.538     0.128      0.197     0.01833  -1	  -0.0399943     0.0078564
    D1AY7-a110d     -0.012     0.090       0.500     0.691     -0.227     0.744      0.378     0.539      0.297     0.365    0.469     0.414   0.637     0.130      0.184     0.01833  -1	   0.0567342    -0.0418025
    D1AY7-a111a     -0.016     0.072       0.354     0.650      0.082     0.742      0.335     0.181      0.488     0.387    0.419     0.476   0.805     0.165      0.211     0.01697  -1	   0.0891934     0.1590199
    D1AY7-a111b     -0.014     0.071       0.354     0.674      0.026     0.750      0.366     0.203      0.440     0.376    0.421     0.464   0.780     0.185      0.211     0.01700  -1	   0.0777862     0.1201916
    D1AY7-a111c     -0.027     0.085       0.417     0.518      0.331     0.689      0.401     0.496      0.309     0.365    0.492     0.395   0.574     0.146      0.427     0.01707  -1	   0.3932480     0.0825630
    D1AY7-a111d     -0.018     0.071       0.365     0.758      0.042     0.736      0.316     0.159      0.369     0.353    0.413     0.448   0.826     0.160      0.137     0.01686  -1	   0.0653540     0.1351780
     D1AY7-a11a     -0.011     0.090       0.500     0.739     -0.206     0.729      0.355     0.494      0.570     0.357    0.444     0.427   0.691     0.140      0.194     0.01842  -1	  -0.0051101    -0.0192755
     D1AY7-a11b     -0.008     0.091       0.500     0.670     -0.272     0.725      0.392     0.544      0.419     0.357    0.505     0.378   0.582     0.125      0.190     0.01816  -1	   0.0114879    -0.0401461
     D1AY7-a11c     -0.012     0.103       0.521     0.665     -0.226     0.711      0.335     0.495      0.243     0.362    0.480     0.403   0.663     0.138      0.210     0.01892  -1	   0.1134016    -0.0643759
     D1AY7-a11d     -0.014     0.095       0.521     0.676     -0.295     0.728      0.359     0.525      0.822     0.396    0.503     0.417   0.582     0.119      0.192     0.01817  -1	  -0.0461133     0.0401142
     D1AY7-a12a     -0.015     0.093       0.510     0.670     -0.219     0.728      0.397     0.568      0.713     0.410    0.513     0.422   0.637     0.121      0.194     0.01793  -1	  -0.0287574     0.0288640
     D1AY7-a12b     -0.011     0.098       0.521     0.645     -0.331     0.730      0.402     0.611      0.303     0.406    0.513     0.419   0.515     0.121      0.192     0.01816  -1	   0.0478548    -0.0223497
     D1AY7-a12c     -0.002     0.062       0.323     0.743     -0.077     0.724      0.456     0.483      0.778     0.350    0.453     0.413   0.802     0.165      0.193     0.01629  -1	  -0.0422420    -0.0507419
     D1AY7-a12d     -0.012     0.091       0.490     0.709     -0.334     0.746      0.428     0.547      0.441     0.395    0.471     0.442   0.636     0.131      0.186     0.01840  -1	   0.0002994    -0.0441165
     D1AY7-a13a     -0.012     0.082       0.448     0.688     -0.009     0.723      0.380     0.224      0.951     0.456    0.582     0.409   0.747     0.147      0.278     0.01479  -1	   0.0173125    -0.0007959
     D1AY7-a13b     -0.012     0.089       0.500     0.730     -0.278     0.723      0.317     0.430      0.270     0.362    0.478     0.405   0.636     0.136      0.209     0.01843  -1	   0.0609807    -0.0575821
     D1AY7-a13c     -0.008     0.083       0.438     0.664     -0.167     0.728      0.423     0.282      0.742     0.398    0.536     0.393   0.730     0.143      0.274     0.01455  -1	  -0.0226715    -0.0306346
     D1AY7-a13d     -0.014     0.076       0.427     0.700      0.036     0.714      0.425     0.317      0.857     0.407    0.491     0.437   0.834     0.146      0.293     0.01438  -1	   0.0272634     0.0068888
     D1AY7-a14a     -0.014     0.092       0.500     0.699     -0.174     0.728      0.325     0.480      0.517     0.349    0.452     0.412   0.730     0.135      0.198     0.01829  -1	   0.0187495    -0.0295961
     D1AY7-a14b     -0.010     0.074       0.438     0.693     -0.022     0.713      0.420     0.309      0.779     0.382    0.481     0.421   0.747     0.145      0.326     0.01432  -1	   0.0160421     0.0095535
     D1AY7-a14c     -0.014     0.085       0.438     0.724     -0.141     0.707      0.356     0.240      0.772     0.417    0.509     0.432   0.711     0.138      0.252     0.01446  -1	  -0.0258228    -0.0261806
     D1AY7-a14d     -0.015     0.079       0.448     0.747     -0.090     0.707      0.354     0.224      0.738     0.455    0.541     0.443   0.802     0.129      0.270     0.01463  -1	  -0.0289225    -0.0134266
     D1AY7-a15a     -0.011     0.093       0.500     0.660     -0.297     0.728      0.394     0.551      0.588     0.375    0.512     0.390   0.582     0.123      0.166     0.01811  -1	  -0.0315714    -0.0162188
     D1AY7-a15b     -0.010     0.089       0.500     0.758     -0.272     0.732      0.386     0.483      0.374     0.356    0.443     0.427   0.628     0.131      0.176     0.01841  -1	   0.0212187    -0.0363699
     D1AY7-a15c     -0.013     0.080       0.479     0.623     -0.420     0.696      0.343     0.441      0.794     0.408    0.464     0.459   0.000     0.144      0.258     0.01792  -1	  -0.0311336     0.0137618
     D1AY7-a15d      0.012     0.063       0.396     0.706     -0.320     0.781      0.451     0.375      0.875     0.335    0.456     0.395   0.636     0.144      0.149     0.01596  -1	  -0.0536952    -0.0126210
     D1AY7-a16a     -0.008     0.092       0.500     0.631     -0.294     0.712      0.291     0.413      0.882     0.418    0.526     0.419   0.515     0.145      0.174     0.01683  -1	  -0.0322312     0.0364806
     D1AY7-a16b     -0.018     0.076       0.427     0.736     -0.023     0.715      0.417     0.308      0.877     0.411    0.471     0.456   0.802     0.148      0.305     0.01433  -1	   0.0013549    -0.0067924
     D1AY7-a16c     -0.018     0.078       0.427     0.739     -0.060     0.712      0.322     0.209      0.899     0.484    0.565     0.448   0.802     0.142      0.270     0.01432  -1	  -0.0283933    -0.0073064
     D1AY7-a16d     -0.005     0.084       0.438     0.688     -0.348     0.727      0.394     0.258      0.459     0.417    0.483     0.452   0.582     0.153      0.322     0.01441  -1	   0.0561199     0.0094051
     D1AY7-a17a     -0.010     0.095       0.500     0.714     -0.151     0.712      0.356     0.463      0.665     0.441    0.534     0.435   0.785     0.135      0.213     0.01673  -1	  -0.0179107    -0.0606768
     D1AY7-a17b      0.002     0.066       0.417     0.600     -0.613     0.737      0.514     0.569      0.461     0.309    0.487     0.346   0.397     0.174      0.269     0.01960  -1	   0.0631814    -0.0775946
     D1AY7-a17c     -0.013     0.083       0.448     0.726     -0.094     0.717      0.336     0.218      0.812     0.447    0.566     0.413   0.802     0.149      0.274     0.01458  -1	  -0.0317050    -0.0362542
     D1AY7-a17d     -0.003     0.054       0.281     0.721     -0.371     0.727      0.462     0.555      0.461     0.376    0.478     0.418   0.593     0.217      0.161     0.02715  -1	   0.0146840    -0.0550435
     D1AY7-a18a     -0.000     0.074       0.469     0.574      0.159     0.815      0.328     0.540      0.551     0.362    0.439     0.435   0.652     0.139      0.220     0.03516  -1	   0.2336729     0.1985156
     D1AY7-a18b     -0.002     0.054       0.312     0.745     -0.211     0.764      0.392     0.514      0.551     0.331    0.474     0.377   0.691     0.196      0.133     0.04748  -1	  -0.0541696    -0.0590496
     D1AY7-a18c      0.001     0.053       0.312     0.772     -0.320     0.761      0.451     0.599      0.573     0.327    0.491     0.361   0.628     0.200      0.133     0.04750  -1	  -0.0614289    -0.0675219
     D1AY7-a18d      0.005     0.053       0.302     0.741     -0.216     0.757      0.426     0.563      0.664     0.327    0.446     0.395   0.691     0.200      0.116     0.04909  -1	  -0.0530680    -0.0352350
     D1AY7-a19a     -0.012     0.050       0.271     0.549     -0.478     0.757      0.453     0.612      0.661     0.307    0.444     0.377   0.548     0.259      0.260     0.03475  -1	   0.0400238    -0.0025926
     D1AY7-a19b     -0.000     0.051       0.312     0.752     -0.370     0.750      0.425     0.555      0.599     0.335    0.483     0.374   0.585     0.201      0.133     0.04509  -1	  -0.0566626    -0.0572690
     D1AY7-a19c     -0.009     0.099       0.490     0.582      0.139     0.810      0.272     0.257      0.278     0.391    0.432     0.470   0.587     0.138      0.234     0.17170  -1	   0.3266524     0.1952069
     D1AY7-a19d     -0.014     0.089       0.500     0.579     -0.002     0.806      0.410     0.240      0.152     0.379    0.446     0.446   0.554     0.127      0.271     0.24692  -1	   0.2569727     0.2125008
      D1AY7-a1a     -0.011     0.057       0.312     0.740      0.074     0.720      0.462     0.376      0.523     0.315    0.434     0.393   0.859     0.215      0.293     0.01631  -1	   0.0366457    -0.0191526
      D1AY7-a1b     -0.013     0.094       0.521     0.694     -0.322     0.738      0.395     0.536      0.708     0.402    0.471     0.448   0.582     0.126      0.181     0.01829  -1	  -0.0383741     0.0277398
      D1AY7-a1c     -0.010     0.092       0.510     0.688     -0.293     0.732      0.366     0.506      0.426     0.391    0.477     0.433   0.582     0.119      0.183     0.01815  -1	   0.0075349    -0.0248969
      D1AY7-a1d     -0.010     0.097       0.521     0.660     -0.306     0.717      0.390     0.557      0.771     0.431    0.546     0.416   0.582     0.126      0.184     0.01826  -1	  -0.0527783     0.0160971
     D1AY7-a20a     -0.019     0.057       0.292     0.710     -0.006     0.784      0.337     0.397      0.816     0.398    0.498     0.423   0.802     0.233      0.127     0.03700  -1	  -0.0494984    -0.0203501
     D1AY7-a20b     -0.012     0.096       0.510     0.701      0.002     0.813      0.376     0.258      0.986     0.475    0.568     0.438   0.834     0.133      0.268     0.25007  -1	   0.1226494     0.0600838
     D1AY7-a20c     -0.007     0.070       0.396     0.614      0.282     0.812      0.327     0.176      0.417     0.429    0.472     0.472   0.825     0.150      0.283     0.74456   1	   0.3029136     0.3343624
     D1AY7-a20d      0.011     0.078       0.396     0.767      0.233     0.811      0.334     0.088      0.198     0.366    0.479     0.408   0.901     0.168      0.344     0.23378  -1	   0.4279847     0.4234614
     D1AY7-a21a     -0.009     0.085       0.490     0.629      0.038     0.830      0.414     0.274      0.583     0.361    0.454     0.422   0.713     0.124      0.265     0.25172  -1	   0.1727307     0.1468361
     D1AY7-a21b     -0.022     0.058       0.271     0.660      0.328     0.746      0.498     0.685      0.604     0.337    0.464     0.390   0.920     0.251      0.302     0.04320  -1	   0.1128436    -0.1191005
     D1AY7-a21c     -0.012     0.098       0.500     0.636      0.082     0.825      0.363     0.331      0.221     0.388    0.471     0.435   0.738     0.128      0.227     0.28124   1	   0.2803725     0.1051709
     D1AY7-a21d      0.001     0.070       0.375     0.669      0.003     0.823      0.320     0.133      0.227     0.384    0.450     0.447   0.780     0.143      0.141     0.63267   1	   0.1097302     0.2599613
     D1AY7-a22a     -0.013     0.071       0.417     0.624     -0.057     0.816      0.420     0.338      0.477     0.312    0.434     0.390   0.680     0.174      0.502     0.03476  -1	   0.1661069     0.0595892
     D1AY7-a22b     -0.025     0.085       0.427     0.631      0.112     0.778      0.452     0.328      0.348     0.331    0.444     0.401   0.713     0.150      0.335     0.11569  -1	   0.2431080     0.1135361
     D1AY7-a22c     -0.015     0.070       0.406     0.612      0.090     0.803      0.455     0.373      0.384     0.321    0.435     0.398   0.738     0.144      0.463     0.03391  -1	   0.2511518     0.1024761
     D1AY7-a22d     -0.016     0.089       0.458     0.731     -0.086     0.734      0.302     0.272      0.029     0.385    0.447     0.451   0.802     0.163      0.174     0.02837  -1	   0.2023182     0.0606616
     D1AY7-a23a     -0.013     0.071       0.417     0.627      0.134     0.803      0.397     0.322      0.418     0.338    0.443     0.408   0.713     0.145      0.501     0.03398  -1	   0.2994548     0.1546459
     D1AY7-a23b     -0.004     0.062       0.396     0.661     -0.210     0.769      0.500     0.526      0.694     0.376    0.470     0.423   0.637     0.177      0.393     0.03392  -1	  -0.0120651    -0.0383771
     D1AY7-a23c     -0.015     0.070       0.406     0.619      0.096     0.779      0.476     0.420      0.284     0.314    0.431     0.394   0.738     0.153      0.564     0.03371  -1	   0.3494164     0.0815629
     D1AY7-a23d     -0.013     0.070       0.417     0.624      0.141     0.789      0.388     0.293      0.404     0.358    0.451     0.421   0.713     0.147      0.474     0.03384  -1	   0.2870625     0.1773633
     D1AY7-a24a     -0.015     0.070       0.406     0.618      0.071     0.799      0.441     0.361      0.327     0.303    0.451     0.367   0.738     0.157      0.501     0.03386  -1	   0.2796104     0.0972572
     D1AY7-a24b     -0.015     0.070       0.406     0.620      0.065     0.794      0.422     0.337      0.372     0.308    0.452     0.370   0.738     0.151      0.553     0.03405  -1	   0.2819507     0.1082080
     D1AY7-a24c     -0.013     0.070       0.406     0.618      0.106     0.799      0.448     0.369      0.307     0.333    0.461     0.389   0.713     0.160      0.437     0.03418  -1	   0.2787333     0.1139501
     D1AY7-a24d     -0.016     0.069       0.417     0.687     -0.084     0.787      0.424     0.425      0.368     0.356    0.451     0.419   0.747     0.176      0.282     0.01983  -1	   0.0824816    -0.0138352
     D1AY7-a25a     -0.007     0.071       0.448     0.802      0.119     0.776      0.353     0.326      0.636     0.379    0.511     0.395   0.663     0.137      0.400     0.02636  -1	   0.1876266     0.0799634
     D1AY7-a25b     -0.009     0.069       0.438     0.749      0.136     0.789      0.379     0.366      0.587     0.372    0.511     0.388   0.834     0.143      0.435     0.02648  -1	   0.2030448     0.0538516
     D1AY7-a25c     -0.007     0.069       0.438     0.759      0.183     0.787      0.374     0.363      0.718     0.388    0.520     0.396   0.892     0.139      0.415     0.02641  -1	   0.1956358     0.0682448
     D1AY7-a25d     -0.014     0.071       0.417     0.631      0.087     0.806      0.428     0.353      0.411     0.331    0.471     0.380   0.738     0.147      0.530     0.03381  -1	   0.2784711     0.0979360
     D1AY7-a26a      0.003     0.090       0.479     0.639     -0.348     0.733      0.319     0.559      0.842     0.407    0.418     0.498   0.515     0.127      0.082     0.01944  -1	   0.0321438     0.1556397
     D1AY7-a26b     -0.002     0.091       0.531     0.739     -0.196     0.758      0.448     0.817      0.320     0.433    0.505     0.450   0.785     0.133      0.117     0.02023  -1	   0.0027508     0.0661999
     D1AY7-a26c      0.002     0.074       0.469     0.713     -0.367     0.793      0.309     0.395      0.630     0.459    0.545     0.442   0.593     0.162      0.242     0.01990  -1	  -0.0611755    -0.0459004
     D1AY7-a26d     -0.010     0.097       0.531     0.691     -0.217     0.777      0.432     0.845      0.328     0.426    0.487     0.458   0.637     0.115      0.248     0.02015  -1	   0.0885557     0.0952515
     D1AY7-a27a     -0.013     0.069       0.417     0.622      0.076     0.804      0.413     0.349      0.626     0.337    0.450     0.401   0.738     0.175      0.575     0.03297  -1	   0.2027062     0.0790473
     D1AY7-a27b     -0.013     0.094       0.490     0.734     -0.260     0.727      0.307     0.395      0.178     0.368    0.447     0.435   0.636     0.135      0.201     0.01861  -1	   0.1239113    -0.0299114
     D1AY7-a27c     -0.011     0.091       0.500     0.764     -0.296     0.735      0.362     0.458      0.234     0.344    0.474     0.390   0.628     0.128      0.185     0.01867  -1	   0.0674059    -0.0610924
     D1AY7-a27d     -0.008     0.094       0.510     0.757     -0.116     0.770      0.473     0.823      0.530     0.394    0.481     0.432   0.703     0.120      0.203     0.02023  -1	   0.0468137     0.1654011
     D1AY7-a28a     -0.001     0.090       0.490     0.646      0.105     0.724      0.356     0.315      0.208     0.310    0.492     0.344   0.713     0.168      0.289     0.02933  -1	   0.2811662     0.0668264
     D1AY7-a28b     -0.015     0.096       0.510     0.710     -0.344     0.735      0.398     0.528      0.651     0.413    0.509     0.427   0.636     0.127      0.172     0.01836  -1	  -0.0564682    -0.0326063
     D1AY7-a28c     -0.012     0.092       0.510     0.662     -0.272     0.723      0.372     0.499      0.754     0.383    0.513     0.396   0.582     0.123      0.174     0.01818  -1	  -0.0464217     0.0104413
     D1AY7-a28d     -0.013     0.091       0.500     0.743     -0.197     0.737      0.319     0.449      0.467     0.359    0.463     0.413   0.785     0.131      0.197     0.01836  -1	   0.0073281    -0.0687243
     D1AY7-a29a     -0.013     0.094       0.500     0.684     -0.245     0.727      0.364     0.512      0.325     0.391    0.503     0.412   0.637     0.124      0.190     0.01818  -1	   0.0436207    -0.0572079
     D1AY7-a29b     -0.011     0.064       0.396     0.668     -0.201     0.778      0.494     0.512      0.387     0.336    0.452     0.399   0.637     0.154      0.356     0.01624  -1	   0.0690595    -0.0393126
     D1AY7-a29c     -0.008     0.089       0.510     0.729     -0.114     0.708      0.401     0.712      0.650     0.406    0.506     0.424   0.711     0.129      0.133     0.01694  -1	  -0.0305076     0.1090748
     D1AY7-a29d     -0.014     0.095       0.510     0.681     -0.335     0.731      0.373     0.510      0.555     0.387    0.522     0.394   0.582     0.125      0.162     0.01822  -1	  -0.0430969    -0.0434621
      D1AY7-a2a     -0.013     0.095       0.531     0.663     -0.196     0.708      0.378     0.576      0.616     0.417    0.531     0.415   0.730     0.123      0.191     0.01804  -1	  -0.0304925    -0.0033023
      D1AY7-a2b     -0.009     0.085       0.469     0.731     -0.405     0.705      0.332     0.460      0.715     0.429    0.483     0.465   0.000     0.158      0.191     0.01846  -1	  -0.0353153    -0.0091339
      D1AY7-a2c     -0.015     0.075       0.438     0.714     -0.028     0.722      0.421     0.320      0.649     0.405    0.523     0.410   0.802     0.149      0.293     0.01439  -1	   0.0110649    -0.0144995
      D1AY7-a2d     -0.010     0.093       0.531     0.697     -0.280     0.732      0.325     0.473      0.509     0.399    0.487     0.432   0.582     0.129      0.164     0.01823  -1	  -0.0218437    -0.0108946
     D1AY7-a30a     -0.013     0.080       0.448     0.669      0.060     0.720      0.375     0.246      0.860     0.429    0.576     0.390   0.805     0.146      0.313     0.01483  -1	   0.0469872     0.0188915
     D1AY7-a30b     -0.012     0.078       0.438     0.651     -0.056     0.742      0.503     0.414      0.743     0.360    0.464     0.412   0.747     0.156      0.270     0.01397  -1	   0.0261935     0.0099296
     D1AY7-a30c     -0.011     0.076       0.427     0.693      0.030     0.716      0.392     0.295      0.753     0.394    0.506     0.412   0.780     0.140      0.339     0.01438  -1	   0.0459941     0.0133195
     D1AY7-a30d     -0.015     0.081       0.448     0.699     -0.128     0.706      0.414     0.283      0.753     0.482    0.591     0.425   0.656     0.147      0.282     0.01457  -1	  -0.0256709    -0.0371769
     D1AY7-a31a     -0.014     0.084       0.469     0.652     -0.421     0.739      0.376     0.357      0.687     0.457    0.473     0.499   0.000     0.151      0.172     0.01492  -1	  -0.0150776    -0.0265504
     D1AY7-a31b     -0.005     0.073       0.427     0.661     -0.122     0.719      0.480     0.300      0.924     0.368    0.501     0.392   0.656     0.152      0.262     0.01384  -1	  -0.0302216    -0.0069990
     D1AY7-a31c     -0.007     0.083       0.448     0.738     -0.107     0.725      0.342     0.221      0.881     0.441    0.554     0.419   0.711     0.143      0.259     0.01450  -1	  -0.0267624    -0.0291043
     D1AY7-a31d     -0.013     0.079       0.438     0.752     -0.051     0.708      0.375     0.250      0.813     0.441    0.490     0.469   0.793     0.130      0.270     0.01454  -1	  -0.0032722     0.0017054
     D1AY7-a32a     -0.013     0.077       0.427     0.734     -0.033     0.713      0.362     0.240      0.728     0.430    0.538     0.420   0.802     0.145      0.270     0.01439  -1	  -0.0068653    -0.0095668
     D1AY7-a32b     -0.008     0.094       0.542     0.744     -0.076     0.713      0.353     0.659      0.812     0.423    0.548     0.406   0.802     0.127      0.133     0.01688  -1	  -0.0408755     0.1061434
     D1AY7-a32c     -0.011     0.084       0.448     0.716     -0.042     0.717      0.328     0.188      0.962     0.502    0.647     0.396   0.802     0.155      0.274     0.01461  -1	  -0.0137330    -0.0375952
     D1AY7-a32d     -0.017     0.074       0.458     0.635     -0.222     0.715      0.517     0.532      0.947     0.543    0.514     0.545   0.570     0.147      0.309     0.01475  -1	  -0.0194092     0.0378758
     D1AY7-a33a     -0.006     0.070       0.458     0.678     -0.001     0.776      0.396     0.419      0.481     0.389    0.421     0.477   0.747     0.154      0.181     0.02351  -1	   0.0738676     0.0630729
     D1AY7-a33b      0.000     0.070       0.448     0.562      0.185     0.789      0.356     0.336      0.372     0.441    0.495     0.465   0.652     0.154      0.170     0.02201  -1	   0.2021911     0.1726777
     D1AY7-a33c      0.005     0.076       0.469     0.557      0.113     0.786      0.450     0.590      0.216     0.434    0.486     0.466   0.587     0.134      0.165     0.02862  -1	   0.2047456     0.0930072
     D1AY7-a33d     -0.004     0.097       0.510     0.656      0.056     0.712      0.235     0.473      0.541     0.470    0.529     0.465   0.805     0.148      0.237     0.02177  -1	   0.1317130     0.0171816
     D1AY7-a34a     -0.012     0.060       0.406     0.667      0.095     0.787      0.393     0.514      0.817     0.427    0.531     0.424   0.805     0.168      0.280     0.02819  -1	   0.0617252     0.0577245
     D1AY7-a34b     -0.001     0.086       0.510     0.655     -0.241     0.718      0.379     0.562      0.542     0.456    0.531     0.451   0.637     0.140      0.231     0.02471  -1	  -0.0097477    -0.0095661
     D1AY7-a34c     -0.008     0.088       0.479     0.729     -0.402     0.681      0.459     0.673      0.882     0.490    0.538     0.476   0.000     0.140      0.159     0.02371  -1	  -0.0657717     0.0949493
     D1AY7-a34d     -0.018     0.062       0.417     0.674      0.108     0.798      0.429     0.441      0.718     0.358    0.437     0.434   0.780     0.169      0.255     0.02910  -1	   0.0946952     0.0900083
     D1AY7-a35a      0.009     0.061       0.417     0.630      0.071     0.792      0.458     0.527      0.375     0.313    0.407     0.412   0.738     0.163      0.185     0.02301  -1	   0.1290631     0.0535639
     D1AY7-a35b      0.004     0.075       0.448     0.694     -0.412     0.734      0.371     0.370      0.350     0.321    0.492     0.353   0.000     0.156      0.623     0.02154  -1	   0.2118995     0.0077586
     D1AY7-a35c      0.003     0.081       0.500     0.652      0.035     0.775      0.374     0.441      0.298     0.429    0.559     0.403   0.780     0.129      0.148     0.02926  -1	   0.1127927     0.0149338
     D1AY7-a35d     -0.005     0.062       0.448     0.570      0.274     0.753      0.421     0.550      0.996     0.480    0.579     0.433   0.699     0.153      0.299     0.02481  -1	   0.2582203     0.2543683
     D1AY7-a36a     -0.013     0.077       0.417     0.691      0.527     0.812      0.278     0.085      0.565     0.335    0.496     0.365   0.908     0.137      0.358     0.09229  -1	   0.5792093     0.5165355
     D1AY7-a36b     -0.001     0.062       0.354     0.611     -0.070     0.786      0.528     0.757      0.254     0.299    0.485     0.338   0.680     0.152      0.177     0.08203  -1	   0.0670550    -0.0796236
     D1AY7-a36c      0.003     0.093       0.438     0.691      0.427     0.797      0.262     0.252      0.520     0.427    0.514     0.437   0.945     0.131      0.549     0.13709  -1	   0.6604344     0.2978992
     D1AY7-a36d     -0.006     0.070       0.406     0.702      0.364     0.794      0.314     0.290      0.282     0.355    0.471     0.404   0.952     0.161      0.393     0.12073  -1	   0.4711939     0.2264705
     D1AY7-a37a     -0.011     0.090       0.500     0.625      0.068     0.824      0.371     0.219      0.300     0.401    0.439     0.474   0.738     0.126      0.235     0.25074  -1	   0.2396022     0.2052026
     D1AY7-a37b     -0.012     0.091       0.510     0.642      0.065     0.814      0.414     0.280      0.779     0.467    0.514     0.474   0.738     0.125      0.231     0.25066  -1	   0.1830858     0.1542886
     D1AY7-a37c     -0.015     0.107       0.500     0.714      0.122     0.806      0.314     0.289      0.186     0.436    0.502     0.456   0.898     0.133      0.201     0.26034  -1	   0.3033475     0.0615430
     D1AY7-a37d     -0.009     0.097       0.500     0.640      0.051     0.821      0.362     0.340      0.918     0.454    0.527     0.452   0.738     0.126      0.130     0.20905  -1	   0.1839860     0.1362675
     D1AY7-a38a      0.006     0.077       0.385     0.700     -0.048     0.848      0.342     0.137      0.532     0.454    0.472     0.496   0.802     0.135      0.165     0.65998   1	   0.0697498     0.1728435
     D1AY7-a38b     -0.003     0.076       0.396     0.681     -0.086     0.839      0.375     0.170      0.580     0.407    0.477     0.448   0.747     0.148      0.226     0.68516   1	   0.0521615     0.1205608
     D1AY7-a38c      0.002     0.076       0.396     0.665      0.025     0.851      0.372     0.153      0.346     0.372    0.434     0.449   0.780     0.138      0.148     0.61105   1	   0.1264543     0.2195476
     D1AY7-a38d      0.004     0.072       0.375     0.708      0.106     0.837      0.338     0.152      0.260     0.426    0.451     0.487   0.834     0.151      0.191     0.66417   1	   0.1942086     0.2708779
     D1AY7-a39a     -0.012     0.092       0.500     0.603     -0.042     0.820      0.389     0.247      0.871     0.400    0.498     0.425   0.680     0.125      0.275     0.23983  -1	   0.1283069     0.1146861
     D1AY7-a39b     -0.010     0.092       0.479     0.669      0.006     0.810      0.385     0.244      0.899     0.456    0.504     0.472   0.780     0.146      0.284     0.25031  -1	   0.1377074     0.0853153
     D1AY7-a39c     -0.013     0.105       0.500     0.617      0.115     0.811      0.343     0.326      0.073     0.390    0.480     0.430   0.691     0.132      0.193     0.27007  -1	   0.3422839     0.1084874
     D1AY7-a39d     -0.005     0.071       0.417     0.603      0.138     0.828      0.389     0.236      0.380     0.361    0.484     0.397   0.713     0.151      0.471     0.69964   1	   0.3168378     0.2451621
      D1AY7-a3a      0.012     0.074       0.406     0.601     -0.252     0.816      0.487     0.455      0.483     0.422    0.443     0.490   0.515     0.170      0.180     0.01891  -1	   0.0434756     0.0017804
      D1AY7-a3b     -0.014     0.085       0.458     0.682     -0.061     0.712      0.381     0.266      0.678     0.447    0.568     0.412   0.747     0.140      0.276     0.01439  -1	   0.0137419    -0.0129600
      D1AY7-a3c     -0.012     0.092       0.510     0.706     -0.324     0.727      0.411     0.550      0.561     0.405    0.498     0.429   0.636     0.126      0.172     0.01829  -1	  -0.0441951    -0.0260094
      D1AY7-a3d     -0.011     0.094       0.521     0.666     -0.269     0.730      0.323     0.459      0.572     0.384    0.490     0.416   0.582     0.120      0.202     0.01820  -1	  -0.0109215    -0.0037124
     D1AY7-a40a     -0.011     0.095       0.521     0.653     -0.052     0.842      0.376     0.241      0.996     0.482    0.579     0.435   0.747     0.121      0.247     0.23875  -1	   0.1278707     0.0998114
     D1AY7-a40b     -0.031     0.085       0.448     0.685      0.091     0.796      0.450     0.278      0.617     0.377    0.469     0.426   0.805     0.162      0.378     0.11125  -1	   0.1750300     0.0896748
     D1AY7-a40c     -0.003     0.083       0.427     0.680      0.598     0.789      0.268     0.127      0.213     0.330    0.433     0.408   0.890     0.164      0.373     0.17960  -1	   0.8025243     0.5785456
     D1AY7-a40d     -0.002     0.077       0.406     0.681     -0.064     0.825      0.351     0.138      0.203     0.420    0.491     0.448   0.747     0.144      0.176     0.67155   1	   0.1188913     0.2317219
     D1AY7-a41a     -0.011     0.072       0.396     0.721      0.317     0.808      0.372     0.300      0.626     0.371    0.459     0.427   0.974     0.154      0.165     0.29597  -1	   0.2374346     0.1499835
     D1AY7-a41b     -0.013     0.070       0.417     0.618      0.126     0.797      0.465     0.387      0.257     0.326    0.476     0.371   0.713     0.148      0.463     0.03382  -1	   0.3318395     0.1289047
     D1AY7-a41c     -0.015     0.088       0.448     0.669      0.374     0.815      0.271     0.132      0.829     0.451    0.505     0.467   0.898     0.134      0.173     0.21684  -1	   0.4018388     0.3544733
     D1AY7-a41d     -0.012     0.088       0.417     0.580      0.067     0.794      0.362     0.160      0.811     0.508    0.473     0.545   0.612     0.145      0.253     0.16308  -1	   0.1896448     0.1842126
     D1AY7-a42a     -0.013     0.069       0.406     0.605      0.114     0.798      0.452     0.359      0.414     0.316    0.432     0.395   0.713     0.153      0.446     0.03365  -1	   0.2449467     0.1202188
     D1AY7-a42b     -0.015     0.070       0.406     0.611      0.110     0.815      0.465     0.381      0.386     0.321    0.427     0.404   0.713     0.160      0.463     0.03421  -1	   0.2711364     0.1130880
     D1AY7-a42c     -0.004     0.059       0.385     0.698     -0.193     0.783      0.486     0.496      0.632     0.372    0.528     0.376   0.730     0.177      0.369     0.02454  -1	  -0.0301521    -0.0800702
     D1AY7-a42d     -0.016     0.070       0.406     0.606      0.119     0.805      0.431     0.346      0.405     0.317    0.445     0.386   0.713     0.169      0.530     0.03456  -1	   0.2921508     0.1220906
     D1AY7-a43a     -0.016     0.071       0.417     0.617      0.113     0.794      0.410     0.336      0.248     0.334    0.434     0.412   0.713     0.149      0.564     0.03375  -1	   0.3935229     0.1701149
     D1AY7-a43b     -0.005     0.068       0.458     0.649     -0.227     0.778      0.391     0.376      0.714     0.372    0.450     0.436   0.570     0.159      0.426     0.03529  -1	   0.0067279     0.0181834
     D1AY7-a43c     -0.015     0.070       0.406     0.617      0.080     0.799      0.460     0.380      0.418     0.314    0.420     0.402   0.738     0.147      0.530     0.03392  -1	   0.2649609     0.0916240
     D1AY7-a43d     -0.005     0.070       0.427     0.689     -0.258     0.789      0.399     0.357      0.573     0.430    0.457     0.485   0.582     0.164      0.410     0.03520  -1	   0.0416496    -0.0018014
     D1AY7-a44a     -0.012     0.085       0.469     0.676      0.004     0.737      0.355     0.343      0.182     0.303    0.423     0.388   0.780     0.180      0.270     0.02720  -1	   0.2267440     0.0302752
     D1AY7-a44b     -0.017     0.068       0.417     0.560      0.115     0.798      0.493     0.429      0.789     0.379    0.499     0.404   0.587     0.156      0.509     0.03312  -1	   0.1822085     0.0974901
     D1AY7-a44c     -0.015     0.070       0.406     0.618      0.068     0.786      0.485     0.418      0.507     0.318    0.457     0.377   0.738     0.146      0.587     0.03338  -1	   0.2339631     0.0358524
     D1AY7-a44d     -0.017     0.069       0.406     0.610      0.088     0.805      0.465     0.385      0.414     0.321    0.450     0.385   0.738     0.154      0.463     0.03398  -1	   0.2318458     0.0853831
     D1AY7-a45a     -0.006     0.084       0.479     0.693     -0.256     0.776      0.377     0.504      0.831     0.405    0.479     0.444   0.582     0.135      0.195     0.01800  -1	  -0.0230274     0.0424522
     D1AY7-a45b     -0.006     0.072       0.438     0.792      0.172     0.786      0.363     0.327      0.453     0.401    0.499     0.425   0.892     0.143      0.415     0.02644  -1	   0.2869309     0.0930805
     D1AY7-a45c     -0.005     0.065       0.427     0.673     -0.186     0.773      0.414     0.407      0.661     0.388    0.454     0.448   0.730     0.168      0.382     0.03496  -1	   0.0039205    -0.0140199
     D1AY7-a45d     -0.006     0.089       0.490     0.677     -0.112     0.764      0.530     0.887      0.504     0.401    0.514     0.413   0.656     0.122      0.192     0.02005  -1	   0.0421189     0.1893738
     D1AY7-a46a     -0.018     0.085       0.448     0.638     -0.141     0.693      0.390     0.628      0.712     0.421    0.470     0.468   0.589     0.134      0.194     0.01318  -1	   0.0032466     0.0694544
     D1AY7-a46b     -0.015     0.072       0.438     0.671     -0.268     0.720      0.594     0.806      0.705     0.375    0.478     0.416   0.582     0.139      0.111     0.01734  -1	  -0.0660816     0.1719832
     D1AY7-a46c     -0.009     0.062       0.365     0.652      0.066     0.750      0.501     0.506      0.999     0.522    0.591     0.463   0.805     0.141      0.173     0.01403  -1	   0.0453287     0.0390289
     D1AY7-a46d     -0.004     0.086       0.479     0.661     -0.439     0.716      0.428     0.693      0.782     0.362    0.434     0.439   0.000     0.126      0.068     0.01964  -1	   0.0003897     0.1599425
     D1AY7-a47a      0.000     0.071       0.448     0.691     -0.122     0.770      0.389     0.734      0.852     0.410    0.458     0.466   0.656     0.139      0.131     0.01633  -1	   0.0044686     0.2168782
     D1AY7-a47b     -0.001     0.080       0.448     0.707     -0.202     0.754      0.332     0.525      0.639     0.398    0.484     0.433   0.691     0.149      0.310     0.01283  -1	   0.0090694    -0.0227387
     D1AY7-a47c     -0.004     0.065       0.365     0.607     -0.104     0.713      0.434     0.380      0.828     0.394    0.472     0.439   0.589     0.156      0.584     0.01139  -1	   0.0223332     0.0057534
     D1AY7-a47d     -0.014     0.089       0.490     0.732     -0.274     0.727      0.357     0.455      0.486     0.396    0.458     0.453   0.636     0.132      0.198     0.01818  -1	  -0.0035444    -0.0378124
     D1AY7-a48a     -0.005     0.069       0.427     0.731     -0.099     0.756      0.530     0.746      0.936     0.437    0.503     0.455   0.802     0.125      0.313     0.01345  -1	  -0.0191006     0.1031321
     D1AY7-a48b     -0.010     0.077       0.438     0.672     -0.094     0.720      0.430     0.285      0.833     0.375    0.470     0.423   0.747     0.137      0.253     0.01419  -1	  -0.0075961     0.0136598
     D1AY7-a48c     -0.015     0.080       0.438     0.696     -0.089     0.725      0.377     0.248      0.605     0.424    0.579     0.383   0.747     0.138      0.303     0.01474  -1	   0.0115752    -0.0034588
     D1AY7-a48d     -0.008     0.076       0.438     0.728      0.040     0.704      0.414     0.296      0.947     0.412    0.511     0.426   0.834     0.145      0.303     0.01431  -1	   0.0146045    -0.0054356
     D1AY7-a49a     -0.001     0.081       0.427     0.644     -0.393     0.752      0.453     0.608      0.562     0.363    0.456     0.423   0.471     0.125      0.206     0.01470  -1	   0.0082464    -0.0154900
     D1AY7-a49b     -0.002     0.079       0.427     0.736      0.051     0.716      0.409     0.281      0.864     0.486    0.627     0.399   0.859     0.145      0.262     0.01428  -1	   0.0276780    -0.0247279
     D1AY7-a49c     -0.007     0.089       0.500     0.734     -0.069     0.710      0.336     0.554      0.546     0.390    0.488     0.423   0.802     0.128      0.176     0.01677  -1	   0.0135489    -0.0253013
     D1AY7-a49d     -0.007     0.085       0.458     0.688     -0.280     0.729      0.401     0.258      0.765     0.385    0.497     0.412   0.582     0.151      0.280     0.01429  -1	  -0.0331795    -0.0380872
      D1AY7-a4a      0.008     0.064       0.365     0.722     -0.327     0.786      0.491     0.378      0.631     0.336    0.428     0.419   0.636     0.176      0.180     0.01900  -1	  -0.0220422    -0.0318142
      D1AY7-a4b      0.002     0.093       0.531     0.695     -0.349     0.739      0.300     0.352      0.743     0.358    0.458     0.416   0.582     0.150      0.213     0.01756  -1	  -0.0331632    -0.0085545
      D1AY7-a4c     -0.004     0.096       0.500     0.547     -0.312     0.738      0.371     0.525      0.581     0.400    0.533     0.397   0.236     0.135      0.144     0.01632  -1	   0.0220926     0.0478897
      D1AY7-a4d     -0.001     0.042       0.271     0.737     -0.667     0.774      0.547     0.725      0.785     0.468    0.508     0.480   0.664     0.199      0.168     0.03427  -1	   0.0130976    -0.0254116
     D1AY7-a50a      0.007     0.079       0.479     0.611      0.067     0.802      0.466     0.537      0.535     0.350    0.466     0.402   0.738     0.155      0.167     0.03068  -1	   0.1395811     0.0903312
     D1AY7-a50b     -0.010     0.087       0.458     0.683     -0.079     0.715      0.410     0.333      0.340     0.461    0.556     0.435   0.747     0.141      0.245     0.01427  -1	   0.0920156     0.0064899
     D1AY7-a50c     -0.008     0.092       0.490     0.637     -0.328     0.715      0.269     0.456      0.546     0.417    0.523     0.420   0.515     0.137      0.168     0.01669  -1	  -0.0179885     0.0008411
     D1AY7-a50d     -0.015     0.082       0.448     0.733     -0.104     0.710      0.377     0.264      0.937     0.490    0.603     0.423   0.711     0.153      0.274     0.01469  -1	  -0.0415562    -0.0623119
     D1AY7-a51a     -0.005     0.068       0.448     0.650      0.202     0.789      0.457     0.448      0.191     0.362    0.477     0.405   0.854     0.144      0.198     0.03823  -1	   0.2475454     0.1121996
     D1AY7-a51b     -0.001     0.066       0.417     0.609     -0.476     0.780      0.427     0.573      0.836     0.371    0.504     0.393   0.546     0.203      0.278     0.01480  -1	  -0.0498216    -0.0144325
     D1AY7-a51c      0.009     0.068       0.427     0.641      0.336     0.785      0.353     0.408      0.648     0.375    0.503     0.397   0.853     0.163      0.243     0.02222  -1	   0.2895010     0.1617820
     D1AY7-a51d     -0.009     0.068       0.458     0.680      0.192     0.772      0.425     0.411      0.247     0.345    0.458     0.403   0.845     0.148      0.197     0.03812  -1	   0.2205494     0.1121896
     D1AY7-a52a      0.001     0.066       0.427     0.609     -0.632     0.753      0.454     0.465      0.693     0.351    0.452     0.413   0.397     0.170      0.253     0.01962  -1	   0.0114040    -0.0626087
     D1AY7-a52b      0.009     0.066       0.427     0.636      0.190     0.755      0.441     0.568      0.899     0.386    0.513     0.400   0.778     0.176      0.212     0.01644  -1	   0.1367736     0.1242601
     D1AY7-a52c     -0.004     0.070       0.458     0.666     -0.141     0.764      0.438     0.478      0.530     0.397    0.442     0.468   0.656     0.138      0.178     0.02405  -1	   0.0060609     0.0304397
     D1AY7-a52d      0.001     0.073       0.448     0.661     -0.207     0.750      0.373     0.405      0.830     0.394    0.481     0.432   0.637     0.157      0.214     0.02002  -1	  -0.0281949     0.0159264
     D1AY7-a53a      0.005     0.070       0.438     0.735     -0.557     0.753      0.351     0.305      0.605     0.361    0.505     0.382   0.518     0.161      0.270     0.01935  -1	  -0.0403874    -0.0730830
     D1AY7-a53b      0.010     0.079       0.479     0.592     -0.004     0.806      0.409     0.456      0.525     0.347    0.482     0.387   0.554     0.143      0.175     0.02890  -1	   0.1224054     0.0884284
     D1AY7-a53c      0.012     0.074       0.427     0.695     -0.353     0.749      0.303     0.262      0.335     0.339    0.492     0.371   0.538     0.149      0.418     0.02080  -1	   0.1351315     0.0758183
     D1AY7-a53d     -0.004     0.093       0.490     0.680     -0.329     0.711      0.364     0.565      0.430     0.391    0.558     0.369   0.582     0.159      0.194     0.02332  -1	   0.0007598    -0.0807943
     D1AY7-a54a     -0.002     0.086       0.479     0.703     -0.370     0.719      0.404     0.574      0.853     0.418    0.492     0.447   0.593     0.139      0.146     0.02321  -1	  -0.0599047     0.0293045
     D1AY7-a54b     -0.008     0.068       0.458     0.636     -0.086     0.767      0.420     0.458      0.637     0.394    0.445     0.461   0.680     0.141      0.203     0.02376  -1	   0.0192116     0.0602193
     D1AY7-a54c     -0.011     0.062       0.438     0.737      0.395     0.745      0.408     0.491      0.476     0.412    0.495     0.439   0.952     0.158      0.300     0.02419  -1	   0.3425561     0.1628511
     D1AY7-a54d     -0.004     0.094       0.490     0.727     -0.376     0.702      0.333     0.526      0.871     0.475    0.567     0.438   0.593     0.156      0.202     0.02366  -1	  -0.0821921    -0.0346943
     D1AY7-a55a     -0.008     0.060       0.396     0.632      0.111     0.788      0.358     0.429      0.758     0.400    0.504     0.420   0.713     0.156      0.294     0.02818  -1	   0.0963559     0.1036130
     D1AY7-a55b     -0.006     0.058       0.354     0.736      0.282     0.773      0.395     0.397      0.228     0.299    0.445     0.367   0.946     0.223      0.171     0.01905  -1	   0.2148796     0.0320385
     D1AY7-a55c      0.003     0.076       0.490     0.611      0.180     0.808      0.344     0.410      0.314     0.357    0.481     0.397   0.778     0.145      0.312     0.03686  -1	   0.3152705     0.1187588
     D1AY7-a55d     -0.004     0.078       0.521     0.677     -0.162     0.754      0.405     0.496      0.693     0.413    0.543     0.401   0.730     0.137      0.128     0.02937  -1	  -0.0665186     0.0175966
     D1AY7-a56a      0.004     0.072       0.365     0.792      0.454     0.795      0.204     0.075      0.512     0.368    0.487     0.402   0.961     0.175      0.246     0.10330  -1	   0.4068819     0.3652074
     D1AY7-a56b     -0.005     0.071       0.344     0.681      0.447     0.774      0.206     0.226      0.389     0.468    0.558     0.438   0.945     0.183      0.300     0.10462  -1	   0.4212661     0.2810585
     D1AY7-a56c     -0.009     0.088       0.490     0.645      0.033     0.803      0.449     0.316      0.506     0.418    0.466     0.468   0.713     0.127      0.245     0.24732  -1	   0.1654805     0.1252167
     D1AY7-a56d     -0.010     0.072       0.417     0.650      0.344     0.802      0.330     0.301      0.395     0.358    0.471     0.405   0.920     0.158      0.347     0.12267  -1	   0.3879070     0.2096415
     D1AY7-a57a     -0.009     0.087       0.438     0.646     -0.104     0.821      0.403     0.228      0.865     0.407    0.480     0.446   0.589     0.145      0.287     0.25485  -1	   0.0829730     0.0611788
     D1AY7-a57b     -0.009     0.099       0.479     0.588      0.113     0.809      0.268     0.258      0.371     0.439    0.468     0.485   0.587     0.134      0.194     0.17232  -1	   0.2602816     0.1706194
     D1AY7-a57c      0.002     0.094       0.521     0.674      0.091     0.810      0.311     0.312      0.106     0.389    0.466     0.439   0.805     0.121      0.536     0.09831  -1	   0.5752075     0.1657390
     D1AY7-a57d     -0.011     0.090       0.510     0.647      0.055     0.805      0.429     0.285      0.580     0.428    0.480     0.465   0.738     0.129      0.235     0.24873  -1	   0.1726006     0.1457433
     D1AY7-a58a     -0.010     0.091       0.500     0.664      0.042     0.828      0.411     0.371      0.636     0.382    0.445     0.450   0.780     0.126      0.388     0.20662  -1	   0.2211503     0.0982726
     D1AY7-a58b     -0.012     0.095       0.500     0.700     -0.111     0.803      0.394     0.277      0.863     0.484    0.533     0.476   0.711     0.128      0.284     0.25589  -1	   0.0660545     0.0266869
     D1AY7-a58c     -0.003     0.092       0.510     0.703      0.134     0.835      0.415     0.375      0.496     0.430    0.502     0.449   0.834     0.132      0.395     0.21127  -1	   0.3389550     0.1281330
     D1AY7-a58d     -0.011     0.091       0.500     0.670      0.065     0.827      0.340     0.188      0.502     0.386    0.442     0.457   0.805     0.135      0.285     0.25394  -1	   0.2172716     0.1801290
     D1AY7-a59a     -0.012     0.073       0.385     0.677      0.045     0.840      0.349     0.197      0.623     0.401    0.554     0.382   0.780     0.165      0.384     0.31437   1	   0.1311372     0.1301002
     D1AY7-a59b     -0.009     0.093       0.490     0.588      0.013     0.810      0.411     0.257      0.233     0.382    0.432     0.461   0.587     0.130      0.240     0.25001  -1	   0.2391180     0.1754844
     D1AY7-a59c      0.001     0.073       0.396     0.669      0.070     0.819      0.316     0.095      0.639     0.493    0.488     0.519   0.805     0.137      0.168     0.60312   1	   0.1122200     0.2495983
     D1AY7-a59d     -0.010     0.090       0.490     0.633      0.081     0.815      0.371     0.237      0.501     0.420    0.471     0.465   0.738     0.122      0.241     0.25991  -1	   0.2060777     0.1699813
      D1AY7-a5a     -0.010     0.038       0.240     0.717     -0.052     0.757      0.559     0.722      0.781     0.347    0.446     0.414   0.836     0.301      0.109     0.03336  -1	  -0.1001278    -0.0385482
      D1AY7-a5b     -0.010     0.043       0.271     0.649     -0.638     0.777      0.525     0.659      0.914     0.408    0.445     0.476   0.553     0.181      0.191     0.03530  -1	   0.0314871     0.0006859
      D1AY7-a5c     -0.010     0.052       0.302     0.706      0.083     0.705      0.495     0.535      0.691     0.362    0.465     0.414   0.859     0.238      0.545     0.02658  -1	   0.0367661    -0.1138238
      D1AY7-a5d     -0.001     0.040       0.271     0.731     -0.638     0.760      0.521     0.687      0.677     0.357    0.502     0.380   0.633     0.217      0.168     0.03426  -1	   0.0127904    -0.0580001
     D1AY7-a60a     -0.011     0.088       0.458     0.713      0.383     0.820      0.330     0.241      0.987     0.472    0.535     0.462   0.952     0.128      0.146     0.20550  -1	   0.4319391     0.3028250
     D1AY7-a60b     -0.002     0.081       0.458     0.647      0.592     0.807      0.261     0.118      0.349     0.304    0.443     0.374   0.823     0.151      0.236     0.18917  -1	   0.6998167     0.5444520
     D1AY7-a60c     -0.008     0.068       0.385     0.695      0.487     0.827      0.436     0.273      0.791     0.397    0.489     0.429   0.915     0.154      0.155     0.19164  -1	   0.4289794     0.3514207
     D1AY7-a60d     -0.012     0.087       0.458     0.665      0.528     0.799      0.252     0.135      0.589     0.390    0.445     0.457   0.908     0.126      0.142     0.18600  -1	   0.5516605     0.4578182
     D1AY7-a61a     -0.009     0.062       0.396     0.629      0.075     0.790      0.408     0.350      0.386     0.352    0.441     0.424   0.738     0.161      0.418     0.03632  -1	   0.1978946     0.1091414
     D1AY7-a61b     -0.015     0.070       0.406     0.648      0.123     0.798      0.378     0.294      0.362     0.317    0.447     0.384   0.713     0.155      0.501     0.03434  -1	   0.3045439     0.1634276
     D1AY7-a61c     -0.013     0.071       0.406     0.617      0.066     0.788      0.440     0.354      0.217     0.309    0.420     0.397   0.738     0.151      0.501     0.03409  -1	   0.3398113     0.1377688
     D1AY7-a61d     -0.013     0.069       0.417     0.601      0.108     0.805      0.457     0.398      0.657     0.334    0.458     0.392   0.713     0.162      0.509     0.03317  -1	   0.1954656     0.0792988
     D1AY7-a62a     -0.014     0.069       0.417     0.603      0.105     0.811      0.480     0.409      0.427     0.333    0.442     0.405   0.713     0.151      0.463     0.03421  -1	   0.2502850     0.0983358
     D1AY7-a62b     -0.018     0.070       0.406     0.614      0.091     0.799      0.476     0.406      0.385     0.303    0.440     0.376   0.738     0.149      0.530     0.03399  -1	   0.2782886     0.0738108
     D1AY7-a62c     -0.014     0.070       0.417     0.615      0.121     0.806      0.428     0.334      0.457     0.331    0.443     0.401   0.713     0.149      0.495     0.03400  -1	   0.2676553     0.1386560
     D1AY7-a62d     -0.005     0.066       0.427     0.701     -0.096     0.763      0.411     0.387      0.550     0.376    0.470     0.425   0.802     0.172      0.426     0.03492  -1	   0.0638694    -0.0266634
     D1AY7-a63a     -0.014     0.070       0.417     0.615      0.077     0.803      0.439     0.343      0.239     0.319    0.449     0.385   0.738     0.144      0.530     0.03390  -1	   0.3529699     0.1527255
     D1AY7-a63b     -0.004     0.063       0.396     0.685     -0.165     0.765      0.478     0.516      0.655     0.385    0.455     0.444   0.730     0.178      0.393     0.03394  -1	   0.0085217    -0.0449618
     D1AY7-a63c     -0.005     0.064       0.406     0.669     -0.185     0.793      0.467     0.474      0.661     0.371    0.472     0.418   0.730     0.173      0.389     0.03415  -1	   0.0000707    -0.0459969
     D1AY7-a63d     -0.012     0.066       0.406     0.622     -0.033     0.798      0.423     0.428      0.549     0.367    0.437     0.443   0.680     0.173      0.367     0.01947  -1	   0.0930290     0.0340721
     D1AY7-a64a     -0.016     0.069       0.417     0.617      0.102     0.807      0.451     0.376      0.353     0.314    0.461     0.371   0.713     0.149      0.553     0.03397  -1	   0.3203037     0.1103125
     D1AY7-a64b     -0.018     0.090       0.458     0.661      0.043     0.734      0.328     0.327      0.413     0.613    0.560     0.573   0.780     0.153      0.290     0.02772  -1	   0.1745865     0.0439933
     D1AY7-a64c     -0.004     0.067       0.448     0.654     -0.211     0.772      0.404     0.377      0.826     0.390    0.472     0.436   0.637     0.163      0.382     0.03514  -1	  -0.0234563     0.0093784
     D1AY7-a64d     -0.006     0.080       0.458     0.712      0.064     0.776      0.439     0.490      0.412     0.369    0.438     0.443   0.859     0.150      0.328     0.02181  -1	   0.1950766     0.0051690
     D1AY7-a65a     -0.011     0.084       0.448     0.666      0.044     0.789      0.397     0.484      0.371     0.318    0.439     0.392   0.780     0.138      0.344     0.02137  -1	   0.2156359    -0.0127192
     D1AY7-a65b     -0.003     0.083       0.469     0.715     -0.031     0.788      0.387     0.414      0.194     0.361    0.457     0.419   0.802     0.135      0.438     0.03070  -1	   0.3218779     0.0114172
     D1AY7-a65c      0.001     0.069       0.448     0.678     -0.445     0.772      0.289     0.408      0.476     0.341    0.487     0.377   0.000     0.169      0.271     0.02686  -1	   0.0149861    -0.0089918
     D1AY7-a65d     -0.013     0.079       0.448     0.682     -0.029     0.778      0.414     0.494      0.510     0.392    0.472     0.438   0.747     0.148      0.301     0.02216  -1	   0.0973261    -0.0096105
     D1AY7-a66a     -0.008     0.072       0.396     0.676     -0.073     0.724      0.389     0.353      0.724     0.370    0.453     0.432   0.747     0.155      0.397     0.01157  -1	   0.0282338    -0.0046450
     D1AY7-a66b     -0.014     0.105       0.479     0.626     -0.232     0.700      0.384     0.641      0.956     0.476    0.547     0.456   0.512     0.128      0.159     0.01212  -1	   0.0187500     0.1104309
     D1AY7-a66c      0.003     0.075       0.427     0.608     -0.378     0.743      0.415     0.619      0.988     0.483    0.557     0.454   0.471     0.153      0.292     0.01279  -1	  -0.0333555     0.0580815
     D1AY7-a66d     -0.011     0.097       0.469     0.638     -0.304     0.695      0.294     0.503      0.968     0.435    0.517     0.443   0.515     0.133      0.148     0.01196  -1	  -0.0070152     0.0793622
     D1AY7-a67a     -0.015     0.084       0.448     0.670     -0.277     0.681      0.355     0.594      0.988     0.482    0.567     0.445   0.582     0.141      0.183     0.01318  -1	  -0.0649722     0.0434357
     D1AY7-a67b     -0.010     0.064       0.344     0.762     -0.330     0.757      0.469     0.644      0.888     0.408    0.501     0.430   0.628     0.164      0.197     0.01143  -1	  -0.0813395    -0.0147823
     D1AY7-a67c     -0.004     0.082       0.438     0.568     -0.101     0.765      0.477     0.579      0.788     0.390    0.484     0.427   0.463     0.141      0.187     0.01332  -1	   0.0661747     0.0890721
     D1AY7-a67d     -0.004     0.063       0.344     0.694     -0.057     0.747      0.517     0.758      0.939     0.475    0.543     0.458   0.747     0.138      0.306     0.01370  -1	  -0.0069625     0.0444700
     D1AY7-a68b     -0.020     0.084       0.448     0.632     -0.274     0.684      0.363     0.569      0.733     0.433    0.492     0.460   0.515     0.135      0.190     0.01311  -1	  -0.0319176     0.0372427
     D1AY7-a68c     -0.005     0.070       0.417     0.752      0.115     0.749      0.461     0.691      0.681     0.429    0.485     0.463   0.826     0.120      0.305     0.01348  -1	   0.1172009     0.0682287
     D1AY7-a68d     -0.011     0.099       0.490     0.602     -0.154     0.702      0.360     0.631      0.996     0.428    0.541     0.416   0.664     0.130      0.172     0.01196  -1	   0.0252764     0.1327174
     D1AY7-a69a      0.003     0.080       0.417     0.544     -0.222     0.781      0.510     0.626      0.517     0.458    0.494     0.482   0.291     0.133      0.162     0.01322  -1	   0.0393652     0.0424914
     D1AY7-a69b     -0.005     0.081       0.438     0.574     -0.206     0.774      0.482     0.593      0.401     0.443    0.477     0.482   0.444     0.141      0.161     0.01324  -1	   0.0414897     0.0201363
     D1AY7-a69c      0.000     0.071       0.354     0.588     -0.441     0.716      0.485     0.604      0.951     0.351    0.478     0.394   0.000     0.168      0.593     0.01177  -1	  -0.0428651    -0.0047006
     D1AY7-a69d      0.005     0.078       0.427     0.619     -0.269     0.749      0.402     0.563      0.805     0.381    0.487     0.416   0.515     0.150      0.277     0.01348  -1	  -0.0047637     0.0308626
      D1AY7-a6a     -0.011     0.055       0.292     0.757      0.018     0.752      0.463     0.474      0.482     0.300    0.465     0.353   0.826     0.236      0.179     0.04246  -1	  -0.0101048    -0.0827100
      D1AY7-a6b     -0.006     0.057       0.323     0.629     -0.694     0.743      0.413     0.775      0.748     0.352    0.466     0.404   0.471     0.247      0.050     0.03450  -1	   0.1085608     0.0662756
      D1AY7-a6c     -0.013     0.053       0.271     0.674      0.054     0.790      0.379     0.457      0.747     0.327    0.477     0.371   0.805     0.254      0.191     0.03517  -1	  -0.0338499    -0.0476094
      D1AY7-a6d     -0.010     0.053       0.292     0.767      0.067     0.761      0.371     0.340      0.380     0.318    0.458     0.376   0.851     0.263      0.179     0.04187  -1	   0.0344520    -0.0189886
     D1AY7-a70a     -0.001     0.100       0.542     0.679     -0.257     0.732      0.270     0.371      0.718     0.378    0.519     0.387   0.582     0.140      0.216     0.01744  -1	  -0.0212810    -0.0096856
     D1AY7-a70b      0.003     0.075       0.438     0.670     -0.383     0.735      0.331     0.276      0.954     0.424    0.578     0.384   0.538     0.175      0.558     0.02126  -1	  -0.0696763    -0.0314876
     D1AY7-a70c     -0.011     0.093       0.521     0.680      0.163     0.736      0.323     0.623      0.422     0.458    0.526     0.456   0.845     0.147      0.196     0.02310  -1	   0.2009966     0.0428467
     D1AY7-a70d      0.010     0.062       0.417     0.558      0.347     0.761      0.451     0.560      0.838     0.358    0.471     0.405   0.727     0.193      0.200     0.01647  -1	   0.2788822     0.2245131
     D1AY7-a71a      0.010     0.090       0.510     0.740      0.003     0.790      0.362     0.488      0.462     0.424    0.535     0.418   0.834     0.138      0.195     0.03108  -1	   0.1124345    -0.0207447
     D1AY7-a71b      0.012     0.075       0.448     0.706     -0.169     0.740      0.313     0.334      0.790     0.428    0.534     0.422   0.785     0.166      0.200     0.01964  -1	  -0.0493917    -0.0319340
     D1AY7-a71c      0.008     0.068       0.417     0.706     -0.568     0.764      0.380     0.361      0.964     0.375    0.531     0.375   0.518     0.171      0.229     0.01959  -1	  -0.0815841    -0.0716593
     D1AY7-a71d      0.002     0.066       0.438     0.718      0.163     0.812      0.476     0.617      0.337     0.299    0.464     0.353   0.900     0.144      0.133     0.02456  -1	   0.1542885     0.0197257
     D1AY7-a72a     -0.012     0.097       0.531     0.748      0.271     0.735      0.348     0.670      0.599     0.375    0.537     0.372   0.946     0.140      0.205     0.02358  -1	   0.2382181     0.0773813
     D1AY7-a72b      0.013     0.073       0.448     0.666     -0.183     0.752      0.352     0.376      0.834     0.379    0.497     0.405   0.730     0.158      0.214     0.01963  -1	  -0.0307380     0.0033909
     D1AY7-a72c     -0.008     0.071       0.500     0.665      0.038     0.778      0.384     0.452      0.277     0.347    0.468     0.398   0.780     0.128      0.119     0.02867  -1	   0.0891006     0.0421874
     D1AY7-a72d     -0.001     0.075       0.479     0.547     -0.181     0.767      0.446     0.540      0.697     0.372    0.481     0.412   0.384     0.134      0.217     0.02861  -1	   0.0317131     0.0913524
     D1AY7-a73a     -0.013     0.067       0.438     0.716      0.262     0.786      0.398     0.403      0.227     0.390    0.479     0.431   0.946     0.161      0.182     0.03748  -1	   0.2559525     0.1056332
     D1AY7-a73b      0.013     0.071       0.438     0.642     -0.159     0.756      0.363     0.373      0.879     0.361    0.490     0.394   0.664     0.156      0.215     0.01975  -1	  -0.0114006     0.0322110
     D1AY7-a73c      0.003     0.065       0.438     0.605     -0.612     0.749      0.457     0.475      0.553     0.322    0.452     0.384   0.397     0.156      0.234     0.01953  -1	   0.0202953    -0.0671293
     D1AY7-a73d     -0.000     0.074       0.448     0.723     -0.112     0.749      0.327     0.356      0.552     0.415    0.488     0.447   0.711     0.164      0.200     0.01960  -1	   0.0046904    -0.0106711
     D1AY7-a74a     -0.001     0.061       0.417     0.657      0.397     0.762      0.465     0.608      0.486     0.376    0.470     0.424   0.898     0.160      0.346     0.02481  -1	   0.3694134     0.1460371
     D1AY7-a74b     -0.011     0.086       0.531     0.640      0.104     0.778      0.337     0.491      0.411     0.384    0.490     0.416   0.713     0.143      0.164     0.02659  -1	   0.1715660     0.0935315
     D1AY7-a74c     -0.009     0.087       0.542     0.607      0.004     0.780      0.404     0.547      0.702     0.466    0.478     0.502   0.713     0.140      0.168     0.02531  -1	   0.1193216     0.1914578
     D1AY7-a74d     -0.013     0.096       0.521     0.753      0.322     0.735      0.307     0.641      0.640     0.528    0.526     0.521   0.966     0.148      0.203     0.02326  -1	   0.3253424     0.1858763
     D1AY7-a75a     -0.004     0.087       0.542     0.703     -0.199     0.705      0.393     0.641      0.244     0.362    0.495     0.390   0.785     0.133      0.233     0.02237  -1	   0.0745464    -0.0732965
     D1AY7-a75b     -0.002     0.073       0.500     0.587      0.043     0.808      0.392     0.498      0.329     0.344    0.469     0.393   0.587     0.142      0.281     0.03631  -1	   0.2035350     0.0960097
     D1AY7-a75c     -0.006     0.074       0.458     0.692     -0.530     0.753      0.455     0.383      0.595     0.426    0.503     0.444   0.582     0.175      0.309     0.01951  -1	  -0.0245261    -0.0784327
     D1AY7-a75d     -0.020     0.062       0.406     0.661      0.116     0.808      0.421     0.435      0.668     0.318    0.432     0.397   0.780     0.160      0.290     0.02968  -1	   0.1096310     0.0788395
     D1AY7-a76a     -0.006     0.065       0.417     0.668      0.572     0.823      0.233     0.139      0.103     0.380    0.481     0.419   0.890     0.159      0.202     0.06124  -1	   0.6526671     0.5732545
     D1AY7-a76b      0.001     0.095       0.510     0.658      0.084     0.781      0.237     0.257      0.165     0.392    0.521     0.399   0.805     0.119      0.503     0.10434  -1	   0.4876317     0.1638986
     D1AY7-a76c     -0.015     0.084       0.542     0.677      0.068     0.786      0.330     0.426      0.499     0.442    0.508     0.456   0.805     0.139      0.139     0.02782  -1	   0.1065865     0.0921196
     D1AY7-a76d      0.011     0.060       0.396     0.506      0.021     0.796      0.483     0.433      0.632     0.342    0.471     0.390   0.434     0.179      0.303     0.02534  -1	   0.1107501     0.0897335
     D1AY7-a77a      0.006     0.065       0.417     0.647     -0.652     0.737      0.447     0.475      0.825     0.294    0.485     0.332   0.471     0.176      0.224     0.01962  -1	  -0.0191904    -0.0823226
     D1AY7-a77b      0.004     0.064       0.438     0.719     -0.142     0.790      0.476     0.597      0.496     0.358    0.508     0.377   0.711     0.160      0.262     0.02892  -1	   0.0045688    -0.0362217
     D1AY7-a77c     -0.016     0.073       0.427     0.716      0.268     0.807      0.359     0.278      0.477     0.373    0.459     0.430   0.946     0.144      0.178     0.30035  -1	   0.2287464     0.1650796
     D1AY7-a77d     -0.009     0.072       0.406     0.707      0.363     0.807      0.356     0.271      0.632     0.371    0.444     0.439   0.952     0.142      0.178     0.28739  -1	   0.3040541     0.2300398
     D1AY7-a78a     -0.016     0.080       0.438     0.675     -0.115     0.828      0.455     0.343      0.322     0.362    0.467     0.412   0.656     0.150      0.269     0.30101   1	   0.1164399     0.0485335
     D1AY7-a78b     -0.007     0.099       0.479     0.674      0.151     0.831      0.306     0.234      0.280     0.448    0.443     0.515   0.845     0.126      0.188     0.17853  -1	   0.2976394     0.1712001
     D1AY7-a78c     -0.015     0.071       0.396     0.695      0.402     0.800      0.378     0.300      0.418     0.357    0.438     0.432   0.945     0.156      0.189     0.29421  -1	   0.3435802     0.2248067
     D1AY7-a78d     -0.011     0.090       0.490     0.611     -0.065     0.817      0.408     0.258      0.951     0.406    0.525     0.408   0.680     0.132      0.234     0.24635  -1	   0.0985352     0.0842803
     D1AY7-a79a     -0.032     0.083       0.448     0.641      0.038     0.786      0.431     0.249      0.741     0.380    0.495     0.408   0.713     0.174      0.384     0.11043  -1	   0.1130346     0.0667292
     D1AY7-a79b     -0.013     0.089       0.479     0.697      0.399     0.822      0.357     0.303      0.967     0.488    0.516     0.492   0.898     0.132      0.146     0.20497  -1	   0.4877512     0.3522875
     D1AY7-a79c      0.001     0.079       0.427     0.700      0.601     0.809      0.236     0.103      0.347     0.321    0.388     0.437   0.950     0.168      0.423     0.16751  -1	   0.8012014     0.6268014
     D1AY7-a79d     -0.030     0.079       0.438     0.629      0.065     0.764      0.457     0.267      0.640     0.354    0.489     0.388   0.738     0.194      0.353     0.10047  -1	   0.1042358     0.0646234
      D1AY7-a7a     -0.008     0.052       0.271     0.615     -0.110     0.790      0.459     0.411      0.728     0.339    0.493     0.370   0.589     0.268      0.170     0.03672  -1	  -0.0424496    -0.0321935
      D1AY7-a7b     -0.014     0.058       0.271     0.728     -0.136     0.790      0.479     0.527      0.563     0.349    0.459     0.407   0.711     0.254      0.264     0.03851  -1	  -0.0060871    -0.0908703
      D1AY7-a7c     -0.016     0.053       0.271     0.748     -0.001     0.787      0.426     0.509      0.483     0.361    0.467     0.412   0.802     0.272      0.174     0.04451  -1	  -0.0107673    -0.0962350
      D1AY7-a7d     -0.014     0.054       0.292     0.762     -0.024     0.777      0.388     0.373      0.354     0.304    0.452     0.366   0.793     0.263      0.179     0.04370  -1	   0.0294129    -0.0298884
     D1AY7-a80a     -0.001     0.099       0.531     0.761      0.178     0.808      0.289     0.201      0.341     0.351    0.536     0.350   0.892     0.134      0.241     0.09106  -1	   0.3151086     0.1211868
     D1AY7-a80b     -0.020     0.076       0.479     0.726      0.461     0.816      0.437     0.226      0.245     0.422    0.509     0.437   0.970     0.121      0.445     0.08002  -1	   0.7319984     0.6079541
     D1AY7-a80c     -0.009     0.071       0.396     0.728     -0.040     0.759      0.276     0.336      0.275     0.349    0.486     0.386   0.802     0.181      0.230     0.01578  -1	   0.1027815    -0.0073498
     D1AY7-a80d     -0.011     0.070       0.417     0.681      0.500     0.814      0.354     0.135      0.105     0.337    0.466     0.389   0.908     0.144      0.376     0.09778  -1	   0.7116153     0.6654702
     D1AY7-a81a     -0.013     0.070       0.406     0.628      0.098     0.793      0.459     0.367      0.359     0.306    0.420     0.394   0.738     0.144      0.437     0.03380  -1	   0.2554753     0.1129177
     D1AY7-a81b     -0.014     0.061       0.396     0.699      0.093     0.775      0.560     0.715      0.633     0.337    0.453     0.399   0.805     0.165      0.133     0.02347  -1	   0.0328826     0.1028977
     D1AY7-a81c     -0.027     0.062       0.385     0.687     -0.203     0.815      0.514     0.590      0.555     0.506    0.532     0.497   0.637     0.213      0.374     0.03994  -1	   0.0188972    -0.0516963
     D1AY7-a81d     -0.007     0.062       0.385     0.720     -0.233     0.771      0.522     0.669      0.687     0.369    0.465     0.422   0.691     0.176      0.203     0.02365  -1	  -0.0594731    -0.0041877
     D1AY7-a82a     -0.007     0.061       0.385     0.720     -0.249     0.776      0.529     0.679      0.748     0.351    0.449     0.416   0.691     0.183      0.168     0.02342  -1	  -0.0658693     0.0246495
     D1AY7-a82b     -0.007     0.084       0.500     0.722      0.085     0.792      0.323     0.359      0.387     0.380    0.432     0.459   0.859     0.140      0.347     0.02161  -1	   0.2554784     0.0730337
     D1AY7-a82c     -0.014     0.063       0.385     0.715      0.035     0.779      0.395     0.401      0.487     0.353    0.431     0.435   0.834     0.190      0.405     0.01969  -1	   0.1255270     0.0012058
     D1AY7-a82d     -0.007     0.062       0.385     0.709     -0.202     0.762      0.507     0.656      0.713     0.362    0.450     0.426   0.691     0.179      0.195     0.02372  -1	  -0.0505001     0.0092471
     D1AY7-a83a     -0.007     0.062       0.385     0.695      0.062     0.779      0.495     0.632      0.757     0.371    0.477     0.413   0.805     0.174      0.200     0.02397  -1	   0.0290588     0.0375865
     D1AY7-a83b     -0.004     0.082       0.458     0.708     -0.037     0.778      0.397     0.431      0.258     0.348    0.460     0.405   0.802     0.133      0.464     0.03037  -1	   0.2903306    -0.0160466
     D1AY7-a83c     -0.008     0.070       0.448     0.619     -0.154     0.788      0.388     0.329      0.955     0.454    0.494     0.478   0.664     0.151      0.367     0.03640  -1	   0.0190516     0.0686530
     D1AY7-a83d     -0.002     0.079       0.438     0.718      0.015     0.786      0.418     0.484      0.445     0.353    0.426     0.437   0.834     0.153      0.340     0.02160  -1	   0.1681160    -0.0197424
     D1AY7-a84a     -0.017     0.074       0.365     0.712     -0.163     0.722      0.275     0.501      0.814     0.417    0.495     0.443   0.785     0.180      0.178     0.01424  -1	  -0.0534741    -0.0013504
     D1AY7-a84b     -0.030     0.093       0.448     0.600      0.278     0.703      0.344     0.381      0.476     0.435    0.487     0.467   0.825     0.155      0.397     0.01761  -1	   0.3228521     0.0730196
     D1AY7-a84c     -0.021     0.092       0.542     0.616     -0.194     0.675      0.359     0.518      0.673     0.383    0.469     0.431   0.664     0.126      0.204     0.01615  -1	  -0.0149060     0.0583428
     D1AY7-a84d     -0.003     0.061       0.406     0.673     -0.070     0.782      0.535     0.657      0.740     0.370    0.451     0.433   0.747     0.156      0.212     0.02335  -1	  -0.0035698     0.0616884
     D1AY7-a85a     -0.031     0.096       0.542     0.634     -0.343     0.680      0.379     0.600      0.707     0.391    0.471     0.438   0.515     0.129      0.197     0.01619  -1	  -0.0425935     0.0840539
     D1AY7-a85b     -0.010     0.063       0.354     0.759     -0.325     0.760      0.513     0.691      0.898     0.400    0.494     0.427   0.628     0.169      0.201     0.01141  -1	  -0.0848906     0.0125312
     D1AY7-a85c     -0.031     0.093       0.531     0.607     -0.340     0.678      0.341     0.508      0.918     0.412    0.516     0.421   0.515     0.134      0.209     0.01624  -1	  -0.0586458     0.0648068
     D1AY7-a85d      0.008     0.082       0.448     0.688     -0.293     0.774      0.392     0.579      0.574     0.379    0.456     0.438   0.582     0.159      0.222     0.01355  -1	   0.0144196    -0.0085571
     D1AY7-a86a     -0.001     0.087       0.479     0.643     -0.297     0.755      0.418     0.617      0.436     0.562    0.559     0.526   0.515     0.154      0.174     0.01354  -1	   0.0056744     0.0053368
     D1AY7-a86b     -0.008     0.071       0.385     0.653     -0.209     0.721      0.413     0.365      0.853     0.369    0.456     0.428   0.637     0.162      0.519     0.01145  -1	  -0.0137767    -0.0181562
     D1AY7-a86c     -0.003     0.080       0.417     0.541     -0.264     0.768      0.536     0.659      0.451     0.419    0.498     0.443   0.236     0.136      0.162     0.01324  -1	   0.0335695     0.0320972
     D1AY7-a86d      0.001     0.080       0.417     0.645     -0.351     0.764      0.446     0.620      0.790     0.338    0.452     0.400   0.471     0.152      0.237     0.01356  -1	  -0.0033142     0.0288482
     D1AY7-a87a     -0.004     0.053       0.333     0.726     -0.414     0.736      0.423     0.457      0.864     0.465    0.388     0.576   0.000     0.195      0.575     0.01158  -1	  -0.0373251    -0.0183115
     D1AY7-a87b     -0.004     0.082       0.438     0.565     -0.250     0.771      0.478     0.595      0.514     0.410    0.502     0.431   0.444     0.143      0.167     0.01327  -1	   0.0193172     0.0107479
     D1AY7-a87c     -0.003     0.080       0.417     0.548     -0.237     0.768      0.545     0.657      0.420     0.417    0.506     0.434   0.291     0.133      0.162     0.01325  -1	   0.0364239     0.0278483
     D1AY7-a87d      0.001     0.078       0.406     0.616     -0.096     0.745      0.427     0.528      0.765     0.450    0.469     0.495   0.680     0.184      0.196     0.01320  -1	   0.0395599     0.0221834
     D1AY7-a88a      0.002     0.089       0.438     0.604     -0.317     0.756      0.414     0.562      0.745     0.402    0.496     0.428   0.515     0.165      0.295     0.01360  -1	   0.0216654     0.0017976
     D1AY7-a88b      0.010     0.056       0.365     0.637     -0.217     0.780      0.518     0.615      0.527     0.318    0.412     0.412   0.570     0.179      0.357     0.01377  -1	   0.0396450    -0.0240046
     D1AY7-a88c     -0.001     0.046       0.271     0.693     -0.497     0.732      0.467     0.438      0.715     0.395    0.451     0.457   0.683     0.256      0.653     0.01144  -1	   0.0546043     0.0061562
     D1AY7-a88d      0.000     0.055       0.333     0.770     -0.469     0.772      0.463     0.603      0.656     0.338    0.448     0.405   0.659     0.195      0.174     0.01183  -1	  -0.0438230    -0.0649325
     D1AY7-a89a     -0.015     0.080       0.500     0.653     -0.070     0.713      0.288     0.379      0.353     0.406    0.511     0.420   0.747     0.127      0.166     0.01914  -1	   0.0282893    -0.0067000
     D1AY7-a89b      0.005     0.064       0.417     0.558     -0.059     0.736      0.467     0.512      0.847     0.415    0.516     0.424   0.554     0.173      0.224     0.01693  -1	   0.0220964     0.0590131
     D1AY7-a89c      0.001     0.077       0.469     0.668     -0.132     0.742      0.324     0.361      0.412     0.441    0.519     0.446   0.656     0.156      0.218     0.02003  -1	   0.0402577    -0.0005154
     D1AY7-a89d     -0.008     0.054       0.312     0.759     -0.307     0.731      0.450     0.573      0.709     0.362    0.467     0.413   0.628     0.181      0.298     0.01485  -1	  -0.0599896    -0.0594554
      D1AY7-a8a     -0.013     0.070       0.406     0.604      0.101     0.790      0.450     0.367      0.289     0.327    0.444     0.397   0.713     0.155      0.437     0.03476  -1	   0.2792509     0.1210220
      D1AY7-a8b     -0.004     0.064       0.396     0.656     -0.228     0.752      0.492     0.527      0.669     0.398    0.463     0.451   0.637     0.138      0.205     0.01792  -1	  -0.0356300    -0.0097611
      D1AY7-a8c     -0.017     0.047       0.250     0.705     -0.059     0.766      0.538     0.391      0.825     0.314    0.460     0.371   0.836     0.178      0.158     0.05030  -1	  -0.0812093    -0.0153121
      D1AY7-a8d     -0.009     0.049       0.292     0.702      0.272     0.767      0.506     0.413      0.342     0.363    0.471     0.411   0.896     0.202      0.346     0.04474  -1	   0.2146612     0.1160300
     D1AY7-a90a      0.009     0.065       0.417     0.617      0.203     0.743      0.389     0.483      0.883     0.377    0.450     0.441   0.787     0.165      0.134     0.01619  -1	   0.1588821     0.1546490
     D1AY7-a90b     -0.009     0.095       0.500     0.707      0.120     0.719      0.228     0.472      0.145     0.507    0.481     0.537   0.834     0.147      0.221     0.02124  -1	   0.2775787    -0.0352696
     D1AY7-a90c     -0.005     0.080       0.490     0.688     -0.019     0.775      0.386     0.516      0.290     0.420    0.505     0.438   0.747     0.131      0.185     0.02894  -1	   0.1080528    -0.0044026
     D1AY7-a90d      0.007     0.074       0.448     0.681     -0.174     0.735      0.348     0.379      0.594     0.411    0.479     0.451   0.730     0.155      0.214     0.01975  -1	  -0.0074768    -0.0129828
     D1AY7-a91a      0.003     0.058       0.365     0.709      0.281     0.770      0.412     0.428      0.538     0.349    0.486     0.386   0.946     0.217      0.146     0.01889  -1	   0.1218544     0.0085125
     D1AY7-a91b      0.003     0.073       0.448     0.700     -0.163     0.744      0.339     0.371      0.726     0.390    0.502     0.413   0.785     0.157      0.214     0.01954  -1	  -0.0455975    -0.0297170
     D1AY7-a91c     -0.006     0.090       0.490     0.730     -0.407     0.711      0.384     0.595      0.896     0.432    0.532     0.427   0.000     0.154      0.179     0.02329  -1	  -0.0561485     0.0586956
     D1AY7-a91d     -0.012     0.075       0.469     0.638     -0.205     0.748      0.336     0.319      0.840     0.610    0.618     0.522   0.570     0.134      0.289     0.02208  -1	  -0.0119244     0.0299284
     D1AY7-a92a      0.004     0.073       0.448     0.708     -0.158     0.752      0.352     0.388      0.885     0.400    0.503     0.421   0.785     0.168      0.200     0.01953  -1	  -0.0487216    -0.0139463
     D1AY7-a92b      0.002     0.098       0.521     0.701      0.104     0.723      0.314     0.506      0.933     0.470    0.605     0.403   0.834     0.128      0.123     0.03171  -1	   0.1050123     0.0798201
     D1AY7-a92c     -0.026     0.090       0.479     0.649     -0.084     0.723      0.377     0.542      0.905     0.489    0.489     0.515   0.680     0.137      0.167     0.01777  -1	   0.0394798     0.1039644
     D1AY7-a92d      0.006     0.076       0.490     0.574     -0.113     0.767      0.461     0.546      0.582     0.392    0.521     0.399   0.463     0.132      0.213     0.02873  -1	   0.0465405     0.0777910
     D1AY7-a93a      0.003     0.074       0.469     0.531     -0.069     0.757      0.410     0.493      0.604     0.370    0.479     0.411   0.401     0.134      0.211     0.02865  -1	   0.0772566     0.1044563
     D1AY7-a93b     -0.010     0.064       0.438     0.634      0.133     0.771      0.401     0.473      0.716     0.364    0.452     0.427   0.713     0.144      0.318     0.02429  -1	   0.1388824     0.1247303
     D1AY7-a93c      0.000     0.077       0.469     0.631      0.199     0.814      0.312     0.382      0.234     0.348    0.468     0.398   0.778     0.139      0.281     0.03672  -1	   0.3394034     0.1240014
     D1AY7-a93d     -0.004     0.091       0.479     0.654     -0.341     0.704      0.364     0.574      0.968     0.517    0.637     0.418   0.582     0.160      0.241     0.02336  -1	  -0.0678464    -0.0084513
     D1AY7-a94a     -0.004     0.069       0.375     0.735      0.485     0.798      0.232     0.124      0.381     0.327    0.469     0.377   0.970     0.196      0.266     0.10906  -1	   0.4533014     0.3612800
     D1AY7-a94b     -0.009     0.083       0.531     0.626      0.036     0.789      0.379     0.514      0.558     0.388    0.495     0.416   0.713     0.140      0.169     0.02625  -1	   0.1100551     0.1130494
     D1AY7-a94c      0.002     0.080       0.500     0.681     -0.157     0.751      0.424     0.505      0.288     0.411    0.539     0.402   0.730     0.129      0.214     0.02904  -1	   0.0578383    -0.0399591
     D1AY7-a94d     -0.004     0.083       0.490     0.595     -0.009     0.776      0.422     0.554      0.301     0.362    0.546     0.351   0.554     0.128      0.112     0.02856  -1	   0.0941272     0.0341497
     D1AY7-a95a     -0.008     0.057       0.354     0.685      0.118     0.741      0.450     0.524      0.650     0.314    0.446     0.381   0.780     0.197      0.243     0.03480  -1	   0.0377713    -0.0087208
     D1AY7-a95b     -0.016     0.077       0.417     0.696      0.026     0.784      0.242     0.319      0.383     0.610    0.485     0.629   0.780     0.169      0.364     0.02053  -1	   0.2114323     0.1122177
     D1AY7-a95c     -0.010     0.076       0.427     0.705      0.068     0.792      0.254     0.367      0.413     0.475    0.517     0.481   0.859     0.172      0.349     0.02136  -1	   0.1952204     0.0349003
     D1AY7-a95d     -0.008     0.077       0.406     0.640      0.140     0.782      0.320     0.377      0.195     0.377    0.398     0.485   0.713     0.158      0.212     0.02169  -1	   0.2430095     0.0873720
     D1AY7-a96a     -0.011     0.077       0.396     0.652      0.158     0.771      0.262     0.288      0.136     0.340    0.470     0.390   0.845     0.170      0.291     0.02227  -1	   0.2990255     0.1166692
     D1AY7-a96b     -0.014     0.068       0.396     0.759     -0.249     0.772      0.394     0.476      0.226     0.361    0.509     0.378   0.683     0.176      0.119     0.02203  -1	   0.0148606    -0.0741815
     D1AY7-a96c     -0.014     0.070       0.375     0.759      0.090     0.746      0.326     0.171      0.396     0.391    0.433     0.469   0.851     0.157      0.209     0.01656  -1	   0.1085470     0.1530294
     D1AY7-a96d     -0.011     0.079       0.427     0.633      0.111     0.762      0.350     0.474      0.236     0.321    0.430     0.401   0.713     0.162      0.239     0.02173  -1	   0.2258280     0.0093343
     D1AY7-a97a     -0.016     0.077       0.417     0.629     -0.154     0.701      0.353     0.533      0.471     0.330    0.436     0.406   0.664     0.134      0.177     0.01578  -1	   0.0210529    -0.0118451
     D1AY7-a97b     -0.012     0.090       0.469     0.595     -0.059     0.734      0.402     0.552      0.516     0.387    0.480     0.427   0.554     0.172      0.236     0.02077  -1	   0.0936416     0.0293404
     D1AY7-a97c     -0.010     0.083       0.427     0.647      0.071     0.771      0.281     0.425      0.321     0.392    0.453     0.453   0.738     0.150      0.174     0.02141  -1	   0.1520253     0.0193214
     D1AY7-a97d     -0.013     0.079       0.406     0.700      0.075     0.786      0.278     0.396      0.151     0.380    0.427     0.464   0.859     0.171      0.172     0.02147  -1	   0.1922481    -0.0151627
     D1AY7-a98a     -0.013     0.079       0.406     0.608     -0.282     0.746      0.309     0.422      0.447     0.394    0.493     0.423   0.515     0.159      0.338     0.01706  -1	   0.0631269     0.0161317
     D1AY7-a98b     -0.020     0.067       0.385     0.631      0.196     0.766      0.398     0.331      0.927     0.380    0.467     0.430   0.778     0.157      0.175     0.01635  -1	   0.1385171     0.1286502
     D1AY7-a98c     -0.012     0.080       0.427     0.602      0.050     0.779      0.325     0.456      0.238     0.337    0.455     0.397   0.738     0.165      0.165     0.02182  -1	   0.1504244    -0.0168813
     D1AY7-a98d     -0.012     0.066       0.427     0.708      0.135     0.812      0.346     0.324      0.211     0.378    0.437     0.453   0.834     0.157      0.236     0.01893  -1	   0.2267402     0.1329783
     D1AY7-a99a     -0.009     0.071       0.406     0.739     -0.009     0.754      0.285     0.363      0.175     0.360    0.470     0.408   0.802     0.181      0.236     0.01582  -1	   0.1657191    -0.0021215
     D1AY7-a99b     -0.011     0.052       0.354     0.683      0.157     0.772      0.435     0.446      0.563     0.326    0.445     0.394   0.845     0.223      0.344     0.03247  -1	   0.0954845     0.0072737
     D1AY7-a99c     -0.003     0.062       0.396     0.710     -0.255     0.766      0.561     0.714      0.730     0.349    0.476     0.393   0.636     0.155      0.200     0.02351  -1	  -0.0689460     0.0423866
     D1AY7-a99d     -0.015     0.069       0.396     0.672     -0.122     0.766      0.410     0.535      0.370     0.320    0.422     0.407   0.656     0.163      0.184     0.01972  -1	   0.0458335    -0.0300148
      D1AY7-a9a     -0.020     0.046       0.240     0.752      0.221     0.765      0.482     0.292      0.754     0.360    0.417     0.452   0.844     0.208      0.242     0.05004  -1	   0.0324054     0.0912008
      D1AY7-a9b     -0.015     0.070       0.406     0.626      0.052     0.797      0.419     0.340      0.451     0.319    0.436     0.395   0.738     0.151      0.564     0.03406  -1	   0.2468638     0.0939036
      D1AY7-a9c     -0.011     0.082       0.469     0.806      0.127     0.783      0.355     0.313      0.423     0.380    0.494     0.409   0.663     0.138      0.368     0.02608  -1	   0.2860236     0.1090554
      D1AY7-a9d     -0.016     0.069       0.417     0.597      0.049     0.801      0.448     0.366      0.414     0.321    0.440     0.394   0.587     0.157      0.495     0.03459  -1	   0.2355634     0.1073333
