      D4CPA-a9d      0.019     0.054       0.137     0.625      0.177     0.918      0.522     0.403      0.699     0.597    0.670     0.463   0.778     0.176      0.043     0.06003  -1	   0.1048802     0.1132109
      D4CPA-a0a      0.021     0.044       0.130     0.729     -0.131     0.927      0.553     0.556      0.898     0.603    0.661     0.476   0.812     0.160      0.223     0.10863  -1	   0.0204017     0.0060088
      D4CPA-a0b      0.016     0.037       0.114     0.684      0.084     0.927      0.542     0.563      0.636     0.528    0.675     0.394   0.817     0.188     -0.030     0.03214  -1	  -0.0250501    -0.0213088
      D4CPA-a0c      0.015     0.045       0.127     0.638      0.003     0.909      0.538     0.574      0.548     0.550    0.591     0.488   0.725     0.201      0.075     0.02656  -1	  -0.0186876    -0.0476451
      D4CPA-a0d      0.021     0.050       0.137     0.611      0.413     0.905      0.526     0.390      0.796     0.565    0.652     0.449   0.822     0.180      0.042     0.05941  -1	   0.2653018     0.2209913
    D4CPA-a100a      0.008     0.051       0.127     0.527      0.032     0.886      0.539     0.462      0.314     0.607    0.674     0.468   0.434     0.154      0.819     0.01557  -1	   0.4604508     0.2635947
    D4CPA-a100b      0.009     0.067       0.173     0.716     -0.297     0.880      0.507     0.530      0.755     0.604    0.723     0.419   0.636     0.119      0.278     0.01477  -1	   0.0605843     0.0050735
    D4CPA-a100c      0.012     0.056       0.150     0.625     -0.190     0.916      0.568     0.607      0.829     0.593    0.635     0.490   0.664     0.180      0.113     0.01742  -1	   0.0021388    -0.0518000
    D4CPA-a100d      0.008     0.054       0.153     0.548     -0.242     0.902      0.503     0.361      0.340     0.544    0.666     0.417   0.291     0.146      0.461     0.01527  -1	   0.1509440     0.2595600
    D4CPA-a101b      0.008     0.052       0.153     0.552     -0.322     0.910      0.507     0.357      0.244     0.538    0.659     0.417   0.389     0.132      0.286     0.01526  -1	   0.0774163     0.2629394
    D4CPA-a101c      0.011     0.052       0.137     0.680     -0.438     0.887      0.474     0.400      0.997     0.751    0.736     0.563   0.000     0.144      0.185     0.01639  -1	   0.0655357     0.0976818
    D4CPA-a101d      0.012     0.052       0.140     0.673     -0.478     0.874      0.494     0.441      0.634     0.602    0.654     0.482   0.613     0.147      0.579     0.01623  -1	   0.1452026     0.1649414
    D4CPA-a102a      0.013     0.052       0.137     0.707     -0.335     0.879      0.463     0.388      0.646     0.571    0.681     0.429   0.636     0.157      0.181     0.01592  -1	   0.0081834     0.1090020
    D4CPA-a102b      0.012     0.062       0.160     0.735     -0.270     0.909      0.496     0.499      0.655     0.594    0.700     0.431   0.636     0.125      0.233     0.01447  -1	   0.0496025     0.0234006
    D4CPA-a102c      0.014     0.051       0.147     0.671     -0.604     0.893      0.526     0.509      0.591     0.577    0.645     0.467   0.464     0.140      0.097     0.01641  -1	   0.0329014     0.0241930
    D4CPA-a102d      0.006     0.057       0.147     0.616     -0.322     0.886      0.526     0.571      0.840     0.610    0.647     0.495   0.515     0.158      0.105     0.01646  -1	   0.0011040    -0.0106327
    D4CPA-a103a      0.011     0.044       0.130     0.599      0.045     0.897      0.511     0.534      0.798     0.567    0.671     0.433   0.708     0.156      0.090     0.01063  -1	   0.0220095     0.0370922
    D4CPA-a103b      0.016     0.043       0.124     0.755      0.038     0.893      0.515     0.484      0.268     0.640    0.639     0.532   0.785     0.154      0.411     0.01120  -1	   0.2874228     0.1766093
    D4CPA-a103c      0.011     0.045       0.130     0.594      0.091     0.886      0.506     0.532      0.924     0.545    0.612     0.467   0.744     0.160      0.114     0.01071  -1	   0.0539268     0.0421313
    D4CPA-a103d      0.008     0.059       0.147     0.661      0.104     0.927      0.513     0.526      0.607     0.565    0.627     0.470   0.780     0.117      0.257     0.01437  -1	   0.1339148     0.0435956
    D4CPA-a104a      0.010     0.048       0.124     0.627      0.182     0.895      0.579     0.589      0.444     0.535    0.652     0.421   0.739     0.171      0.015     0.01107  -1	   0.0364686    -0.0113158
    D4CPA-a104b      0.011     0.049       0.121     0.690      0.085     0.895      0.581     0.584      0.443     0.482    0.586     0.430   0.817     0.170      0.032     0.01118  -1	  -0.0050724    -0.0539419
    D4CPA-a104c      0.015     0.047       0.127     0.658     -0.010     0.911      0.542     0.519      0.588     0.563    0.608     0.485   0.852     0.144      0.055     0.01052  -1	  -0.0262192    -0.0141134
    D4CPA-a104d      0.011     0.047       0.143     0.587      0.114     0.900      0.511     0.517      0.880     0.557    0.612     0.475   0.753     0.157      0.115     0.01080  -1	   0.0727921     0.0523532
    D4CPA-a105a      0.008     0.044       0.121     0.700      0.011     0.896      0.497     0.526      0.821     0.567    0.630     0.470   0.805     0.175      0.207     0.00919  -1	   0.0207190     0.0158772
    D4CPA-a105b      0.012     0.048       0.117     0.648      0.087     0.900      0.581     0.594      0.521     0.524    0.600     0.455   0.761     0.179      0.032     0.01112  -1	  -0.0047698    -0.0541739
    D4CPA-a105c      0.013     0.049       0.130     0.707     -0.020     0.900      0.508     0.490      0.503     0.578    0.610     0.498   0.876     0.149      0.056     0.01057  -1	  -0.0190214    -0.0005318
    D4CPA-a105d      0.011     0.051       0.140     0.730     -0.126     0.908      0.541     0.589      0.395     0.511    0.603     0.442   0.711     0.150      0.281     0.00942  -1	   0.0798480    -0.0339519
    D4CPA-a106a      0.011     0.045       0.111     0.662     -0.152     0.902      0.525     0.576      0.633     0.558    0.595     0.491   0.757     0.184      0.196     0.00911  -1	  -0.0232809    -0.0376637
    D4CPA-a106b      0.009     0.049       0.130     0.581     -0.169     0.890      0.528     0.559      0.513     0.532    0.610     0.455   0.684     0.149      0.268     0.01032  -1	  -0.0005989    -0.0100043
    D4CPA-a106c      0.017     0.049       0.127     0.725     -0.252     0.911      0.502     0.561      0.216     0.537    0.641     0.432   0.750     0.130      0.481     0.01011  -1	   0.2784291     0.0702547
    D4CPA-a106d      0.008     0.047       0.127     0.720     -0.094     0.890      0.481     0.510      0.819     0.577    0.654     0.459   0.836     0.164      0.197     0.00919  -1	  -0.0027514     0.0098141
    D4CPA-a107a      0.006     0.056       0.143     0.544     -0.094     0.894      0.486     0.479      0.460     0.543    0.616     0.460   0.401     0.143      0.312     0.01036  -1	   0.0548859     0.0859862
    D4CPA-a107b      0.007     0.056       0.147     0.598     -0.456     0.892      0.475     0.491      0.508     0.565    0.637     0.463   0.420     0.151      0.377     0.01029  -1	   0.0764631     0.1045667
    D4CPA-a107c      0.008     0.045       0.121     0.697     -0.171     0.889      0.488     0.520      0.626     0.595    0.636     0.491   0.757     0.165      0.182     0.00922  -1	  -0.0160466     0.0106462
    D4CPA-a107d      0.013     0.046       0.117     0.692      0.217     0.902      0.512     0.514      0.321     0.585    0.638     0.481   0.840     0.159      0.127     0.01008  -1	   0.1352986     0.0977384
    D4CPA-a108a      0.011     0.057       0.143     0.641     -0.309     0.901      0.561     0.594      0.740     0.565    0.657     0.445   0.515     0.162      0.130     0.01714  -1	  -0.0052004    -0.0364788
    D4CPA-a108b      0.012     0.057       0.150     0.579     -0.201     0.914      0.548     0.572      0.823     0.617    0.634     0.515   0.444     0.158      0.099     0.01768  -1	   0.0165321    -0.0136965
    D4CPA-a108c      0.009     0.038       0.114     0.773      0.251     0.895      0.513     0.593      0.265     0.588    0.623     0.495   0.875     0.176      0.091     0.01021  -1	   0.1472460     0.0634289
    D4CPA-a108d      0.005     0.057       0.143     0.576     -0.243     0.898      0.505     0.492      0.148     0.539    0.678     0.401   0.444     0.148      0.306     0.01039  -1	   0.1633022     0.1536152
    D4CPA-a109a      0.011     0.053       0.134     0.575     -0.015     0.894      0.525     0.433      0.154     0.619    0.674     0.481   0.554     0.181      0.514     0.01563  -1	   0.3457532     0.2678261
    D4CPA-a109b      0.008     0.051       0.130     0.495      0.116     0.885      0.532     0.441      0.578     0.602    0.625     0.508   0.316     0.163      0.684     0.01554  -1	   0.2513578     0.1853592
    D4CPA-a109c      0.009     0.054       0.134     0.671     -0.294     0.895      0.520     0.539      0.805     0.595    0.606     0.516   0.582     0.148      0.389     0.01592  -1	   0.0267131     0.0272070
    D4CPA-a109d      0.006     0.065       0.166     0.698     -0.241     0.891      0.488     0.528      0.773     0.637    0.653     0.517   0.637     0.138      0.307     0.01460  -1	   0.0556057     0.0080302
     D4CPA-a10a      0.017     0.051       0.147     0.584     -0.303     0.936      0.515     0.404      0.994     0.515    0.641     0.412   0.389     0.143      0.190     0.42067   1	   0.0140141     0.0969142
     D4CPA-a10b      0.010     0.062       0.160     0.622     -0.424     0.909      0.442     0.235      0.100     0.640    0.626     0.545   0.000     0.122      0.315     0.38029   1	   0.1815456     0.3924420
     D4CPA-a10c      0.018     0.051       0.137     0.755     -0.480     0.925      0.420     0.157      0.009     0.530    0.576     0.481   0.659     0.161      0.121     0.66907   1	   0.1661260     0.6278332
     D4CPA-a10d      0.016     0.049       0.130     0.504     -0.226     0.924      0.542     0.392      0.625     0.581    0.580     0.526   0.639     0.145      0.210     0.42019   1	  -0.0337516     0.1164722
    D4CPA-a110a      0.017     0.037       0.107     0.685      0.091     0.927      0.532     0.547      0.551     0.573    0.605     0.498   0.817     0.188     -0.024     0.03058  -1	  -0.0284586    -0.0126121
    D4CPA-a110b      0.016     0.049       0.137     0.696      0.181     0.925      0.509     0.409      0.133     0.570    0.621     0.481   0.794     0.143      0.561     0.04212  -1	   0.5290112     0.3860796
    D4CPA-a110c      0.018     0.038       0.127     0.649      0.197     0.903      0.554     0.600      0.537     0.537    0.631     0.440   0.739     0.182      0.035     0.03026  -1	   0.0457278     0.0107026
    D4CPA-a110d      0.014     0.047       0.127     0.639      0.139     0.929      0.473     0.373      0.237     0.558    0.590     0.496   0.771     0.145      0.622     0.03712  -1	   0.4205033     0.3745375
    D4CPA-a111a      0.014     0.050       0.127     0.731      0.142     0.908      0.506     0.469      0.448     0.558    0.590     0.496   0.851     0.161      0.187     0.00955  -1	   0.1164334     0.0820123
    D4CPA-a111b      0.012     0.034       0.111     0.709      0.284     0.884      0.588     0.627      0.556     0.460    0.579     0.416   0.896     0.147      0.127     0.01009  -1	   0.0802070     0.0076734
    D4CPA-a111c      0.013     0.044       0.121     0.750     -0.266     0.903      0.573     0.618      0.510     0.585    0.619     0.496   0.730     0.164      0.401     0.00960  -1	   0.0913007    -0.0394177
    D4CPA-a111d      0.013     0.037       0.091     0.742     -0.481     0.902      0.598     0.645      0.933     0.500    0.583     0.448   0.707     0.170      0.047     0.01057  -1	  -0.0045302     0.0040624
     D4CPA-a11a      0.012     0.051       0.156     0.673     -0.470     0.917      0.417     0.196      0.198     0.577    0.604     0.502   0.613     0.137      0.191     0.62030   1	   0.0773079     0.4540781
     D4CPA-a11b      0.014     0.045       0.124     0.706     -0.621     0.922      0.517     0.270      0.815     0.510    0.619     0.427   0.633     0.150      0.548     0.51945   1	   0.0520841     0.2954036
     D4CPA-a11c      0.011     0.055       0.156     0.682     -0.502     0.907      0.389     0.233      0.087     0.486    0.612     0.411   0.582     0.149      0.236     0.66595   1	   0.1948090     0.5211402
     D4CPA-a11d      0.013     0.051       0.140     0.663     -0.411     0.930      0.451     0.184      0.123     0.633    0.603     0.557   0.000     0.133      0.532     0.35686   1	   0.2944470     0.5354065
     D4CPA-a12a      0.012     0.046       0.150     0.626     -0.493     0.921      0.484     0.214      0.776     0.526    0.620     0.441   0.627     0.142      0.251     0.56603   1	  -0.0229634     0.2683040
     D4CPA-a12b      0.014     0.056       0.160     0.698     -0.494     0.921      0.406     0.228      0.048     0.485    0.598     0.422   0.613     0.154      0.224     0.68261   1	   0.2027194     0.5204698
     D4CPA-a12c      0.013     0.048       0.143     0.706     -0.182     0.922      0.548     0.483      0.464     0.542    0.636     0.442   0.781     0.130      0.206     0.06175  -1	   0.0089328     0.0354794
     D4CPA-a12d      0.014     0.054       0.156     0.705     -0.084     0.917      0.476     0.278      0.814     0.561    0.623     0.470   0.802     0.132      0.154     0.15746  -1	   0.0172938     0.1664475
     D4CPA-a13a      0.012     0.058       0.147     0.719     -0.387     0.910      0.585     0.590      0.277     0.605    0.633     0.504   0.593     0.145      0.134     0.04556  -1	   0.0576005    -0.0152867
     D4CPA-a13b      0.015     0.040       0.121     0.621      0.034     0.917      0.576     0.573      0.629     0.572    0.613     0.489   0.725     0.174      0.255     0.05163  -1	   0.0357023     0.0029003
     D4CPA-a13c      0.013     0.048       0.140     0.696     -0.087     0.912      0.565     0.504      0.725     0.567    0.659     0.444   0.812     0.123      0.195     0.06100  -1	   0.0103743     0.0232079
     D4CPA-a13d      0.014     0.041       0.134     0.674     -0.021     0.918      0.522     0.526      0.669     0.579    0.620     0.490   0.852     0.146      0.151     0.04991  -1	  -0.0081880     0.0117772
     D4CPA-a14a      0.011     0.048       0.147     0.670      0.059     0.932      0.498     0.419      0.517     0.575    0.619     0.487   0.817     0.140      0.251     0.02584  -1	   0.0882345     0.1327902
     D4CPA-a14b      0.011     0.048       0.137     0.623      0.145     0.923      0.519     0.440      0.397     0.553    0.619     0.467   0.771     0.146      0.246     0.02575  -1	   0.1276897     0.1536444
     D4CPA-a14c      0.007     0.051       0.134     0.707      0.082     0.914      0.491     0.448      0.604     0.539    0.608     0.463   0.859     0.169      0.004     0.02471  -1	  -0.0019760     0.0129735
     D4CPA-a14d      0.004     0.054       0.150     0.625      0.103     0.917      0.514     0.415      0.781     0.568    0.622     0.477   0.713     0.114      0.312     0.02077  -1	   0.1270846     0.1483655
     D4CPA-a15a      0.012     0.048       0.140     0.624      0.106     0.921      0.522     0.438      0.430     0.566    0.643     0.459   0.771     0.148      0.251     0.02551  -1	   0.1149261     0.1465844
     D4CPA-a15b      0.005     0.055       0.150     0.621      0.088     0.916      0.505     0.398      0.753     0.547    0.612     0.466   0.738     0.119      0.312     0.02090  -1	   0.1090874     0.1464935
     D4CPA-a15c      0.007     0.049       0.137     0.701     -0.021     0.921      0.492     0.456      0.426     0.576    0.610     0.496   0.876     0.170      0.012     0.02478  -1	  -0.0436568     0.0049119
     D4CPA-a15d      0.013     0.047       0.140     0.638      0.091     0.921      0.507     0.421      0.556     0.564    0.632     0.465   0.761     0.152      0.264     0.02565  -1	   0.0981743     0.1432727
     D4CPA-a16a      0.013     0.048       0.143     0.692      0.080     0.928      0.518     0.441      0.535     0.552    0.636     0.451   0.817     0.137      0.226     0.02554  -1	   0.0948530     0.1158037
     D4CPA-a16b      0.013     0.047       0.140     0.628      0.057     0.923      0.512     0.426      0.591     0.540    0.613     0.460   0.761     0.143      0.264     0.02525  -1	   0.0658357     0.1195505
     D4CPA-a16c      0.015     0.044       0.127     0.618      0.288     0.921      0.506     0.409      0.387     0.541    0.608     0.465   0.816     0.145      0.416     0.03709  -1	   0.3025148     0.3035210
     D4CPA-a16d      0.010     0.051       0.143     0.679     -0.025     0.934      0.501     0.405      0.502     0.607    0.631     0.507   0.747     0.133      0.106     0.02948  -1	   0.0120273     0.1066439
     D4CPA-a17a      0.015     0.050       0.137     0.708      0.100     0.914      0.483     0.365      0.096     0.595    0.614     0.510   0.851     0.159      0.575     0.04146  -1	   0.5200089     0.4225275
     D4CPA-a17b      0.012     0.049       0.147     0.669      0.131     0.934      0.505     0.427      0.254     0.554    0.603     0.481   0.827     0.133      0.226     0.02577  -1	   0.1573527     0.1864867
     D4CPA-a17c      0.009     0.048       0.143     0.662     -0.514     0.908      0.603     0.669      0.967     0.666    0.727     0.476   0.663     0.154      0.194     0.02029  -1	   0.0245219     0.0061816
     D4CPA-a17d      0.011     0.047       0.137     0.619     -0.105     0.922      0.535     0.608      0.632     0.565    0.624     0.474   0.732     0.162      0.157     0.01987  -1	  -0.0238786    -0.0498041
     D4CPA-a18a      0.017     0.043       0.117     0.671     -0.303     0.862      0.568     0.595      0.383     0.741    0.631     0.645   0.812     0.161      0.046     0.01857  -1	  -0.0324088    -0.0338515
     D4CPA-a18b      0.017     0.048       0.134     0.620      0.189     0.920      0.523     0.438      0.640     0.568    0.635     0.467   0.739     0.128      0.238     0.01746  -1	   0.1498259     0.1721968
     D4CPA-a18c      0.011     0.047       0.143     0.614      0.064     0.933      0.501     0.418      0.653     0.573    0.612     0.491   0.761     0.141      0.264     0.02579  -1	   0.0710817     0.1378002
     D4CPA-a18d      0.017     0.056       0.140     0.486      0.114     0.915      0.565     0.500      0.761     0.577    0.614     0.493   0.316     0.140      0.162     0.02010  -1	   0.1202755     0.0575562
     D4CPA-a19a      0.015     0.050       0.137     0.674      0.058     0.909      0.509     0.383      0.653     0.576    0.614     0.492   0.817     0.168      0.089     0.02025  -1	   0.0276242     0.0944672
     D4CPA-a19b      0.014     0.048       0.134     0.671     -0.042     0.911      0.512     0.390      0.467     0.559    0.667     0.430   0.852     0.163      0.104     0.02031  -1	  -0.0046239     0.1114676
     D4CPA-a19c      0.017     0.057       0.130     0.611     -0.258     0.907      0.506     0.396      0.361     0.562    0.624     0.470   0.515     0.135      0.074     0.01662  -1	  -0.0109760     0.1235906
     D4CPA-a19d      0.016     0.056       0.147     0.439     -0.025     0.918      0.567     0.474      0.163     0.563    0.615     0.479   0.000     0.144      0.136     0.01993  -1	   0.0346480     0.0600866
      D4CPA-a1a      0.012     0.051       0.147     0.668      0.157     0.933      0.514     0.481      0.399     0.428    0.566     0.396   0.845     0.161      0.103     0.10513  -1	   0.0622180     0.0243588
      D4CPA-a1b      0.014     0.045       0.137     0.684     -0.638     0.914      0.512     0.269      0.733     0.534    0.612     0.455   0.608     0.145      0.589     0.54468   1	   0.0896186     0.3193683
      D4CPA-a1c      0.014     0.054       0.156     0.687     -0.505     0.908      0.399     0.204      0.068     0.537    0.630     0.442   0.582     0.146      0.210     0.68420   1	   0.1902408     0.5664535
      D4CPA-a1d      0.021     0.049       0.134     0.572      0.292     0.912      0.534     0.420      0.777     0.565    0.722     0.384   0.798     0.184      0.048     0.05877  -1	   0.1706771     0.1554056
     D4CPA-a20a      0.017     0.050       0.130     0.709     -0.134     0.899      0.508     0.514      0.762     0.505    0.606     0.434   0.812     0.133      0.048     0.02201  -1	  -0.0336781    -0.0084866
     D4CPA-a20b      0.013     0.047       0.114     0.779      0.066     0.906      0.529     0.419      0.751     0.549    0.631     0.452   0.821     0.168      0.114     0.02003  -1	   0.0440565     0.0738389
     D4CPA-a20c      0.022     0.047       0.134     0.790     -0.009     0.907      0.460     0.370      0.666     0.597    0.647     0.485   0.855     0.152      0.070     0.02162  -1	   0.0237644     0.1129082
     D4CPA-a20d      0.021     0.043       0.121     0.762      0.141     0.914      0.504     0.415      0.614     0.589    0.636     0.487   0.831     0.158      0.049     0.02115  -1	   0.0694372     0.1318561
     D4CPA-a21a      0.018     0.048       0.130     0.758     -0.132     0.898      0.504     0.509      0.663     0.591    0.644     0.481   0.792     0.145      0.031     0.02072  -1	  -0.0259294    -0.0005630
     D4CPA-a21b      0.019     0.040       0.117     0.766      0.104     0.913      0.497     0.410      0.900     0.496    0.642     0.395   0.831     0.162      0.086     0.02294  -1	   0.0459903     0.0956450
     D4CPA-a21c      0.018     0.050       0.127     0.512      0.310     0.904      0.529     0.422      0.392     0.560    0.648     0.448   0.737     0.184      0.117     0.06114  -1	   0.1393418     0.1861098
     D4CPA-a21d      0.018     0.048       0.124     0.737     -0.145     0.899      0.505     0.501      0.674     0.583    0.699     0.423   0.812     0.152      0.050     0.02074  -1	  -0.0207433     0.0074536
     D4CPA-a22a      0.017     0.050       0.130     0.490      0.289     0.906      0.530     0.419      0.596     0.600    0.676     0.460   0.672     0.177      0.042     0.05939  -1	   0.1262462     0.1639428
     D4CPA-a22b      0.017     0.055       0.147     0.667     -0.093     0.923      0.475     0.267      0.720     0.533    0.627     0.440   0.747     0.146      0.126     0.11911  -1	   0.0037295     0.1822694
     D4CPA-a22c      0.019     0.051       0.130     0.554      0.358     0.905      0.514     0.400      0.593     0.572    0.658     0.451   0.705     0.176      0.111     0.06312  -1	   0.2099704     0.2234385
     D4CPA-a22d      0.021     0.047       0.127     0.699     -0.279     0.903      0.475     0.401      0.950     0.590    0.657     0.468   0.726     0.141      0.066     0.02181  -1	  -0.0013138     0.1002922
     D4CPA-a23a      0.014     0.057       0.147     0.644     -0.057     0.916      0.450     0.282      0.547     0.598    0.648     0.483   0.680     0.181      0.118     0.12442  -1	   0.0247333     0.1865602
     D4CPA-a23b      0.021     0.043       0.121     0.769      0.159     0.914      0.502     0.410      0.462     0.597    0.631     0.498   0.798     0.152      0.056     0.02119  -1	   0.0922949     0.1792812
     D4CPA-a23c      0.018     0.045       0.140     0.737     -0.104     0.916      0.468     0.257      0.059     0.453    0.557     0.426   0.812     0.135      0.190     0.03562  -1	   0.1325400     0.4713542
     D4CPA-a23d      0.019     0.050       0.130     0.507      0.339     0.893      0.521     0.401      0.586     0.541    0.640     0.437   0.737     0.180      0.118     0.06063  -1	   0.1588259     0.1905283
     D4CPA-a24a      0.018     0.050       0.134     0.497     -0.393     0.925      0.555     0.408      0.603     0.532    0.594     0.467   0.500     0.142      0.164     0.42274   1	  -0.0286727     0.0993503
     D4CPA-a24b      0.017     0.057       0.153     0.693      0.055     0.928      0.455     0.241      0.546     0.611    0.667     0.479   0.805     0.154      0.207     0.10998  -1	   0.1220136     0.3070764
     D4CPA-a24c      0.018     0.065       0.169     0.622     -0.232     0.909      0.451     0.264      0.736     0.517    0.607     0.443   0.570     0.112      0.240     0.08166  -1	   0.0220211     0.2005809
     D4CPA-a24d      0.016     0.057       0.143     0.662     -0.065     0.918      0.454     0.251      0.765     0.519    0.620     0.435   0.747     0.156      0.136     0.11702  -1	   0.0147491     0.1913449
     D4CPA-a25a      0.016     0.055       0.143     0.638      0.019     0.920      0.468     0.263      0.596     0.526    0.615     0.445   0.713     0.148      0.116     0.12614  -1	   0.0297325     0.2248296
     D4CPA-a25b      0.014     0.046       0.140     0.633     -0.593     0.917      0.514     0.261      0.915     0.539    0.625     0.448   0.607     0.138      0.142     0.57148   1	   0.0173039     0.2019963
     D4CPA-a25c      0.015     0.058       0.153     0.690      0.037     0.915      0.465     0.256      0.507     0.625    0.668     0.492   0.780     0.146      0.220     0.10963  -1	   0.1253741     0.2986718
     D4CPA-a25d      0.014     0.048       0.137     0.631     -0.553     0.918      0.483     0.215      0.887     0.496    0.606     0.426   0.607     0.151      0.311     0.59681   1	   0.0014274     0.2835930
     D4CPA-a26a      0.009     0.056       0.160     0.651      0.073     0.924      0.458     0.417      0.868     0.604    0.670     0.470   0.805     0.140      0.137     0.20730  -1	   0.1018750     0.1184899
     D4CPA-a26b      0.020     0.055       0.147     0.593     -0.340     0.923      0.494     0.373      0.986     0.531    0.668     0.403   0.389     0.150      0.379     0.40600   1	   0.0214680     0.1557117
     D4CPA-a26c      0.020     0.056       0.137     0.516     -0.183     0.922      0.512     0.366      0.778     0.557    0.651     0.442   0.384     0.129      0.470     0.43672   1	   0.0598533     0.2037289
     D4CPA-a26d      0.011     0.056       0.160     0.678     -0.522     0.913      0.412     0.235      0.098     0.496    0.602     0.429   0.582     0.142      0.225     0.68709   1	   0.1767050     0.4858789
     D4CPA-a27a      0.018     0.054       0.140     0.608     -0.330     0.918      0.492     0.353      0.584     0.587    0.620     0.498   0.515     0.146      0.456     0.44332   1	   0.0743147     0.2040042
     D4CPA-a27b      0.015     0.048       0.137     0.596     -0.435     0.922      0.462     0.191      0.483     0.511    0.584     0.457   0.566     0.163      0.177     0.60045   1	  -0.0091279     0.3454231
     D4CPA-a27c      0.001     0.047       0.143     0.626      0.001     0.879      0.497     0.455      0.281     0.850    0.623     0.780   0.725     0.125      0.121     0.25254   1	  -0.0297864     0.0578698
     D4CPA-a27d      0.018     0.056       0.160     0.706     -0.259     0.926      0.471     0.272      0.956     0.600    0.636     0.497   0.636     0.132      0.180     0.15609  -1	   0.0234084     0.1549083
     D4CPA-a28a      0.013     0.061       0.169     0.645     -0.241     0.917      0.523     0.432      0.285     0.606    0.706     0.438   0.570     0.143      0.192     0.06569  -1	   0.0889099     0.1237693
     D4CPA-a28b      0.013     0.050       0.150     0.627     -0.299     0.914      0.559     0.497      0.573     0.550    0.641     0.443   0.671     0.123      0.191     0.06297  -1	  -0.0247478     0.0186504
     D4CPA-a28c      0.014     0.057       0.150     0.743     -0.455     0.915      0.554     0.546      0.368     0.608    0.693     0.451   0.667     0.145      0.121     0.04576  -1	   0.0555759     0.0070171
     D4CPA-a28d      0.016     0.055       0.156     0.656     -0.211     0.924      0.490     0.304      0.303     0.579    0.600     0.508   0.637     0.126      0.298     0.15137  -1	   0.0895367     0.2666016
     D4CPA-a29a      0.014     0.058       0.150     0.741     -0.453     0.917      0.547     0.539      0.201     0.647    0.653     0.527   0.667     0.149      0.139     0.04669  -1	   0.1016319     0.0364221
     D4CPA-a29b      0.014     0.056       0.160     0.599     -0.382     0.927      0.572     0.516      0.536     0.564    0.651     0.447   0.345     0.125      0.166     0.05972  -1	  -0.0069410     0.0048308
     D4CPA-a29c      0.013     0.057       0.147     0.746     -0.477     0.919      0.559     0.552      0.344     0.643    0.711     0.469   0.667     0.145      0.132     0.04639  -1	   0.0766863     0.0166363
     D4CPA-a29d      0.013     0.055       0.166     0.697     -0.233     0.916      0.498     0.316      0.652     0.598    0.591     0.532   0.637     0.127      0.164     0.15733  -1	  -0.0091140     0.1175307
      D4CPA-a2a      0.016     0.049       0.140     0.712      0.076     0.916      0.480     0.371      0.140     0.592    0.614     0.507   0.841     0.155      0.526     0.04207  -1	   0.4374622     0.3707001
      D4CPA-a2b      0.014     0.048       0.134     0.662      0.004     0.909      0.485     0.379      0.340     0.616    0.668     0.483   0.781     0.156      0.499     0.03809  -1	   0.2789481     0.2840594
      D4CPA-a2c      0.017     0.048       0.143     0.671      0.121     0.925      0.495     0.405      0.425     0.605    0.636     0.502   0.827     0.151      0.572     0.04145  -1	   0.3460006     0.2563685
      D4CPA-a2d      0.016     0.048       0.140     0.711      0.138     0.922      0.512     0.409      0.183     0.569    0.618     0.482   0.851     0.145      0.612     0.04159  -1	   0.5187652     0.3446791
     D4CPA-a30a      0.010     0.041       0.107     0.722     -0.420     0.897      0.534     0.482      0.454     0.564    0.600     0.493   0.664     0.181      0.327     0.03105  -1	   0.0728325     0.0812882
     D4CPA-a30b      0.010     0.041       0.107     0.697     -0.436     0.911      0.550     0.500      0.540     0.577    0.659     0.454   0.639     0.181      0.346     0.03164  -1	   0.0600046     0.0702447
     D4CPA-a30c      0.013     0.057       0.147     0.753     -0.480     0.923      0.561     0.552      0.543     0.650    0.729     0.458   0.659     0.143      0.132     0.04661  -1	   0.0399705    -0.0063595
     D4CPA-a30d      0.013     0.049       0.150     0.633     -0.213     0.924      0.561     0.517      0.705     0.555    0.657     0.435   0.718     0.125      0.196     0.05975  -1	  -0.0235528     0.0065422
     D4CPA-a31a      0.006     0.051       0.143     0.647      0.070     0.915      0.520     0.412      0.633     0.586    0.634     0.485   0.738     0.124      0.303     0.02126  -1	   0.1089361     0.1498044
     D4CPA-a31b      0.005     0.053       0.150     0.650      0.017     0.906      0.523     0.419      0.795     0.624    0.646     0.511   0.780     0.116      0.353     0.02094  -1	   0.1065417     0.1311957
     D4CPA-a31c      0.008     0.044       0.121     0.650      0.369     0.902      0.512     0.444      0.559     0.475    0.595     0.415   0.903     0.145     -0.071     0.02144  -1	   0.0952846     0.0995554
     D4CPA-a31d      0.002     0.053       0.150     0.624      0.187     0.905      0.542     0.453      0.752     0.491    0.591     0.434   0.778     0.119      0.340     0.02057  -1	   0.1424134     0.1046409
     D4CPA-a32a      0.005     0.052       0.147     0.673     -0.013     0.922      0.524     0.426      0.757     0.580    0.640     0.472   0.747     0.123      0.362     0.02108  -1	   0.0902257     0.1109191
     D4CPA-a32b     -0.000     0.058       0.153     0.618     -0.030     0.911      0.517     0.427      0.656     0.538    0.663     0.414   0.680     0.120      0.312     0.02094  -1	   0.0695979     0.0994193
     D4CPA-a32c      0.005     0.052       0.150     0.632     -0.021     0.921      0.547     0.456      0.805     0.595    0.626     0.501   0.680     0.113      0.353     0.02088  -1	   0.0792080     0.0905639
     D4CPA-a32d      0.004     0.055       0.156     0.672      0.097     0.901      0.529     0.420      0.872     0.601    0.635     0.498   0.805     0.113      0.332     0.02084  -1	   0.1439383     0.1309762
     D4CPA-a33a      0.006     0.052       0.147     0.622      0.017     0.911      0.517     0.418      0.752     0.609    0.635     0.506   0.713     0.119      0.345     0.02112  -1	   0.0948116     0.1377348
     D4CPA-a33b      0.004     0.058       0.156     0.622     -0.034     0.916      0.508     0.410      0.656     0.585    0.691     0.432   0.680     0.123      0.336     0.02099  -1	   0.1031891     0.1370693
     D4CPA-a33c      0.011     0.048       0.147     0.650      0.135     0.926      0.509     0.418      0.536     0.558    0.623     0.468   0.827     0.140      0.220     0.02554  -1	   0.1041759     0.1471412
     D4CPA-a33d      0.001     0.063       0.160     0.695     -0.172     0.908      0.485     0.412      0.738     0.596    0.673     0.459   0.730     0.144      0.065     0.01841  -1	  -0.0092879     0.0225703
     D4CPA-a34a      0.009     0.039       0.127     0.553      0.072     0.918      0.597     0.610      0.983     0.580    0.570     0.533   0.744     0.158      0.166     0.02036  -1	   0.0680656     0.0135673
     D4CPA-a34b      0.005     0.050       0.143     0.631      0.051     0.913      0.559     0.569      0.866     0.696    0.734     0.501   0.761     0.151      0.142     0.01990  -1	   0.1044530     0.0501818
     D4CPA-a34c      0.008     0.048       0.143     0.554     -0.115     0.892      0.586     0.603      0.962     0.647    0.674     0.508   0.714     0.159      0.118     0.02068  -1	   0.0269301    -0.0077441
     D4CPA-a34d      0.008     0.046       0.140     0.635     -0.434     0.903      0.596     0.659      0.961     0.679    0.730     0.486   0.584     0.148      0.261     0.01997  -1	   0.0220177     0.0230026
     D4CPA-a35a      0.013     0.054       0.150     0.552     -0.175     0.916      0.561     0.454      0.777     0.601    0.659     0.476   0.538     0.118      0.125     0.01295  -1	   0.0006984     0.0543056
     D4CPA-a35b      0.009     0.058       0.130     0.725     -0.027     0.909      0.471     0.379      0.748     0.594    0.641     0.485   0.802     0.135      0.258     0.02318  -1	   0.0763288     0.1222093
     D4CPA-a35c      0.009     0.044       0.124     0.652     -0.348     0.911      0.587     0.637      0.966     0.629    0.716     0.451   0.812     0.179      0.223     0.02010  -1	  -0.0079013    -0.0134295
     D4CPA-a35d      0.008     0.045       0.140     0.675     -0.509     0.904      0.561     0.604      0.973     0.688    0.752     0.472   0.663     0.165      0.238     0.02051  -1	   0.0310153     0.0369128
     D4CPA-a36a      0.018     0.055       0.127     0.592     -0.176     0.911      0.552     0.431      0.324     0.568    0.685     0.422   0.538     0.142      0.076     0.01671  -1	   0.0051545     0.1249065
     D4CPA-a36b      0.014     0.042       0.104     0.595     -0.040     0.883      0.504     0.527      0.975     0.595    0.686     0.447   0.778     0.183      0.016     0.01894  -1	   0.0151368     0.0279633
     D4CPA-a36c      0.018     0.040       0.114     0.679     -0.596     0.892      0.457     0.258      0.206     0.587    0.597     0.517   0.663     0.162      0.156     0.01195  -1	   0.1360747     0.4392357
     D4CPA-a36d      0.011     0.041       0.104     0.709     -0.236     0.889      0.552     0.599      0.445     0.504    0.609     0.431   0.798     0.204      0.038     0.01882  -1	  -0.0560913    -0.0684663
     D4CPA-a37a      0.013     0.044       0.114     0.533      0.092     0.874      0.491     0.520      0.746     0.567    0.637     0.464   0.682     0.178      0.234     0.01892  -1	   0.0375104     0.0701607
     D4CPA-a37b      0.016     0.055       0.143     0.488      0.050     0.912      0.585     0.510      0.591     0.558    0.619     0.471   0.341     0.132      0.103     0.02005  -1	   0.0439529     0.0279902
     D4CPA-a37c      0.016     0.043       0.107     0.615     -0.049     0.889      0.535     0.557      0.978     0.606    0.659     0.481   0.796     0.204      0.016     0.01895  -1	   0.0185457    -0.0154306
     D4CPA-a37d      0.016     0.043       0.107     0.612     -0.018     0.881      0.538     0.572      0.986     0.603    0.679     0.461   0.796     0.214      0.016     0.01896  -1	   0.0223118    -0.0277867
     D4CPA-a38a      0.019     0.044       0.124     0.694     -0.202     0.885      0.547     0.633      0.972     0.646    0.665     0.515   0.773     0.164      0.186     0.01809  -1	   0.0159284     0.0004558
     D4CPA-a38b      0.014     0.043       0.111     0.586     -0.104     0.886      0.538     0.575      0.966     0.594    0.645     0.482   0.714     0.211      0.021     0.01879  -1	   0.0089627    -0.0174114
     D4CPA-a38c      0.021     0.048       0.127     0.775      0.016     0.914      0.481     0.411      0.870     0.600    0.655     0.478   0.785     0.139      0.028     0.02132  -1	   0.0580577     0.0959103
     D4CPA-a38d      0.021     0.043       0.117     0.783      0.164     0.914      0.490     0.386      0.436     0.598    0.644     0.487   0.798     0.163      0.049     0.02119  -1	   0.1019698     0.2079362
     D4CPA-a39a      0.018     0.048       0.130     0.741     -0.140     0.901      0.512     0.513      0.549     0.589    0.637     0.485   0.812     0.150      0.053     0.02081  -1	  -0.0273799    -0.0073048
     D4CPA-a39b      0.017     0.048       0.127     0.657     -0.246     0.898      0.539     0.529      0.498     0.573    0.612     0.491   0.773     0.150      0.031     0.02073  -1	  -0.0550587    -0.0237890
     D4CPA-a39c      0.017     0.048       0.130     0.752     -0.159     0.889      0.517     0.504      0.683     0.563    0.648     0.451   0.761     0.139      0.033     0.02120  -1	  -0.0318957     0.0044631
     D4CPA-a39d      0.016     0.049       0.127     0.521      0.372     0.911      0.533     0.429      0.444     0.543    0.629     0.448   0.769     0.188      0.113     0.06439  -1	   0.1734499     0.1903446
      D4CPA-a3a      0.015     0.047       0.134     0.634      0.265     0.917      0.481     0.365      0.241     0.522    0.595     0.457   0.816     0.141      0.579     0.03604  -1	   0.4687040     0.4245863
      D4CPA-a3b      0.017     0.048       0.130     0.676      0.070     0.914      0.511     0.416      0.245     0.553    0.629     0.458   0.817     0.155      0.561     0.04171  -1	   0.3791012     0.2731509
      D4CPA-a3c      0.012     0.047       0.147     0.609      0.169     0.930      0.548     0.486      0.604     0.579    0.684     0.433   0.739     0.141      0.245     0.02566  -1	   0.1539080     0.1380811
      D4CPA-a3d      0.016     0.050       0.143     0.688      0.107     0.921      0.510     0.408      0.164     0.532    0.593     0.468   0.827     0.145      0.531     0.04098  -1	   0.4148647     0.3026268
     D4CPA-a40a      0.016     0.056       0.150     0.740     -0.075     0.911      0.502     0.586      0.254     0.567    0.643     0.458   0.802     0.141      0.218     0.01974  -1	   0.1372781    -0.0225495
     D4CPA-a40c      0.012     0.059       0.147     0.706     -0.185     0.904      0.535     0.519      0.436     0.580    0.666     0.451   0.785     0.147      0.237     0.01973  -1	   0.0710139    -0.0036928
     D4CPA-a40d      0.018     0.050       0.130     0.512      0.310     0.911      0.542     0.440      0.400     0.565    0.658     0.444   0.737     0.184      0.055     0.06360  -1	   0.1186876     0.1537216
     D4CPA-a41a      0.019     0.048       0.147     0.770     -0.042     0.921      0.453     0.251      0.050     0.562    0.676     0.425   0.855     0.131      0.182     0.02938  -1	   0.2127587     0.5451530
     D4CPA-a41b      0.018     0.050       0.147     0.743      0.016     0.924      0.456     0.220      0.093     0.564    0.614     0.480   0.805     0.136      0.213     0.03608  -1	   0.2007466     0.5403977
     D4CPA-a41c      0.016     0.043       0.104     0.613     -0.340     0.899      0.491     0.364      0.505     0.571    0.635     0.469   0.756     0.187      0.698     0.02000  -1	   0.1987693     0.3210910
     D4CPA-a41d      0.020     0.047       0.140     0.732     -0.100     0.930      0.458     0.251      0.045     0.550    0.684     0.406   0.836     0.135      0.190     0.03600  -1	   0.1884764     0.5554367
     D4CPA-a42a      0.018     0.045       0.140     0.749     -0.088     0.929      0.481     0.261      0.126     0.554    0.686     0.408   0.836     0.137      0.190     0.03625  -1	   0.1572445     0.4944946
     D4CPA-a42b      0.015     0.053       0.140     0.685      0.025     0.902      0.490     0.442      0.271     0.564    0.625     0.472   0.780     0.170      0.108     0.02496  -1	   0.0631270     0.0905985
     D4CPA-a42c      0.022     0.052       0.143     0.596     -0.227     0.913      0.488     0.404      0.559     0.589    0.643     0.479   0.444     0.150      0.047     0.03050  -1	  -0.0254919     0.0846605
     D4CPA-a42d      0.019     0.048       0.140     0.699      0.078     0.927      0.483     0.272      0.073     0.547    0.680     0.408   0.817     0.144      0.166     0.03606  -1	   0.2031726     0.5197789
     D4CPA-a43a      0.014     0.053       0.150     0.650     -0.159     0.914      0.492     0.354      0.556     0.535    0.628     0.442   0.730     0.121      0.238     0.37104   1	   0.0126873     0.1545629
     D4CPA-a43b      0.019     0.047       0.143     0.758     -0.052     0.911      0.469     0.276      0.059     0.539    0.659     0.419   0.815     0.129      0.195     0.02884  -1	   0.2025017     0.5019921
     D4CPA-a43c      0.018     0.050       0.147     0.723     -0.026     0.925      0.474     0.252      0.084     0.538    0.608     0.463   0.876     0.138      0.200     0.03619  -1	   0.1601319     0.4710407
     D4CPA-a43d      0.018     0.047       0.140     0.592     -0.448     0.926      0.511     0.426      0.450     0.583    0.627     0.488   0.566     0.139      0.027     0.03041  -1	  -0.0490745     0.0788908
     D4CPA-a44a      0.015     0.053       0.147     0.617     -0.351     0.917      0.488     0.353      0.351     0.432    0.570     0.397   0.471     0.147      0.430     0.35727   1	   0.1105776     0.2394081
     D4CPA-a44b      0.009     0.055       0.153     0.622     -0.035     0.934      0.470     0.423      0.491     0.553    0.663     0.428   0.680     0.131      0.153     0.21240  -1	   0.0302002     0.1071949
     D4CPA-a44c      0.016     0.055       0.137     0.627     -0.353     0.920      0.502     0.385      0.878     0.463    0.615     0.388   0.471     0.140      0.436     0.42919   1	  -0.0016379     0.1384276
     D4CPA-a44d      0.012     0.052       0.147     0.603      0.059     0.933      0.512     0.367      0.466     0.537    0.613     0.456   0.738     0.136      0.165     0.38511   1	   0.0471630     0.1693609
     D4CPA-a45a      0.012     0.046       0.137     0.745      0.040     0.913      0.493     0.398      0.893     0.520    0.636     0.421   0.805     0.161      0.284     0.02526  -1	   0.0616342     0.0981893
     D4CPA-a45b      0.013     0.048       0.140     0.765      0.137     0.909      0.531     0.471      0.785     0.542    0.667     0.415   0.831     0.171      0.264     0.02555  -1	   0.1318939     0.0707188
     D4CPA-a45c      0.013     0.046       0.134     0.739      0.126     0.915      0.504     0.411      0.769     0.538    0.655     0.421   0.851     0.172      0.277     0.02542  -1	   0.1131399     0.1146751
     D4CPA-a45d      0.010     0.053       0.140     0.696      0.257     0.904      0.480     0.407      0.810     0.583    0.624     0.491   0.892     0.180      0.264     0.02627  -1	   0.1993006     0.1483092
     D4CPA-a46a      0.011     0.047       0.140     0.627     -0.616     0.918      0.496     0.222      0.573     0.551    0.651     0.436   0.553     0.142      0.224     0.53440   1	   0.0377625     0.3229725
     D4CPA-a46b      0.012     0.052       0.150     0.759      0.224     0.905      0.488     0.433      0.687     0.547    0.627     0.455   0.901     0.155      0.270     0.02588  -1	   0.1956222     0.1251291
     D4CPA-a46c      0.018     0.050       0.143     0.639     -0.073     0.931      0.519     0.506      0.265     0.571    0.601     0.499   0.756     0.165      0.126     0.13149  -1	   0.0175103     0.0163228
     D4CPA-a46d      0.017     0.051       0.143     0.614     -0.179     0.925      0.565     0.549      0.625     0.583    0.639     0.478   0.664     0.151      0.238     0.12633  -1	   0.0072471    -0.0122952
     D4CPA-a47a      0.016     0.054       0.156     0.679     -0.262     0.916      0.496     0.301      0.965     0.605    0.644     0.493   0.582     0.142      0.152     0.15586  -1	   0.0220601     0.1230688
     D4CPA-a47b      0.018     0.057       0.156     0.648     -0.260     0.921      0.477     0.262      0.870     0.621    0.655     0.499   0.515     0.142      0.166     0.15683  -1	   0.0257346     0.1676943
     D4CPA-a47c      0.007     0.048       0.143     0.722     -0.152     0.903      0.518     0.459      0.443     0.502    0.623     0.416   0.781     0.143      0.036     0.05166  -1	  -0.0546867     0.0246158
     D4CPA-a47d      0.007     0.049       0.143     0.713     -0.143     0.897      0.547     0.490      0.852     0.520    0.644     0.414   0.812     0.144      0.069     0.05300  -1	  -0.0376099    -0.0107384
     D4CPA-a48a      0.012     0.057       0.143     0.732     -0.507     0.915      0.574     0.572      0.315     0.609    0.673     0.472   0.636     0.145      0.130     0.04474  -1	   0.0786814     0.0053075
     D4CPA-a48b      0.012     0.058       0.147     0.745     -0.471     0.914      0.566     0.559      0.274     0.600    0.671     0.465   0.667     0.147      0.129     0.04535  -1	   0.0857512     0.0146737
     D4CPA-a48c      0.012     0.056       0.147     0.749     -0.414     0.903      0.565     0.565      0.493     0.634    0.632     0.532   0.000     0.145      0.132     0.04400  -1	   0.0412705    -0.0067873
     D4CPA-a48d      0.013     0.054       0.160     0.699     -0.256     0.917      0.553     0.517      0.447     0.617    0.694     0.459   0.582     0.115      0.185     0.06172  -1	   0.0390444     0.0382066
     D4CPA-a49a      0.017     0.039       0.121     0.679      0.055     0.923      0.521     0.536      0.896     0.482    0.610     0.410   0.817     0.157      0.076     0.05027  -1	   0.0128708     0.0228634
     D4CPA-a49b      0.018     0.057       0.156     0.687     -0.351     0.922      0.489     0.289      0.867     0.598    0.643     0.488   0.538     0.131      0.157     0.15343  -1	   0.0085901     0.1344968
     D4CPA-a49c      0.013     0.057       0.147     0.727     -0.508     0.919      0.564     0.563      0.389     0.619    0.662     0.491   0.636     0.147      0.137     0.04551  -1	   0.0558642    -0.0100486
     D4CPA-a49d      0.010     0.041       0.107     0.714     -0.459     0.910      0.560     0.517      0.501     0.602    0.626     0.507   0.707     0.181      0.363     0.03161  -1	   0.0817970     0.0521795
      D4CPA-a4a      0.016     0.044       0.130     0.674      0.229     0.923      0.528     0.442      0.260     0.594    0.616     0.507   0.840     0.172      0.375     0.04029  -1	   0.3152130     0.2659340
      D4CPA-a4b      0.017     0.040       0.124     0.578     -0.428     0.922      0.580     0.620      0.910     0.583    0.614     0.498   0.566     0.155      0.094     0.02924  -1	  -0.0077198     0.0057054
      D4CPA-a4c      0.013     0.048       0.130     0.639      0.280     0.926      0.482     0.398      0.238     0.615    0.612     0.532   0.816     0.174      0.304     0.04083  -1	   0.2950379     0.3113154
      D4CPA-a4d      0.015     0.045       0.127     0.707      0.189     0.916      0.519     0.412      0.247     0.545    0.608     0.469   0.819     0.153      0.386     0.04145  -1	   0.3097541     0.2943620
     D4CPA-a50a      0.009     0.044       0.121     0.647      0.381     0.910      0.510     0.421      0.568     0.546    0.664     0.421   0.848     0.145     -0.071     0.02204  -1	   0.1411531     0.1843889
     D4CPA-a50b      0.010     0.048       0.127     0.632     -0.137     0.916      0.539     0.483      0.680     0.608    0.659     0.482   0.732     0.145     -0.069     0.02260  -1	  -0.0594305    -0.0008631
     D4CPA-a50c      0.004     0.052       0.150     0.627      0.018     0.917      0.531     0.432      0.716     0.588    0.620     0.498   0.713     0.117      0.345     0.02103  -1	   0.0889715     0.1151189
     D4CPA-a50d      0.003     0.055       0.147     0.632      0.076     0.901      0.502     0.410      0.726     0.526    0.582     0.473   0.738     0.129      0.264     0.02083  -1	   0.0723955     0.1029541
     D4CPA-a51a      0.001     0.056       0.153     0.614     -0.304     0.913      0.543     0.436      0.765     0.572    0.592     0.507   0.515     0.138      0.294     0.02122  -1	  -0.0074643     0.0393350
     D4CPA-a51b      0.005     0.053       0.150     0.619     -0.046     0.911      0.534     0.439      0.956     0.644    0.638     0.538   0.680     0.117      0.344     0.02104  -1	   0.0893192     0.1146342
     D4CPA-a51c      0.004     0.055       0.147     0.616      0.045     0.909      0.508     0.407      0.754     0.564    0.665     0.436   0.713     0.127      0.266     0.02104  -1	   0.0849146     0.1311306
     D4CPA-a51d      0.003     0.057       0.153     0.656     -0.204     0.898      0.525     0.452      0.741     0.544    0.596     0.477   0.637     0.129      0.287     0.02102  -1	   0.0044588     0.0322389
     D4CPA-a52a      0.003     0.062       0.163     0.692     -0.170     0.908      0.503     0.419      0.953     0.590    0.684     0.443   0.730     0.136      0.116     0.01837  -1	   0.0255469     0.0361067
     D4CPA-a52b      0.005     0.056       0.150     0.621      0.083     0.915      0.507     0.396      0.732     0.552    0.634     0.454   0.738     0.124      0.312     0.02105  -1	   0.1123197     0.1457364
     D4CPA-a52c      0.004     0.055       0.147     0.631      0.049     0.915      0.511     0.406      0.771     0.575    0.645     0.464   0.713     0.127      0.312     0.02093  -1	   0.1028765     0.1350325
     D4CPA-a52d      0.007     0.051       0.137     0.650      0.263     0.907      0.494     0.440      0.807     0.549    0.660     0.427   0.892     0.157      0.025     0.02429  -1	   0.1270438     0.0918820
     D4CPA-a53a      0.001     0.055       0.143     0.612     -0.063     0.896      0.519     0.566      0.630     0.544    0.575     0.496   0.680     0.159      0.208     0.01557  -1	   0.0024162    -0.0374016
     D4CPA-a53b      0.002     0.055       0.147     0.588     -0.032     0.901      0.520     0.438      0.531     0.511    0.561     0.476   0.554     0.131      0.196     0.02141  -1	   0.0109870     0.0618619
     D4CPA-a53c      0.000     0.055       0.143     0.595     -0.046     0.889      0.510     0.559      0.638     0.542    0.578     0.492   0.554     0.164      0.208     0.01560  -1	   0.0106575    -0.0154236
     D4CPA-a53d      0.004     0.059       0.156     0.725      0.112     0.894      0.487     0.386      0.368     0.542    0.595     0.476   0.834     0.158      0.195     0.01786  -1	   0.1319358     0.1374991
     D4CPA-a54a      0.010     0.062       0.169     0.655     -0.131     0.914      0.518     0.496      0.438     0.557    0.650     0.443   0.656     0.117      0.007     0.01273  -1	  -0.0265308    -0.0039175
     D4CPA-a54b      0.003     0.055       0.147     0.548     -0.014     0.903      0.526     0.446      0.662     0.593    0.600     0.520   0.401     0.132      0.206     0.02150  -1	   0.0365633     0.0664558
     D4CPA-a54c      0.004     0.054       0.143     0.623     -0.082     0.888      0.518     0.569      0.687     0.543    0.575     0.494   0.680     0.162      0.208     0.01560  -1	   0.0003677    -0.0332108
     D4CPA-a54d      0.000     0.055       0.143     0.621     -0.045     0.880      0.513     0.564      0.617     0.497    0.573     0.454   0.680     0.154      0.208     0.01544  -1	   0.0005972    -0.0388379
     D4CPA-a55a      0.012     0.067       0.179     0.719     -0.101     0.923      0.480     0.431      0.770     0.600    0.613     0.515   0.711     0.106      0.029     0.01305  -1	   0.0317001     0.0298354
     D4CPA-a55b      0.012     0.065       0.182     0.718     -0.062     0.914      0.479     0.446      0.888     0.609    0.686     0.459   0.802     0.112      0.094     0.01319  -1	   0.0684104     0.0442725
     D4CPA-a55c      0.013     0.064       0.179     0.705     -0.159     0.922      0.500     0.457      0.717     0.601    0.644     0.490   0.785     0.104      0.019     0.01293  -1	  -0.0091341     0.0034282
     D4CPA-a55d      0.012     0.065       0.179     0.713     -0.049     0.928      0.491     0.438      0.859     0.612    0.636     0.507   0.802     0.103      0.014     0.01297  -1	   0.0577270     0.0394596
     D4CPA-a56a      0.012     0.065       0.179     0.682     -0.065     0.929      0.500     0.448      0.923     0.600    0.618     0.512   0.747     0.110      0.047     0.01295  -1	   0.0725272     0.0400225
     D4CPA-a56b      0.014     0.047       0.137     0.578      0.225     0.918      0.555     0.515      0.928     0.620    0.650     0.503   0.767     0.156      0.042     0.01449  -1	   0.1707930     0.0920418
     D4CPA-a56c      0.011     0.052       0.140     0.677      0.052     0.894      0.522     0.592      0.870     0.602    0.640     0.494   0.805     0.169      0.101     0.01186  -1	   0.0583842    -0.0188773
     D4CPA-a56d      0.010     0.066       0.182     0.707     -0.113     0.921      0.493     0.445      0.741     0.588    0.615     0.502   0.711     0.107      0.027     0.01295  -1	   0.0149428     0.0150740
     D4CPA-a57a      0.012     0.067       0.179     0.702     -0.179     0.917      0.507     0.461      0.810     0.577    0.674     0.440   0.785     0.107      0.019     0.01295  -1	   0.0029000    -0.0030551
     D4CPA-a57b      0.012     0.065       0.182     0.708     -0.070     0.922      0.490     0.445      0.567     0.589    0.623     0.497   0.802     0.107      0.029     0.01295  -1	   0.0034235     0.0127248
     D4CPA-a57c      0.012     0.065       0.179     0.690     -0.009     0.931      0.480     0.414      0.751     0.622    0.695     0.464   0.747     0.111      0.047     0.01295  -1	   0.0739632     0.0794113
     D4CPA-a57d      0.011     0.066       0.179     0.726     -0.121     0.921      0.477     0.433      0.903     0.589    0.676     0.450   0.711     0.112      0.043     0.01308  -1	   0.0473588     0.0383544
     D4CPA-a58a      0.016     0.057       0.140     0.711      0.020     0.901      0.561     0.636      0.729     0.557    0.618     0.471   0.834     0.127      0.077     0.01313  -1	   0.0363114    -0.0588172
     D4CPA-a58b      0.008     0.046       0.127     0.619     -0.116     0.849      0.542     0.581      0.715     0.677    0.675     0.537   0.732     0.190      0.247     0.01332  -1	   0.0182150    -0.0138798
     D4CPA-a58c      0.020     0.043       0.127     0.590     -0.094     0.919      0.573     0.547      0.485     0.589    0.636     0.485   0.738     0.139      0.105     0.01172  -1	  -0.0381378    -0.0035024
     D4CPA-a58d      0.013     0.055       0.137     0.596     -0.347     0.918      0.495     0.465      0.822     0.671    0.671     0.535   0.389     0.178      0.223     0.01480  -1	   0.0279163     0.0738827
     D4CPA-a59a      0.013     0.056       0.147     0.527     -0.078     0.904      0.480     0.493      0.506     0.563    0.612     0.481   0.401     0.135      0.062     0.01198  -1	  -0.0166213     0.0428979
     D4CPA-a59b      0.011     0.035       0.104     0.716     -0.245     0.892      0.561     0.608      0.761     0.615    0.606     0.537   0.798     0.234      0.283     0.01357  -1	  -0.0196819    -0.0438185
     D4CPA-a59c      0.013     0.044       0.121     0.620     -0.332     0.902      0.572     0.670      0.633     0.587    0.627     0.491   0.756     0.187      0.136     0.01313  -1	  -0.0371222    -0.0777092
     D4CPA-a59d      0.018     0.047       0.130     0.711      0.038     0.889      0.580     0.629      0.558     0.546    0.627     0.453   0.805     0.151      0.100     0.01364  -1	   0.0213016    -0.0450588
      D4CPA-a5a      0.012     0.037       0.121     0.663     -0.252     0.934      0.553     0.585      0.668     0.554    0.602     0.482   0.726     0.174     -0.039     0.03116  -1	  -0.0916104    -0.0508371
      D4CPA-a5b      0.016     0.040       0.117     0.775     -0.021     0.905      0.505     0.424      0.615     0.494    0.606     0.423   0.855     0.159      0.073     0.02248  -1	  -0.0311927     0.0636314
      D4CPA-a5c      0.017     0.058       0.150     0.582     -0.168     0.909      0.530     0.446      0.767     0.587    0.688     0.437   0.538     0.149      0.104     0.02010  -1	   0.0166206     0.0480555
      D4CPA-a5d      0.013     0.042       0.124     0.556      0.226     0.921      0.580     0.602      0.462     0.525    0.599     0.458   0.767     0.177      0.047     0.02820  -1	   0.0337798    -0.0261488
     D4CPA-a60a      0.015     0.051       0.140     0.699     -0.250     0.914      0.544     0.466      0.518     0.564    0.598     0.494   0.637     0.136      0.210     0.02610  -1	   0.0067291     0.0391610
     D4CPA-a60b      0.015     0.044       0.111     0.622     -0.276     0.897      0.486     0.360      0.675     0.571    0.657     0.450   0.671     0.181      0.577     0.02006  -1	   0.0855513     0.2477265
     D4CPA-a60c      0.021     0.048       0.140     0.600      0.272     0.906      0.475     0.506      0.562     0.603    0.669     0.468   0.816     0.173      0.153     0.02800  -1	   0.1725300     0.1187129
     D4CPA-a60d      0.017     0.050       0.140     0.678     -0.103     0.911      0.518     0.434      0.215     0.596    0.627     0.500   0.788     0.143      0.057     0.02731  -1	   0.0006060     0.1054280
     D4CPA-a61a      0.018     0.045       0.143     0.716     -0.038     0.925      0.479     0.271      0.079     0.535    0.663     0.412   0.876     0.136      0.195     0.03610  -1	   0.1635337     0.4926223
     D4CPA-a61b      0.019     0.047       0.143     0.737     -0.036     0.930      0.488     0.265      0.167     0.548    0.604     0.475   0.876     0.139      0.188     0.02854  -1	   0.1151163     0.4062198
     D4CPA-a61c      0.021     0.037       0.107     0.705     -0.152     0.904      0.551     0.527      0.309     0.585    0.633     0.485   0.781     0.190      0.054     0.02369  -1	  -0.0269267     0.0259681
     D4CPA-a61d      0.016     0.053       0.140     0.742     -0.146     0.910      0.513     0.438      0.225     0.584    0.666     0.455   0.711     0.128      0.197     0.02591  -1	   0.1253860     0.1685583
     D4CPA-a62a      0.019     0.050       0.147     0.714     -0.137     0.928      0.465     0.245      0.034     0.524    0.604     0.452   0.812     0.126      0.160     0.03600  -1	   0.1231609     0.4897264
     D4CPA-a62b      0.017     0.054       0.150     0.653     -0.035     0.917      0.460     0.405      0.415     0.613    0.631     0.513   0.747     0.157      0.108     0.02538  -1	   0.0232870     0.1001348
     D4CPA-a62c      0.018     0.052       0.140     0.643     -0.297     0.921      0.476     0.412      0.468     0.602    0.630     0.502   0.515     0.157      0.027     0.03029  -1	  -0.0376490     0.0737441
     D4CPA-a62d      0.018     0.054       0.143     0.608     -0.406     0.924      0.470     0.400      0.261     0.544    0.605     0.469   0.000     0.160      0.031     0.03032  -1	   0.0127139     0.1095663
     D4CPA-a63a      0.017     0.046       0.140     0.725      0.146     0.925      0.484     0.278      0.081     0.549    0.645     0.440   0.851     0.133      0.156     0.03660  -1	   0.2127354     0.5147820
     D4CPA-a63b      0.019     0.047       0.143     0.772     -0.069     0.917      0.457     0.249      0.052     0.516    0.647     0.408   0.815     0.131      0.186     0.02916  -1	   0.1952632     0.5398524
     D4CPA-a63c      0.018     0.045       0.140     0.734      0.020     0.925      0.476     0.271      0.061     0.541    0.666     0.415   0.805     0.137      0.186     0.02901  -1	   0.2027161     0.5269218
     D4CPA-a63d      0.017     0.049       0.140     0.563      0.153     0.909      0.538     0.560      0.494     0.577    0.625     0.485   0.721     0.145      0.160     0.02390  -1	   0.0796490     0.0280027
     D4CPA-a64a      0.018     0.047       0.143     0.754     -0.061     0.927      0.457     0.236      0.047     0.552    0.611     0.472   0.815     0.135      0.176     0.03648  -1	   0.1605713     0.5217505
     D4CPA-a64b      0.013     0.037       0.111     0.639      0.098     0.916      0.547     0.431      0.953     0.600    0.639     0.494   0.761     0.162      0.130     0.03105  -1	   0.0725174     0.1204983
     D4CPA-a64c      0.009     0.052       0.147     0.761      0.134     0.897      0.495     0.438      0.877     0.575    0.636     0.472   0.826     0.163      0.243     0.02624  -1	   0.1320505     0.0824470
     D4CPA-a64d      0.017     0.045       0.137     0.715      0.251     0.926      0.490     0.285      0.115     0.566    0.612     0.485   0.896     0.130      0.190     0.02849  -1	   0.2643971     0.5316011
     D4CPA-a65a      0.010     0.050       0.150     0.726      0.169     0.905      0.523     0.478      0.737     0.558    0.619     0.471   0.819     0.156      0.112     0.02642  -1	   0.1023786     0.0636854
     D4CPA-a65b      0.009     0.053       0.143     0.675      0.292     0.904      0.523     0.467      0.637     0.671    0.674     0.533   0.892     0.169      0.272     0.02733  -1	   0.2740499     0.1912628
     D4CPA-a65c      0.008     0.053       0.140     0.708     -0.116     0.910      0.496     0.447      0.682     0.533    0.599     0.465   0.711     0.158      0.204     0.02718  -1	   0.0040439     0.0311779
     D4CPA-a65d      0.007     0.052       0.137     0.684      0.222     0.906      0.496     0.429      0.529     0.581    0.609     0.502   0.854     0.180      0.116     0.02769  -1	   0.1124043     0.1037471
     D4CPA-a66a      0.017     0.056       0.140     0.719     -0.446     0.913      0.563     0.556      0.698     0.621    0.687     0.470   0.000     0.138      0.137     0.04694  -1	   0.0381186     0.0005032
     D4CPA-a66b      0.018     0.051       0.150     0.663     -0.140     0.938      0.510     0.473      0.248     0.606    0.703     0.440   0.656     0.145      0.390     0.14714  -1	   0.2306916     0.1648692
     D4CPA-a66c      0.008     0.053       0.143     0.774      0.154     0.903      0.481     0.414      0.914     0.565    0.696     0.408   0.892     0.164      0.264     0.02634  -1	   0.1555660     0.1015587
     D4CPA-a66d      0.013     0.057       0.147     0.749     -0.435     0.914      0.569     0.567      0.185     0.568    0.675     0.431   0.000     0.152      0.145     0.04465  -1	   0.1553472     0.0806771
     D4CPA-a67a      0.013     0.056       0.147     0.722     -0.502     0.916      0.575     0.579      0.358     0.600    0.670     0.466   0.636     0.147      0.132     0.04497  -1	   0.0596192    -0.0124299
     D4CPA-a67b      0.013     0.056       0.147     0.725     -0.385     0.919      0.546     0.537      0.804     0.626    0.685     0.478   0.593     0.145      0.137     0.04633  -1	   0.0046555    -0.0084535
     D4CPA-a67c      0.007     0.061       0.160     0.658     -0.086     0.902      0.497     0.483      0.557     0.592    0.619     0.502   0.747     0.139     -0.002     0.04486  -1	  -0.0283737    -0.0211658
     D4CPA-a67d      0.010     0.056       0.140     0.579     -0.115     0.918      0.474     0.373      0.813     0.615    0.647     0.501   0.463     0.145      0.059     0.01483  -1	   0.0246767     0.1062782
     D4CPA-a68a      0.013     0.056       0.147     0.747     -0.454     0.923      0.562     0.558      0.759     0.628    0.695     0.470   0.667     0.147      0.137     0.04664  -1	   0.0060418    -0.0240157
     D4CPA-a68b      0.012     0.047       0.143     0.668     -0.053     0.914      0.561     0.528      0.594     0.593    0.662     0.466   0.812     0.130      0.185     0.06034  -1	   0.0181999     0.0150213
     D4CPA-a68c      0.012     0.058       0.147     0.744     -0.437     0.919      0.544     0.528      0.236     0.590    0.609     0.511   0.000     0.147      0.144     0.04479  -1	   0.0990050     0.0462121
     D4CPA-a68d      0.012     0.057       0.143     0.734     -0.492     0.913      0.568     0.564      0.394     0.614    0.693     0.458   0.667     0.145      0.129     0.04451  -1	   0.0601488    -0.0023747
     D4CPA-a69a      0.010     0.062       0.173     0.622     -0.340     0.922      0.521     0.425      0.455     0.601    0.659     0.476   0.515     0.118      0.196     0.06677  -1	   0.0182975     0.0743814
     D4CPA-a69b      0.010     0.046       0.134     0.535     -0.234     0.901      0.609     0.578      0.909     0.473    0.572     0.432   0.639     0.139      0.195     0.04230  -1	  -0.0254790    -0.0119383
     D4CPA-a69c      0.010     0.044       0.117     0.673      0.329     0.910      0.501     0.432      0.581     0.564    0.609     0.485   0.872     0.143     -0.104     0.02235  -1	   0.0900278     0.1215760
     D4CPA-a69d      0.013     0.057       0.150     0.750     -0.441     0.921      0.562     0.552      0.363     0.605    0.670     0.471   0.000     0.143      0.131     0.04559  -1	   0.0796257     0.0291698
      D4CPA-a6a      0.018     0.047       0.124     0.540      0.277     0.905      0.548     0.537      0.638     0.551    0.609     0.473   0.737     0.168      0.148     0.01929  -1	   0.1301015     0.0664945
      D4CPA-a6b      0.021     0.043       0.124     0.710      0.049     0.908      0.497     0.398      0.696     0.567    0.626     0.475   0.805     0.172      0.121     0.02155  -1	   0.0294312     0.1051031
      D4CPA-a6c      0.016     0.047       0.130     0.703     -0.292     0.900      0.512     0.500      0.459     0.587    0.612     0.505   0.750     0.139      0.096     0.02018  -1	  -0.0288704     0.0179398
      D4CPA-a6d      0.016     0.058       0.140     0.467     -0.058     0.912      0.554     0.477      0.496     0.577    0.622     0.487   0.283     0.141      0.136     0.01988  -1	   0.0096028     0.0386645
     D4CPA-a70a      0.005     0.053       0.150     0.620      0.022     0.911      0.546     0.449      0.734     0.601    0.636     0.498   0.713     0.122      0.354     0.02102  -1	   0.0995875     0.1011220
     D4CPA-a70b      0.009     0.042       0.130     0.621     -0.126     0.904      0.536     0.600      1.000     0.689    0.693     0.534   0.732     0.139      0.098     0.01671  -1	   0.0343917     0.0410846
     D4CPA-a70c      0.009     0.043       0.117     0.637      0.323     0.907      0.520     0.438      0.704     0.531    0.670     0.402   0.816     0.158     -0.071     0.02184  -1	   0.1112976     0.1234614
     D4CPA-a70d      0.002     0.060       0.163     0.683     -0.289     0.907      0.498     0.408      0.737     0.559    0.597     0.491   0.582     0.112      0.336     0.02088  -1	   0.0142189     0.0689490
     D4CPA-a71a      0.009     0.047       0.121     0.703      0.223     0.907      0.491     0.425      0.678     0.577    0.693     0.423   0.864     0.150     -0.067     0.02232  -1	   0.0713724     0.1044597
     D4CPA-a71b      0.005     0.054       0.147     0.637     -0.082     0.917      0.513     0.428      0.428     0.560    0.586     0.502   0.680     0.141      0.243     0.01865  -1	   0.0361503     0.0825730
     D4CPA-a71c      0.008     0.054       0.153     0.689     -0.409     0.912      0.499     0.405      0.369     0.532    0.641     0.428   0.000     0.146      0.090     0.01609  -1	   0.0289326     0.0876359
     D4CPA-a71d      0.003     0.060       0.163     0.653      0.081     0.908      0.512     0.430      0.765     0.587    0.629     0.489   0.805     0.147      0.143     0.01807  -1	   0.0806220     0.0575579
     D4CPA-a72a      0.002     0.051       0.121     0.751     -0.043     0.876      0.470     0.424      0.982     0.610    0.673     0.472   0.793     0.169      0.521     0.01531  -1	   0.1026947     0.1105859
     D4CPA-a72b      0.002     0.059       0.150     0.679     -0.119     0.901      0.507     0.431      0.578     0.599    0.689     0.447   0.656     0.154      0.311     0.01745  -1	   0.0898217     0.0832954
     D4CPA-a72c      0.001     0.061       0.163     0.578     -0.327     0.888      0.488     0.460      0.283     0.554    0.609     0.477   0.389     0.120      0.232     0.01581  -1	   0.0470035     0.0923654
     D4CPA-a72d      0.005     0.054       0.153     0.621      0.092     0.902      0.557     0.467      0.919     0.600    0.653     0.481   0.738     0.121      0.353     0.02070  -1	   0.1451711     0.1076957
     D4CPA-a73a      0.003     0.052       0.143     0.590      0.234     0.884      0.513     0.502      0.987     0.614    0.635     0.511   0.661     0.144      0.209     0.01598  -1	   0.2051706     0.1262178
     D4CPA-a73b      0.000     0.055       0.143     0.588      0.022     0.887      0.499     0.540      0.537     0.534    0.587     0.476   0.587     0.152      0.208     0.01558  -1	   0.0316403     0.0038061
     D4CPA-a73c      0.014     0.047       0.130     0.634      0.056     0.900      0.546     0.524      0.332     0.553    0.586     0.494   0.761     0.142      0.041     0.01053  -1	  -0.0111845     0.0103300
     D4CPA-a73d      0.001     0.055       0.143     0.628     -0.019     0.893      0.520     0.564      0.596     0.551    0.579     0.498   0.680     0.152      0.208     0.01557  -1	   0.0207464    -0.0300797
     D4CPA-a74a      0.007     0.052       0.156     0.701     -0.379     0.900      0.484     0.428      0.598     0.563    0.593     0.498   0.593     0.163      0.202     0.01335  -1	  -0.0069701     0.0433894
     D4CPA-a74b      0.012     0.054       0.156     0.626      0.030     0.916      0.511     0.496      0.705     0.614    0.661     0.487   0.713     0.130      0.139     0.01238  -1	   0.0628346     0.0580927
     D4CPA-a74c      0.012     0.054       0.147     0.777      0.085     0.887      0.472     0.654      0.099     0.540    0.610     0.463   0.851     0.158     -0.016     0.01190  -1	   0.0756097    -0.0886972
     D4CPA-a74d     -0.001     0.052       0.140     0.633     -0.110     0.895      0.506     0.492      0.617     0.552    0.606     0.476   0.589     0.122      0.211     0.01602  -1	  -0.0049513     0.0370763
     D4CPA-a75a      0.012     0.062       0.176     0.665     -0.129     0.917      0.525     0.471      0.660     0.564    0.608     0.486   0.656     0.108      0.011     0.01277  -1	  -0.0127864     0.0016445
     D4CPA-a75b      0.012     0.067       0.182     0.721     -0.152     0.921      0.505     0.468      0.837     0.602    0.633     0.500   0.785     0.106      0.029     0.01309  -1	   0.0205248    -0.0024858
     D4CPA-a75c      0.011     0.053       0.147     0.678     -0.059     0.875      0.545     0.639      0.946     0.585    0.612     0.502   0.747     0.165      0.099     0.01193  -1	   0.0314461    -0.0344423
     D4CPA-a75d      0.014     0.060       0.160     0.674     -0.028     0.898      0.527     0.674      0.776     0.674    0.677     0.533   0.747     0.154      0.192     0.01180  -1	   0.0883143    -0.0259959
     D4CPA-a76a      0.012     0.066       0.179     0.678     -0.059     0.926      0.488     0.428      0.488     0.603    0.603     0.528   0.747     0.109      0.029     0.01297  -1	   0.0036723     0.0299921
     D4CPA-a76b      0.012     0.066       0.182     0.693     -0.143     0.926      0.496     0.438      0.822     0.604    0.620     0.514   0.656     0.107      0.023     0.01294  -1	   0.0289601     0.0254187
     D4CPA-a76c      0.012     0.066       0.179     0.680     -0.066     0.927      0.478     0.412      0.836     0.593    0.626     0.498   0.747     0.110      0.047     0.01294  -1	   0.0516484     0.0540447
     D4CPA-a76d      0.014     0.066       0.179     0.704     -0.075     0.921      0.516     0.478      0.931     0.562    0.626     0.469   0.802     0.107      0.045     0.01302  -1	   0.0587494     0.0096928
     D4CPA-a77a      0.011     0.052       0.156     0.468      0.054     0.897      0.598     0.655      0.691     0.608    0.616     0.521   0.341     0.141      0.033     0.01086  -1	   0.0393423    -0.0230193
     D4CPA-a77b      0.003     0.063       0.176     0.659     -0.175     0.905      0.524     0.529      0.373     0.686    0.627     0.590   0.730     0.114      0.049     0.01270  -1	  -0.0355454    -0.0418348
     D4CPA-a77c      0.011     0.064       0.176     0.682     -0.107     0.925      0.487     0.433      0.803     0.582    0.633     0.481   0.656     0.117      0.045     0.01299  -1	   0.0304578     0.0371643
     D4CPA-a77d      0.018     0.054       0.137     0.601     -0.001     0.896      0.553     0.650      0.945     0.620    0.639     0.513   0.680     0.156      0.082     0.01284  -1	   0.0787997    -0.0078346
     D4CPA-a78a      0.018     0.054       0.134     0.641      0.028     0.906      0.575     0.625      0.825     0.565    0.618     0.479   0.713     0.136      0.062     0.01313  -1	   0.0524699    -0.0262578
     D4CPA-a78b      0.017     0.055       0.137     0.647      0.082     0.889      0.539     0.613      0.810     0.507    0.592     0.446   0.738     0.142      0.065     0.01318  -1	   0.0563515    -0.0274748
     D4CPA-a78c      0.019     0.055       0.137     0.690      0.204     0.909      0.549     0.666      0.816     0.608    0.634     0.506   0.854     0.145      0.175     0.01367  -1	   0.1771853     0.0069127
     D4CPA-a78d      0.019     0.057       0.143     0.679     -0.153     0.893      0.544     0.609      0.876     0.600    0.650     0.485   0.730     0.139      0.082     0.01346  -1	   0.0215018    -0.0288646
     D4CPA-a79a      0.018     0.043       0.117     0.672     -0.105     0.907      0.503     0.398      0.137     0.597    0.639     0.492   0.788     0.184      0.065     0.02364  -1	   0.0169452     0.1889825
     D4CPA-a79b      0.016     0.053       0.140     0.741     -0.460     0.916      0.506     0.424      0.112     0.554    0.602     0.482   0.667     0.124      0.207     0.02610  -1	   0.1575587     0.2127573
     D4CPA-a79c      0.021     0.047       0.127     0.589      0.019     0.925      0.520     0.465      0.366     0.577    0.614     0.493   0.708     0.153      0.064     0.02926  -1	  -0.0109338     0.0661769
     D4CPA-a79d      0.014     0.055       0.140     0.634     -0.103     0.916      0.508     0.433      0.701     0.521    0.645     0.415   0.589     0.133      0.264     0.01751  -1	   0.0355835     0.0874098
      D4CPA-a7a      0.021     0.049       0.134     0.576      0.302     0.897      0.544     0.433      0.574     0.599    0.675     0.459   0.798     0.184      0.042     0.06049  -1	   0.1394444     0.1556543
      D4CPA-a7b      0.016     0.037       0.111     0.679      0.072     0.926      0.560     0.583      0.650     0.555    0.616     0.471   0.817     0.200     -0.022     0.03052  -1	  -0.0292434    -0.0412512
      D4CPA-a7c      0.018     0.049       0.134     0.505      0.300     0.899      0.535     0.429      0.570     0.576    0.650     0.460   0.737     0.179      0.055     0.06021  -1	   0.1187118     0.1470645
      D4CPA-a7d      0.017     0.043       0.121     0.719      0.086     0.909      0.480     0.392      0.834     0.518    0.612     0.439   0.841     0.164      0.073     0.02306  -1	   0.0300194     0.0973080
     D4CPA-a80a      0.013     0.057       0.147     0.635     -0.292     0.912      0.548     0.585      0.401     0.605    0.648     0.490   0.515     0.175      0.121     0.01734  -1	   0.0112021    -0.0371431
     D4CPA-a80b      0.010     0.056       0.150     0.659     -0.322     0.901      0.539     0.590      0.567     0.573    0.617     0.487   0.582     0.171      0.086     0.01721  -1	  -0.0215639    -0.0552119
     D4CPA-a80c      0.010     0.056       0.147     0.606     -0.217     0.919      0.535     0.589      0.754     0.589    0.641     0.481   0.570     0.173      0.168     0.01717  -1	  -0.0004556    -0.0272271
     D4CPA-a80d      0.013     0.056       0.143     0.550     -0.174     0.926      0.562     0.586      0.498     0.605    0.622     0.514   0.538     0.170      0.117     0.01761  -1	  -0.0206926    -0.0506447
     D4CPA-a81a      0.011     0.055       0.143     0.593     -0.270     0.905      0.552     0.593      0.707     0.600    0.616     0.513   0.389     0.169      0.113     0.01737  -1	  -0.0081954    -0.0314286
     D4CPA-a81b      0.018     0.049       0.143     0.559      0.212     0.912      0.535     0.552      0.450     0.613    0.637     0.508   0.767     0.141      0.160     0.02404  -1	   0.1217095     0.0638032
     D4CPA-a81c      0.018     0.053       0.143     0.654      0.232     0.920      0.475     0.381      0.444     0.606    0.638     0.501   0.854     0.159      0.028     0.03092  -1	   0.1067091     0.1706018
     D4CPA-a81d      0.012     0.055       0.147     0.578     -0.213     0.910      0.546     0.564      0.763     0.614    0.648     0.499   0.444     0.167      0.099     0.01743  -1	   0.0014387    -0.0156867
     D4CPA-a82a      0.011     0.055       0.147     0.614     -0.201     0.912      0.572     0.613      0.895     0.615    0.677     0.474   0.570     0.175      0.103     0.01735  -1	   0.0187912    -0.0304017
     D4CPA-a82b      0.017     0.049       0.147     0.775     -0.162     0.928      0.442     0.239      0.129     0.564    0.627     0.471   0.761     0.131      0.169     0.02911  -1	   0.1193557     0.4445217
     D4CPA-a82c      0.010     0.057       0.153     0.628     -0.229     0.906      0.557     0.594      0.812     0.586    0.637     0.481   0.570     0.168      0.113     0.01740  -1	  -0.0003195    -0.0393472
     D4CPA-a82d      0.010     0.055       0.150     0.636     -0.353     0.921      0.524     0.571      0.613     0.583    0.609     0.503   0.471     0.171      0.122     0.01717  -1	  -0.0175180    -0.0313375
     D4CPA-a83a      0.016     0.055       0.147     0.675     -0.015     0.910      0.460     0.387      0.235     0.609    0.634     0.506   0.747     0.157      0.085     0.02572  -1	   0.0514825     0.1504339
     D4CPA-a83b      0.015     0.047       0.143     0.670      0.321     0.918      0.525     0.462      0.627     0.559    0.608     0.481   0.872     0.123      0.204     0.01843  -1	   0.2299364     0.1974517
     D4CPA-a83c      0.007     0.053       0.143     0.650      0.237     0.904      0.517     0.457      0.741     0.596    0.617     0.509   0.854     0.169      0.277     0.02751  -1	   0.1848192     0.1177370
     D4CPA-a83d      0.011     0.046       0.137     0.748      0.199     0.891      0.497     0.401      0.652     0.488    0.624     0.403   0.819     0.174      0.280     0.02632  -1	   0.1421160     0.1364417
     D4CPA-a84a      0.009     0.051       0.147     0.762      0.169     0.905      0.495     0.435      0.864     0.575    0.641     0.468   0.892     0.161      0.098     0.02672  -1	   0.1139833     0.0752426
     D4CPA-a84b      0.008     0.052       0.153     0.533     -0.295     0.904      0.509     0.364      0.334     0.566    0.659     0.443   0.236     0.139      0.266     0.01515  -1	   0.0417555     0.1987492
     D4CPA-a84c      0.007     0.062       0.160     0.695     -0.090     0.884      0.511     0.379      0.642     0.887    0.696     0.786   0.747     0.146      0.261     0.01705  -1	   0.1084728     0.1100209
     D4CPA-a84d      0.009     0.053       0.143     0.680      0.121     0.909      0.520     0.451      0.872     0.590    0.640     0.483   0.780     0.167      0.277     0.02736  -1	   0.1344031     0.0862629
     D4CPA-a85a      0.002     0.052       0.140     0.514     -0.119     0.855      0.549     0.475      0.849     0.830    0.681     0.714   0.310     0.146      0.423     0.01489  -1	   0.0871100     0.0978265
     D4CPA-a85b      0.015     0.053       0.140     0.555     -0.203     0.904      0.563     0.590      0.881     0.611    0.659     0.486   0.444     0.169      0.109     0.01746  -1	   0.0221185    -0.0076894
     D4CPA-a85c      0.011     0.051       0.147     0.739      0.233     0.909      0.498     0.446      0.767     0.565    0.656     0.445   0.909     0.159      0.098     0.02670  -1	   0.1447769     0.0972821
     D4CPA-a85d      0.009     0.056       0.153     0.766     -0.234     0.918      0.443     0.319      0.807     0.644    0.736     0.444   0.683     0.137      0.139     0.01485  -1	   0.0273123     0.1413074
     D4CPA-a86a      0.012     0.048       0.140     0.634     -0.392     0.892      0.501     0.479      0.612     0.590    0.592     0.525   0.644     0.136      0.100     0.01658  -1	  -0.0340563     0.0370015
     D4CPA-a86b      0.006     0.054       0.140     0.546     -0.305     0.877      0.559     0.628      0.630     0.568    0.685     0.422   0.236     0.146      0.074     0.01641  -1	  -0.0189141    -0.0243215
     D4CPA-a86c      0.011     0.048       0.134     0.597     -0.472     0.885      0.511     0.499      0.997     0.633    0.688     0.481   0.609     0.146      0.081     0.01638  -1	   0.0346518     0.0797826
     D4CPA-a86d      0.007     0.053       0.153     0.571     -0.331     0.902      0.499     0.338      0.197     0.557    0.674     0.422   0.389     0.138      0.252     0.01527  -1	   0.0940422     0.2989416
     D4CPA-a87b      0.008     0.053       0.153     0.585     -0.285     0.901      0.504     0.339      0.353     0.597    0.595     0.528   0.389     0.138      0.370     0.01525  -1	   0.0765808     0.2116977
     D4CPA-a87c      0.008     0.053       0.140     0.714     -0.463     0.890      0.529     0.619      0.772     0.595    0.623     0.502   0.667     0.147      0.038     0.01640  -1	  -0.0097614    -0.0309222
     D4CPA-a87d      0.013     0.050       0.140     0.697     -0.360     0.895      0.488     0.434      0.963     0.670    0.717     0.491   0.699     0.144      0.175     0.01647  -1	   0.0207305     0.0925101
     D4CPA-a88a      0.016     0.049       0.140     0.613     -0.506     0.887      0.507     0.482      0.633     0.580    0.655     0.460   0.607     0.149      0.170     0.01635  -1	   0.0159573     0.0682399
     D4CPA-a88b      0.012     0.045       0.124     0.628     -0.299     0.891      0.529     0.539      0.673     0.558    0.621     0.469   0.671     0.163      0.097     0.01152  -1	  -0.0443615    -0.0050895
     D4CPA-a88c      0.016     0.049       0.127     0.609     -0.101     0.890      0.530     0.552      0.815     0.583    0.646     0.472   0.732     0.165      0.031     0.01745  -1	  -0.0115520    -0.0172479
     D4CPA-a88d      0.011     0.050       0.140     0.695     -0.417     0.888      0.476     0.421      0.732     0.622    0.623     0.529   0.639     0.145      0.177     0.01590  -1	  -0.0036593     0.0803637
     D4CPA-a89a      0.006     0.046       0.134     0.556     -0.503     0.894      0.557     0.601      0.761     0.543    0.609     0.466   0.590     0.146      0.000     0.01149  -1	  -0.0054178    -0.0099948
     D4CPA-a89b      0.010     0.046       0.140     0.596     -0.089     0.907      0.528     0.578      0.962     0.615    0.639     0.507   0.738     0.166      0.081     0.01069  -1	   0.0230806     0.0107554
     D4CPA-a89c      0.011     0.044       0.130     0.679     -0.049     0.891      0.520     0.554      0.840     0.513    0.593     0.451   0.852     0.162      0.203     0.01055  -1	  -0.0170131    -0.0212681
     D4CPA-a89d      0.011     0.046       0.130     0.599      0.131     0.889      0.512     0.529      0.987     0.569    0.663     0.443   0.753     0.173      0.204     0.01071  -1	   0.1016176     0.0659658
      D4CPA-a8a      0.019     0.057       0.143     0.667      0.002     0.923      0.453     0.266      0.959     0.555    0.652     0.439   0.780     0.158      0.120     0.12275  -1	   0.0762556     0.1860014
      D4CPA-a8b      0.018     0.051       0.134     0.548      0.104     0.910      0.542     0.438      0.829     0.566    0.648     0.454   0.434     0.177      0.053     0.05903  -1	   0.1021918     0.0708479
      D4CPA-a8c      0.019     0.053       0.130     0.675      0.176     0.913      0.500     0.372      0.668     0.569    0.659     0.446   0.845     0.176      0.080     0.06172  -1	   0.0985105     0.1350304
      D4CPA-a8d      0.016     0.049       0.130     0.473      0.318     0.909      0.534     0.426      0.625     0.583    0.731     0.393   0.672     0.173      0.055     0.06042  -1	   0.1630236     0.1984165
     D4CPA-a90a      0.013     0.045       0.130     0.616     -0.013     0.897      0.509     0.540      0.349     0.529    0.582     0.476   0.796     0.162      0.085     0.01120  -1	  -0.0289308    -0.0272725
     D4CPA-a90b      0.011     0.049       0.121     0.697      0.078     0.894      0.536     0.527      0.563     0.517    0.591     0.456   0.817     0.168      0.029     0.01116  -1	  -0.0035690    -0.0250396
     D4CPA-a90c      0.011     0.045       0.117     0.582     -0.345     0.894      0.548     0.562      0.332     0.552    0.614     0.469   0.738     0.146      0.089     0.01092  -1	  -0.0333589    -0.0083451
     D4CPA-a90d      0.000     0.055       0.143     0.614     -0.087     0.883      0.525     0.576      0.658     0.554    0.584     0.497   0.680     0.152      0.208     0.01555  -1	  -0.0029213    -0.0400551
     D4CPA-a91a      0.011     0.049       0.124     0.623      0.209     0.893      0.572     0.582      0.604     0.523    0.591     0.462   0.784     0.174      0.023     0.01110  -1	   0.0479931    -0.0305438
     D4CPA-a91b      0.011     0.048       0.124     0.633      0.195     0.899      0.580     0.588      0.433     0.526    0.595     0.462   0.739     0.165      0.015     0.01108  -1	   0.0361257    -0.0156982
     D4CPA-a91c      0.010     0.051       0.127     0.660      0.116     0.898      0.570     0.586      0.547     0.563    0.603     0.489   0.780     0.162      0.002     0.01113  -1	   0.0115938    -0.0429964
     D4CPA-a91d      0.011     0.048       0.121     0.635      0.171     0.900      0.571     0.578      0.645     0.534    0.603     0.463   0.739     0.171      0.015     0.01107  -1	   0.0397364    -0.0209127
     D4CPA-a92a      0.015     0.051       0.140     0.605     -0.227     0.890      0.525     0.473      0.368     0.543    0.596     0.477   0.570     0.171      0.431     0.01160  -1	   0.1216494     0.0937954
     D4CPA-a92b      0.010     0.048       0.134     0.694      0.151     0.863      0.529     0.696      0.364     0.577    0.602     0.503   0.794     0.175      0.126     0.01057  -1	   0.0813650    -0.0794737
     D4CPA-a92c      0.011     0.052       0.137     0.660      0.237     0.883      0.560     0.662      0.887     0.552    0.667     0.424   0.854     0.167      0.120     0.01188  -1	   0.1403621    -0.0190055
     D4CPA-a92d      0.015     0.055       0.156     0.619      0.026     0.865      0.531     0.641      0.444     0.817    0.676     0.701   0.713     0.125      0.306     0.01174  -1	   0.1463113     0.0023746
     D4CPA-a93a      0.017     0.061       0.153     0.662     -0.154     0.876      0.498     0.641      0.828     0.737    0.709     0.573   0.730     0.149      0.100     0.01179  -1	   0.0522628    -0.0108238
     D4CPA-a93b      0.012     0.069       0.182     0.709     -0.103     0.917      0.476     0.416      0.807     0.589    0.661     0.463   0.711     0.104      0.010     0.01296  -1	   0.0378582     0.0383536
     D4CPA-a93c      0.014     0.067       0.179     0.684     -0.182     0.908      0.506     0.463      0.929     0.604    0.708     0.434   0.730     0.105     -0.001     0.01303  -1	   0.0382142     0.0202875
     D4CPA-a93d      0.022     0.048       0.117     0.696      0.162     0.909      0.504     0.443      0.703     0.593    0.696     0.435   0.794     0.142      0.085     0.01223  -1	   0.1160748     0.1372977
     D4CPA-a94a      0.012     0.066       0.179     0.716     -0.184     0.922      0.500     0.450      0.842     0.607    0.640     0.498   0.785     0.107      0.010     0.01291  -1	   0.0097763     0.0049286
     D4CPA-a94b      0.012     0.067       0.179     0.664     -0.123     0.922      0.532     0.498      0.842     0.589    0.620     0.500   0.656     0.110      0.025     0.01313  -1	   0.0391415    -0.0044122
     D4CPA-a94c      0.020     0.049       0.121     0.474     -0.104     0.920      0.509     0.502      0.932     0.577    0.626     0.484   0.588     0.159      0.096     0.01149  -1	   0.0363621     0.0875095
     D4CPA-a94d      0.022     0.048       0.121     0.559      0.102     0.916      0.534     0.506      0.693     0.542    0.675     0.407   0.753     0.156      0.135     0.01137  -1	   0.0533389     0.0557858
     D4CPA-a95a      0.021     0.050       0.117     0.544     -0.117     0.909      0.515     0.504      0.698     0.542    0.633     0.444   0.653     0.170      0.110     0.01143  -1	  -0.0181577     0.0294662
     D4CPA-a95b      0.015     0.068       0.182     0.714     -0.209     0.931      0.494     0.447      0.820     0.590    0.647     0.477   0.691     0.107      0.010     0.01298  -1	   0.0122810     0.0097734
     D4CPA-a95c      0.023     0.046       0.117     0.695      0.145     0.913      0.510     0.477      0.835     0.561    0.613     0.480   0.827     0.154      0.079     0.01213  -1	   0.0882565     0.0704252
     D4CPA-a95d      0.012     0.065       0.182     0.697     -0.072     0.929      0.490     0.443      0.503     0.600    0.608     0.520   0.747     0.112      0.029     0.01291  -1	   0.0023383     0.0184739
     D4CPA-a96a      0.011     0.058       0.153     0.644     -0.138     0.923      0.548     0.580      0.558     0.591    0.621     0.501   0.589     0.157      0.142     0.01728  -1	   0.0093954    -0.0426527
     D4CPA-a96b      0.012     0.056       0.150     0.570     -0.221     0.913      0.554     0.564      0.864     0.600    0.635     0.497   0.444     0.168      0.099     0.01765  -1	   0.0180437    -0.0135829
     D4CPA-a96c      0.011     0.056       0.147     0.599     -0.231     0.914      0.527     0.569      0.831     0.589    0.613     0.505   0.444     0.171      0.137     0.01724  -1	   0.0106794    -0.0062017
     D4CPA-a96d      0.013     0.053       0.143     0.579     -0.045     0.914      0.579     0.593      0.959     0.612    0.712     0.436   0.554     0.170      0.126     0.01751  -1	   0.0791458     0.0097597
     D4CPA-a97a      0.012     0.056       0.150     0.583     -0.256     0.916      0.565     0.603      0.902     0.642    0.638     0.536   0.389     0.164      0.099     0.01768  -1	   0.0295575    -0.0166403
     D4CPA-a97b      0.008     0.056       0.147     0.605     -0.208     0.913      0.545     0.583      0.658     0.610    0.614     0.525   0.570     0.173      0.133     0.01726  -1	  -0.0131596    -0.0442234
     D4CPA-a97c      0.011     0.057       0.150     0.659     -0.333     0.899      0.544     0.590      0.679     0.535    0.645     0.427   0.582     0.169      0.143     0.01737  -1	  -0.0109233    -0.0467306
     D4CPA-a97d      0.012     0.055       0.143     0.564     -0.142     0.917      0.584     0.612      0.804     0.615    0.651     0.496   0.463     0.171      0.111     0.01733  -1	   0.0217116    -0.0302660
     D4CPA-a98a      0.009     0.058       0.153     0.626      0.031     0.915      0.522     0.492      0.768     0.589    0.671     0.454   0.713     0.161      0.133     0.01737  -1	   0.0661293     0.0259840
     D4CPA-a98b      0.011     0.057       0.150     0.580     -0.266     0.902      0.560     0.580      0.835     0.588    0.636     0.485   0.389     0.170      0.113     0.01755  -1	   0.0112137    -0.0241941
     D4CPA-a98c      0.009     0.056       0.147     0.638     -0.185     0.912      0.554     0.590      0.814     0.590    0.636     0.487   0.664     0.170      0.117     0.01719  -1	  -0.0026549    -0.0450620
     D4CPA-a98d      0.010     0.057       0.143     0.666     -0.291     0.919      0.565     0.586      0.782     0.617    0.632     0.516   0.582     0.180      0.165     0.01707  -1	   0.0046815    -0.0430917
     D4CPA-a99a      0.010     0.056       0.147     0.623     -0.248     0.918      0.549     0.592      0.648     0.584    0.613     0.501   0.570     0.161      0.136     0.01712  -1	  -0.0172502    -0.0473192
     D4CPA-a99b      0.011     0.054       0.153     0.585      0.240     0.909      0.486     0.426      0.511     0.539    0.592     0.476   0.661     0.125      0.184     0.01767  -1	   0.1577301     0.1704121
     D4CPA-a99c      0.011     0.056       0.147     0.608     -0.215     0.918      0.559     0.611      0.538     0.592    0.612     0.510   0.570     0.170      0.113     0.01724  -1	  -0.0205043    -0.0654447
     D4CPA-a99d      0.011     0.050       0.150     0.585     -0.628     0.903      0.511     0.383      0.805     0.550    0.697     0.395   0.535     0.139      0.224     0.01526  -1	   0.0339170     0.1570043
      D4CPA-a9a      0.019     0.049       0.134     0.501      0.317     0.898      0.535     0.436      0.449     0.551    0.637     0.449   0.737     0.184      0.117     0.06042  -1	   0.1363800     0.1618465
      D4CPA-a9b      0.019     0.048       0.127     0.475      0.243     0.905      0.555     0.455      0.607     0.568    0.649     0.455   0.641     0.181      0.042     0.06068  -1	   0.0831556     0.1002910
      D4CPA-a9c      0.016     0.049       0.130     0.472      0.325     0.907      0.542     0.443      0.530     0.557    0.709     0.389   0.672     0.186      0.055     0.06169  -1	   0.1410526     0.1651865
      D4CPA-a9d      0.019     0.054       0.137     0.625      0.177     0.918      0.522     0.403      0.699     0.597    0.670     0.463   0.778     0.176      0.043     0.06003  -1	   0.1048802     0.1132109
