      D1HIA-a9d      0.018     0.077       0.233     0.653     -0.466     0.797      0.486     0.576      0.159     0.938    0.548     0.919   0.613     0.120      0.181     0.01830  -1	   0.1118394     0.0090640
      D1HIA-a0a      0.008     0.059       0.196     0.454      0.012     0.782      0.525     0.517      0.965     0.892    0.549     0.865   0.316     0.121      0.493     0.02081  -1	   0.1546261     0.0884412
      D1HIA-a0b      0.018     0.058       0.175     0.595     -0.001     0.808      0.448     0.325      0.327     0.873    0.478     0.872   0.554     0.135      0.252     0.01717  -1	   0.0797784     0.1291520
      D1HIA-a0c      0.019     0.067       0.208     0.645     -0.108     0.822      0.427     0.346      0.294     0.879    0.505     0.869   0.589     0.117      0.472     0.02232  -1	   0.2344865     0.1275602
      D1HIA-a0d      0.010     0.062       0.221     0.493      0.088     0.781      0.518     0.532      0.469     0.884    0.529     0.865   0.341     0.118      0.604     0.02150  -1	   0.2466831     0.0311120
    D1HIA-a100a      0.001     0.047       0.163     0.692      0.090     0.800      0.572     0.671      0.118     0.896    0.547     0.871   0.817     0.141      0.074     0.02767  -1	  -0.0073969    -0.0618966
    D1HIA-a100b     -0.001     0.086       0.271     0.603     -0.498     0.779      0.412     0.436      0.553     0.905    0.535     0.885   0.546     0.108      0.271     0.12188  -1	   0.1040120     0.0918226
    D1HIA-a100c      0.003     0.076       0.237     0.543     -0.530     0.759      0.463     0.494      0.586     0.885    0.486     0.881   0.236     0.121      0.262     0.12063  -1	   0.0921961     0.0885977
    D1HIA-a100d      0.015     0.076       0.237     0.660      0.300     0.786      0.365     0.223      0.332     0.867    0.500     0.858   0.920     0.094      0.193     0.12102  -1	   0.2815643     0.3050393
    D1HIA-a101a      0.001     0.051       0.192     0.617     -0.007     0.759      0.521     0.523      1.000     0.926    0.591     0.891   0.680     0.134      0.111     0.02005  -1	   0.0992698     0.0385143
    D1HIA-a101b      0.020     0.063       0.183     0.675      0.009     0.808      0.440     0.431      0.632     0.887    0.519     0.871   0.780     0.162      0.143     0.01723  -1	   0.0960972     0.0636703
    D1HIA-a101c      0.005     0.045       0.158     0.571      0.311     0.785      0.586     0.655      0.399     0.874    0.508     0.862   0.798     0.155      0.064     0.02986  -1	   0.0609121     0.0195151
    D1HIA-a101d      0.006     0.046       0.154     0.598      0.076     0.767      0.599     0.702      0.500     0.878    0.495     0.870   0.744     0.179      0.064     0.02965  -1	  -0.0091502    -0.0362595
    D1HIA-a102a      0.007     0.046       0.154     0.568      0.199     0.777      0.594     0.676      0.425     0.880    0.502     0.870   0.721     0.154      0.048     0.02981  -1	   0.0015961    -0.0262684
    D1HIA-a102b      0.005     0.061       0.175     0.635      0.159     0.761      0.506     0.447      0.609     0.879    0.518     0.863   0.778     0.144      0.146     0.02495  -1	   0.1029770     0.0538207
    D1HIA-a102c      0.002     0.072       0.208     0.528      0.079     0.775      0.532     0.693      1.000     0.915    0.591     0.877   0.459     0.126      0.063     0.03475  -1	   0.1851168     0.0324795
    D1HIA-a102d      0.008     0.058       0.183     0.587      0.234     0.798      0.417     0.381      0.625     0.891    0.549     0.865   0.661     0.138      0.140     0.02645  -1	   0.1415519     0.1585762
    D1HIA-a103a      0.013     0.046       0.150     0.692      0.349     0.814      0.527     0.417      0.209     0.892    0.503     0.882   0.872     0.191      0.414     0.01694  -1	   0.4087863     0.3078224
    D1HIA-a103b      0.015     0.049       0.154     0.510     -0.070     0.773      0.520     0.524      0.680     0.885    0.534     0.863   0.677     0.182      0.054     0.01758  -1	  -0.0009935     0.0168548
    D1HIA-a103c      0.013     0.055       0.183     0.709     -0.208     0.776      0.504     0.495      0.306     0.871    0.486     0.867   0.691     0.136      0.484     0.02348  -1	   0.2361246     0.0324113
    D1HIA-a103d      0.009     0.050       0.167     0.603      0.111     0.795      0.582     0.548      0.548     0.892    0.537     0.870   0.771     0.133      0.007     0.01944  -1	  -0.0041341     0.0013617
    D1HIA-a104a      0.011     0.040       0.142     0.669     -0.081     0.777      0.553     0.520      0.399     0.885    0.461     0.889   0.812     0.167      0.078     0.02118  -1	  -0.0172976     0.0228905
    D1HIA-a104b      0.019     0.051       0.167     0.665     -0.398     0.792      0.590     0.559      0.445     0.895    0.595     0.850   0.538     0.147      0.040     0.01493  -1	  -0.0117175     0.0018062
    D1HIA-a104c      0.012     0.050       0.150     0.509      0.070     0.783      0.476     0.458      0.562     0.852    0.507     0.841   0.682     0.174      0.065     0.01775  -1	  -0.0037856     0.0478527
    D1HIA-a104d      0.008     0.059       0.183     0.669     -0.338     0.766      0.477     0.388      0.698     0.858    0.532     0.836   0.582     0.149      0.244     0.02531  -1	   0.0610949     0.0692585
    D1HIA-a105a      0.023     0.047       0.158     0.613      0.102     0.792      0.569     0.481      0.521     0.886    0.525     0.867   0.771     0.138      0.172     0.02032  -1	   0.0658307     0.0690978
    D1HIA-a105b      0.008     0.070       0.196     0.712     -0.141     0.760      0.415     0.357      0.703     0.896    0.525     0.879   0.711     0.126      0.145     0.02709  -1	   0.0679242     0.0669170
    D1HIA-a105c      0.010     0.053       0.192     0.685     -0.208     0.770      0.525     0.586      0.555     0.865    0.520     0.849   0.637     0.137      0.172     0.02340  -1	   0.0169334    -0.0093026
    D1HIA-a105d      0.019     0.050       0.163     0.702      0.080     0.774      0.465     0.424      0.209     0.884    0.517     0.869   0.841     0.161      0.387     0.02006  -1	   0.2543702     0.1240752
    D1HIA-a106a      0.001     0.050       0.171     0.720      0.362     0.786      0.312     0.188      0.352     0.898    0.558     0.869   0.928     0.178      0.211     0.02316  -1	   0.2465056     0.4207233
    D1HIA-a106b      0.003     0.042       0.150     0.769      0.449     0.773      0.413     0.374      0.773     0.892    0.553     0.864   0.882     0.171      0.036     0.06356  -1	   0.2662738     0.2695795
    D1HIA-a106c      0.004     0.044       0.150     0.747      0.346     0.780      0.394     0.345      0.525     0.899    0.545     0.875   0.896     0.184      0.032     0.06118  -1	   0.1314412     0.2004420
    D1HIA-a106d      0.000     0.048       0.175     0.696      0.349     0.785      0.292     0.169      0.579     0.866    0.485     0.863   0.872     0.188      0.242     0.02236  -1	   0.2517217     0.4514602
    D1HIA-a107a      0.005     0.037       0.154     0.643      0.420     0.786      0.477     0.397      0.903     0.904    0.520     0.889   0.822     0.209      0.042     0.04692  -1	   0.2737338     0.2401390
    D1HIA-a107b      0.003     0.041       0.150     0.748      0.376     0.781      0.445     0.417      0.782     0.888    0.517     0.873   0.928     0.174     -0.016     0.06378  -1	   0.1970455     0.1869400
    D1HIA-a107c      0.002     0.037       0.154     0.654      0.405     0.791      0.461     0.384      0.850     0.912    0.520     0.897   0.878     0.216      0.036     0.04624  -1	   0.2398929     0.2445585
    D1HIA-a107d     -0.010     0.056       0.212     0.601      0.158     0.791      0.539     0.591      0.618     0.882    0.561     0.849   0.778     0.120      0.203     0.04961  -1	   0.1035786     0.0427338
    D1HIA-a108a      0.018     0.058       0.196     0.733     -0.522     0.809      0.401     0.248      0.278     0.803    0.488     0.803   0.636     0.136      0.081     0.04252  -1	   0.0830673     0.2328033
    D1HIA-a108b      0.003     0.037       0.154     0.640      0.259     0.781      0.462     0.381      0.838     0.902    0.558     0.873   0.816     0.218      0.053     0.04506  -1	   0.1207098     0.1565959
    D1HIA-a108c      0.007     0.038       0.146     0.692      0.325     0.789      0.480     0.396      0.818     0.908    0.551     0.883   0.872     0.209      0.030     0.05437  -1	   0.1679740     0.1771202
    D1HIA-a108d      0.005     0.037       0.154     0.720      0.398     0.796      0.495     0.429      0.819     0.889    0.566     0.855   0.928     0.195     -0.013     0.05565  -1	   0.2115371     0.2079122
    D1HIA-a109a      0.017     0.085       0.246     0.706     -0.354     0.794      0.427     0.433      0.026     0.860    0.490     0.855   0.593     0.124      0.122     0.01635  -1	   0.1347992     0.0453061
    D1HIA-a109b      0.010     0.041       0.129     0.637     -0.349     0.798      0.586     0.557      0.830     0.869    0.458     0.876   0.756     0.191      0.059     0.01194  -1	   0.0751980     0.0381156
    D1HIA-a109c      0.004     0.041       0.142     0.677      0.368     0.788      0.515     0.465      0.262     0.843    0.462     0.851   0.903     0.198      0.049     0.01234  -1	   0.1104086     0.1452510
    D1HIA-a109d      0.016     0.084       0.242     0.719     -0.337     0.804      0.449     0.504      0.079     0.883    0.563     0.849   0.636     0.123      0.202     0.01625  -1	   0.1642339    -0.0075679
     D1HIA-a10a      0.013     0.067       0.217     0.620     -0.118     0.774      0.504     0.562      0.287     0.866    0.532     0.843   0.589     0.137      0.315     0.02513  -1	   0.1271412    -0.0296908
     D1HIA-a10b      0.017     0.068       0.217     0.598     -0.139     0.758      0.483     0.562      0.460     0.887    0.554     0.857   0.463     0.136      0.367     0.02634  -1	   0.1212527    -0.0034466
     D1HIA-a10c      0.013     0.068       0.217     0.643     -0.175     0.758      0.513     0.587      0.555     0.872    0.452     0.880   0.664     0.141      0.546     0.02572  -1	   0.2194918    -0.0006841
     D1HIA-a10d      0.020     0.088       0.263     0.665     -0.109     0.804      0.376     0.278      0.089     0.852    0.500     0.843   0.656     0.110      0.340     0.02210  -1	   0.2698386     0.1426196
    D1HIA-a110a      0.009     0.050       0.183     0.639     -0.205     0.763      0.509     0.519      0.507     0.888    0.540     0.864   0.718     0.142      0.196     0.02355  -1	   0.0134087     0.0137670
    D1HIA-a110b      0.010     0.057       0.183     0.675     -0.381     0.771      0.499     0.448      0.824     0.863    0.484     0.861   0.538     0.163      0.205     0.02430  -1	   0.0793813     0.0481284
    D1HIA-a110c      0.008     0.060       0.188     0.696     -0.407     0.761      0.459     0.443      0.934     0.895    0.569     0.861   0.000     0.139      0.202     0.02426  -1	   0.0511396     0.0165948
    D1HIA-a110d      0.011     0.049       0.179     0.625     -0.132     0.761      0.512     0.527      0.515     0.879    0.486     0.875   0.732     0.131      0.196     0.02366  -1	   0.0223468     0.0201429
     D1HIA-a11a      0.017     0.062       0.192     0.641      0.239     0.802      0.378     0.322      0.318     0.892    0.589     0.849   0.787     0.136      0.344     0.01710  -1	   0.2870864     0.2507474
     D1HIA-a11b      0.007     0.071       0.221     0.530      0.015     0.775      0.476     0.504      0.745     0.900    0.569     0.867   0.434     0.119      0.574     0.02127  -1	   0.2182230     0.0838283
     D1HIA-a11c      0.003     0.080       0.250     0.552     -0.148     0.809      0.446     0.501      0.506     0.896    0.570     0.862   0.463     0.120      0.040     0.03702  -1	  -0.0167174    -0.0142658
     D1HIA-a11d      0.005     0.051       0.158     0.646      0.403     0.761      0.363     0.270      0.389     0.878    0.502     0.868   0.879     0.179      0.280     0.02860  -1	   0.2793141     0.3599623
     D1HIA-a12a      0.007     0.055       0.188     0.531      0.127     0.792      0.506     0.501      0.651     0.882    0.520     0.866   0.434     0.138      0.457     0.02099  -1	   0.1767269     0.0775044
     D1HIA-a12b      0.002     0.060       0.212     0.579      0.108     0.781      0.443     0.449      0.617     0.879    0.524     0.861   0.587     0.126      0.330     0.02001  -1	   0.1450087     0.1010847
     D1HIA-a12c      0.006     0.050       0.175     0.558      0.133     0.770      0.503     0.569      0.840     0.873    0.518     0.857   0.753     0.141      0.414     0.02215  -1	   0.1719487     0.1047843
     D1HIA-a12d      0.008     0.055       0.192     0.690      0.058     0.768      0.384     0.336      0.819     0.894    0.486     0.889   0.805     0.142      0.223     0.03970  -1	   0.1386800     0.1825512
     D1HIA-a13a      0.006     0.055       0.196     0.672     -0.153     0.799      0.501     0.637      0.628     0.895    0.526     0.877   0.730     0.124      0.048     0.01588  -1	  -0.0139802    -0.0020081
     D1HIA-a13b      0.005     0.068       0.225     0.682     -0.124     0.787      0.458     0.541      0.302     0.883    0.535     0.861   0.656     0.123      0.132     0.01776  -1	   0.0239579    -0.0358506
     D1HIA-a13c      0.004     0.077       0.246     0.639      0.035     0.784      0.455     0.551      0.787     0.920    0.564     0.892   0.713     0.122      0.136     0.03453  -1	   0.1362219     0.0447151
     D1HIA-a13d      0.007     0.070       0.208     0.623     -0.059     0.807      0.355     0.355      0.299     0.901    0.597     0.857   0.680     0.136      0.270     0.02541  -1	   0.1045220     0.1091308
     D1HIA-a14a      0.014     0.073       0.246     0.643     -0.060     0.800      0.472     0.546      0.763     0.918    0.551     0.895   0.680     0.111      0.234     0.01530  -1	   0.1295784     0.0483841
     D1HIA-a14b      0.018     0.076       0.233     0.472      0.005     0.812      0.277     0.254      0.574     0.867    0.501     0.859   0.316     0.124      0.114     0.01166  -1	   0.0704737     0.2382584
     D1HIA-a14c      0.007     0.055       0.171     0.673      0.200     0.789      0.371     0.488      0.615     0.907    0.581     0.872   0.854     0.202      0.161     0.01432  -1	   0.1270989     0.0940382
     D1HIA-a14d      0.003     0.082       0.258     0.644     -0.164     0.792      0.444     0.467      0.434     0.881    0.492     0.875   0.664     0.116      0.056     0.03694  -1	   0.0158002    -0.0130287
     D1HIA-a15a      0.022     0.061       0.208     0.619      0.164     0.813      0.458     0.465      0.579     0.947    0.533     0.933   0.778     0.137      0.097     0.01307  -1	   0.1259275     0.0924826
     D1HIA-a15b      0.013     0.073       0.246     0.630      0.029     0.789      0.476     0.553      0.612     0.909    0.514     0.896   0.713     0.105      0.239     0.01511  -1	   0.1453929     0.0393742
     D1HIA-a15c      0.001     0.055       0.188     0.753     -0.140     0.749      0.517     0.762      0.805     0.942    0.635     0.899   0.703     0.154      0.117     0.01270  -1	   0.0273174     0.0206771
     D1HIA-a15d      0.008     0.055       0.192     0.668     -0.240     0.804      0.457     0.547      0.737     0.897    0.547     0.872   0.637     0.130      0.295     0.01129  -1	   0.0582433     0.0615357
     D1HIA-a16a      0.012     0.075       0.237     0.626     -0.170     0.803      0.441     0.519      0.261     0.894    0.502     0.884   0.664     0.116      0.206     0.01547  -1	   0.0728949    -0.0174924
     D1HIA-a16b      0.014     0.074       0.246     0.649     -0.153     0.801      0.484     0.572      0.898     0.888    0.525     0.870   0.664     0.116      0.199     0.01539  -1	   0.1266341     0.0499733
     D1HIA-a16c      0.011     0.073       0.229     0.563     -0.165     0.789      0.435     0.522      0.404     0.893    0.478     0.891   0.538     0.111      0.254     0.01546  -1	   0.0672386     0.0273163
     D1HIA-a16d      0.010     0.072       0.246     0.608      0.055     0.788      0.460     0.517      0.457     0.883    0.474     0.883   0.738     0.101      0.246     0.01499  -1	   0.1436645     0.0346399
     D1HIA-a17a      0.009     0.078       0.237     0.595     -0.068     0.791      0.335     0.383      0.778     0.904    0.478     0.901   0.554     0.135      0.200     0.01124  -1	   0.1381069     0.1677649
     D1HIA-a17b      0.017     0.056       0.204     0.660     -0.094     0.776      0.515     0.537      0.999     0.916    0.617     0.868   0.747     0.139      0.031     0.01279  -1	   0.0960254     0.0245063
     D1HIA-a17c      0.015     0.078       0.229     0.647      0.068     0.823      0.260     0.231      0.249     0.858    0.507     0.847   0.738     0.119      0.178     0.01183  -1	   0.1413734     0.2312500
     D1HIA-a17d      0.025     0.056       0.179     0.621      0.088     0.793      0.503     0.557      0.395     0.874    0.491     0.869   0.738     0.130      0.121     0.01347  -1	   0.0606552     0.0061448
     D1HIA-a18a      0.013     0.060       0.204     0.675     -0.135     0.780      0.488     0.488      0.359     0.892    0.495     0.885   0.656     0.146      0.016     0.01275  -1	  -0.0262905    -0.0078205
     D1HIA-a18b      0.023     0.064       0.200     0.676     -0.162     0.835      0.489     0.620      0.339     0.886    0.549     0.858   0.730     0.138      0.138     0.01405  -1	   0.0343314    -0.0444826
     D1HIA-a18c      0.013     0.062       0.196     0.770      0.084     0.780      0.456     0.505      0.327     0.888    0.497     0.880   0.851     0.135      0.155     0.01212  -1	   0.1293958     0.0199677
     D1HIA-a18d      0.015     0.063       0.204     0.682     -0.035     0.791      0.421     0.471      0.943     0.902    0.540     0.879   0.747     0.164      0.038     0.01279  -1	   0.1270259     0.0696807
     D1HIA-a19a      0.023     0.059       0.192     0.657      0.128     0.812      0.460     0.547      0.647     0.885    0.520     0.869   0.780     0.124      0.156     0.01362  -1	   0.1437916     0.0759193
     D1HIA-a19b      0.017     0.052       0.179     0.656     -0.170     0.785      0.541     0.540      0.866     0.906    0.538     0.885   0.730     0.154      0.080     0.02287  -1	   0.0594343     0.0180033
     D1HIA-a19c     -0.008     0.040       0.142     0.713      0.160     0.759      0.629     0.814      0.546     0.858    0.475     0.860   0.819     0.192      0.126     0.01168  -1	   0.0424592     0.0076240
     D1HIA-a19d      0.016     0.054       0.200     0.665     -0.029     0.779      0.529     0.548      0.688     0.860    0.526     0.840   0.747     0.150      0.021     0.01271  -1	   0.0251480     0.0033321
      D1HIA-a1a      0.005     0.056       0.196     0.661      0.016     0.788      0.506     0.649      0.824     0.918    0.495     0.911   0.780     0.135      0.046     0.01586  -1	   0.0914730     0.0428062
      D1HIA-a1b      0.007     0.062       0.221     0.587      0.005     0.796      0.428     0.355      0.816     0.845    0.507     0.834   0.587     0.134      0.156     0.02692  -1	   0.1043866     0.1153487
      D1HIA-a1c      0.009     0.059       0.204     0.700      0.183     0.809      0.475     0.427      0.618     0.889    0.528     0.870   0.900     0.126      0.270     0.01801  -1	   0.2151496     0.1450484
      D1HIA-a1d      0.008     0.065       0.212     0.527      0.030     0.789      0.465     0.459      0.936     0.895    0.549     0.869   0.434     0.114      0.447     0.02098  -1	   0.1904533     0.1276590
     D1HIA-a20a      0.001     0.044       0.129     0.707     -0.238     0.775      0.531     0.666      0.947     0.871    0.534     0.849   0.798     0.207      0.156     0.01187  -1	   0.0573585     0.0176694
     D1HIA-a20b     -0.010     0.039       0.146     0.710      0.143     0.763      0.612     0.798      0.475     0.865    0.448     0.876   0.851     0.189      0.114     0.01173  -1	   0.0328228     0.0011820
     D1HIA-a20c     -0.009     0.050       0.175     0.663      0.235     0.752      0.514     0.639      0.302     0.878    0.506     0.866   0.840     0.160      0.108     0.01190  -1	   0.0585161    -0.0232065
     D1HIA-a20d     -0.005     0.051       0.171     0.638     -0.061     0.750      0.504     0.665      0.777     0.886    0.531     0.866   0.680     0.150      0.111     0.01064  -1	   0.0177496     0.0047364
     D1HIA-a21a      0.022     0.060       0.183     0.562     -0.050     0.785      0.465     0.286      0.376     0.852    0.493     0.847   0.554     0.180      0.257     0.03817  -1	   0.0817875     0.1440233
     D1HIA-a21b      0.013     0.058       0.188     0.671      0.112     0.775      0.569     0.626      0.572     0.871    0.485     0.869   0.780     0.136      0.678     0.04298  -1	   0.3639982     0.0066350
     D1HIA-a21c      0.010     0.062       0.200     0.621     -0.011     0.770      0.497     0.353      0.978     0.860    0.547     0.831   0.680     0.143      0.310     0.02843  -1	   0.1487222     0.0935348
     D1HIA-a21d      0.014     0.061       0.200     0.690     -0.056     0.809      0.473     0.484      0.338     0.849    0.499     0.842   0.747     0.141      0.193     0.01567  -1	   0.0785004     0.0121214
     D1HIA-a22a      0.022     0.072       0.208     0.606      0.017     0.791      0.373     0.213      0.286     0.897    0.530     0.878   0.713     0.136      0.249     0.03290  -1	   0.1344277     0.2224169
     D1HIA-a22b      0.017     0.075       0.200     0.707      0.602     0.794      0.248     0.072      0.175     0.898    0.532     0.878   0.950     0.155      0.307     0.03900  -1	   0.6717749     0.7522613
     D1HIA-a22c      0.004     0.059       0.196     0.593      0.123     0.768      0.518     0.329      0.998     0.864    0.562     0.828   0.587     0.143      0.274     0.02805  -1	   0.1893751     0.1090724
     D1HIA-a22d     -0.001     0.033       0.108     0.722      0.303     0.774      0.387     0.333      0.642     0.859    0.473     0.861   0.896     0.257      0.257     0.01412  -1	   0.1595325     0.2617590
     D1HIA-a23a      0.016     0.067       0.208     0.647      0.066     0.806      0.370     0.189      0.159     0.871    0.512     0.857   0.738     0.132      0.241     0.03246  -1	   0.1627642     0.2814437
     D1HIA-a23b      0.025     0.049       0.167     0.753     -0.163     0.790      0.430     0.314      0.531     0.849    0.486     0.847   0.761     0.176      0.454     0.02406  -1	   0.1848188     0.1748188
     D1HIA-a23c      0.023     0.091       0.258     0.733     -0.077     0.793      0.335     0.270      0.061     0.883    0.537     0.861   0.802     0.115      0.381     0.02184  -1	   0.3723121     0.1575649
     D1HIA-a23d      0.024     0.051       0.192     0.664     -0.327     0.824      0.441     0.239      0.139     0.947    0.575     0.924   0.582     0.115      0.290     0.02983  -1	   0.0922975     0.2298353
     D1HIA-a24a      0.013     0.081       0.246     0.701     -0.141     0.781      0.470     0.474      0.190     0.867    0.518     0.851   0.711     0.117      0.424     0.02031  -1	   0.2921849    -0.0085273
     D1HIA-a24b      0.013     0.069       0.229     0.734     -0.346     0.802      0.376     0.360      0.211     0.805    0.530     0.783   0.636     0.126      0.493     0.01853  -1	   0.3092007     0.1563159
     D1HIA-a24c      0.026     0.084       0.258     0.686      0.140     0.797      0.344     0.256      0.041     0.876    0.533     0.853   0.780     0.114      0.357     0.02261  -1	   0.4073593     0.2224490
     D1HIA-a24d      0.018     0.079       0.242     0.666     -0.189     0.776      0.479     0.534      0.203     0.830    0.506     0.819   0.730     0.121      0.423     0.02040  -1	   0.2739954    -0.0308409
     D1HIA-a25a      0.023     0.052       0.158     0.767      0.138     0.816      0.394     0.246      0.195     0.918    0.609     0.874   0.826     0.127      0.344     0.02595  -1	   0.2964505     0.3492750
     D1HIA-a25b      0.018     0.077       0.233     0.696      0.101     0.785      0.395     0.387      0.230     0.840    0.517     0.824   0.780     0.128      0.447     0.02056  -1	   0.3772187     0.1065675
     D1HIA-a25c      0.020     0.045       0.150     0.704      0.096     0.799      0.436     0.291      0.352     0.888    0.501     0.878   0.841     0.187      0.628     0.02396  -1	   0.3926447     0.3097466
     D1HIA-a25d      0.014     0.067       0.217     0.596     -0.114     0.767      0.490     0.556      0.373     0.886    0.538     0.863   0.463     0.137      0.333     0.02552  -1	   0.1096865    -0.0174893
     D1HIA-a26a      0.016     0.070       0.212     0.595     -0.196     0.789      0.380     0.266      0.167     0.867    0.591     0.818   0.538     0.108      0.073     0.06619  -1	  -0.0202023     0.1421787
     D1HIA-a26b      0.013     0.093       0.254     0.588      0.073     0.780      0.495     0.397      0.179     0.876    0.531     0.855   0.612     0.107      0.074     0.09993  -1	   0.0795051    -0.0150983
     D1HIA-a26c      0.012     0.084       0.246     0.676      0.218     0.794      0.350     0.216      0.529     0.857    0.468     0.861   0.854     0.100      0.078     0.12565  -1	   0.2140150     0.2175445
     D1HIA-a26d      0.013     0.080       0.237     0.681      0.215     0.805      0.356     0.209      0.506     0.884    0.530     0.864   0.854     0.098      0.083     0.12710  -1	   0.1887782     0.2307408
     D1HIA-a27a      0.002     0.065       0.237     0.649     -0.006     0.754      0.402     0.502      0.908     0.889    0.552     0.861   0.680     0.118      0.091     0.06036  -1	   0.1043159     0.0862730
     D1HIA-a27b      0.011     0.084       0.258     0.603      0.148     0.793      0.469     0.331      0.098     0.870    0.493     0.864   0.713     0.099      0.091     0.08920  -1	   0.1139443     0.0733838
     D1HIA-a27c      0.008     0.084       0.237     0.598      0.225     0.799      0.476     0.328      0.093     0.877    0.515     0.863   0.661     0.101      0.066     0.10168  -1	   0.1181037     0.0800406
     D1HIA-a27d      0.002     0.083       0.250     0.680     -0.195     0.774      0.414     0.438      0.367     0.879    0.462     0.884   0.730     0.126      0.067     0.03721  -1	   0.0397934     0.0016630
     D1HIA-a28a      0.015     0.081       0.225     0.688     -0.000     0.825      0.287     0.185      0.122     0.933    0.638     0.885   0.780     0.113      0.247     0.11297  -1	   0.1849528     0.2491010
     D1HIA-a28b      0.003     0.056       0.188     0.701      0.226     0.776      0.389     0.335      0.505     0.870    0.487     0.866   0.909     0.128      0.209     0.03921  -1	   0.1764742     0.2046630
     D1HIA-a28c     -0.000     0.093       0.325     0.616      0.256     0.802      0.300     0.195      0.077     0.918    0.522     0.904   0.825     0.079      0.329     0.05378  -1	   0.4090355     0.2595646
     D1HIA-a28d      0.010     0.081       0.233     0.738     -0.120     0.774      0.396     0.488      0.030     0.884    0.501     0.874   0.711     0.128      0.131     0.03793  -1	   0.1301765    -0.0317583
     D1HIA-a29a      0.007     0.059       0.188     0.665      0.271     0.775      0.348     0.286      0.462     0.875    0.513     0.861   0.892     0.143      0.223     0.03931  -1	   0.2043959     0.2647084
     D1HIA-a29b      0.006     0.080       0.242     0.626     -0.194     0.783      0.430     0.450      0.598     0.890    0.556     0.860   0.664     0.130      0.069     0.03489  -1	   0.0251600     0.0073563
     D1HIA-a29c      0.009     0.070       0.233     0.700      0.146     0.801      0.371     0.293      0.479     0.909    0.488     0.903   0.834     0.123      0.131     0.02678  -1	   0.1549022     0.1631904
     D1HIA-a29d      0.012     0.059       0.196     0.686      0.086     0.817      0.447     0.417      0.288     0.852    0.513     0.838   0.805     0.120      0.146     0.02397  -1	   0.0854671     0.0742226
      D1HIA-a2a      0.009     0.049       0.163     0.707      0.217     0.783      0.539     0.619      0.233     0.880    0.425     0.896   0.864     0.146      0.052     0.01522  -1	   0.0813716     0.0189334
      D1HIA-a2b      0.004     0.056       0.167     0.699      0.185     0.794      0.390     0.478      0.698     0.901    0.590     0.860   0.845     0.188      0.096     0.01418  -1	   0.1127415     0.0804801
      D1HIA-a2c      0.007     0.064       0.200     0.485      0.402     0.792      0.414     0.367      0.693     0.894    0.527     0.875   0.481     0.126      0.126     0.01359  -1	   0.2815073     0.2267019
      D1HIA-a2d      0.013     0.045       0.142     0.752      0.077     0.781      0.491     0.520      0.278     0.882    0.479     0.880   0.821     0.178      0.300     0.01088  -1	   0.1813764     0.0566184
     D1HIA-a30a      0.009     0.056       0.188     0.697      0.059     0.779      0.364     0.314      0.476     0.873    0.506     0.861   0.805     0.145      0.215     0.04010  -1	   0.1022274     0.1699404
     D1HIA-a30b      0.010     0.073       0.229     0.622     -0.112     0.798      0.377     0.415      0.149     0.921    0.648     0.863   0.589     0.127      0.222     0.02501  -1	   0.0865419     0.0210491
     D1HIA-a30c      0.003     0.080       0.246     0.634     -0.209     0.783      0.431     0.440      0.553     0.890    0.541     0.866   0.570     0.130      0.202     0.03619  -1	   0.0618929     0.0154083
     D1HIA-a30d      0.010     0.079       0.237     0.762     -0.090     0.764      0.395     0.476      0.020     0.841    0.505     0.831   0.793     0.122      0.141     0.03768  -1	   0.1594613    -0.0226036
     D1HIA-a31a      0.005     0.057       0.192     0.700      0.181     0.767      0.367     0.307      0.843     0.872    0.522     0.854   0.900     0.129      0.215     0.03898  -1	   0.1891743     0.2401004
     D1HIA-a31b      0.004     0.072       0.233     0.718      0.010     0.783      0.438     0.534      0.683     0.897    0.519     0.882   0.834     0.125      0.132     0.01831  -1	   0.1059310     0.0235836
     D1HIA-a31c      0.007     0.080       0.254     0.583     -0.377     0.792      0.370     0.497      0.063     0.884    0.530     0.864   0.345     0.107      0.091     0.01207  -1	   0.0091340     0.0323519
     D1HIA-a31d      0.006     0.076       0.246     0.734      0.078     0.795      0.399     0.309      0.238     0.898    0.520     0.882   0.859     0.096      0.169     0.02741  -1	   0.1495614     0.1078160
     D1HIA-a32a      0.016     0.073       0.237     0.666     -0.056     0.795      0.433     0.526      0.335     0.895    0.486     0.891   0.747     0.111      0.218     0.01540  -1	   0.1142079    -0.0046506
     D1HIA-a32b      0.000     0.082       0.250     0.729      0.037     0.793      0.288     0.367      0.367     0.894    0.499     0.885   0.834     0.115      0.277     0.01826  -1	   0.2065058     0.1001398
     D1HIA-a32c      0.011     0.049       0.158     0.729      0.002     0.779      0.437     0.491      0.871     0.869    0.503     0.859   0.805     0.185      0.571     0.01206  -1	   0.2011695     0.1159983
     D1HIA-a32d      0.007     0.062       0.208     0.752     -0.004     0.777      0.441     0.565      0.210     0.898    0.535     0.878   0.793     0.150      0.108     0.01262  -1	   0.0591701    -0.0445149
     D1HIA-a33a      0.011     0.072       0.237     0.509     -0.179     0.802      0.470     0.554      0.215     0.878    0.515     0.863   0.384     0.116      0.203     0.01538  -1	   0.0139615    -0.0289242
     D1HIA-a33b      0.012     0.073       0.237     0.646     -0.146     0.800      0.443     0.513      0.899     0.878    0.520     0.861   0.589     0.109      0.204     0.01544  -1	   0.1209244     0.0703608
     D1HIA-a33c      0.014     0.069       0.229     0.572     -0.231     0.794      0.492     0.572      0.931     0.878    0.510     0.865   0.444     0.116      0.238     0.01518  -1	   0.1058469     0.0620823
     D1HIA-a33d      0.016     0.074       0.242     0.674     -0.081     0.794      0.453     0.549      0.216     0.904    0.505     0.893   0.747     0.112      0.212     0.01546  -1	   0.1152855    -0.0391068
     D1HIA-a34a      0.014     0.074       0.237     0.615     -0.168     0.803      0.471     0.562      0.977     0.887    0.547     0.860   0.664     0.117      0.199     0.01546  -1	   0.1398702     0.0724915
     D1HIA-a34b      0.014     0.069       0.229     0.574     -0.185     0.799      0.438     0.518      0.361     0.916    0.565     0.887   0.538     0.116      0.232     0.01525  -1	   0.0363496     0.0066298
     D1HIA-a34c      0.012     0.071       0.233     0.571     -0.085     0.794      0.448     0.527      0.429     0.869    0.487     0.866   0.554     0.117      0.188     0.01526  -1	   0.0506627     0.0111056
     D1HIA-a34d      0.013     0.073       0.225     0.587     -0.072     0.786      0.443     0.524      0.869     0.885    0.487     0.880   0.554     0.113      0.202     0.01530  -1	   0.1395208     0.0849223
     D1HIA-a35a      0.012     0.062       0.208     0.661     -0.001     0.783      0.497     0.564      0.860     0.878    0.506     0.866   0.747     0.168      0.012     0.01285  -1	   0.1067266     0.0205184
     D1HIA-a35b     -0.001     0.054       0.212     0.564      0.159     0.786      0.485     0.625      0.674     0.935    0.605     0.899   0.652     0.121      0.206     0.01278  -1	   0.1068246     0.0770024
     D1HIA-a35c      0.018     0.053       0.179     0.656     -0.117     0.772      0.534     0.543      0.294     0.865    0.526     0.845   0.656     0.146      0.030     0.01261  -1	  -0.0370093    -0.0212929
     D1HIA-a35d      0.015     0.064       0.204     0.698      0.070     0.767      0.460     0.506      0.452     0.925    0.548     0.904   0.805     0.152      0.038     0.01274  -1	   0.0354115    -0.0109679
     D1HIA-a36a      0.012     0.060       0.221     0.699     -0.211     0.782      0.512     0.595      0.988     0.911    0.635     0.855   0.637     0.122      0.009     0.01322  -1	   0.0656798     0.0138140
     D1HIA-a36b      0.015     0.060       0.208     0.566     -0.158     0.787      0.505     0.510      0.802     0.889    0.563     0.856   0.538     0.129      0.017     0.01293  -1	   0.0323352     0.0153997
     D1HIA-a36c      0.018     0.060       0.229     0.706     -0.345     0.777      0.430     0.465      0.436     0.913    0.546     0.891   0.636     0.127      0.032     0.01294  -1	  -0.0209852     0.0306359
     D1HIA-a36d      0.016     0.053       0.192     0.631     -0.098     0.777      0.538     0.556      0.333     0.888    0.560     0.856   0.680     0.148      0.031     0.01268  -1	  -0.0536274    -0.0339191
     D1HIA-a37a      0.014     0.050       0.175     0.650     -0.100     0.818      0.547     0.563      0.412     0.864    0.526     0.844   0.812     0.134      0.085     0.01152  -1	  -0.0255593    -0.0250737
     D1HIA-a37b      0.017     0.072       0.233     0.515      0.118     0.808      0.320     0.317      0.457     0.883    0.551     0.855   0.434     0.119      0.088     0.01165  -1	   0.0699309     0.1443912
     D1HIA-a37c      0.010     0.068       0.208     0.572      0.365     0.791      0.428     0.333      0.394     0.880    0.525     0.862   0.705     0.123      0.018     0.01750  -1	   0.1592163     0.1600906
     D1HIA-a37d      0.003     0.044       0.125     0.713     -0.346     0.777      0.537     0.696      0.786     0.902    0.541     0.880   0.836     0.211      0.165     0.01180  -1	   0.0633728     0.0317932
     D1HIA-a38a     -0.000     0.037       0.133     0.711      0.407     0.821      0.360     0.304      0.257     0.900    0.516     0.886   0.902     0.224      0.356     0.01534  -1	   0.3635401     0.4296657
     D1HIA-a38b     -0.011     0.040       0.142     0.709      0.118     0.751      0.604     0.792      0.603     0.882    0.538     0.858   0.851     0.192      0.133     0.01174  -1	   0.0177150    -0.0221784
     D1HIA-a38c      0.019     0.056       0.183     0.657     -0.153     0.776      0.516     0.534      0.661     0.898    0.538     0.876   0.730     0.158      0.049     0.01272  -1	   0.0164859     0.0008088
     D1HIA-a38d      0.008     0.038       0.142     0.737      0.157     0.785      0.560     0.621      0.493     0.855    0.482     0.855   0.819     0.185      0.237     0.01524  -1	   0.1170871     0.0413384
     D1HIA-a39a      0.004     0.046       0.158     0.677      0.357     0.796      0.314     0.178      0.829     0.873    0.493     0.867   0.903     0.193      0.210     0.02383  -1	   0.2735141     0.4749144
     D1HIA-a39b      0.005     0.058       0.204     0.739      0.007     0.768      0.472     0.564      0.392     0.854    0.492     0.849   0.834     0.130      0.227     0.02705  -1	   0.1076138    -0.0111644
     D1HIA-a39c      0.002     0.057       0.204     0.763     -0.019     0.767      0.488     0.610      0.391     0.856    0.494     0.850   0.793     0.125      0.235     0.02746  -1	   0.1039379    -0.0213941
     D1HIA-a39d      0.016     0.058       0.183     0.685      0.177     0.801      0.409     0.332      0.067     0.887    0.580     0.846   0.845     0.163      0.123     0.02850  -1	   0.1257100     0.1596423
      D1HIA-a3a     -0.002     0.063       0.212     0.635      0.262     0.776      0.490     0.610      0.878     0.903    0.548     0.879   0.825     0.136      0.130     0.01162  -1	   0.2371299     0.1049336
      D1HIA-a3b      0.000     0.046       0.171     0.700      0.057     0.790      0.542     0.636      0.906     0.887    0.553     0.859   0.841     0.167      0.095     0.01257  -1	   0.0848961     0.0194858
      D1HIA-a3c      0.010     0.074       0.237     0.546     -0.073     0.789      0.430     0.519      0.835     0.894    0.538     0.872   0.401     0.104      0.202     0.01537  -1	   0.1121315     0.0868557
      D1HIA-a3d      0.014     0.045       0.142     0.765      0.073     0.791      0.488     0.517      0.624     0.880    0.468     0.882   0.821     0.171      0.273     0.01088  -1	   0.1407933     0.0692104
     D1HIA-a40a      0.028     0.064       0.204     0.687      0.029     0.790      0.381     0.144      0.113     0.940    0.521     0.927   0.780     0.141      0.199     0.03521  -1	   0.1426648     0.2963253
     D1HIA-a40b      0.016     0.057       0.183     0.672      0.136     0.791      0.401     0.303      0.047     0.871    0.524     0.853   0.780     0.159      0.103     0.02840  -1	   0.0880717     0.1613418
     D1HIA-a40c      0.016     0.067       0.192     0.726      0.405     0.785      0.294     0.118      0.530     0.887    0.557     0.856   1.000     0.125      0.275     0.02859  -1	   0.4008516     0.5607338
     D1HIA-a40d      0.011     0.064       0.192     0.750      0.396     0.786      0.287     0.114      0.440     0.874    0.511     0.861   0.944     0.147      0.352     0.02308  -1	   0.4432125     0.5596912
     D1HIA-a41a      0.026     0.071       0.212     0.678     -0.014     0.811      0.357     0.192      0.270     0.874    0.532     0.853   0.747     0.128      0.196     0.03257  -1	   0.1258505     0.2386087
     D1HIA-a41b      0.015     0.060       0.192     0.586      0.135     0.766      0.537     0.356      0.588     0.892    0.531     0.872   0.587     0.151      0.316     0.02850  -1	   0.1580749     0.1076143
     D1HIA-a41c      0.018     0.049       0.179     0.722     -0.154     0.792      0.430     0.321      0.305     0.849    0.544     0.820   0.781     0.167      0.073     0.02720  -1	  -0.0029184     0.1223231
     D1HIA-a41d      0.010     0.064       0.171     0.735      0.222     0.826      0.390     0.223      0.830     0.926    0.565     0.900   0.909     0.149      0.344     0.07640  -1	   0.3139324     0.3425005
     D1HIA-a42a      0.008     0.059       0.183     0.742      0.420     0.810      0.310     0.122      0.082     0.871    0.504     0.860   1.000     0.140      0.429     0.02802  -1	   0.5996526     0.7155415
     D1HIA-a42b      0.020     0.060       0.188     0.599      0.004     0.780      0.451     0.171      0.066     0.909    0.537     0.889   0.587     0.150      0.254     0.03670  -1	   0.1194505     0.2832314
     D1HIA-a42c      0.023     0.062       0.183     0.633     -0.124     0.774      0.408     0.135      0.124     0.902    0.521     0.887   0.589     0.151      0.240     0.03583  -1	   0.1130857     0.3160010
     D1HIA-a42d      0.020     0.088       0.258     0.689     -0.146     0.801      0.373     0.299      0.076     0.844    0.503     0.835   0.656     0.112      0.288     0.02204  -1	   0.2378358     0.1194517
     D1HIA-a43a      0.006     0.063       0.188     0.710     -0.009     0.766      0.489     0.419      0.150     0.884    0.522     0.866   0.802     0.153      0.101     0.02716  -1	   0.0522085     0.0357231
     D1HIA-a43b      0.020     0.067       0.188     0.734     -0.042     0.780      0.393     0.158      0.044     0.910    0.519     0.895   0.802     0.148      0.265     0.03735  -1	   0.2282193     0.3410014
     D1HIA-a43c      0.017     0.066       0.196     0.723     -0.070     0.765      0.363     0.177      0.052     0.892    0.523     0.875   0.802     0.152      0.278     0.03625  -1	   0.2268663     0.3186610
     D1HIA-a43d      0.018     0.058       0.183     0.649      0.025     0.773      0.469     0.178      0.113     0.931    0.553     0.909   0.713     0.156      0.229     0.03618  -1	   0.1141940     0.2866007
     D1HIA-a44a      0.009     0.089       0.263     0.593      0.269     0.773      0.356     0.204      0.307     0.874    0.541     0.849   0.699     0.098      0.174     0.06258  -1	   0.2403069     0.2153030
     D1HIA-a44b      0.015     0.053       0.179     0.655     -0.406     0.804      0.531     0.332      0.247     0.908    0.609     0.861   0.000     0.144      0.021     0.05440  -1	  -0.0426772     0.0368750
     D1HIA-a44c      0.015     0.061       0.183     0.759      0.233     0.794      0.408     0.217      0.055     0.862    0.527     0.842   0.901     0.184      0.278     0.04096  -1	   0.3479087     0.3920214
     D1HIA-a44d      0.020     0.079       0.237     0.609     -0.215     0.785      0.405     0.291      0.323     0.935    0.593     0.902   0.570     0.097      0.118     0.07714  -1	   0.0050795     0.0715248
     D1HIA-a45a      0.010     0.090       0.258     0.606      0.227     0.768      0.352     0.212      0.327     0.894    0.578     0.855   0.787     0.095      0.153     0.05790  -1	   0.1994381     0.1965450
     D1HIA-a45b      0.015     0.094       0.263     0.682     -0.001     0.785      0.394     0.282      0.192     0.904    0.574     0.870   0.747     0.109      0.178     0.09618  -1	   0.1580151     0.0631307
     D1HIA-a45c      0.014     0.093       0.271     0.610      0.071     0.784      0.463     0.360      0.093     0.892    0.517     0.877   0.738     0.100      0.074     0.09957  -1	   0.0907225     0.0067972
     D1HIA-a45d      0.006     0.094       0.267     0.612      0.154     0.797      0.389     0.232      0.099     0.887    0.484     0.884   0.778     0.099      0.082     0.10531  -1	   0.1354758     0.1129931
     D1HIA-a46a      0.016     0.071       0.212     0.618     -0.344     0.788      0.407     0.288      0.292     0.853    0.528     0.832   0.515     0.103      0.073     0.06656  -1	   0.0021166     0.1322426
     D1HIA-a46b      0.019     0.073       0.212     0.627     -0.320     0.794      0.423     0.298      0.232     0.871    0.523     0.853   0.515     0.100      0.067     0.06718  -1	   0.0011621     0.1097698
     D1HIA-a46c      0.020     0.070       0.225     0.669     -0.336     0.800      0.421     0.272      0.298     0.842    0.493     0.836   0.582     0.096      0.058     0.06530  -1	   0.0059154     0.1252644
     D1HIA-a46d      0.015     0.077       0.237     0.716      0.183     0.792      0.335     0.197      0.492     0.879    0.494     0.872   0.900     0.103      0.088     0.12690  -1	   0.1777700     0.2355711
     D1HIA-a47a      0.018     0.067       0.221     0.728     -0.309     0.808      0.439     0.306      0.243     0.846    0.481     0.846   0.636     0.098      0.073     0.06640  -1	   0.0185302     0.1047264
     D1HIA-a47b     -0.000     0.080       0.258     0.670     -0.089     0.792      0.440     0.475      0.468     0.886    0.527     0.867   0.747     0.112      0.227     0.03622  -1	   0.0982986    -0.0054266
     D1HIA-a47c      0.009     0.068       0.237     0.580     -0.404     0.811      0.469     0.394      0.624     0.867    0.550     0.838   0.000     0.100      0.286     0.07300  -1	   0.0168568     0.0208658
     D1HIA-a47d     -0.001     0.083       0.254     0.614     -0.161     0.799      0.480     0.531      0.699     0.878    0.504     0.867   0.664     0.117      0.211     0.03666  -1	   0.0953249     0.0102899
     D1HIA-a48a      0.003     0.081       0.246     0.691     -0.262     0.770      0.424     0.480      0.406     0.879    0.516     0.864   0.582     0.132      0.079     0.03744  -1	   0.0254170    -0.0101003
     D1HIA-a48b      0.010     0.088       0.275     0.725     -0.102     0.749      0.384     0.455      0.476     0.923    0.630     0.873   0.711     0.093      0.215     0.05467  -1	   0.1140360    -0.0159699
     D1HIA-a48c     -0.002     0.080       0.254     0.698     -0.183     0.785      0.452     0.475      0.536     0.888    0.528     0.870   0.730     0.118      0.187     0.03620  -1	   0.0644986    -0.0143782
     D1HIA-a48d      0.003     0.082       0.258     0.651     -0.179     0.775      0.487     0.510      0.442     0.890    0.520     0.874   0.730     0.120      0.190     0.03630  -1	   0.0711052    -0.0298523
     D1HIA-a49a      0.007     0.082       0.250     0.605     -0.333     0.810      0.387     0.424      0.125     0.869    0.521     0.853   0.515     0.126      0.266     0.02550  -1	   0.1318872     0.0596222
     D1HIA-a49b      0.008     0.067       0.233     0.635     -0.093     0.801      0.439     0.444      0.606     0.897    0.519     0.882   0.680     0.127      0.286     0.02543  -1	   0.1007654     0.0594798
     D1HIA-a49c      0.004     0.082       0.250     0.707     -0.197     0.783      0.438     0.446      0.415     0.895    0.467     0.896   0.785     0.118      0.229     0.03658  -1	   0.1199231     0.0077453
     D1HIA-a49d      0.002     0.077       0.233     0.487     -0.198     0.794      0.537     0.535      0.405     0.866    0.506     0.855   0.267     0.126      0.123     0.03596  -1	  -0.0167380    -0.0434127
      D1HIA-a4a      0.014     0.078       0.229     0.600     -0.018     0.814      0.271     0.261      0.662     0.884    0.524     0.866   0.680     0.113      0.124     0.01181  -1	   0.1018889     0.2562943
      D1HIA-a4b      0.017     0.071       0.221     0.538     -0.155     0.778      0.448     0.553      0.706     0.880    0.498     0.872   0.384     0.125      0.196     0.01527  -1	   0.0679955     0.0612075
      D1HIA-a4c     -0.003     0.066       0.212     0.683      0.169     0.775      0.427     0.561      0.723     0.872    0.507     0.860   0.845     0.131      0.116     0.01149  -1	   0.1491596     0.0606563
      D1HIA-a4d      0.006     0.055       0.204     0.589      0.474     0.788      0.294     0.217      0.325     0.933    0.585     0.902   0.722     0.137      0.041     0.01201  -1	   0.1967615     0.3327301
     D1HIA-a50a      0.012     0.071       0.229     0.580      0.063     0.789      0.457     0.527      0.831     0.897    0.524     0.880   0.612     0.114      0.210     0.01542  -1	   0.1731876     0.0901586
     D1HIA-a50b     -0.001     0.088       0.267     0.591     -0.199     0.772      0.478     0.515      0.474     0.873    0.539     0.849   0.538     0.113      0.057     0.03648  -1	   0.0047123    -0.0356816
     D1HIA-a50c      0.008     0.072       0.225     0.734     -0.111     0.782      0.428     0.516      0.367     0.907    0.549     0.882   0.711     0.115      0.117     0.01765  -1	   0.0393906    -0.0260877
     D1HIA-a50d      0.012     0.061       0.200     0.733      0.224     0.804      0.419     0.308      0.632     0.884    0.493     0.878   0.909     0.128      0.230     0.02550  -1	   0.2446812     0.2356494
     D1HIA-a51a      0.001     0.082       0.250     0.650      0.060     0.796      0.298     0.363      0.425     0.911    0.587     0.873   0.805     0.113      0.259     0.01815  -1	   0.1641634     0.1154894
     D1HIA-a51b      0.001     0.081       0.246     0.721      0.009     0.787      0.302     0.385      0.525     0.904    0.578     0.867   0.834     0.108      0.252     0.01814  -1	   0.1554145     0.0952017
     D1HIA-a51c      0.002     0.079       0.237     0.712     -0.002     0.787      0.316     0.418      0.299     0.887    0.551     0.859   0.802     0.117      0.289     0.01790  -1	   0.1875636     0.0481930
     D1HIA-a51d      0.003     0.080       0.250     0.657      0.037     0.795      0.318     0.393      0.251     0.887    0.505     0.876   0.780     0.113      0.257     0.01809  -1	   0.1738223     0.0684919
     D1HIA-a52a      0.002     0.081       0.246     0.695      0.075     0.797      0.301     0.379      0.458     0.880    0.490     0.875   0.805     0.123      0.273     0.01819  -1	   0.2063800     0.1221999
     D1HIA-a52b      0.015     0.076       0.246     0.647     -0.085     0.795      0.445     0.522      0.557     0.905    0.502     0.895   0.680     0.110      0.197     0.01532  -1	   0.0980985     0.0244614
     D1HIA-a52c      0.002     0.082       0.250     0.722      0.080     0.792      0.293     0.372      0.325     0.888    0.552     0.860   0.859     0.115      0.266     0.01816  -1	   0.2160481     0.0843525
     D1HIA-a52d      0.002     0.081       0.242     0.738      0.028     0.791      0.281     0.377      0.095     0.882    0.536     0.859   0.834     0.119      0.265     0.01823  -1	   0.2432075     0.0600900
     D1HIA-a53a      0.001     0.081       0.246     0.731      0.099     0.774      0.303     0.383      0.377     0.861    0.508     0.848   0.859     0.127      0.275     0.01818  -1	   0.2276319     0.0835246
     D1HIA-a53b      0.016     0.068       0.225     0.671      0.090     0.784      0.451     0.463      0.988     0.924    0.538     0.904   0.805     0.119      0.110     0.01249  -1	   0.2221919     0.1086166
     D1HIA-a53c      0.002     0.082       0.246     0.724      0.052     0.791      0.286     0.373      0.416     0.888    0.519     0.872   0.859     0.113      0.261     0.01822  -1	   0.1955180     0.1040498
     D1HIA-a53d      0.012     0.056       0.204     0.683     -0.485     0.809      0.481     0.668      0.906     0.901    0.560     0.871   0.613     0.130      0.159     0.01746  -1	   0.0741649     0.1037622
     D1HIA-a54a      0.016     0.063       0.208     0.684     -0.105     0.789      0.493     0.535      0.270     0.895    0.555     0.866   0.656     0.158      0.005     0.01291  -1	  -0.0315865    -0.0410338
     D1HIA-a54b      0.007     0.064       0.229     0.634      0.182     0.773      0.413     0.553      0.254     0.853    0.483     0.852   0.778     0.143      0.124     0.01319  -1	   0.1106681    -0.0043799
     D1HIA-a54c      0.010     0.060       0.208     0.665     -0.046     0.774      0.466     0.521      0.844     0.907    0.566     0.876   0.747     0.168      0.012     0.01288  -1	   0.0626853     0.0177557
     D1HIA-a54d      0.006     0.078       0.237     0.575      0.371     0.789      0.308     0.201      0.477     0.876    0.495     0.869   0.705     0.116      0.017     0.01816  -1	   0.2273626     0.2670435
     D1HIA-a55a      0.012     0.076       0.250     0.666      0.374     0.810      0.321     0.218      0.799     0.922    0.566     0.894   0.898     0.126      0.058     0.01768  -1	   0.3712741     0.3654030
     D1HIA-a55b      0.002     0.100       0.287     0.644      0.013     0.782      0.399     0.545      0.092     0.893    0.567     0.859   0.713     0.115      0.278     0.01356  -1	   0.2479962    -0.0965820
     D1HIA-a55c      0.010     0.081       0.233     0.634      0.238     0.782      0.428     0.351      0.895     0.918    0.546     0.896   0.787     0.112      0.048     0.01803  -1	   0.2828885     0.1464178
     D1HIA-a55d      0.009     0.058       0.196     0.660      0.090     0.780      0.468     0.538      0.955     0.902    0.545     0.878   0.805     0.162      0.038     0.01265  -1	   0.1509252     0.0559115
     D1HIA-a56a      0.012     0.061       0.204     0.650      0.005     0.778      0.477     0.522      0.270     0.888    0.501     0.879   0.780     0.155      0.046     0.01287  -1	   0.0003271    -0.0299064
     D1HIA-a56b      0.018     0.053       0.204     0.617     -0.095     0.774      0.499     0.499      0.419     0.876    0.528     0.856   0.680     0.140      0.031     0.01270  -1	  -0.0409116    -0.0017224
     D1HIA-a56c      0.017     0.055       0.196     0.639     -0.072     0.785      0.522     0.541      0.596     0.880    0.508     0.867   0.680     0.144      0.025     0.01268  -1	   0.0036587     0.0010504
     D1HIA-a56d      0.010     0.063       0.217     0.616      0.356     0.794      0.412     0.298      0.352     0.892    0.538     0.870   0.831     0.131      0.065     0.01723  -1	   0.1756423     0.2287264
     D1HIA-a57a      0.004     0.047       0.167     0.700      0.342     0.799      0.273     0.142      0.662     0.883    0.570     0.847   0.896     0.193      0.222     0.02347  -1	   0.2420701     0.5016626
     D1HIA-a57b      0.003     0.048       0.167     0.693      0.345     0.783      0.297     0.166      0.543     0.873    0.521     0.856   0.872     0.201      0.252     0.02320  -1	   0.2431375     0.4456867
     D1HIA-a57c      0.000     0.046       0.154     0.668      0.330     0.806      0.303     0.174      0.740     0.847    0.456     0.857   0.872     0.198      0.241     0.02408  -1	   0.2447689     0.4776268
     D1HIA-a57d     -0.010     0.048       0.158     0.695      0.096     0.755      0.512     0.633      0.657     0.911    0.464     0.912   0.817     0.169      0.064     0.01705  -1	   0.0423475     0.0066367
     D1HIA-a58a      0.014     0.059       0.200     0.604      0.056     0.798      0.400     0.324      0.252     0.861    0.535     0.838   0.738     0.157      0.079     0.02850  -1	   0.0099679     0.1042143
     D1HIA-a58b      0.015     0.061       0.188     0.638      0.157     0.795      0.378     0.306      0.117     0.869    0.471     0.872   0.778     0.152      0.099     0.02859  -1	   0.0866611     0.1424166
     D1HIA-a58c      0.010     0.064       0.221     0.617      0.270     0.778      0.382     0.322      0.818     0.927    0.533     0.909   0.825     0.129      0.196     0.02864  -1	   0.2738244     0.2708895
     D1HIA-a58d      0.016     0.058       0.183     0.638      0.108     0.788      0.426     0.341      0.048     0.862    0.474     0.863   0.713     0.157      0.127     0.02846  -1	   0.0881601     0.1214033
     D1HIA-a59a      0.002     0.049       0.158     0.697      0.328     0.790      0.292     0.163      0.464     0.870    0.514     0.856   0.872     0.203      0.256     0.02341  -1	   0.2345324     0.4458842
     D1HIA-a59b      0.016     0.052       0.179     0.711      0.082     0.793      0.428     0.316      0.083     0.871    0.446     0.882   0.859     0.178      0.100     0.02828  -1	   0.0932377     0.1700319
     D1HIA-a59c      0.016     0.057       0.192     0.658      0.086     0.791      0.418     0.324      0.097     0.863    0.469     0.867   0.805     0.157      0.111     0.02866  -1	   0.0765484     0.1360146
     D1HIA-a59d      0.005     0.057       0.212     0.776     -0.204     0.770      0.507     0.621      0.513     0.892    0.545     0.867   0.683     0.132      0.265     0.02601  -1	   0.0750492    -0.0161614
      D1HIA-a5a     -0.001     0.058       0.221     0.540      0.043     0.776      0.512     0.649      0.723     0.926    0.535     0.908   0.434     0.114      0.190     0.01283  -1	   0.0681446     0.0473450
      D1HIA-a5b     -0.001     0.059       0.217     0.548      0.018     0.777      0.522     0.682      0.890     0.916    0.506     0.905   0.434     0.119      0.194     0.01280  -1	   0.1173058     0.0704670
      D1HIA-a5c     -0.005     0.065       0.200     0.719      0.217     0.769      0.453     0.588      0.081     0.891    0.531     0.871   0.909     0.140      0.092     0.01183  -1	   0.1179026    -0.0687996
      D1HIA-a5d      0.005     0.062       0.204     0.498      0.103     0.790      0.491     0.559      0.966     0.915    0.528     0.898   0.316     0.148      0.426     0.01385  -1	   0.2170476     0.1106944
     D1HIA-a60a      0.014     0.060       0.188     0.635      0.203     0.778      0.407     0.345      0.079     0.874    0.510     0.862   0.787     0.155      0.119     0.02884  -1	   0.1088425     0.1188180
     D1HIA-a60b      0.022     0.074       0.204     0.770      0.035     0.777      0.331     0.104      0.031     0.882    0.527     0.863   0.826     0.144      0.383     0.03688  -1	   0.4051559     0.4546615
     D1HIA-a60c      0.014     0.059       0.196     0.677     -0.114     0.797      0.414     0.333      0.178     0.880    0.524     0.862   0.656     0.152      0.093     0.02822  -1	   0.0109501     0.0872285
     D1HIA-a60d      0.009     0.061       0.200     0.707      0.002     0.766      0.495     0.431      0.063     0.867    0.472     0.869   0.834     0.157      0.053     0.02684  -1	   0.0440971     0.0408147
     D1HIA-a61a      0.005     0.078       0.225     0.701      0.112     0.809      0.275     0.195      0.355     0.897    0.510     0.885   0.834     0.131      0.526     0.04076  -1	   0.4053207     0.3412091
     D1HIA-a61b      0.003     0.044       0.150     0.716      0.196     0.777      0.495     0.547      0.709     0.894    0.577     0.857   0.819     0.177      0.256     0.03175  -1	   0.1481291     0.0813807
     D1HIA-a61c      0.007     0.057       0.175     0.750      0.158     0.794      0.401     0.241      0.518     0.914    0.526     0.898   0.892     0.152      0.405     0.06530  -1	   0.2743875     0.2885449
     D1HIA-a61d      0.007     0.061       0.196     0.647     -0.019     0.783      0.518     0.359      1.000     0.918    0.639     0.863   0.680     0.145      0.293     0.02827  -1	   0.1545473     0.0925486
     D1HIA-a62a      0.013     0.090       0.271     0.615      0.296     0.763      0.393     0.248      0.346     0.901    0.587     0.861   0.825     0.093      0.166     0.05772  -1	   0.2645247     0.2072447
     D1HIA-a62b      0.008     0.051       0.150     0.655      0.321     0.801      0.427     0.245      0.462     0.948    0.561     0.927   0.920     0.161      0.442     0.07765  -1	   0.3438830     0.4262763
     D1HIA-a62c      0.012     0.054       0.167     0.687      0.336     0.790      0.413     0.236      0.122     0.935    0.541     0.916   0.920     0.173      0.347     0.06649  -1	   0.3692231     0.4211137
     D1HIA-a62d      0.021     0.071       0.204     0.667     -0.138     0.777      0.380     0.184      0.377     0.872    0.505     0.861   0.656     0.139      0.412     0.03613  -1	   0.2069017     0.2583620
     D1HIA-a63a      0.019     0.048       0.183     0.762      0.266     0.811      0.477     0.331      0.850     0.914    0.554     0.889   0.875     0.135      0.453     0.05370  -1	   0.3765683     0.3149115
     D1HIA-a63b      0.013     0.089       0.258     0.581      0.066     0.783      0.508     0.404      0.181     0.864    0.507     0.852   0.612     0.100      0.067     0.09303  -1	   0.0661205    -0.0052939
     D1HIA-a63c      0.012     0.086       0.254     0.549      0.196     0.777      0.523     0.433      0.293     0.887    0.514     0.873   0.499     0.101      0.115     0.08132  -1	   0.1336473     0.0157564
     D1HIA-a63d      0.016     0.083       0.242     0.674      0.301     0.803      0.296     0.142      0.051     0.900    0.506     0.889   0.920     0.100      0.146     0.12569  -1	   0.2860764     0.3412484
     D1HIA-a64a      0.009     0.086       0.263     0.612      0.200     0.777      0.508     0.363      0.081     0.883    0.507     0.871   0.787     0.097      0.069     0.09419  -1	   0.1256950     0.0773777
     D1HIA-a64b      0.011     0.069       0.221     0.605     -0.368     0.787      0.426     0.324      0.340     0.888    0.522     0.872   0.471     0.120      0.227     0.07232  -1	   0.0574368     0.1138247
     D1HIA-a64c      0.013     0.071       0.229     0.642     -0.259     0.804      0.457     0.365      0.272     0.850    0.461     0.858   0.515     0.119      0.207     0.07269  -1	   0.0688666     0.0585035
     D1HIA-a64d      0.007     0.066       0.221     0.603     -0.349     0.800      0.462     0.369      0.968     0.881    0.545     0.855   0.515     0.119      0.238     0.07247  -1	   0.0889162     0.0978198
     D1HIA-a65a      0.020     0.073       0.233     0.676     -0.179     0.816      0.415     0.292      0.318     0.876    0.536     0.853   0.730     0.096      0.047     0.06679  -1	  -0.0086388     0.0841728
     D1HIA-a65b      0.018     0.060       0.212     0.538     -0.356     0.798      0.448     0.286      0.711     0.909    0.593     0.868   0.192     0.148      0.161     0.04271  -1	   0.0194575     0.0918460
     D1HIA-a65c     -0.002     0.069       0.258     0.714     -0.247     0.741      0.369     0.407      0.573     0.889    0.538     0.866   0.691     0.114      0.223     0.05999  -1	   0.0483314     0.0542718
     D1HIA-a65d      0.015     0.081       0.237     0.698      0.240     0.797      0.334     0.190      0.106     0.849    0.498     0.842   0.854     0.098      0.068     0.12776  -1	   0.1872514     0.2354168
     D1HIA-a66a      0.016     0.056       0.179     0.600     -0.215     0.805      0.451     0.336      0.457     0.881    0.502     0.871   0.570     0.147      0.462     0.04504  -1	   0.1386437     0.1599484
     D1HIA-a66b      0.005     0.058       0.196     0.715      0.289     0.781      0.373     0.322      0.818     0.885    0.517     0.870   0.946     0.131      0.215     0.03943  -1	   0.2736452     0.2810463
     D1HIA-a66c      0.008     0.068       0.217     0.582      0.204     0.784      0.405     0.160      0.279     0.873    0.472     0.874   0.661     0.123      0.126     0.09623  -1	   0.1103749     0.2544768
     D1HIA-a66d      0.006     0.093       0.275     0.690      0.088     0.790      0.433     0.310      0.031     0.906    0.609     0.858   0.805     0.094      0.070     0.09468  -1	   0.1090509     0.0510971
     D1HIA-a67a      0.020     0.085       0.242     0.676     -0.012     0.795      0.315     0.192      0.078     0.940    0.531     0.925   0.747     0.104      0.211     0.11618  -1	   0.1687167     0.1805022
     D1HIA-a67b      0.005     0.082       0.258     0.614     -0.211     0.791      0.444     0.451      0.430     0.873    0.496     0.866   0.570     0.124      0.055     0.03694  -1	   0.0085875    -0.0056737
     D1HIA-a67c      0.005     0.080       0.237     0.615     -0.232     0.809      0.362     0.398      0.251     0.906    0.596     0.864   0.570     0.136      0.254     0.02602  -1	   0.0918848     0.0551613
     D1HIA-a67d     -0.004     0.067       0.200     0.714      0.339     0.781      0.439     0.426      0.768     0.865    0.544     0.838   0.974     0.143      0.044     0.03960  -1	   0.2367484     0.1325618
     D1HIA-a68a      0.007     0.061       0.204     0.678      0.101     0.790      0.363     0.274      0.664     0.875    0.510     0.862   0.780     0.128      0.203     0.02895  -1	   0.1359130     0.2128079
     D1HIA-a68b      0.009     0.076       0.242     0.606     -0.123     0.802      0.353     0.373      0.051     0.896    0.624     0.838   0.589     0.124      0.270     0.02506  -1	   0.1482170     0.0721315
     D1HIA-a68c      0.003     0.061       0.196     0.702      0.404     0.783      0.376     0.327      0.316     0.884    0.528     0.865   1.000     0.142      0.049     0.03003  -1	   0.2028699     0.2181740
     D1HIA-a68d      0.013     0.065       0.229     0.582      0.049     0.803      0.431     0.438      0.111     0.879    0.597     0.829   0.587     0.118      0.151     0.02470  -1	   0.0536493     0.0142158
     D1HIA-a69a     -0.001     0.076       0.250     0.726     -0.057     0.792      0.329     0.425      0.662     0.907    0.600     0.863   0.802     0.120      0.219     0.01783  -1	   0.1056143     0.0780419
     D1HIA-a69b      0.008     0.067       0.217     0.610     -0.223     0.785      0.412     0.437      0.415     0.894    0.561     0.863   0.570     0.137      0.298     0.02607  -1	   0.0774243     0.0581822
     D1HIA-a69c      0.002     0.050       0.167     0.584      0.098     0.798      0.485     0.414      0.544     0.879    0.460     0.884   0.744     0.162      0.188     0.02574  -1	   0.0670501     0.1006951
     D1HIA-a69d      0.007     0.068       0.221     0.638      0.009     0.801      0.341     0.344      0.133     0.893    0.543     0.869   0.713     0.129      0.299     0.02578  -1	   0.1722144     0.1203805
      D1HIA-a6a      0.003     0.049       0.179     0.668      0.165     0.800      0.487     0.456      0.694     0.902    0.550     0.876   0.794     0.147      0.425     0.01974  -1	   0.2252497     0.1492506
      D1HIA-a6b      0.009     0.065       0.225     0.538     -0.003     0.777      0.520     0.556      0.918     0.868    0.554     0.836   0.401     0.122      0.473     0.02130  -1	   0.1732285     0.0639608
      D1HIA-a6c      0.005     0.047       0.188     0.680      0.346     0.763      0.514     0.513      0.758     0.873    0.496     0.865   0.872     0.112      0.250     0.01241  -1	   0.2766345     0.2005138
      D1HIA-a6d      0.005     0.044       0.167     0.615      0.479     0.783      0.416     0.285      0.428     0.903    0.538     0.881   0.836     0.153      0.332     0.01161  -1	   0.3649105     0.4701347
     D1HIA-a70a      0.004     0.080       0.242     0.745     -0.013     0.796      0.330     0.429      0.593     0.881    0.576     0.841   0.802     0.113      0.262     0.01808  -1	   0.1607390     0.0717262
     D1HIA-a70b      0.005     0.047       0.171     0.700      0.274     0.793      0.401     0.235      0.379     0.886    0.572     0.848   0.896     0.160      0.108     0.01719  -1	   0.1131036     0.3055209
     D1HIA-a70c      0.002     0.082       0.254     0.728      0.005     0.800      0.312     0.403      0.274     0.896    0.488     0.891   0.834     0.116      0.242     0.01809  -1	   0.1855679     0.0498960
     D1HIA-a70d      0.007     0.071       0.217     0.627     -0.138     0.794      0.387     0.438      0.218     0.909    0.616     0.860   0.589     0.138      0.261     0.02549  -1	   0.0985722     0.0257959
     D1HIA-a71a     -0.003     0.057       0.171     0.558     -0.257     0.794      0.533     0.514      0.668     0.918    0.595     0.880   0.389     0.163      0.311     0.01879  -1	   0.0303190     0.0146062
     D1HIA-a71b      0.002     0.082       0.250     0.704      0.013     0.798      0.317     0.393      0.273     0.906    0.575     0.872   0.834     0.106      0.250     0.01809  -1	   0.1690988     0.0435898
     D1HIA-a71c      0.003     0.080       0.229     0.695      0.021     0.799      0.299     0.357      0.498     0.895    0.515     0.881   0.780     0.121      0.281     0.01784  -1	   0.1768552     0.1379565
     D1HIA-a71d      0.001     0.082       0.250     0.707      0.022     0.794      0.296     0.372      0.567     0.908    0.616     0.857   0.834     0.111      0.264     0.01815  -1	   0.1672231     0.1172337
     D1HIA-a72a      0.009     0.070       0.225     0.616     -0.035     0.791      0.362     0.373      0.230     0.888    0.559     0.857   0.680     0.125      0.327     0.02558  -1	   0.1587376     0.0968142
     D1HIA-a72b      0.000     0.080       0.242     0.712      0.045     0.776      0.263     0.259      0.836     0.918    0.591     0.882   0.834     0.122      0.119     0.01846  -1	   0.1443316     0.2078233
     D1HIA-a72c      0.015     0.074       0.246     0.613     -0.153     0.805      0.480     0.544      0.927     0.882    0.523     0.864   0.664     0.112      0.234     0.01539  -1	   0.1406160     0.0671496
     D1HIA-a72d      0.004     0.080       0.246     0.700      0.024     0.807      0.307     0.387      0.418     0.900    0.558     0.870   0.834     0.110      0.254     0.01791  -1	   0.1656821     0.0928186
     D1HIA-a73a      0.002     0.075       0.233     0.755      0.287     0.773      0.414     0.507      0.440     0.901    0.513     0.888   0.938     0.107      0.184     0.01298  -1	   0.2751143     0.0817920
     D1HIA-a73b      0.011     0.054       0.175     0.682      0.013     0.764      0.517     0.490      0.725     0.891    0.511     0.879   0.780     0.150      0.177     0.02485  -1	   0.0819836     0.0328868
     D1HIA-a73c      0.008     0.062       0.208     0.619      0.289     0.765      0.462     0.572      0.379     0.856    0.482     0.855   0.825     0.118      0.108     0.01309  -1	   0.1480498     0.0352940
     D1HIA-a73d      0.012     0.064       0.208     0.672     -0.063     0.788      0.457     0.471      0.165     0.882    0.527     0.863   0.747     0.142      0.002     0.01287  -1	  -0.0334584    -0.0304381
     D1HIA-a74a     -0.001     0.070       0.263     0.655      0.030     0.755      0.438     0.449      0.770     0.887    0.518     0.871   0.780     0.107      0.131     0.01350  -1	   0.1092510     0.0677782
     D1HIA-a74b      0.014     0.066       0.212     0.563      0.298     0.794      0.419     0.296      0.326     0.910    0.569     0.879   0.699     0.138     -0.002     0.01740  -1	   0.0757845     0.1335025
     D1HIA-a74c     -0.001     0.078       0.254     0.648     -0.099     0.767      0.436     0.458      0.140     0.888    0.536     0.866   0.680     0.107      0.116     0.01557  -1	   0.0285452    -0.0404360
     D1HIA-a74d      0.006     0.077       0.233     0.620      0.186     0.786      0.481     0.603      0.182     0.857    0.475     0.859   0.778     0.121      0.176     0.01476  -1	   0.1759445    -0.0461198
     D1HIA-a75a      0.013     0.079       0.237     0.591      0.340     0.773      0.363     0.263      0.722     0.900    0.505     0.889   0.727     0.112      0.038     0.01799  -1	   0.2937697     0.2421465
     D1HIA-a75b      0.022     0.045       0.158     0.672      0.276     0.793      0.528     0.452      0.621     0.864    0.533     0.842   0.872     0.157      0.172     0.01982  -1	   0.1763744     0.1650276
     D1HIA-a75c      0.012     0.085       0.246     0.626      0.366     0.781      0.309     0.208      0.946     0.918    0.618     0.871   0.831     0.113      0.087     0.01829  -1	   0.4131023     0.3652902
     D1HIA-a75d      0.009     0.072       0.225     0.579      0.295     0.796      0.398     0.310      0.646     0.899    0.498     0.891   0.699     0.121      0.025     0.01786  -1	   0.2141413     0.1872509
     D1HIA-a76a      0.007     0.061       0.237     0.611     -0.020     0.761      0.376     0.384      0.459     0.896    0.514     0.882   0.680     0.142      0.137     0.04063  -1	   0.0271220     0.0796028
     D1HIA-a76b      0.006     0.049       0.167     0.650      0.367     0.793      0.499     0.476      0.847     0.903    0.510     0.891   0.903     0.170      0.189     0.01556  -1	   0.2955304     0.2105535
     D1HIA-a76c      0.016     0.059       0.183     0.668      0.124     0.784      0.428     0.356      0.068     0.863    0.508     0.851   0.780     0.160      0.121     0.02862  -1	   0.1011106     0.1127865
     D1HIA-a76d      0.002     0.065       0.212     0.666      0.335     0.774      0.293     0.226      0.169     0.888    0.499     0.879   0.920     0.134      0.110     0.03690  -1	   0.1912945     0.2651172
     D1HIA-a77a      0.005     0.052       0.171     0.752      0.063     0.789      0.449     0.370      0.388     0.888    0.543     0.863   0.851     0.150      0.111     0.02170  -1	   0.0462005     0.0956462
     D1HIA-a77b      0.015     0.058       0.212     0.666      0.018     0.790      0.413     0.349      0.115     0.867    0.468     0.870   0.780     0.139      0.103     0.02828  -1	   0.0521332     0.0967341
     D1HIA-a77c      0.013     0.061       0.196     0.635      0.004     0.794      0.383     0.329      0.184     0.855    0.519     0.838   0.713     0.138      0.082     0.02824  -1	   0.0116321     0.0989128
     D1HIA-a77d      0.009     0.055       0.196     0.602      0.197     0.776      0.378     0.265      0.207     0.873    0.490     0.868   0.778     0.136      0.068     0.03200  -1	   0.0370655     0.1829937
     D1HIA-a78a      0.011     0.061       0.208     0.572      0.039     0.799      0.408     0.354      0.214     0.851    0.496     0.844   0.587     0.145      0.053     0.02858  -1	  -0.0160027     0.0573851
     D1HIA-a78b      0.011     0.056       0.196     0.612      0.439     0.773      0.348     0.221      0.644     0.883    0.523     0.866   0.879     0.143      0.131     0.03300  -1	   0.2965613     0.4214612
     D1HIA-a78c      0.017     0.057       0.192     0.668      0.161     0.783      0.436     0.351      0.071     0.900    0.589     0.859   0.845     0.159      0.116     0.02836  -1	   0.0952271     0.1276475
     D1HIA-a78d      0.014     0.059       0.192     0.666      0.118     0.782      0.409     0.333      0.061     0.857    0.482     0.856   0.780     0.167      0.121     0.02852  -1	   0.1040036     0.1262362
     D1HIA-a79a      0.010     0.052       0.171     0.703      0.482     0.784      0.332     0.238      0.635     0.902    0.523     0.886   0.970     0.174      0.058     0.03206  -1	   0.3047443     0.4035725
     D1HIA-a79b      0.013     0.057       0.192     0.612      0.149     0.799      0.432     0.337      0.837     0.885    0.548     0.858   0.713     0.171      0.143     0.02616  -1	   0.1617128     0.1611545
     D1HIA-a79c      0.009     0.058       0.212     0.636      0.454     0.783      0.350     0.234      0.520     0.872    0.502     0.863   0.848     0.150      0.126     0.03163  -1	   0.3113528     0.3908362
     D1HIA-a79d      0.017     0.060       0.192     0.640      0.172     0.796      0.390     0.324      0.176     0.878    0.522     0.861   0.778     0.165      0.116     0.02864  -1	   0.0973336     0.1338724
      D1HIA-a7a      0.010     0.056       0.175     0.691      0.319     0.804      0.416     0.332      0.492     0.875    0.508     0.863   0.920     0.139      0.277     0.01218  -1	   0.2848645     0.2865779
      D1HIA-a7b      0.011     0.057       0.192     0.639     -0.053     0.792      0.456     0.392      0.274     0.918    0.576     0.885   0.680     0.125      0.210     0.01638  -1	   0.0419665     0.0605192
      D1HIA-a7c      0.022     0.083       0.237     0.729     -0.151     0.783      0.416     0.420      0.068     0.858    0.535     0.835   0.785     0.124      0.428     0.02055  -1	   0.3833027     0.0505215
      D1HIA-a7d      0.008     0.041       0.129     0.572     -0.495     0.794      0.590     0.576      0.701     0.874    0.509     0.862   0.609     0.214     -0.016     0.01170  -1	   0.0779630     0.0485187
     D1HIA-a80a      0.002     0.048       0.167     0.731      0.351     0.791      0.290     0.163      0.721     0.887    0.567     0.852   0.928     0.198      0.239     0.02357  -1	   0.2676169     0.4672242
     D1HIA-a80b      0.003     0.043       0.150     0.719      0.388     0.782      0.412     0.372      0.832     0.903    0.554     0.876   0.928     0.188      0.049     0.06240  -1	   0.2300141     0.2395892
     D1HIA-a80c      0.010     0.058       0.167     0.722      0.272     0.793      0.337     0.192      0.540     0.887    0.492     0.881   0.946     0.162      0.365     0.06731  -1	   0.3125673     0.4160002
     D1HIA-a80d      0.011     0.052       0.175     0.712      0.486     0.780      0.343     0.250      0.360     0.899    0.505     0.888   0.970     0.178      0.058     0.03178  -1	   0.2690231     0.3619704
     D1HIA-a81a      0.005     0.042       0.146     0.708      0.367     0.786      0.451     0.428      0.984     0.911    0.539     0.890   0.928     0.192     -0.004     0.06619  -1	   0.2647604     0.1838366
     D1HIA-a81b      0.020     0.065       0.196     0.676      0.081     0.769      0.390     0.156      0.028     0.906    0.520     0.891   0.805     0.151      0.346     0.03607  -1	   0.2982770     0.3834668
     D1HIA-a81c      0.005     0.054       0.179     0.607      0.159     0.773      0.472     0.497      0.412     0.916    0.485     0.911   0.778     0.158      0.501     0.21133   1	   0.2725424     0.0902238
     D1HIA-a81d      0.004     0.038       0.154     0.661      0.398     0.787      0.462     0.387      0.868     0.930    0.586     0.899   0.903     0.219      0.042     0.04547  -1	   0.2250029     0.2340016
     D1HIA-a82a      0.010     0.085       0.250     0.669      0.035     0.800      0.332     0.208      0.263     0.867    0.514     0.853   0.780     0.098      0.099     0.11785  -1	   0.0913816     0.1548095
     D1HIA-a82b      0.016     0.071       0.196     0.725     -0.148     0.799      0.338     0.127      0.047     0.876    0.533     0.855   0.711     0.158      0.429     0.03910  -1	   0.3576009     0.4369594
     D1HIA-a82c      0.013     0.072       0.237     0.608     -0.404     0.776      0.485     0.391      0.860     0.878    0.541     0.853   0.000     0.119      0.183     0.07174  -1	   0.0522277    -0.0071902
     D1HIA-a82d      0.010     0.061       0.158     0.698      0.357     0.795      0.301     0.131      0.196     0.924    0.603     0.884   0.898     0.167      0.468     0.06570  -1	   0.5017690     0.6056027
     D1HIA-a83a      0.003     0.084       0.271     0.506     -0.489     0.776      0.388     0.394      0.633     0.875    0.521     0.859   0.267     0.101      0.173     0.12338  -1	   0.0556418     0.1337295
     D1HIA-a83b      0.012     0.069       0.242     0.639     -0.358     0.783      0.438     0.326      0.878     0.914    0.561     0.886   0.471     0.120      0.231     0.07228  -1	   0.0780424     0.0867150
     D1HIA-a83c      0.012     0.069       0.229     0.568     -0.264     0.800      0.474     0.381      0.853     0.887    0.577     0.848   0.389     0.117      0.202     0.06641  -1	   0.0655597     0.0555745
     D1HIA-a83d     -0.002     0.076       0.254     0.592     -0.599     0.778      0.459     0.511      0.618     0.894    0.509     0.881   0.271     0.128      0.260     0.11712  -1	   0.1005973     0.0870409
     D1HIA-a84a      0.001     0.076       0.254     0.650     -0.587     0.767      0.425     0.441      0.343     0.863    0.453     0.872   0.464     0.117      0.219     0.11883  -1	   0.1458258     0.1068023
     D1HIA-a84b     -0.008     0.068       0.254     0.704     -0.178     0.745      0.452     0.595      0.117     0.880    0.543     0.854   0.785     0.123      0.198     0.09602  -1	   0.0878794    -0.0769045
     D1HIA-a84c      0.020     0.081       0.254     0.656     -0.207     0.799      0.385     0.259      0.212     0.943    0.647     0.898   0.637     0.091      0.119     0.07920  -1	   0.0129536     0.0789817
     D1HIA-a84d      0.014     0.070       0.229     0.620      0.188     0.803      0.441     0.180      0.393     0.887    0.522     0.870   0.778     0.110      0.009     0.10338  -1	   0.0759398     0.2207048
     D1HIA-a85a      0.013     0.075       0.254     0.631     -0.097     0.778      0.450     0.515      0.422     0.915    0.606     0.872   0.680     0.098      0.012     0.05987  -1	  -0.0355814    -0.0399195
     D1HIA-a85b      0.003     0.086       0.267     0.773     -0.180     0.772      0.442     0.491      0.452     0.900    0.510     0.888   0.777     0.106      0.060     0.05723  -1	   0.0389698    -0.0310666
     D1HIA-a85c      0.011     0.080       0.242     0.675      0.147     0.791      0.382     0.249      0.245     0.876    0.521     0.859   0.780     0.096      0.091     0.12703  -1	   0.1226372     0.1428131
     D1HIA-a85d      0.007     0.047       0.158     0.671      0.036     0.760      0.498     0.367      0.422     0.843    0.489     0.839   0.781     0.185      0.250     0.06251  -1	   0.0807197     0.1183968
     D1HIA-a86a      0.003     0.066       0.200     0.739     -0.117     0.785      0.329     0.247      0.400     0.855    0.552     0.824   0.711     0.141      0.346     0.02963  -1	   0.1584182     0.2060977
     D1HIA-a86b     -0.002     0.089       0.271     0.597      0.265     0.792      0.273     0.382      0.316     0.940    0.607     0.906   0.699     0.100      0.303     0.03331  -1	   0.3102749     0.1416799
     D1HIA-a86c      0.007     0.072       0.225     0.670     -0.034     0.797      0.463     0.529      0.393     0.908    0.521     0.893   0.747     0.129      0.195     0.02408  -1	   0.0883530    -0.0190125
     D1HIA-a86d      0.005     0.075       0.229     0.575     -0.188     0.809      0.393     0.450      0.473     0.906    0.546     0.882   0.538     0.129      0.294     0.02544  -1	   0.0760312     0.0680712
     D1HIA-a87a      0.009     0.065       0.204     0.666     -0.051     0.791      0.358     0.281      0.541     0.872    0.510     0.859   0.747     0.143      0.343     0.02961  -1	   0.1412082     0.1937803
     D1HIA-a87b      0.007     0.078       0.242     0.566     -0.154     0.790      0.355     0.309      0.350     0.886    0.509     0.874   0.538     0.123      0.335     0.02629  -1	   0.1195660     0.1395443
     D1HIA-a87c      0.006     0.083       0.246     0.572     -0.260     0.810      0.371     0.405      0.206     0.908    0.579     0.872   0.389     0.126      0.226     0.02582  -1	   0.0626074     0.0438239
     D1HIA-a87d      0.007     0.066       0.212     0.633     -0.013     0.805      0.326     0.326      0.184     0.899    0.542     0.875   0.680     0.129      0.286     0.02595  -1	   0.1359459     0.1467227
     D1HIA-a88a      0.005     0.063       0.196     0.569     -0.146     0.771      0.506     0.621      0.839     0.894    0.486     0.889   0.463     0.128      0.189     0.02282  -1	   0.0731448     0.0364393
     D1HIA-a88b      0.010     0.071       0.221     0.605     -0.141     0.795      0.380     0.420      0.093     0.913    0.579     0.879   0.589     0.133      0.297     0.02543  -1	   0.1369077     0.0422344
     D1HIA-a88c     -0.000     0.075       0.237     0.562      0.263     0.788      0.301     0.245      0.587     0.909    0.650     0.845   0.699     0.115      0.123     0.01767  -1	   0.1805535     0.2704547
     D1HIA-a88d     -0.002     0.079       0.246     0.564      0.220     0.791      0.285     0.241      0.833     0.881    0.555     0.851   0.661     0.107      0.123     0.01794  -1	   0.2457383     0.3115181
     D1HIA-a89a     -0.002     0.074       0.250     0.699      0.060     0.791      0.348     0.390      0.590     0.887    0.502     0.877   0.805     0.109      0.297     0.01775  -1	   0.1879560     0.1248246
     D1HIA-a89b     -0.001     0.044       0.167     0.509      0.015     0.791      0.478     0.517      0.680     0.898    0.534     0.877   0.646     0.157      0.227     0.01831  -1	   0.0188908     0.0801292
     D1HIA-a89c     -0.001     0.068       0.229     0.635     -0.029     0.780      0.399     0.494      0.406     0.902    0.593     0.859   0.680     0.102      0.277     0.02084  -1	   0.0923453     0.0220672
     D1HIA-a89d      0.003     0.043       0.154     0.700      0.344     0.811      0.380     0.296      0.514     0.865    0.481     0.863   0.896     0.161      0.117     0.01827  -1	   0.1801863     0.3112908
      D1HIA-a8a      0.018     0.075       0.221     0.684      0.133     0.785      0.403     0.395      0.051     0.866    0.517     0.850   0.780     0.129      0.434     0.02028  -1	   0.4282877     0.1165290
      D1HIA-a8b      0.021     0.078       0.242     0.666      0.064     0.775      0.401     0.391      0.185     0.835    0.506     0.824   0.805     0.125      0.444     0.02048  -1	   0.3649237     0.0921111
      D1HIA-a8c      0.021     0.048       0.158     0.587     -0.075     0.819      0.512     0.428      0.400     0.872    0.503     0.862   0.738     0.135      0.249     0.01475  -1	   0.0403761     0.0845987
      D1HIA-a8d      0.015     0.072       0.208     0.737     -0.173     0.806      0.448     0.379      0.923     0.920    0.658     0.857   0.785     0.146      0.204     0.01662  -1	   0.1186398     0.0609464
     D1HIA-a90a      0.007     0.070       0.217     0.611     -0.148     0.797      0.367     0.405      0.174     0.899    0.514     0.885   0.589     0.134      0.263     0.02541  -1	   0.0982822     0.0664095
     D1HIA-a90b      0.002     0.081       0.250     0.711      0.059     0.794      0.302     0.380      0.382     0.908    0.622     0.855   0.859     0.108      0.268     0.01812  -1	   0.1926345     0.0835227
     D1HIA-a90c      0.008     0.046       0.146     0.740      0.451     0.802      0.347     0.272      0.240     0.877    0.459     0.882   0.916     0.192      0.132     0.01852  -1	   0.2861042     0.3723278
     D1HIA-a90d     -0.002     0.055       0.167     0.639      0.019     0.797      0.570     0.436      0.717     0.855    0.505     0.844   0.713     0.152      0.292     0.01798  -1	   0.0954604     0.0459614
     D1HIA-a91a      0.005     0.049       0.154     0.573      0.431     0.788      0.481     0.463      0.845     0.900    0.496     0.892   0.804     0.166      0.211     0.01544  -1	   0.3293693     0.2544005
     D1HIA-a91b      0.009     0.046       0.163     0.564      0.079     0.783      0.583     0.549      0.616     0.882    0.477     0.881   0.744     0.145      0.017     0.01901  -1	   0.0093079     0.0073614
     D1HIA-a91c      0.011     0.058       0.175     0.705      0.129     0.770      0.454     0.389      0.718     0.906    0.492     0.899   0.834     0.168      0.091     0.01958  -1	   0.1231827     0.0912374
     D1HIA-a91d      0.010     0.049       0.158     0.562      0.081     0.787      0.596     0.561      0.612     0.884    0.512     0.871   0.744     0.139      0.008     0.01928  -1	  -0.0002138    -0.0118042
     D1HIA-a92a      0.019     0.053       0.179     0.704     -0.169     0.785      0.504     0.463      0.291     0.865    0.473     0.867   0.785     0.149      0.300     0.02032  -1	   0.1374200     0.0536921
     D1HIA-a92b      0.007     0.048       0.150     0.544      0.384     0.780      0.480     0.448      0.898     0.897    0.518     0.882   0.769     0.172      0.171     0.01538  -1	   0.2773775     0.2163714
     D1HIA-a92c      0.006     0.050       0.154     0.588      0.383     0.787      0.484     0.453      0.885     0.907    0.475     0.905   0.830     0.162      0.196     0.01542  -1	   0.3147403     0.2307005
     D1HIA-a92d      0.010     0.051       0.171     0.546      0.116     0.782      0.520     0.487      0.428     0.817    0.494     0.813   0.434     0.165      0.383     0.02045  -1	   0.1278249     0.0427792
     D1HIA-a93a      0.020     0.045       0.154     0.628      0.217     0.780      0.509     0.430      0.713     0.878    0.540     0.854   0.784     0.155      0.138     0.01913  -1	   0.1261505     0.1324573
     D1HIA-a93b      0.022     0.050       0.167     0.644     -0.207     0.780      0.486     0.435      0.257     0.918    0.573     0.886   0.718     0.158      0.418     0.02040  -1	   0.1853913     0.0944639
     D1HIA-a93c      0.006     0.054       0.163     0.641      0.546     0.772      0.461     0.459      0.740     0.918    0.556     0.893   0.842     0.146      0.191     0.01551  -1	   0.4207032     0.3323517
     D1HIA-a93d      0.006     0.050       0.150     0.589      0.444     0.777      0.449     0.433      0.807     0.910    0.556     0.883   0.804     0.184      0.186     0.01541  -1	   0.3020534     0.2575424
     D1HIA-a94a      0.002     0.049       0.167     0.740      0.320     0.786      0.286     0.152      0.909     0.907    0.563     0.877   0.896     0.187      0.248     0.02322  -1	   0.2864679     0.4712523
     D1HIA-a94b      0.015     0.050       0.188     0.680     -0.003     0.791      0.476     0.377      0.465     0.854    0.492     0.849   0.852     0.161      0.051     0.02726  -1	   0.0058507     0.0779506
     D1HIA-a94c      0.017     0.048       0.183     0.727      0.234     0.791      0.431     0.295      0.170     0.864    0.530     0.843   0.864     0.181      0.159     0.02654  -1	   0.1733680     0.2592793
     D1HIA-a94d      0.002     0.045       0.163     0.704      0.293     0.797      0.316     0.176      0.827     0.880    0.489     0.875   0.896     0.178      0.227     0.02382  -1	   0.2408483     0.4499326
     D1HIA-a95a      0.007     0.050       0.171     0.739      0.131     0.797      0.423     0.325      0.641     0.896    0.571     0.861   0.851     0.149      0.092     0.02128  -1	   0.0790548     0.1553527
     D1HIA-a95b      0.004     0.051       0.200     0.774      0.404     0.814      0.269     0.210      0.131     0.899    0.527     0.881   0.992     0.141     -0.009     0.04409  -1	   0.1791554     0.3267010
     D1HIA-a95c      0.011     0.059       0.204     0.582      0.065     0.788      0.433     0.361      0.592     0.862    0.541     0.836   0.612     0.145      0.084     0.02804  -1	   0.0422783     0.0883301
     D1HIA-a95d      0.003     0.043       0.154     0.772      0.380     0.780      0.412     0.369      0.613     0.890    0.504     0.880   0.907     0.187      0.049     0.06277  -1	   0.1939191     0.2216215
     D1HIA-a96a      0.004     0.040       0.150     0.699      0.453     0.780      0.430     0.368      0.932     0.898    0.559     0.868   0.891     0.176      0.019     0.05630  -1	   0.3052282     0.2880114
     D1HIA-a96b      0.004     0.041       0.150     0.697      0.414     0.786      0.422     0.379      0.768     0.907    0.544     0.884   0.878     0.177     -0.012     0.06578  -1	   0.2148364     0.2357828
     D1HIA-a96c      0.003     0.043       0.150     0.692      0.476     0.780      0.418     0.363      0.928     0.898    0.525     0.880   0.891     0.190      0.021     0.06496  -1	   0.3345123     0.2919069
     D1HIA-a96d      0.007     0.036       0.150     0.741      0.397     0.795      0.470     0.390      0.856     0.896    0.536     0.875   0.928     0.234      0.024     0.05015  -1	   0.2367520     0.2244179
     D1HIA-a97a     -0.006     0.090       0.279     0.659     -0.131     0.773      0.330     0.414      0.195     0.887    0.541     0.863   0.656     0.105      0.160     0.06964  -1	   0.0713112    -0.0097803
     D1HIA-a97b      0.003     0.043       0.150     0.751      0.404     0.781      0.430     0.381      0.996     0.906    0.578     0.871   0.882     0.181      0.049     0.06252  -1	   0.3048397     0.2450679
     D1HIA-a97c      0.008     0.066       0.225     0.657     -0.450     0.802      0.450     0.327      0.984     0.899    0.554     0.871   0.000     0.112      0.256     0.07284  -1	   0.0606833     0.0402199
     D1HIA-a97d      0.003     0.042       0.154     0.729      0.408     0.786      0.462     0.434      0.715     0.889    0.567     0.855   0.902     0.184      0.009     0.06376  -1	   0.2000958     0.1961709
     D1HIA-a98a      0.008     0.069       0.225     0.586     -0.351     0.796      0.446     0.363      0.638     0.879    0.524     0.861   0.345     0.116      0.226     0.07185  -1	   0.0347509     0.0677301
     D1HIA-a98b      0.010     0.086       0.263     0.692      0.323     0.814      0.308     0.155      0.058     0.880    0.492     0.874   0.920     0.098      0.145     0.12163  -1	   0.3287277     0.3364031
     D1HIA-a98c      0.005     0.037       0.154     0.680      0.373     0.792      0.463     0.369      0.985     0.895    0.577     0.858   0.903     0.229      0.034     0.04867  -1	   0.2479160     0.2213769
     D1HIA-a98d      0.014     0.080       0.237     0.670      0.320     0.795      0.356     0.211      0.259     0.877    0.506     0.866   0.920     0.096      0.085     0.12567  -1	   0.2347787     0.2680661
     D1HIA-a99a      0.010     0.086       0.254     0.683      0.218     0.791      0.354     0.246      0.719     0.905    0.585     0.867   0.854     0.109      0.098     0.12714  -1	   0.2418680     0.1988498
     D1HIA-a99b      0.014     0.069       0.233     0.633     -0.414     0.791      0.494     0.414      0.850     0.889    0.565     0.855   0.000     0.120      0.221     0.07231  -1	   0.0500900    -0.0045724
     D1HIA-a99c      0.006     0.081       0.254     0.675     -0.249     0.793      0.417     0.417      0.661     0.878    0.518     0.862   0.637     0.113      0.184     0.11577  -1	   0.0713171     0.0375937
     D1HIA-a99d      0.010     0.071       0.237     0.632     -0.420     0.779      0.455     0.356      0.528     0.883    0.545     0.857   0.000     0.123      0.182     0.07126  -1	   0.0206938     0.0109161
      D1HIA-a9a      0.018     0.062       0.175     0.770      0.254     0.797      0.424     0.227      0.188     0.863    0.501     0.854   0.938     0.174      0.233     0.04154  -1	   0.2987867     0.3520197
      D1HIA-a9b      0.026     0.056       0.200     0.719     -0.198     0.819      0.426     0.222      0.387     0.951    0.532     0.938   0.785     0.125      0.254     0.02934  -1	   0.0859679     0.2032785
      D1HIA-a9c      0.017     0.076       0.225     0.717      0.129     0.788      0.405     0.394      0.228     0.862    0.509     0.850   0.834     0.119      0.451     0.02070  -1	   0.4016670     0.1110625
      D1HIA-a9d      0.018     0.077       0.233     0.653     -0.466     0.797      0.486     0.576      0.159     0.938    0.548     0.919   0.613     0.120      0.181     0.01830  -1	   0.1118394     0.0090640
