      D1MAH-a9d      0.030     0.042       0.124     0.538      0.390     0.829      0.566     0.631      0.809     0.476    0.597     0.415   0.769     0.098      0.154     0.02780  -1	   0.1952366     0.0757058
      D1MAH-a0a      0.030     0.034       0.102     0.664      0.206     0.817      0.584     0.537      0.653     0.486    0.595     0.426   0.840     0.115      0.249     0.01918  -1	   0.0735673     0.0767230
      D1MAH-a0b      0.033     0.045       0.107     0.576      0.340     0.818      0.549     0.481      0.729     0.452    0.598     0.392   0.798     0.103      0.314     0.01593  -1	   0.1758752     0.1423791
      D1MAH-a0c      0.035     0.027       0.067     0.727     -0.117     0.817      0.610     0.575      0.638     0.455    0.582     0.409   0.812     0.200      0.314     0.01295  -1	  -0.0106355     0.0049398
      D1MAH-a0d      0.031     0.036       0.094     0.694      0.150     0.813      0.587     0.529      0.768     0.453    0.570     0.416   0.794     0.128      0.299     0.01620  -1	   0.0466189     0.0464682
    D1MAH-a100a      0.036     0.037       0.087     0.525     -0.102     0.822      0.572     0.564      0.687     0.454    0.587     0.403   0.653     0.118      0.479     0.01279  -1	   0.0123252     0.0666031
    D1MAH-a100b      0.034     0.038       0.091     0.589     -0.088     0.823      0.579     0.560      0.562     0.472    0.597     0.411   0.738     0.126      0.424     0.01268  -1	   0.0487617     0.0428100
    D1MAH-a100c      0.038     0.037       0.085     0.598      0.138     0.820      0.559     0.545      0.261     0.781    0.875     0.416   0.753     0.120      0.599     0.01280  -1	   0.6576912     0.4564842
    D1MAH-a100d      0.036     0.038       0.087     0.581      0.054     0.822      0.548     0.515      0.175     0.467    0.590     0.412   0.744     0.127      0.453     0.01247  -1	   0.2410250     0.1867109
    D1MAH-a101a      0.035     0.035       0.081     0.631      0.106     0.828      0.569     0.576      0.772     0.448    0.588     0.397   0.771     0.134      0.404     0.01335  -1	   0.0406117     0.0242936
    D1MAH-a101b      0.038     0.034       0.074     0.540     -0.335     0.831      0.577     0.574      0.577     0.422    0.559     0.395   0.677     0.152      0.316     0.00989  -1	   0.0194219     0.0778971
    D1MAH-a101c      0.038     0.035       0.083     0.646     -0.415     0.824      0.591     0.588      0.460     0.452    0.583     0.405   0.584     0.118      0.368     0.01189  -1	   0.1032249     0.0919038
    D1MAH-a101d      0.038     0.040       0.100     0.626      0.135     0.833      0.545     0.517      0.412     0.520    0.637     0.421   0.771     0.113      0.366     0.01007  -1	   0.1765710     0.1411224
    D1MAH-a102a      0.038     0.036       0.085     0.656     -0.339     0.825      0.590     0.585      0.360     0.474    0.595     0.415   0.812     0.124      0.379     0.01192  -1	   0.1426244     0.0757132
    D1MAH-a102b      0.037     0.036       0.080     0.650     -0.364     0.837      0.599     0.576      0.373     0.449    0.591     0.396   0.699     0.140      0.309     0.01019  -1	   0.1054837     0.0880015
    D1MAH-a102c      0.037     0.043       0.094     0.664     -0.095     0.833      0.512     0.483      0.298     0.477    0.608     0.407   0.812     0.107      0.343     0.01020  -1	   0.1494782     0.1682795
    D1MAH-a102d      0.038     0.038       0.093     0.540      0.065     0.830      0.541     0.479      0.148     0.424    0.591     0.374   0.682     0.129      0.393     0.01018  -1	   0.1997784     0.2399428
    D1MAH-a103a      0.035     0.044       0.106     0.658     -0.306     0.821      0.637     0.621      0.754     0.442    0.574     0.403   0.812     0.098      0.341     0.01085  -1	   0.0123590    -0.0073446
    D1MAH-a103b      0.036     0.042       0.100     0.588     -0.324     0.825      0.627     0.614      0.701     0.444    0.581     0.399   0.738     0.103      0.348     0.01084  -1	   0.0166585     0.0162770
    D1MAH-a103c      0.036     0.037       0.094     0.552      0.076     0.818      0.566     0.544      0.273     0.454    0.583     0.406   0.744     0.121      0.663     0.01261  -1	   0.3056384     0.1305828
    D1MAH-a103d      0.035     0.041       0.102     0.622     -0.329     0.828      0.640     0.645      0.930     0.420    0.579     0.379   0.756     0.099      0.341     0.01083  -1	  -0.0116715     0.0233308
    D1MAH-a104a      0.029     0.044       0.117     0.713     -0.050     0.834      0.540     0.576      0.251     0.465    0.604     0.399   0.876     0.102      0.194     0.01110  -1	   0.0966379     0.0259575
    D1MAH-a104b      0.028     0.045       0.115     0.708     -0.088     0.833      0.526     0.554      0.660     0.427    0.594     0.373   0.836     0.104      0.270     0.01110  -1	   0.0078090     0.0036682
    D1MAH-a104c      0.032     0.042       0.117     0.643      0.224     0.815      0.565     0.604      0.293     0.426    0.605     0.365   0.784     0.096      0.271     0.01096  -1	   0.1875664     0.0550009
    D1MAH-a104d      0.027     0.045       0.119     0.710     -0.087     0.831      0.533     0.565      0.747     0.447    0.600     0.386   0.836     0.106      0.270     0.01111  -1	  -0.0006564    -0.0039250
    D1MAH-a105a      0.033     0.041       0.100     0.614      0.261     0.831      0.517     0.440      0.032     0.441    0.596     0.383   0.816     0.117      0.295     0.00997  -1	   0.3097014     0.3513638
    D1MAH-a105b      0.037     0.034       0.089     0.520     -0.032     0.824      0.594     0.562      0.279     0.420    0.567     0.388   0.717     0.126      0.689     0.01293  -1	   0.2539690     0.1091432
    D1MAH-a105c      0.036     0.038       0.091     0.564     -0.119     0.821      0.566     0.553      0.722     0.483    0.605     0.416   0.714     0.126      0.589     0.01278  -1	   0.0473043     0.0725088
    D1MAH-a105d      0.035     0.023       0.063     0.646      0.138     0.826      0.600     0.581      0.571     0.432    0.579     0.390   0.771     0.183      0.792     0.01187  -1	   0.2041156     0.0332466
    D1MAH-a106a      0.032     0.029       0.078     0.719      0.454     0.818      0.577     0.653      0.997     0.511    0.628     0.419   0.916     0.143      0.136     0.01829  -1	   0.2179405     0.0870004
    D1MAH-a106b      0.030     0.036       0.089     0.737      0.240     0.815      0.541     0.635      0.485     0.480    0.610     0.408   0.864     0.147      0.181     0.01655  -1	   0.1048237    -0.0018292
    D1MAH-a106c      0.031     0.029       0.078     0.731      0.386     0.820      0.608     0.653      0.574     0.455    0.567     0.419   0.928     0.156      0.176     0.01904  -1	   0.1336854     0.0324588
    D1MAH-a106d      0.029     0.043       0.115     0.650      0.100     0.815      0.531     0.567      0.567     0.455    0.582     0.408   0.827     0.105      0.176     0.02067  -1	   0.0302862     0.0065761
    D1MAH-a107a      0.036     0.024       0.063     0.760      0.042     0.825      0.622     0.655      0.727     0.496    0.590     0.438   0.785     0.169      0.114     0.00749  -1	  -0.0257978     0.0038620
    D1MAH-a107b      0.036     0.023       0.061     0.739      0.044     0.820      0.636     0.676      0.862     0.476    0.589     0.422   0.805     0.168      0.153     0.00774  -1	  -0.0335565    -0.0105702
    D1MAH-a107c      0.036     0.024       0.061     0.663      0.096     0.822      0.628     0.643      0.997     0.518    0.587     0.462   0.817     0.191      0.088     0.00751  -1	   0.0002803    -0.0195570
    D1MAH-a107d      0.035     0.024       0.061     0.760     -0.327     0.817      0.629     0.644      0.899     0.475    0.591     0.418   0.815     0.197      0.310     0.00759  -1	  -0.0315456     0.0146272
    D1MAH-a108a      0.038     0.036       0.091     0.641     -0.357     0.823      0.594     0.593      0.545     0.475    0.597     0.413   0.644     0.114      0.303     0.01176  -1	   0.0477967     0.0580126
    D1MAH-a108b      0.039     0.030       0.076     0.596      0.173     0.830      0.561     0.501      0.093     0.440    0.598     0.380   0.721     0.131      0.479     0.01032  -1	   0.3376642     0.3045781
    D1MAH-a108c      0.038     0.042       0.096     0.625      0.072     0.835      0.519     0.495      0.259     0.435    0.571     0.398   0.761     0.105      0.339     0.01018  -1	   0.1651373     0.1619919
    D1MAH-a108d      0.039     0.034       0.083     0.591     -0.318     0.824      0.591     0.585      0.369     0.458    0.593     0.401   0.738     0.121      0.274     0.01178  -1	   0.0702901     0.0800879
     D1MAH-a10a      0.032     0.044       0.111     0.729     -0.328     0.810      0.638     0.719      0.778     0.498    0.590     0.441   0.836     0.099      0.132     0.01682  -1	   0.0017735    -0.0208553
     D1MAH-a10b      0.032     0.044       0.102     0.535      0.133     0.819      0.572     0.528      0.666     0.478    0.611     0.405   0.692     0.109      0.417     0.02444  -1	   0.0914457     0.0778990
     D1MAH-a10c      0.028     0.042       0.111     0.647      0.266     0.830      0.556     0.553      0.572     0.446    0.574     0.407   0.816     0.105      0.296     0.05317  -1	   0.1430625     0.0644068
     D1MAH-a10d      0.033     0.045       0.111     0.551      0.040     0.818      0.552     0.501      0.826     0.513    0.612     0.437   0.708     0.104      0.400     0.02400  -1	   0.0558153     0.0931272
     D1MAH-a11a      0.027     0.044       0.120     0.646      0.045     0.824      0.574     0.615      0.892     0.818    0.894     0.430   0.725     0.108      0.137     0.06848  -1	   0.2195957     0.1789188
     D1MAH-a11b      0.032     0.044       0.102     0.611     -0.074     0.809      0.568     0.497      0.961     0.497    0.621     0.414   0.756     0.108      0.341     0.02368  -1	   0.0134615     0.0752210
     D1MAH-a11c      0.029     0.040       0.119     0.529      0.199     0.824      0.601     0.627      0.600     0.515    0.596     0.451   0.659     0.099      0.143     0.02047  -1	   0.0531236     0.0185600
     D1MAH-a11d      0.031     0.038       0.098     0.662      0.149     0.825      0.605     0.654      0.838     0.444    0.583     0.397   0.827     0.130      0.208     0.01880  -1	   0.0307857    -0.0292731
     D1MAH-a12a      0.031     0.047       0.128     0.605      0.375     0.814      0.583     0.668      0.721     0.450    0.585     0.401   0.848     0.100      0.201     0.02491  -1	   0.1850765     0.0084050
     D1MAH-a12b      0.031     0.042       0.106     0.642      0.446     0.829      0.525     0.558      0.354     0.469    0.610     0.398   0.822     0.114      0.191     0.02396  -1	   0.2735010     0.1532182
     D1MAH-a12c      0.029     0.048       0.126     0.588      0.346     0.827      0.577     0.654      0.144     0.469    0.592     0.412   0.798     0.104      0.241     0.02553  -1	   0.2797700     0.0279768
     D1MAH-a12d      0.032     0.042       0.096     0.696      0.274     0.824      0.570     0.607      0.964     0.562    0.645     0.453   0.872     0.120      0.196     0.01871  -1	   0.1647232     0.0570669
     D1MAH-a13a      0.030     0.052       0.130     0.735      0.434     0.827      0.543     0.589      0.054     0.442    0.558     0.416   1.000     0.109      0.085     0.02105  -1	   0.3266371     0.0961720
     D1MAH-a13b      0.033     0.037       0.089     0.656      0.081     0.827      0.575     0.569      0.834     0.486    0.593     0.427   0.817     0.124      0.169     0.02190  -1	   0.0138074     0.0189895
     D1MAH-a13c      0.032     0.039       0.102     0.584      0.148     0.828      0.586     0.626      0.976     0.484    0.619     0.404   0.753     0.114      0.235     0.01962  -1	   0.0683175     0.0277935
     D1MAH-a13d      0.036     0.048       0.126     0.621      0.242     0.839      0.590     0.620      0.056     0.481    0.598     0.418   0.784     0.111      0.265     0.01710  -1	   0.3024465     0.0869823
     D1MAH-a14a      0.032     0.036       0.093     0.589      0.141     0.827      0.579     0.567      0.955     0.480    0.591     0.423   0.753     0.130      0.151     0.02270  -1	   0.0460445     0.0365721
     D1MAH-a14b      0.034     0.035       0.089     0.624      0.253     0.833      0.581     0.578      0.799     0.708    0.821     0.412   0.816     0.129      0.176     0.02237  -1	   0.2339367     0.2165579
     D1MAH-a14c      0.035     0.046       0.120     0.630      0.223     0.830      0.597     0.620      0.043     0.432    0.566     0.400   0.784     0.109      0.301     0.01677  -1	   0.3091049     0.0856732
     D1MAH-a14d      0.035     0.043       0.117     0.507      0.147     0.830      0.599     0.625      0.068     0.458    0.577     0.415   0.692     0.113      0.173     0.01622  -1	   0.1117852     0.0143341
     D1MAH-a15a      0.033     0.036       0.089     0.639      0.114     0.828      0.574     0.562      0.774     0.496    0.615     0.418   0.771     0.138      0.140     0.02226  -1	   0.0171944     0.0279985
     D1MAH-a15b      0.033     0.036       0.089     0.576      0.162     0.831      0.596     0.596      0.734     0.467    0.590     0.412   0.721     0.128      0.153     0.02204  -1	   0.0254882     0.0157410
     D1MAH-a15c      0.034     0.031       0.085     0.683     -0.147     0.826      0.622     0.649      0.854     0.494    0.599     0.428   0.788     0.126      0.164     0.01813  -1	  -0.0332593    -0.0012489
     D1MAH-a15d      0.034     0.035       0.089     0.581      0.235     0.830      0.598     0.600      0.934     0.461    0.581     0.413   0.767     0.134      0.148     0.02236  -1	   0.0776442     0.0259942
     D1MAH-a16a      0.034     0.040       0.100     0.553      0.080     0.795      0.558     0.501      0.987     0.497    0.600     0.431   0.744     0.097      0.363     0.01066  -1	   0.0445324     0.1033432
     D1MAH-a16b      0.034     0.048       0.107     0.655      0.028     0.815      0.593     0.651      0.966     0.516    0.633     0.420   0.781     0.102      0.208     0.01212  -1	   0.0553320    -0.0035827
     D1MAH-a16c      0.033     0.030       0.080     0.657      0.028     0.819      0.623     0.630      0.737     0.448    0.577     0.406   0.781     0.135      0.100     0.00889  -1	  -0.0381643    -0.0098856
     D1MAH-a16d      0.033     0.039       0.093     0.693      0.035     0.813      0.607     0.572      0.848     0.525    0.622     0.438   0.781     0.106      0.212     0.01064  -1	   0.0302112     0.0329512
     D1MAH-a17a      0.028     0.041       0.104     0.592      0.311     0.815      0.591     0.629      0.884     0.519    0.625     0.431   0.798     0.092      0.285     0.00944  -1	   0.1682706     0.0646457
     D1MAH-a17b      0.031     0.038       0.089     0.674      0.273     0.816      0.535     0.572      0.175     0.494    0.561     0.460   0.872     0.118      0.206     0.00914  -1	   0.1919512     0.0924312
     D1MAH-a17c      0.030     0.049       0.113     0.656      0.211     0.818      0.496     0.498      0.241     0.493    0.592     0.433   0.840     0.098      0.175     0.00928  -1	   0.1612840     0.1243709
     D1MAH-a17d      0.033     0.036       0.091     0.687      0.005     0.812      0.536     0.435      0.530     0.476    0.606     0.408   0.781     0.120      0.298     0.00998  -1	   0.0524420     0.1649784
     D1MAH-a18a      0.030     0.034       0.096     0.660      0.366     0.824      0.571     0.646      0.699     0.474    0.605     0.407   0.903     0.120      0.048     0.00806  -1	   0.1059721     0.0173928
     D1MAH-a18b      0.032     0.038       0.091     0.641      0.370     0.819      0.564     0.604      0.538     0.496    0.596     0.433   0.848     0.138      0.176     0.00915  -1	   0.1534514     0.0511212
     D1MAH-a18c      0.031     0.034       0.098     0.668      0.392     0.819      0.579     0.657      0.679     0.446    0.606     0.380   0.903     0.119      0.052     0.00807  -1	   0.1181930     0.0189337
     D1MAH-a18d      0.030     0.035       0.098     0.658      0.482     0.826      0.569     0.647      0.776     0.456    0.583     0.408   0.891     0.124      0.071     0.00809  -1	   0.2050726     0.0644439
     D1MAH-a19a      0.035     0.035       0.094     0.697      0.287     0.826      0.562     0.595      0.285     0.466    0.603     0.401   0.872     0.122      0.106     0.00727  -1	   0.1311161     0.0755916
     D1MAH-a19b      0.035     0.036       0.098     0.709      0.256     0.829      0.574     0.610      0.364     0.458    0.573     0.418   0.896     0.122      0.114     0.00728  -1	   0.1006354     0.0309989
     D1MAH-a19c      0.030     0.035       0.098     0.665      0.376     0.826      0.593     0.677      0.852     0.450    0.592     0.394   0.903     0.117      0.063     0.00809  -1	   0.1350377     0.0171118
     D1MAH-a19d      0.035     0.035       0.094     0.694      0.230     0.822      0.578     0.614      0.410     0.483    0.589     0.428   0.840     0.127      0.136     0.00729  -1	   0.0884664     0.0353213
      D1MAH-a1a      0.036     0.041       0.098     0.667     -0.033     0.806      0.572     0.536      0.550     0.448    0.587     0.398   0.852     0.139      0.264     0.01610  -1	   0.0269795     0.0188752
      D1MAH-a1b      0.032     0.044       0.119     0.645      0.310     0.827      0.556     0.607      0.474     0.490    0.590     0.434   0.816     0.104      0.062     0.01603  -1	   0.1145360     0.0322884
      D1MAH-a1c      0.034     0.040       0.098     0.714     -0.108     0.816      0.600     0.573      0.080     0.451    0.590     0.399   0.812     0.136      0.250     0.01622  -1	   0.2076552     0.1420112
      D1MAH-a1d      0.031     0.039       0.102     0.581      0.159     0.828      0.586     0.629      0.958     0.510    0.646     0.404   0.721     0.116      0.220     0.01994  -1	   0.0813854     0.0378749
     D1MAH-a20a      0.030     0.037       0.100     0.606      0.208     0.806      0.584     0.615      0.998     0.518    0.631     0.423   0.784     0.122      0.214     0.00837  -1	   0.0910553     0.0376468
     D1MAH-a20b      0.030     0.035       0.098     0.721      0.469     0.821      0.573     0.646      0.887     0.448    0.608     0.380   0.916     0.117      0.172     0.00810  -1	   0.2311665     0.0841017
     D1MAH-a20c      0.027     0.039       0.098     0.659     -0.033     0.821      0.580     0.666      0.816     0.463    0.569     0.426   0.852     0.122      0.192     0.00745  -1	  -0.0225611    -0.0455210
     D1MAH-a20d      0.036     0.035       0.094     0.688      0.282     0.823      0.584     0.629      0.432     0.511    0.607     0.439   0.872     0.137      0.112     0.00732  -1	   0.1041438     0.0319603
     D1MAH-a21a      0.027     0.044       0.106     0.667      0.196     0.809      0.573     0.561      0.857     0.459    0.603     0.395   0.794     0.122      0.178     0.00816  -1	   0.0649491     0.0180182
     D1MAH-a21b      0.027     0.044       0.102     0.670      0.168     0.816      0.565     0.545      0.863     0.457    0.609     0.388   0.794     0.117      0.170     0.00813  -1	   0.0550784     0.0280232
     D1MAH-a21c      0.030     0.044       0.115     0.554      0.239     0.803      0.568     0.552      0.966     0.468    0.591     0.412   0.767     0.116      0.197     0.00881  -1	   0.1048691     0.0469608
     D1MAH-a21d      0.032     0.035       0.094     0.645      0.293     0.816      0.570     0.558      0.680     0.501    0.590     0.443   0.816     0.132      0.188     0.00847  -1	   0.1005024     0.0713316
     D1MAH-a22a      0.030     0.031       0.085     0.696      0.182     0.818      0.577     0.565      0.362     0.441    0.595     0.386   0.794     0.134      0.182     0.00853  -1	   0.0780822     0.0891187
     D1MAH-a22b      0.031     0.031       0.085     0.706      0.222     0.812      0.566     0.552      0.562     0.493    0.612     0.419   0.864     0.138      0.176     0.00850  -1	   0.0636720     0.0700495
     D1MAH-a22c      0.027     0.051       0.115     0.648      0.265     0.799      0.547     0.529      0.637     0.468    0.621     0.388   0.825     0.108      0.155     0.00936  -1	   0.1110555     0.0470643
     D1MAH-a22d      0.031     0.031       0.085     0.705      0.103     0.816      0.572     0.566      0.707     0.440    0.599     0.380   0.851     0.133      0.190     0.00847  -1	  -0.0050554     0.0213238
     D1MAH-a23a      0.030     0.039       0.107     0.615      0.038     0.811      0.597     0.595      0.495     0.475    0.588     0.422   0.725     0.116      0.207     0.00885  -1	   0.0193129     0.0080797
     D1MAH-a23b      0.032     0.036       0.102     0.680     -0.200     0.818      0.622     0.618      0.303     0.427    0.577     0.387   0.757     0.126      0.223     0.00884  -1	   0.0648793     0.0313160
     D1MAH-a23c      0.031     0.031       0.085     0.708      0.171     0.816      0.572     0.562      0.531     0.487    0.606     0.417   0.819     0.137      0.194     0.00852  -1	   0.0560076     0.0656197
     D1MAH-a23d      0.031     0.032       0.087     0.688      0.261     0.820      0.565     0.553      0.593     0.472    0.606     0.405   0.872     0.130      0.168     0.00842  -1	   0.0729825     0.0686587
     D1MAH-a24a      0.031     0.045       0.113     0.505     -0.143     0.812      0.632     0.709      0.541     0.502    0.594     0.440   0.653     0.114      0.193     0.01706  -1	  -0.0090416    -0.0649899
     D1MAH-a24b      0.030     0.038       0.104     0.715      0.134     0.815      0.601     0.641      0.124     0.471    0.566     0.435   0.851     0.115      0.200     0.00883  -1	   0.1741283     0.0499749
     D1MAH-a24c      0.030     0.036       0.100     0.630      0.191     0.812      0.582     0.617      0.862     0.460    0.594     0.402   0.739     0.141      0.191     0.00835  -1	   0.0449940     0.0078609
     D1MAH-a24d      0.031     0.031       0.089     0.735      0.076     0.819      0.578     0.579      0.292     0.462    0.592     0.406   0.841     0.134      0.174     0.00853  -1	   0.0761042     0.0759122
     D1MAH-a25a      0.032     0.044       0.098     0.472      0.051     0.821      0.576     0.507      0.776     0.496    0.580     0.448   0.618     0.107      0.332     0.02365  -1	   0.0262856     0.0832374
     D1MAH-a25b      0.034     0.046       0.113     0.586     -0.370     0.823      0.638     0.700      0.957     0.517    0.639     0.416   0.626     0.117      0.240     0.01347  -1	   0.0264403     0.0212932
     D1MAH-a25c      0.031     0.045       0.115     0.659      0.337     0.826      0.570     0.630      0.194     0.467    0.567     0.431   0.872     0.109      0.040     0.01608  -1	   0.1440828     0.0145406
     D1MAH-a25d      0.033     0.045       0.113     0.595     -0.264     0.827      0.654     0.717      0.947     0.512    0.610     0.437   0.653     0.117      0.247     0.01347  -1	   0.0082547    -0.0101018
     D1MAH-a26a      0.026     0.048       0.113     0.657      0.230     0.835      0.539     0.570      0.678     0.568    0.592     0.503   0.840     0.107      0.452     0.04996  -1	   0.2178623     0.0643590
     D1MAH-a26b      0.035     0.054       0.126     0.724      0.337     0.800      0.404     0.346      0.035     0.548    0.604     0.474   0.974     0.111      0.227     0.03683  -1	   0.4021530     0.4200367
     D1MAH-a26c      0.032     0.044       0.117     0.698     -0.365     0.813      0.610     0.696      0.696     0.518    0.603     0.447   0.699     0.102      0.111     0.01672  -1	   0.0084964    -0.0103210
     D1MAH-a26d      0.031     0.054       0.122     0.667      0.431     0.805      0.421     0.365      0.447     0.545    0.623     0.456   0.945     0.098      0.389     0.05587  -1	   0.4088857     0.3724319
     D1MAH-a27a      0.034     0.055       0.135     0.601      0.521     0.812      0.422     0.357      0.017     0.546    0.575     0.498   0.842     0.095      0.239     0.03791  -1	   0.4823027     0.4804674
     D1MAH-a27b      0.034     0.044       0.106     0.649      0.270     0.818      0.492     0.398      0.018     0.552    0.648     0.441   0.816     0.121      0.640     0.71909   1	   0.7029733     0.5592822
     D1MAH-a27c      0.031     0.037       0.098     0.660      0.184     0.823      0.558     0.486      0.903     0.484    0.593     0.426   0.794     0.095      0.334     0.06315  -1	   0.0882970     0.1165109
     D1MAH-a27d      0.029     0.042       0.107     0.554      0.377     0.823      0.577     0.614      0.205     0.472    0.570     0.433   0.830     0.100      0.141     0.05677  -1	   0.1686308     0.0402085
     D1MAH-a28a      0.034     0.040       0.107     0.534      0.246     0.835      0.586     0.578      0.385     0.437    0.550     0.418   0.705     0.125      0.250     0.02511  -1	   0.1066578     0.0421784
     D1MAH-a28b      0.034     0.033       0.094     0.493     -0.081     0.833      0.575     0.587      0.947     0.453    0.587     0.402   0.612     0.116      0.153     0.03570  -1	  -0.0059005     0.0654430
     D1MAH-a28c      0.030     0.046       0.124     0.565      0.409     0.825      0.572     0.638      0.167     0.425    0.561     0.397   0.804     0.108      0.265     0.02492  -1	   0.3009547     0.0415675
     D1MAH-a28d      0.034     0.043       0.100     0.611      0.264     0.818      0.541     0.483      0.460     0.459    0.586     0.409   0.816     0.110      0.405     0.01527  -1	   0.2060717     0.1574281
     D1MAH-a29a      0.032     0.026       0.080     0.515      0.525     0.824      0.589     0.609      0.565     0.467    0.591     0.412   0.761     0.160      0.110     0.05209  -1	   0.1672435     0.1044370
     D1MAH-a29b      0.030     0.031       0.087     0.733      0.474     0.819      0.568     0.591      0.791     0.497    0.593     0.436   0.916     0.147      0.191     0.07449  -1	   0.2255441     0.1226721
     D1MAH-a29c      0.033     0.031       0.104     0.524      0.243     0.821      0.593     0.595      0.334     0.436    0.565     0.405   0.705     0.114      0.147     0.04726  -1	   0.0441056     0.0458437
     D1MAH-a29d      0.028     0.045       0.119     0.614      0.100     0.828      0.565     0.625      0.839     0.527    0.602     0.457   0.771     0.099      0.142     0.07250  -1	   0.0521074     0.0061264
      D1MAH-a2a      0.038     0.038       0.094     0.730     -0.102     0.808      0.610     0.647      0.920     0.487    0.597     0.424   0.812     0.112      0.278     0.01473  -1	  -0.0022032    -0.0052585
      D1MAH-a2b      0.035     0.040       0.091     0.570      0.077     0.809      0.623     0.618      0.934     0.505    0.587     0.450   0.744     0.102      0.221     0.01407  -1	   0.0398481     0.0066808
      D1MAH-a2c      0.034     0.049       0.130     0.699      0.230     0.834      0.523     0.544      0.143     0.497    0.591     0.440   0.840     0.110      0.173     0.01793  -1	   0.2291013     0.1136426
      D1MAH-a2d      0.033     0.039       0.098     0.672     -0.140     0.814      0.604     0.584      0.191     0.451    0.589     0.399   0.788     0.129      0.245     0.01634  -1	   0.1285908     0.0816194
     D1MAH-a30a      0.032     0.034       0.102     0.568     -0.072     0.823      0.578     0.583      0.391     0.434    0.562     0.405   0.738     0.120      0.109     0.04615  -1	  -0.0365933     0.0121884
     D1MAH-a30b      0.033     0.036       0.089     0.622      0.049     0.838      0.570     0.574      0.443     0.498    0.625     0.412   0.725     0.151      0.174     0.02168  -1	   0.0233957     0.0323578
     D1MAH-a30c      0.031     0.044       0.113     0.668      0.084     0.837      0.579     0.588      0.168     0.504    0.616     0.423   0.817     0.110      0.208     0.04290  -1	   0.1594663     0.0707341
     D1MAH-a30d      0.034     0.034       0.091     0.556     -0.084     0.828      0.645     0.678      0.988     0.547    0.607     0.472   0.738     0.123     -0.010     0.01625  -1	   0.0279967    -0.0094751
     D1MAH-a31a      0.036     0.028       0.076     0.712     -0.150     0.815      0.613     0.681      0.833     0.430    0.576     0.390   0.812     0.163      0.161     0.01948  -1	  -0.0547357    -0.0191813
     D1MAH-a31b      0.033     0.035       0.087     0.637      0.246     0.823      0.608     0.639      0.973     0.477    0.588     0.423   0.784     0.126      0.127     0.01664  -1	   0.0938803     0.0200397
     D1MAH-a31c      0.037     0.033       0.080     0.660      0.100     0.818      0.604     0.633      0.777     0.492    0.586     0.439   0.827     0.143      0.029     0.01596  -1	  -0.0090950    -0.0212740
     D1MAH-a31d      0.033     0.037       0.093     0.619     -0.072     0.818      0.606     0.692      0.884     0.496    0.588     0.440   0.756     0.120      0.120     0.01517  -1	  -0.0113130    -0.0180940
     D1MAH-a32a      0.034     0.023       0.067     0.653      0.044     0.815      0.598     0.676      0.732     0.475    0.609     0.405   0.781     0.160      0.057     0.01187  -1	  -0.0563902    -0.0225806
     D1MAH-a32b      0.032     0.028       0.074     0.661      0.086     0.819      0.582     0.662      0.737     0.509    0.591     0.449   0.817     0.138      0.077     0.01192  -1	  -0.0247036    -0.0193478
     D1MAH-a32c      0.030     0.033       0.096     0.561      0.103     0.820      0.600     0.655      0.424     0.495    0.601     0.429   0.753     0.138      0.137     0.01336  -1	  -0.0081217    -0.0376263
     D1MAH-a32d      0.032     0.033       0.087     0.695      0.050     0.817      0.607     0.705      0.635     0.448    0.587     0.398   0.817     0.129      0.161     0.01128  -1	  -0.0123690    -0.0493847
     D1MAH-a33b      0.035     0.050       0.107     0.631      0.092     0.797      0.510     0.405      0.980     0.513    0.644     0.408   0.761     0.090      0.325     0.01108  -1	   0.0907230     0.1621268
     D1MAH-a33c      0.033     0.038       0.094     0.621      0.074     0.809      0.576     0.529      0.095     0.446    0.578     0.402   0.761     0.124      0.172     0.01167  -1	   0.1189298     0.1583371
     D1MAH-a33d      0.035     0.042       0.093     0.562      0.085     0.808      0.544     0.460      0.173     0.442    0.578     0.400   0.744     0.110      0.357     0.01099  -1	   0.1852945     0.2416354
     D1MAH-a34a      0.028     0.042       0.106     0.591      0.267     0.818      0.583     0.626      0.374     0.499    0.597     0.435   0.798     0.095      0.229     0.00958  -1	   0.1423751     0.0265547
     D1MAH-a34b      0.029     0.043       0.111     0.592      0.013     0.809      0.578     0.628      0.715     0.483    0.612     0.409   0.708     0.101      0.194     0.00931  -1	   0.0063050    -0.0070021
     D1MAH-a34c      0.034     0.049       0.104     0.651      0.065     0.798      0.536     0.446      0.969     0.535    0.635     0.437   0.817     0.093      0.324     0.01105  -1	   0.0799303     0.1152850
     D1MAH-a34d      0.032     0.042       0.119     0.569      0.315     0.826      0.566     0.578      0.413     0.479    0.590     0.423   0.798     0.108      0.226     0.00758  -1	   0.1604208     0.0688309
     D1MAH-a35a      0.032     0.047       0.115     0.675      0.150     0.820      0.547     0.540      0.737     0.449    0.594     0.393   0.794     0.109      0.157     0.00932  -1	   0.0580015     0.0282454
     D1MAH-a35b      0.030     0.042       0.104     0.624      0.038     0.812      0.582     0.629      0.159     0.536    0.651     0.423   0.725     0.098      0.157     0.00926  -1	   0.1095014     0.0501588
     D1MAH-a35c      0.032     0.037       0.091     0.619      0.305     0.814      0.569     0.612      0.496     0.506    0.600     0.439   0.816     0.134      0.176     0.00916  -1	   0.1111154     0.0322187
     D1MAH-a36a      0.029     0.041       0.093     0.597      0.277     0.824      0.602     0.649      0.420     0.420    0.571     0.385   0.798     0.119      0.221     0.00760  -1	   0.1121948    -0.0207976
     D1MAH-a36b      0.036     0.038       0.093     0.648      0.051     0.815      0.535     0.447      0.329     0.495    0.568     0.456   0.761     0.105      0.404     0.00822  -1	   0.1657943     0.2187099
     D1MAH-a36c      0.031     0.041       0.104     0.597      0.223     0.820      0.571     0.609      0.955     0.483    0.591     0.427   0.767     0.119      0.177     0.00711  -1	   0.0975687     0.0280146
     D1MAH-a36d      0.028     0.043       0.109     0.699      0.118     0.814      0.599     0.593      0.800     0.511    0.608     0.438   0.827     0.101      0.290     0.00720  -1	   0.0735276     0.0130098
     D1MAH-a37a      0.028     0.044       0.109     0.618      0.388     0.830      0.549     0.609      0.737     0.481    0.591     0.423   0.848     0.107      0.292     0.00832  -1	   0.2184712     0.0668879
     D1MAH-a37b      0.026     0.033       0.096     0.569      0.213     0.814      0.599     0.673      0.266     0.429    0.590     0.378   0.767     0.118      0.137     0.00766  -1	   0.0477871    -0.0299550
     D1MAH-a37c      0.029     0.033       0.094     0.702      0.383     0.819      0.563     0.632      0.900     0.487    0.590     0.431   0.928     0.151      0.133     0.00760  -1	   0.1408310     0.0269437
     D1MAH-a37d      0.028     0.045       0.117     0.709      0.079     0.823      0.576     0.619      0.952     0.481    0.613     0.405   0.841     0.092      0.135     0.00725  -1	   0.0471017     0.0074286
     D1MAH-a38a      0.018     0.037       0.109     0.610      0.209     0.808      0.589     0.659      0.030     0.716    0.582     0.658   0.784     0.119      0.143     0.00754  -1	   0.0950386    -0.0032141
     D1MAH-a38b      0.029     0.043       0.109     0.585      0.017     0.825      0.620     0.675      0.888     0.517    0.604     0.446   0.708     0.103      0.140     0.00713  -1	   0.0253740    -0.0167330
     D1MAH-a38c      0.027     0.039       0.106     0.648      0.229     0.824      0.572     0.633      0.025     0.440    0.600     0.380   0.784     0.114      0.150     0.00766  -1	   0.1985083     0.0737441
     D1MAH-a38d      0.027     0.032       0.096     0.610      0.200     0.821      0.591     0.671      0.276     0.460    0.599     0.399   0.784     0.124      0.114     0.00768  -1	   0.0456441    -0.0201873
     D1MAH-a39a      0.033     0.036       0.094     0.653      0.133     0.811      0.571     0.566      0.478     0.477    0.577     0.432   0.827     0.127      0.185     0.00853  -1	   0.0395326     0.0310457
     D1MAH-a39b      0.031     0.042       0.111     0.569      0.145     0.810      0.582     0.554      0.444     0.453    0.583     0.405   0.753     0.109      0.180     0.00877  -1	   0.0436818     0.0399968
     D1MAH-a39c      0.028     0.038       0.106     0.644     -0.007     0.814      0.565     0.623      0.990     0.528    0.595     0.463   0.796     0.111      0.117     0.00836  -1	   0.0200162     0.0166507
     D1MAH-a39d      0.027     0.042       0.115     0.594      0.296     0.804      0.614     0.674      0.671     0.475    0.593     0.417   0.798     0.089      0.370     0.00847  -1	   0.1650475     0.0006778
      D1MAH-a3a      0.035     0.026       0.065     0.616      0.242     0.829      0.631     0.648      0.819     0.471    0.564     0.437   0.784     0.174      0.117     0.00926  -1	   0.0244395    -0.0126796
      D1MAH-a3b      0.034     0.031       0.078     0.682      0.334     0.822      0.599     0.599      0.538     0.503    0.603     0.434   0.872     0.183      0.071     0.00889  -1	   0.0748508     0.0389234
      D1MAH-a3c      0.033     0.034       0.089     0.617      0.196     0.811      0.609     0.675      0.978     0.498    0.612     0.423   0.739     0.124      0.073     0.00940  -1	   0.0731449     0.0116648
      D1MAH-a3d      0.038     0.021       0.059     0.584      0.035     0.821      0.623     0.651      0.854     0.550    0.658     0.430   0.708     0.201      0.239     0.00786  -1	  -0.0229949     0.0000289
     D1MAH-a40a      0.029     0.043       0.119     0.618      0.300     0.809      0.584     0.625      0.819     0.473    0.599     0.411   0.816     0.095      0.423     0.00841  -1	   0.1799030     0.0341845
     D1MAH-a40b      0.032     0.041       0.104     0.666     -0.049     0.809      0.602     0.653      0.318     0.448    0.581     0.402   0.852     0.104      0.260     0.00933  -1	   0.0875317    -0.0352823
     D1MAH-a40c      0.029     0.048       0.117     0.603      0.188     0.801      0.532     0.523      0.100     0.475    0.619     0.395   0.739     0.091      0.392     0.00867  -1	   0.3376254     0.2022590
     D1MAH-a40d      0.028     0.042       0.119     0.620      0.271     0.802      0.593     0.625      0.146     0.446    0.574     0.406   0.816     0.096      0.390     0.00840  -1	   0.3219925     0.0690380
     D1MAH-a41a      0.031     0.031       0.085     0.705      0.164     0.815      0.585     0.581      0.444     0.490    0.605     0.421   0.819     0.137      0.182     0.00853  -1	   0.0633158     0.0628495
     D1MAH-a41b      0.034     0.027       0.078     0.611      0.375     0.824      0.603     0.631      0.394     0.459    0.584     0.410   0.848     0.158      0.154     0.01160  -1	   0.1103409     0.0440961
     D1MAH-a41c      0.031     0.029       0.067     0.578     -0.128     0.819      0.606     0.625      0.824     0.472    0.584     0.422   0.714     0.184      0.145     0.01096  -1	  -0.0498963    -0.0095080
     D1MAH-a41d      0.028     0.042       0.109     0.539     -0.174     0.808      0.590     0.616      0.998     0.507    0.610     0.431   0.622     0.108      0.162     0.00953  -1	   0.0144319     0.0361213
     D1MAH-a42a      0.031     0.035       0.087     0.596     -0.137     0.807      0.615     0.649      0.922     0.484    0.627     0.397   0.714     0.141      0.270     0.01248  -1	  -0.0265434     0.0016492
     D1MAH-a42b      0.033     0.033       0.089     0.584     -0.251     0.809      0.617     0.657      0.760     0.435    0.579     0.393   0.653     0.148      0.272     0.01239  -1	  -0.0293600    -0.0016590
     D1MAH-a42c      0.036     0.032       0.085     0.685      0.161     0.818      0.605     0.602      0.652     0.483    0.616     0.405   0.794     0.137      0.232     0.01665  -1	   0.0537317     0.0328740
     D1MAH-a42d      0.030     0.037       0.102     0.623      0.101     0.809      0.625     0.649      0.672     0.501    0.589     0.444   0.771     0.128      0.215     0.01312  -1	   0.0197092    -0.0259130
     D1MAH-a43a      0.033     0.034       0.098     0.633      0.339     0.821      0.577     0.555      0.465     0.452    0.574     0.412   0.816     0.113      0.175     0.03674  -1	   0.1298893     0.1089571
     D1MAH-a43b      0.031     0.054       0.124     0.750      0.127     0.824      0.488     0.454      0.868     0.495    0.616     0.416   0.826     0.094      0.269     0.04763  -1	   0.1135305     0.0892760
     D1MAH-a43c      0.031     0.044       0.100     0.666      0.384     0.823      0.529     0.468      0.795     0.496    0.584     0.445   0.903     0.109      0.067     0.02754  -1	   0.1686368     0.1283027
     D1MAH-a43d      0.035     0.041       0.111     0.656      0.000     0.813      0.552     0.455      0.239     0.468    0.580     0.421   0.781     0.097      0.239     0.03073  -1	   0.1132026     0.2023075
     D1MAH-a44a      0.033     0.041       0.111     0.616      0.334     0.818      0.578     0.615      0.771     0.458    0.597     0.397   0.816     0.107      0.193     0.07098  -1	   0.1458368     0.0446162
     D1MAH-a44b      0.032     0.043       0.100     0.632      0.165     0.816      0.547     0.588      0.443     0.530    0.697     0.377   0.739     0.141      0.227     0.03659  -1	   0.1349740     0.0595281
     D1MAH-a44c      0.031     0.041       0.100     0.719      0.223     0.825      0.511     0.539      0.928     0.522    0.621     0.437   0.864     0.119      0.420     0.03798  -1	   0.1533418     0.0867210
     D1MAH-a44d      0.032     0.038       0.104     0.671      0.133     0.820      0.601     0.599      0.760     0.480    0.605     0.412   0.827     0.102      0.223     0.03627  -1	   0.0472549     0.0183583
     D1MAH-a45a      0.035     0.045       0.106     0.642      0.224     0.811      0.484     0.394      0.005     0.467    0.570     0.428   0.784     0.123      0.485     0.77768   1	   0.4806959     0.4593567
     D1MAH-a45b      0.034     0.045       0.104     0.658      0.314     0.821      0.488     0.397      0.025     0.474    0.590     0.419   0.872     0.122      0.548     0.73162   1	   0.5961456     0.4988376
     D1MAH-a45c      0.032     0.049       0.109     0.681      0.148     0.814      0.512     0.445      0.733     0.482    0.577     0.435   0.827     0.093      0.229     0.10537  -1	   0.0836934     0.1088827
     D1MAH-a45d      0.029     0.047       0.115     0.559      0.148     0.824      0.526     0.540      0.557     0.519    0.594     0.456   0.753     0.112      0.425     0.04955  -1	   0.1392919     0.0695629
     D1MAH-a46a      0.032     0.037       0.102     0.642      0.130     0.825      0.549     0.492      0.528     0.467    0.603     0.401   0.771     0.104      0.331     0.06288  -1	   0.0971232     0.1290430
     D1MAH-a46b      0.034     0.046       0.119     0.632      0.332     0.816      0.516     0.524      0.055     0.424    0.590     0.374   0.816     0.107      0.349     0.09440  -1	   0.4078894     0.2199310
     D1MAH-a46c      0.033     0.046       0.120     0.661      0.347     0.816      0.555     0.593      0.072     0.419    0.565     0.389   0.872     0.110      0.271     0.09404  -1	   0.3508778     0.1104371
     D1MAH-a46d      0.036     0.043       0.102     0.677      0.132     0.810      0.517     0.448      0.214     0.559    0.645     0.451   0.827     0.135      0.476     0.68225   1	   0.3664773     0.2872490
     D1MAH-a47a      0.034     0.026       0.076     0.599      0.373     0.827      0.628     0.643      0.926     0.461    0.575     0.419   0.830     0.169      0.119     0.02856  -1	   0.1079973     0.0197086
     D1MAH-a47b      0.034     0.027       0.076     0.512      0.129     0.812      0.637     0.664      0.999     0.495    0.597     0.431   0.692     0.160      0.093     0.02938  -1	   0.0282559    -0.0093455
     D1MAH-a47c      0.035     0.026       0.076     0.603      0.355     0.824      0.620     0.650      0.839     0.473    0.590     0.417   0.848     0.164      0.132     0.02753  -1	   0.0868098     0.0142751
     D1MAH-a47d      0.031     0.028       0.087     0.664      0.295     0.814      0.620     0.666      0.325     0.464    0.583     0.416   0.872     0.147      0.216     0.03716  -1	   0.1303023     0.0225746
     D1MAH-a48a      0.036     0.036       0.098     0.575      0.051     0.823      0.561     0.588      0.415     0.444    0.564     0.412   0.744     0.135      0.086     0.03659  -1	  -0.0210877    -0.0021064
     D1MAH-a48b      0.031     0.030       0.081     0.764      0.574     0.819      0.545     0.554      0.523     0.453    0.591     0.398   0.893     0.172      0.097     0.07434  -1	   0.2780016     0.1991519
     D1MAH-a48c      0.032     0.032       0.085     0.662     -0.029     0.824      0.602     0.645      1.000     0.524    0.621     0.438   0.852     0.154     -0.005     0.02326  -1	   0.0000653    -0.0151620
     D1MAH-a48d      0.037     0.025       0.070     0.670     -0.124     0.825      0.643     0.675      0.895     0.457    0.558     0.429   0.788     0.189      0.154     0.02405  -1	  -0.0516217    -0.0239175
     D1MAH-a49a      0.032     0.046       0.119     0.664      0.372     0.815      0.552     0.581      0.039     0.432    0.576     0.393   0.903     0.108      0.259     0.10314  -1	   0.3763697     0.1424118
     D1MAH-a49b      0.035     0.028       0.074     0.691     -0.109     0.820      0.599     0.661      0.682     0.441    0.570     0.405   0.788     0.162      0.152     0.01932  -1	  -0.0492644    -0.0262244
     D1MAH-a49c      0.035     0.023       0.063     0.708     -0.085     0.809      0.609     0.588      0.766     0.462    0.597     0.402   0.836     0.145     -0.043     0.01674  -1	  -0.0676419     0.0267869
     D1MAH-a49d      0.033     0.046       0.120     0.677      0.244     0.815      0.554     0.581      0.030     0.407    0.567     0.377   0.840     0.108      0.307     0.09388  -1	   0.3532956     0.1301934
      D1MAH-a4a      0.031     0.037       0.089     0.674      0.233     0.822      0.599     0.613      0.085     0.448    0.582     0.401   0.840     0.112      0.218     0.00971  -1	   0.2246017     0.1141938
      D1MAH-a4b      0.033     0.035       0.085     0.651      0.105     0.826      0.607     0.617      0.491     0.481    0.578     0.435   0.827     0.118      0.227     0.00973  -1	   0.0427007     0.0000003
      D1MAH-a4c      0.032     0.036       0.085     0.646      0.187     0.822      0.604     0.619      0.369     0.475    0.601     0.411   0.739     0.117      0.218     0.00972  -1	   0.1034041     0.0500504
      D1MAH-a4d      0.012     0.021       0.076     0.604      0.135     0.705      0.613     0.641      0.744     0.907    0.563     0.877   0.771     0.169      0.212     0.00991  -1	  -0.0000672     0.0123268
     D1MAH-a50a      0.034     0.042       0.102     0.625      0.472     0.814      0.592     0.633      0.223     0.530    0.637     0.429   0.836     0.119      0.356     0.05464  -1	   0.4493510     0.1874960
     D1MAH-a50b      0.036     0.027       0.074     0.635      0.337     0.816      0.608     0.639      0.828     0.453    0.577     0.409   0.816     0.167      0.128     0.02798  -1	   0.0734909     0.0131816
     D1MAH-a50c      0.034     0.020       0.054     0.562      0.323     0.821      0.636     0.686      0.669     0.455    0.595     0.397   0.798     0.219     -0.002     0.01158  -1	  -0.0182945    -0.0548741
     D1MAH-a50d      0.030     0.033       0.098     0.557      0.091     0.824      0.599     0.646      0.391     0.442    0.570     0.406   0.744     0.130      0.152     0.01332  -1	  -0.0082410    -0.0354551
     D1MAH-a51a      0.033     0.035       0.104     0.749      0.487     0.818      0.552     0.593      0.438     0.475    0.586     0.423   0.916     0.123      0.159     0.01176  -1	   0.2828679     0.1626988
     D1MAH-a51b      0.035     0.047       0.100     0.621      0.025     0.805      0.530     0.436      0.652     0.463    0.598     0.402   0.725     0.091      0.454     0.01107  -1	   0.0929229     0.1557683
     D1MAH-a51c      0.030     0.035       0.100     0.585     -0.158     0.810      0.548     0.524      0.250     0.446    0.574     0.406   0.684     0.124      0.397     0.01254  -1	   0.1321414     0.1450954
     D1MAH-a51d      0.027     0.047       0.128     0.697      0.323     0.824      0.509     0.569      0.347     0.462    0.585     0.412   0.872     0.087      0.220     0.01249  -1	   0.2326324     0.0793004
     D1MAH-a52a      0.032     0.033       0.087     0.668      0.302     0.804      0.581     0.540      0.522     0.520    0.611     0.443   0.872     0.135      0.288     0.00936  -1	   0.1568117     0.1243638
     D1MAH-a52b      0.032     0.034       0.098     0.739      0.276     0.833      0.598     0.666      0.183     0.473    0.593     0.415   0.896     0.135      0.133     0.01241  -1	   0.1798664     0.0552891
     D1MAH-a52c      0.030     0.038       0.096     0.633      0.065     0.803      0.554     0.505      0.295     0.452    0.593     0.396   0.761     0.128      0.171     0.01167  -1	   0.0536271     0.1172213
     D1MAH-a52d      0.033     0.041       0.115     0.691      0.441     0.814      0.581     0.639      0.916     0.461    0.607     0.393   0.878     0.108      0.293     0.01069  -1	   0.2616192     0.0852758
     D1MAH-a53a      0.033     0.034       0.094     0.763      0.273     0.809      0.615     0.727      0.765     0.494    0.606     0.423   0.875     0.141      0.128     0.00857  -1	   0.0875394    -0.0001324
     D1MAH-a53b      0.028     0.048       0.120     0.643      0.079     0.820      0.558     0.632      0.204     0.562    0.686     0.416   0.761     0.095      0.124     0.01296  -1	   0.1217752     0.0314517
     D1MAH-a53c      0.038     0.034       0.087     0.717     -0.082     0.816      0.550     0.465      0.971     0.496    0.595     0.434   0.836     0.144      0.343     0.00903  -1	  -0.0113462     0.0787776
     D1MAH-a53d      0.033     0.032       0.085     0.605      0.612     0.816      0.598     0.614      0.414     0.417    0.580     0.375   0.751     0.144      0.066     0.00762  -1	   0.2714213     0.1723790
     D1MAH-a54a      0.026     0.046       0.117     0.662      0.137     0.814      0.566     0.596      0.369     0.537    0.606     0.463   0.827     0.113      0.154     0.00768  -1	   0.0824943     0.0081184
     D1MAH-a54b      0.033     0.035       0.087     0.544      0.616     0.818      0.572     0.583      0.943     0.472    0.612     0.399   0.671     0.152      0.120     0.00767  -1	   0.3586643     0.1788773
     D1MAH-a54c      0.030     0.045       0.098     0.660      0.100     0.827      0.562     0.522      0.388     0.481    0.591     0.424   0.827     0.105      0.324     0.00850  -1	   0.1396382     0.0896199
     D1MAH-a54d      0.027     0.044       0.115     0.678      0.198     0.816      0.572     0.599      0.864     0.548    0.615     0.465   0.794     0.111      0.065     0.00771  -1	   0.0902846     0.0273967
     D1MAH-a55a      0.026     0.044       0.117     0.676      0.108     0.821      0.596     0.622      0.942     0.458    0.576     0.416   0.827     0.106      0.085     0.00721  -1	   0.0422309    -0.0084235
     D1MAH-a55b      0.033     0.036       0.093     0.632      0.249     0.821      0.561     0.576      0.220     0.516    0.601     0.447   0.784     0.118      0.061     0.00688  -1	   0.0797092     0.0833127
     D1MAH-a55c      0.029     0.045       0.111     0.672      0.041     0.813      0.574     0.616      0.326     0.554    0.638     0.451   0.781     0.112      0.149     0.00778  -1	   0.0765210     0.0135927
     D1MAH-a55d      0.028     0.043       0.113     0.652      0.051     0.821      0.579     0.615      0.426     0.511    0.598     0.446   0.817     0.112      0.069     0.00772  -1	   0.0006863    -0.0256056
     D1MAH-a56a      0.026     0.046       0.119     0.629      0.148     0.818      0.612     0.647      0.979     0.508    0.619     0.425   0.771     0.098      0.099     0.00720  -1	   0.0889695     0.0067303
     D1MAH-a56b      0.028     0.044       0.111     0.678      0.147     0.815      0.574     0.609      0.331     0.534    0.600     0.465   0.827     0.113      0.150     0.00773  -1	   0.0933157     0.0153288
     D1MAH-a56c      0.027     0.043       0.111     0.650      0.102     0.812      0.586     0.613      0.211     0.511    0.590     0.451   0.827     0.112      0.068     0.00768  -1	   0.0448125     0.0046321
     D1MAH-a56d      0.028     0.038       0.107     0.628      0.182     0.813      0.604     0.605      0.797     0.510    0.630     0.417   0.739     0.114      0.331     0.00718  -1	   0.0936731     0.0382630
     D1MAH-a57a      0.026     0.045       0.117     0.681      0.043     0.820      0.596     0.632      0.980     0.553    0.650     0.439   0.781     0.100      0.091     0.00724  -1	   0.0566976     0.0113578
     D1MAH-a57b      0.029     0.035       0.093     0.695      0.256     0.819      0.631     0.648      0.656     0.535    0.621     0.448   0.872     0.109      0.215     0.00698  -1	   0.1163116     0.0432222
     D1MAH-a57c      0.032     0.029       0.078     0.592      0.353     0.814      0.577     0.583      0.686     0.469    0.577     0.425   0.830     0.173      0.108     0.00680  -1	   0.0602105     0.0252959
     D1MAH-a57d      0.032     0.046       0.115     0.551      0.210     0.812      0.567     0.587      0.237     0.433    0.566     0.401   0.767     0.112      0.140     0.00705  -1	   0.0889646     0.0110644
     D1MAH-a58a      0.032     0.033       0.098     0.665      0.287     0.813      0.584     0.597      0.787     0.510    0.599     0.443   0.872     0.122      0.191     0.00847  -1	   0.1019914     0.0524078
     D1MAH-a58b      0.031     0.037       0.080     0.553      0.269     0.816      0.610     0.608      0.949     0.475    0.574     0.433   0.798     0.150      0.389     0.00888  -1	   0.0882963     0.0041378
     D1MAH-a58c      0.031     0.039       0.098     0.620      0.149     0.822      0.600     0.601      0.898     0.508    0.607     0.435   0.771     0.110      0.312     0.02752  -1	   0.0730179     0.0283371
     D1MAH-a58d      0.027     0.044       0.120     0.612      0.299     0.803      0.589     0.624      0.199     0.461    0.568     0.424   0.816     0.095      0.488     0.00842  -1	   0.3809000     0.0618394
     D1MAH-a59a      0.030     0.032       0.081     0.536      0.001     0.817      0.603     0.637      0.910     0.441    0.598     0.382   0.646     0.159      0.211     0.00894  -1	  -0.0297592    -0.0014662
     D1MAH-a59b      0.028     0.035       0.094     0.669      0.394     0.809      0.613     0.651      0.815     0.479    0.603     0.413   0.903     0.117      0.165     0.01608  -1	   0.1539846     0.0419154
     D1MAH-a59c      0.028     0.033       0.085     0.732      0.047     0.816      0.617     0.666      0.819     0.552    0.625     0.460   0.805     0.132      0.206     0.00946  -1	   0.0186107    -0.0064404
     D1MAH-a59d      0.031     0.036       0.085     0.646      0.173     0.811      0.579     0.646      0.441     0.461    0.591     0.406   0.739     0.158      0.174     0.00913  -1	   0.0505570    -0.0170343
      D1MAH-a5a      0.030     0.034       0.096     0.677      0.382     0.826      0.582     0.660      0.797     0.455    0.602     0.392   0.903     0.125      0.060     0.00808  -1	   0.1265046     0.0206014
      D1MAH-a5b      0.034     0.035       0.098     0.726      0.563     0.826      0.561     0.629      0.973     0.489    0.648     0.384   0.913     0.131      0.171     0.00819  -1	   0.3563099     0.1699380
      D1MAH-a5c      0.029     0.035       0.096     0.674      0.455     0.820      0.562     0.635      0.724     0.487    0.599     0.423   0.891     0.128      0.044     0.00811  -1	   0.1763539     0.0611829
      D1MAH-a5d      0.030     0.035       0.094     0.640      0.374     0.818      0.573     0.649      0.776     0.460    0.595     0.401   0.848     0.130      0.076     0.00816  -1	   0.1185753     0.0201163
     D1MAH-a60a      0.028     0.037       0.096     0.639      0.408     0.820      0.607     0.649      0.727     0.454    0.577     0.412   0.822     0.111      0.049     0.01585  -1	   0.1430840     0.0432410
     D1MAH-a60b      0.029     0.044       0.111     0.574     -0.175     0.805      0.586     0.599      0.889     0.488    0.590     0.431   0.684     0.109      0.207     0.00945  -1	  -0.0046760     0.0182839
     D1MAH-a60c      0.030     0.031       0.089     0.718      0.241     0.823      0.561     0.592      0.305     0.455    0.586     0.405   0.864     0.145      0.111     0.00729  -1	   0.0864113     0.0576056
     D1MAH-a60d      0.031     0.035       0.080     0.594      0.173     0.817      0.589     0.651      0.375     0.498    0.611     0.423   0.721     0.152      0.149     0.00891  -1	   0.0414871    -0.0134384
     D1MAH-a61a      0.028     0.036       0.096     0.674      0.424     0.822      0.605     0.645      0.215     0.470    0.588     0.418   0.878     0.113      0.075     0.01557  -1	   0.1933538     0.0961266
     D1MAH-a61b      0.030     0.041       0.107     0.692      0.445     0.822      0.562     0.632      0.431     0.424    0.570     0.390   0.878     0.106      0.166     0.01688  -1	   0.2373420     0.0656460
     D1MAH-a61c      0.031     0.037       0.093     0.623      0.434     0.820      0.571     0.645      0.226     0.457    0.585     0.408   0.822     0.132      0.051     0.01431  -1	   0.1639822     0.0397387
     D1MAH-a61d      0.032     0.042       0.104     0.667      0.323     0.817      0.557     0.617      0.121     0.476    0.578     0.431   0.872     0.107      0.189     0.02102  -1	   0.2465309     0.0707317
     D1MAH-a62a      0.033     0.034       0.087     0.555      0.259     0.830      0.610     0.613      0.752     0.441    0.569     0.406   0.798     0.121      0.174     0.03607  -1	   0.0547036     0.0098766
     D1MAH-a62b      0.029     0.040       0.104     0.620      0.408     0.831      0.569     0.559      0.277     0.438    0.562     0.408   0.822     0.106      0.429     0.02907  -1	   0.3705247     0.1747356
     D1MAH-a62c      0.030     0.051       0.124     0.727      0.204     0.838      0.520     0.533      0.793     0.565    0.673     0.431   0.909     0.103      0.143     0.03174  -1	   0.1429043     0.0662976
     D1MAH-a62d      0.032     0.039       0.104     0.647      0.565     0.817      0.554     0.614      0.173     0.465    0.577     0.420   0.833     0.112      0.171     0.01741  -1	   0.3860730     0.1962808
     D1MAH-a63a      0.032     0.040       0.100     0.595     -0.078     0.819      0.594     0.627      0.233     0.427    0.576     0.387   0.738     0.112      0.498     0.04004  -1	   0.2164388     0.0188430
     D1MAH-a63b      0.032     0.047       0.115     0.699      0.143     0.834      0.556     0.540      0.031     0.482    0.587     0.428   0.827     0.106      0.244     0.03091  -1	   0.2796475     0.1786418
     D1MAH-a63c      0.033     0.031       0.087     0.625      0.137     0.823      0.576     0.569      0.180     0.416    0.552     0.397   0.771     0.143      0.113     0.04784  -1	   0.0472372     0.0737948
     D1MAH-a63d      0.033     0.036       0.096     0.697      0.175     0.821      0.618     0.627      0.726     0.468    0.584     0.418   0.794     0.105      0.295     0.02749  -1	   0.0804433     0.0199575
     D1MAH-a64a      0.035     0.045       0.094     0.693      0.242     0.819      0.477     0.391      0.074     0.545    0.649     0.434   0.840     0.124      0.532     0.71008   1	   0.5742405     0.5098288
     D1MAH-a64b      0.035     0.044       0.102     0.668      0.306     0.820      0.489     0.396      0.029     0.624    0.749     0.411   0.872     0.123      0.554     0.72236   1	   0.7580572     0.6695330
     D1MAH-a64c      0.033     0.045       0.111     0.551      0.264     0.805      0.566     0.567      0.198     0.448    0.584     0.400   0.798     0.091      0.299     0.10607  -1	   0.2157351     0.0910343
     D1MAH-a64d      0.035     0.044       0.106     0.690      0.215     0.816      0.488     0.378      0.136     0.494    0.615     0.416   0.840     0.122      0.566     0.72256   1	   0.5138917     0.4629306
     D1MAH-a65a      0.035     0.046       0.104     0.667      0.281     0.819      0.485     0.393      0.027     0.520    0.627     0.429   0.872     0.130      0.530     0.73327   1	   0.5964687     0.5113926
     D1MAH-a65b      0.037     0.052       0.120     0.732      0.271     0.812      0.473     0.373      0.147     0.456    0.596     0.397   0.946     0.093      0.377     0.09281  -1	   0.4251974     0.3991862
     D1MAH-a65c      0.035     0.046       0.102     0.684      0.301     0.821      0.474     0.377      0.017     0.482    0.580     0.435   0.872     0.124      0.530     0.73264   1	   0.5930072     0.5266103
     D1MAH-a65d      0.031     0.042       0.109     0.671      0.336     0.815      0.478     0.366      0.049     0.439    0.578     0.397   0.872     0.120      0.534     0.81542   1	   0.5687576     0.5422070
     D1MAH-a66a      0.036     0.044       0.104     0.665      0.281     0.823      0.574     0.587      0.585     0.464    0.612     0.391   0.872     0.119      0.342     0.05693  -1	   0.1890375     0.0367723
     D1MAH-a66b      0.034     0.048       0.135     0.782      0.257     0.805      0.514     0.581      0.033     0.519    0.613     0.440   0.875     0.088      0.318     0.07665  -1	   0.4697909     0.1880036
     D1MAH-a66c      0.033     0.052       0.122     0.598      0.478     0.801      0.518     0.505      0.213     0.792    0.883     0.413   0.722     0.100      0.266     0.07451  -1	   0.6962278     0.6547164
     D1MAH-a66d      0.031     0.051       0.128     0.552      0.439     0.807      0.512     0.504      0.485     0.461    0.573     0.420   0.752     0.091      0.093     0.12982  -1	   0.2023709     0.1323183
     D1MAH-a67a      0.034     0.046       0.120     0.648      0.406     0.816      0.547     0.576      0.090     0.432    0.595     0.377   0.822     0.102      0.276     0.10405  -1	   0.3980064     0.1797638
     D1MAH-a67b      0.033     0.050       0.119     0.593      0.435     0.797      0.521     0.493      0.396     0.455    0.612     0.383   0.804     0.102      0.285     0.07308  -1	   0.3004450     0.1942151
     D1MAH-a67c      0.032     0.043       0.124     0.586      0.470     0.809      0.510     0.518      0.278     0.465    0.566     0.429   0.818     0.104      0.248     0.10242  -1	   0.3088494     0.1962971
     D1MAH-a67d      0.036     0.027       0.072     0.693     -0.064     0.825      0.612     0.683      0.612     0.443    0.576     0.402   0.812     0.192      0.094     0.03037  -1	  -0.0569170    -0.0512971
     D1MAH-a68a      0.035     0.030       0.076     0.487     -0.212     0.819      0.622     0.657      0.741     0.418    0.563     0.390   0.574     0.165      0.134     0.03258  -1	  -0.0375102     0.0041951
     D1MAH-a68b      0.035     0.033       0.087     0.527     -0.251     0.818      0.628     0.674      0.626     0.428    0.558     0.401   0.591     0.140      0.275     0.03381  -1	  -0.0189449    -0.0111994
     D1MAH-a68c      0.034     0.030       0.080     0.639     -0.137     0.819      0.612     0.619      1.000     0.526    0.650     0.416   0.732     0.139      0.158     0.02949  -1	  -0.0135231     0.0302530
     D1MAH-a68d      0.037     0.043       0.104     0.711      0.295     0.810      0.561     0.567      0.871     0.482    0.627     0.394   0.896     0.118      0.309     0.05422  -1	   0.1638449     0.0512668
     D1MAH-a69a      0.034     0.048       0.120     0.622      0.224     0.813      0.562     0.623      0.081     0.474    0.589     0.419   0.784     0.095      0.277     0.05404  -1	   0.2811388     0.0571598
     D1MAH-a69b      0.032     0.033       0.087     0.601      0.176     0.817      0.624     0.717      0.736     0.447    0.553     0.424   0.739     0.117      0.128     0.01120  -1	   0.0158422    -0.0331128
     D1MAH-a69c      0.033     0.041       0.113     0.589     -0.051     0.819      0.548     0.603      0.062     0.482    0.614     0.406   0.738     0.108      0.198     0.01634  -1	   0.1307676     0.0618642
     D1MAH-a69d      0.033     0.032       0.085     0.610      0.144     0.824      0.610     0.686      0.784     0.440    0.556     0.415   0.771     0.133      0.159     0.01104  -1	   0.0043731    -0.0318159
      D1MAH-a6a      0.035     0.035       0.091     0.719      0.068     0.819      0.617     0.678      0.998     0.477    0.611     0.405   0.841     0.132      0.056     0.00724  -1	   0.0189800    -0.0075048
      D1MAH-a6b      0.036     0.035       0.087     0.724      0.036     0.816      0.599     0.656      0.734     0.436    0.586     0.388   0.805     0.164      0.089     0.00725  -1	  -0.0267132    -0.0363399
      D1MAH-a6c      0.030     0.033       0.096     0.662      0.387     0.823      0.581     0.657      0.719     0.489    0.615     0.411   0.903     0.120      0.052     0.00807  -1	   0.1268439     0.0340196
      D1MAH-a6d      0.035     0.037       0.089     0.712     -0.048     0.818      0.595     0.656      0.982     0.448    0.607     0.381   0.876     0.142      0.099     0.00730  -1	  -0.0202386    -0.0202891
     D1MAH-a70a      0.030     0.046       0.126     0.680      0.021     0.817      0.578     0.741      0.361     0.477    0.590     0.422   0.781     0.086      0.118     0.01254  -1	   0.0406972    -0.0785250
     D1MAH-a70b      0.030     0.042       0.113     0.724      0.275     0.820      0.528     0.600      0.403     0.469    0.575     0.427   0.896     0.118      0.196     0.01216  -1	   0.1599525     0.0216281
     D1MAH-a70c      0.031     0.050       0.139     0.572      0.086     0.817      0.581     0.641      0.866     0.479    0.591     0.423   0.744     0.087      0.179     0.01419  -1	   0.0607260    -0.0038603
     D1MAH-a70d      0.031     0.049       0.124     0.646      0.065     0.824      0.550     0.654      0.268     0.451    0.593     0.394   0.761     0.113      0.131     0.01341  -1	   0.0777650    -0.0445643
     D1MAH-a71a      0.029     0.044       0.119     0.671      0.049     0.831      0.591     0.686      0.495     0.403    0.557     0.380   0.781     0.097      0.036     0.01139  -1	  -0.0101133    -0.0514370
     D1MAH-a71b      0.032     0.034       0.083     0.748      0.281     0.821      0.586     0.624      0.774     0.441    0.571     0.405   0.896     0.124      0.087     0.00947  -1	   0.0677752     0.0145249
     D1MAH-a71c      0.033     0.038       0.106     0.706      0.400     0.829      0.579     0.639      0.470     0.405    0.562     0.378   0.902     0.115      0.231     0.01067  -1	   0.2201339     0.0435332
     D1MAH-a71d      0.029     0.054       0.128     0.617      0.161     0.819      0.491     0.599      0.469     0.492    0.585     0.439   0.778     0.104      0.122     0.01358  -1	   0.0742683    -0.0204164
     D1MAH-a72a      0.030     0.034       0.089     0.647      0.301     0.818      0.582     0.607      0.391     0.443    0.572     0.405   0.816     0.127      0.407     0.00840  -1	   0.2241064     0.0613767
     D1MAH-a72b      0.033     0.049       0.124     0.576      0.165     0.818      0.549     0.644      0.496     0.438    0.574     0.399   0.721     0.104      0.148     0.01323  -1	   0.0621298    -0.0337699
     D1MAH-a72c      0.030     0.050       0.122     0.624      0.058     0.819      0.540     0.641      0.634     0.474    0.591     0.418   0.761     0.107      0.141     0.01347  -1	   0.0264899    -0.0380246
     D1MAH-a72d      0.033     0.035       0.087     0.617      0.597     0.814      0.599     0.609      0.408     0.410    0.565     0.380   0.833     0.144      0.095     0.00764  -1	   0.2687492     0.1428702
     D1MAH-a73a      0.030     0.039       0.104     0.639      0.396     0.813      0.566     0.595      0.635     0.479    0.608     0.408   0.848     0.109      0.099     0.00690  -1	   0.1534589     0.0733870
     D1MAH-a73b      0.027     0.046       0.119     0.618      0.088     0.816      0.565     0.582      0.332     0.471    0.575     0.428   0.761     0.112      0.073     0.00762  -1	   0.0189509    -0.0018954
     D1MAH-a73c      0.030     0.038       0.096     0.646      0.415     0.817      0.561     0.583      0.031     0.432    0.569     0.397   0.822     0.112      0.108     0.00680  -1	   0.2523973     0.1618176
     D1MAH-a73d      0.026     0.046       0.119     0.655      0.083     0.816      0.572     0.602      0.376     0.525    0.615     0.443   0.817     0.114      0.177     0.00768  -1	   0.0739786    -0.0016742
     D1MAH-a74a      0.027     0.046       0.119     0.620      0.100     0.818      0.566     0.587      0.607     0.525    0.592     0.463   0.771     0.112      0.080     0.00761  -1	   0.0170802    -0.0084447
     D1MAH-a74b      0.031     0.044       0.111     0.694      0.164     0.808      0.527     0.532      0.231     0.474    0.591     0.417   0.794     0.116      0.235     0.00764  -1	   0.1828655     0.1171693
     D1MAH-a74c      0.028     0.045       0.115     0.672      0.107     0.817      0.570     0.599      0.879     0.519    0.607     0.446   0.827     0.109      0.062     0.00772  -1	   0.0448452    -0.0012352
     D1MAH-a74d      0.027     0.047       0.117     0.599      0.108     0.810      0.571     0.609      0.569     0.480    0.600     0.415   0.753     0.100      0.131     0.00723  -1	   0.0279092    -0.0141220
     D1MAH-a75a      0.029     0.041       0.104     0.588     -0.061     0.807      0.589     0.621      0.575     0.488    0.612     0.412   0.738     0.113      0.145     0.00715  -1	  -0.0185646    -0.0165448
     D1MAH-a75b      0.032     0.041       0.104     0.638     -0.010     0.802      0.616     0.647      0.675     0.481    0.584     0.430   0.796     0.118      0.135     0.00708  -1	  -0.0127798    -0.0388368
     D1MAH-a75c      0.029     0.037       0.106     0.641      0.131     0.812      0.622     0.626      0.674     0.481    0.615     0.404   0.771     0.108      0.385     0.00715  -1	   0.0859247     0.0065956
     D1MAH-a75d      0.028     0.042       0.106     0.627      0.267     0.816      0.583     0.600      0.983     0.513    0.627     0.423   0.816     0.105      0.157     0.00716  -1	   0.1380367     0.0507978
     D1MAH-a76a      0.029     0.038       0.107     0.637      0.194     0.810      0.604     0.604      0.906     0.479    0.602     0.413   0.739     0.101      0.275     0.00720  -1	   0.0822546     0.0386120
     D1MAH-a76b      0.028     0.047       0.119     0.511      0.242     0.807      0.572     0.610      0.772     0.459    0.617     0.382   0.705     0.102      0.140     0.00723  -1	   0.0861333     0.0193918
     D1MAH-a76c      0.029     0.043       0.109     0.642      0.075     0.821      0.617     0.683      0.971     0.512    0.610     0.438   0.761     0.107      0.180     0.00730  -1	   0.0525861    -0.0103838
     D1MAH-a76d      0.032     0.038       0.093     0.640      0.212     0.819      0.578     0.604      0.421     0.519    0.618     0.436   0.784     0.122      0.196     0.00714  -1	   0.1050067     0.0468706
     D1MAH-a77a      0.030     0.035       0.098     0.675      0.379     0.824      0.579     0.649      0.627     0.472    0.574     0.430   0.903     0.118      0.056     0.01426  -1	   0.1167235     0.0200156
     D1MAH-a77b      0.032     0.043       0.104     0.635      0.270     0.823      0.555     0.613      0.635     0.443    0.555     0.419   0.816     0.104      0.227     0.02012  -1	   0.1126985     0.0088733
     D1MAH-a77c      0.030     0.031       0.078     0.536     -0.021     0.809      0.608     0.634      0.615     0.468    0.610     0.397   0.717     0.157      0.225     0.00900  -1	  -0.0391359    -0.0220043
     D1MAH-a77d      0.031     0.039       0.107     0.652      0.531     0.818      0.568     0.631      0.222     0.504    0.633     0.409   0.896     0.107      0.192     0.01741  -1	   0.3859905     0.1899198
     D1MAH-a78a      0.031     0.036       0.091     0.689      0.386     0.820      0.563     0.625      0.047     0.537    0.639     0.434   0.903     0.131      0.063     0.01459  -1	   0.2348517     0.1321923
     D1MAH-a78b      0.028     0.037       0.096     0.684      0.409     0.822      0.591     0.628      0.446     0.470    0.591     0.414   0.878     0.113      0.070     0.01558  -1	   0.1548074     0.0705616
     D1MAH-a78c      0.033     0.042       0.102     0.556      0.300     0.824      0.566     0.627      0.389     0.449    0.581     0.404   0.798     0.109      0.232     0.01913  -1	   0.1390489     0.0021424
     D1MAH-a78d      0.028     0.039       0.094     0.707      0.457     0.821      0.569     0.651      0.476     0.489    0.583     0.438   0.916     0.125      0.114     0.01415  -1	   0.2136240     0.0558268
     D1MAH-a79a      0.033     0.040       0.100     0.525      0.253     0.825      0.575     0.633      0.221     0.448    0.580     0.403   0.737     0.104      0.238     0.01895  -1	   0.1405709     0.0116077
     D1MAH-a79b      0.029     0.041       0.113     0.704      0.468     0.822      0.558     0.624      0.143     0.445    0.574     0.406   0.916     0.103      0.165     0.01701  -1	   0.3392152     0.1298253
     D1MAH-a79c      0.031     0.037       0.100     0.645      0.234     0.819      0.624     0.639      1.000     0.552    0.639     0.448   0.784     0.109      0.228     0.02750  -1	   0.1369466     0.0549789
     D1MAH-a79d      0.032     0.039       0.102     0.709      0.080     0.829      0.588     0.646      0.887     0.477    0.591     0.419   0.841     0.100      0.324     0.02832  -1	   0.0479780    -0.0063662
      D1MAH-a7a      0.031     0.036       0.102     0.654      0.303     0.821      0.579     0.574      0.753     0.512    0.595     0.449   0.872     0.134      0.209     0.00855  -1	   0.1190720     0.0574817
      D1MAH-a7b      0.031     0.033       0.091     0.654      0.309     0.820      0.595     0.593      0.700     0.498    0.585     0.445   0.872     0.145      0.156     0.00784  -1	   0.0878507     0.0364767
      D1MAH-a7c      0.031     0.036       0.094     0.655      0.285     0.814      0.573     0.569      0.501     0.497    0.579     0.450   0.872     0.130      0.175     0.00847  -1	   0.0976249     0.0538118
      D1MAH-a7d      0.028     0.044       0.109     0.669      0.067     0.810      0.571     0.579      0.534     0.478    0.609     0.407   0.817     0.116      0.181     0.00882  -1	   0.0351011     0.0006426
     D1MAH-a80a      0.033     0.036       0.098     0.670      0.110     0.822      0.621     0.631      0.861     0.466    0.585     0.416   0.827     0.105      0.261     0.02746  -1	   0.0330399    -0.0022028
     D1MAH-a80c      0.029     0.047       0.119     0.612      0.229     0.818      0.528     0.564      0.261     0.467    0.581     0.419   0.784     0.106      0.243     0.03132  -1	   0.1758917     0.0608762
     D1MAH-a80d      0.034     0.030       0.091     0.545      0.340     0.823      0.582     0.633      0.728     0.458    0.573     0.418   0.737     0.141      0.495     0.02494  -1	   0.1604902     0.0452894
     D1MAH-a81a      0.032     0.038       0.096     0.698      0.176     0.813      0.555     0.605      0.713     0.482    0.602     0.416   0.794     0.139      0.047     0.03316  -1	   0.0256092     0.0008785
     D1MAH-a81b      0.035     0.033       0.094     0.696      0.015     0.814      0.581     0.573      0.344     0.485    0.589     0.430   0.781     0.141      0.135     0.04646  -1	   0.0284731     0.0536280
     D1MAH-a81c      0.034     0.041       0.111     0.651      0.299     0.820      0.572     0.617      0.626     0.475    0.622     0.394   0.872     0.108      0.199     0.07131  -1	   0.1370639     0.0285848
     D1MAH-a81d      0.032     0.043       0.113     0.617      0.500     0.824      0.516     0.599      0.283     0.489    0.584     0.437   0.841     0.108      0.177     0.09067  -1	   0.3125163     0.1241658
     D1MAH-a82a      0.032     0.050       0.124     0.723      0.159     0.815      0.507     0.546      0.278     0.455    0.587     0.404   0.819     0.107      0.146     0.05649  -1	   0.1416638     0.0575549
     D1MAH-a82b      0.034     0.045       0.122     0.550      0.133     0.808      0.543     0.602      0.116     0.522    0.608     0.448   0.753     0.099      0.272     0.05333  -1	   0.1852285     0.0429797
     D1MAH-a82c      0.032     0.045       0.113     0.638      0.266     0.817      0.547     0.537      0.054     0.430    0.585     0.384   0.816     0.109      0.316     0.05221  -1	   0.3370052     0.1900485
     D1MAH-a82d      0.035     0.047       0.126     0.569      0.078     0.819      0.542     0.616      0.738     0.502    0.601     0.435   0.744     0.091      0.247     0.05302  -1	   0.0558198     0.0141933
     D1MAH-a83a      0.032     0.048       0.122     0.701      0.282     0.813      0.507     0.571      0.089     0.427    0.575     0.388   0.896     0.106      0.159     0.06048  -1	   0.2511981     0.0726734
     D1MAH-a83b      0.035     0.040       0.109     0.678      0.298     0.810      0.527     0.546      0.092     0.410    0.560     0.384   0.872     0.118      0.066     0.05412  -1	   0.1608654     0.1066548
     D1MAH-a83c      0.036     0.048       0.117     0.687      0.155     0.815      0.530     0.436      0.506     0.480    0.603     0.413   0.794     0.092      0.498     0.11622  -1	   0.2455287     0.1914849
     D1MAH-a83d      0.035     0.045       0.122     0.556      0.163     0.814      0.543     0.602      0.151     0.500    0.597     0.437   0.721     0.102      0.273     0.05324  -1	   0.1852643     0.0449875
     D1MAH-a84a      0.033     0.039       0.106     0.527      0.440     0.820      0.579     0.613      0.600     0.441    0.570     0.405   0.743     0.114      0.191     0.04925  -1	   0.1854283     0.0708949
     D1MAH-a84b      0.036     0.047       0.119     0.681      0.121     0.810      0.527     0.443      0.368     0.472    0.623     0.390   0.827     0.094      0.496     0.11994  -1	   0.2883869     0.2184486
     D1MAH-a84c      0.036     0.048       0.117     0.686      0.196     0.818      0.528     0.432      0.765     0.462    0.612     0.390   0.794     0.093      0.593     0.12489  -1	   0.2175154     0.1548364
     D1MAH-a84d      0.034     0.054       0.124     0.649      0.519     0.801      0.515     0.494      0.540     0.448    0.580     0.404   0.842     0.100      0.299     0.07372  -1	   0.3746365     0.1998944
     D1MAH-a85a      0.030     0.044       0.113     0.602     -0.060     0.810      0.570     0.644      0.976     0.447    0.600     0.386   0.756     0.108      0.140     0.02831  -1	   0.0070690     0.0097863
     D1MAH-a85b      0.034     0.046       0.120     0.750      0.305     0.812      0.495     0.536      0.101     0.444    0.582     0.399   0.875     0.104      0.163     0.05668  -1	   0.2886492     0.1577319
     D1MAH-a85c      0.032     0.036       0.091     0.772      0.178     0.820      0.550     0.559      0.582     0.449    0.600     0.387   0.798     0.131      0.277     0.06899  -1	   0.1099131     0.0662117
     D1MAH-a85d      0.030     0.045       0.122     0.661     -0.102     0.811      0.578     0.610      0.958     0.476    0.594     0.417   0.788     0.089      0.196     0.02335  -1	   0.0043988     0.0110336
     D1MAH-a86a      0.031     0.048       0.131     0.427      0.090     0.816      0.548     0.629      0.791     0.441    0.586     0.394   0.522     0.093      0.132     0.01315  -1	   0.0430366     0.0360383
     D1MAH-a86b      0.030     0.042       0.115     0.706     -0.070     0.829      0.577     0.642      0.358     0.458    0.594     0.400   0.836     0.120      0.125     0.01585  -1	   0.0223929    -0.0381354
     D1MAH-a86c      0.032     0.030       0.085     0.632     -0.355     0.824      0.631     0.728      0.555     0.425    0.554     0.404   0.644     0.188      0.142     0.01596  -1	  -0.0001138    -0.0272641
     D1MAH-a86d      0.032     0.040       0.122     0.573      0.011     0.815      0.554     0.598      0.059     0.440    0.590     0.388   0.708     0.104      0.147     0.01589  -1	   0.0933357     0.0553680
     D1MAH-a87a      0.030     0.049       0.128     0.606      0.315     0.826      0.513     0.600      0.361     0.414    0.591     0.365   0.816     0.094      0.139     0.01266  -1	   0.1543039     0.0080316
     D1MAH-a87b      0.029     0.052       0.122     0.627      0.046     0.824      0.539     0.646      0.433     0.493    0.620     0.411   0.713     0.105      0.108     0.01356  -1	   0.0400164    -0.0380221
     D1MAH-a87c      0.030     0.050       0.135     0.610     -0.091     0.824      0.516     0.590      0.946     0.491    0.624     0.407   0.756     0.088      0.219     0.01528  -1	   0.0223247     0.0458409
     D1MAH-a87d      0.034     0.058       0.130     0.688      0.071     0.813      0.521     0.533      0.797     0.469    0.603     0.404   0.805     0.090      0.214     0.01359  -1	   0.0751797     0.0162751
     D1MAH-a88a      0.038     0.042       0.094     0.658      0.015     0.839      0.510     0.482      0.393     0.436    0.575     0.397   0.781     0.105      0.339     0.01024  -1	   0.1121137     0.1398470
     D1MAH-a88b      0.037     0.037       0.089     0.630      0.104     0.831      0.535     0.462      0.136     0.434    0.578     0.392   0.771     0.111      0.340     0.01014  -1	   0.2195549     0.2750445
     D1MAH-a88c      0.038     0.035       0.080     0.642     -0.342     0.837      0.599     0.579      0.613     0.441    0.588     0.391   0.756     0.130      0.273     0.01024  -1	   0.0161861     0.0492674
     D1MAH-a88d      0.040     0.037       0.089     0.781     -0.284     0.824      0.546     0.533      0.303     0.464    0.586     0.413   0.730     0.118      0.367     0.01212  -1	   0.1950216     0.1528886
     D1MAH-a89a      0.032     0.040       0.113     0.650      0.152     0.838      0.571     0.685      0.318     0.416    0.562     0.388   0.794     0.099      0.052     0.01155  -1	   0.0329015    -0.0502775
     D1MAH-a89b      0.029     0.052       0.128     0.581      0.093     0.823      0.531     0.631      0.311     0.436    0.586     0.388   0.612     0.093      0.116     0.01349  -1	   0.0605884    -0.0124301
     D1MAH-a89c      0.031     0.050       0.133     0.520      0.142     0.818      0.545     0.638      0.643     0.428    0.565     0.397   0.692     0.094      0.141     0.01325  -1	   0.0458615    -0.0165596
     D1MAH-a89d      0.033     0.041       0.115     0.661      0.173     0.811      0.547     0.656      0.740     0.432    0.592     0.379   0.794     0.100      0.123     0.01276  -1	   0.0441805    -0.0057768
      D1MAH-a8a      0.031     0.036       0.094     0.629      0.246     0.811      0.569     0.602      0.765     0.448    0.584     0.401   0.784     0.145      0.171     0.00834  -1	   0.0521151     0.0056142
      D1MAH-a8b      0.028     0.038       0.104     0.654      0.169     0.802      0.557     0.568      0.443     0.455    0.599     0.394   0.794     0.120      0.154     0.00854  -1	   0.0498457     0.0390424
      D1MAH-a8c      0.029     0.042       0.109     0.580      0.089     0.818      0.591     0.636      0.427     0.453    0.574     0.412   0.744     0.127      0.167     0.00779  -1	   0.0218833    -0.0399920
      D1MAH-a8d      0.032     0.029       0.074     0.663      0.180     0.823      0.578     0.608      0.665     0.518    0.628     0.426   0.794     0.147      0.120     0.00703  -1	   0.0214222     0.0268932
     D1MAH-a90a      0.031     0.043       0.109     0.585      0.145     0.805      0.597     0.643      0.486     0.397    0.576     0.361   0.753     0.102      0.156     0.00718  -1	   0.0315831    -0.0318410
     D1MAH-a90b      0.036     0.037       0.081     0.690      0.144     0.819      0.636     0.629      0.641     0.417    0.567     0.385   0.827     0.131      0.141     0.00794  -1	   0.0168839    -0.0115639
     D1MAH-a90c      0.031     0.037       0.100     0.641      0.117     0.808      0.586     0.585      0.812     0.463    0.598     0.402   0.771     0.118      0.086     0.00797  -1	   0.0099154     0.0151270
     D1MAH-a90d      0.038     0.031       0.076     0.586     -0.423     0.832      0.572     0.582      0.500     0.455    0.583     0.408   0.566     0.147      0.260     0.00995  -1	   0.0496593     0.0915714
     D1MAH-a91a      0.029     0.040       0.107     0.624      0.021     0.809      0.602     0.637      0.901     0.467    0.604     0.401   0.725     0.110      0.170     0.00713  -1	   0.0057656    -0.0029223
     D1MAH-a91b      0.030     0.040       0.117     0.590     -0.184     0.821      0.623     0.665      0.484     0.508    0.615     0.428   0.684     0.097      0.149     0.00965  -1	  -0.0155208    -0.0272103
     D1MAH-a91c      0.032     0.030       0.081     0.564      0.072     0.821      0.617     0.646      0.403     0.435    0.579     0.391   0.744     0.146      0.152     0.00767  -1	  -0.0192113    -0.0269489
     D1MAH-a91d      0.031     0.043       0.111     0.714      0.194     0.805      0.548     0.570      0.232     0.448    0.592     0.394   0.819     0.111      0.230     0.00757  -1	   0.1956681     0.0918706
     D1MAH-a92a      0.032     0.034       0.091     0.530      0.318     0.819      0.637     0.665      0.615     0.484    0.596     0.423   0.737     0.127      0.122     0.00688  -1	   0.0721699     0.0044517
     D1MAH-a92b      0.031     0.031       0.106     0.575     -0.166     0.823      0.641     0.672      0.629     0.480    0.612     0.406   0.684     0.107      0.187     0.00963  -1	  -0.0430058    -0.0193794
     D1MAH-a92c      0.030     0.043       0.104     0.621      0.288     0.823      0.596     0.614      0.687     0.444    0.567     0.410   0.816     0.109      0.188     0.00716  -1	   0.1065331     0.0091675
     D1MAH-a92d      0.032     0.040       0.098     0.631      0.270     0.816      0.586     0.608      0.218     0.514    0.596     0.450   0.816     0.120      0.190     0.00713  -1	   0.1693471     0.0693595
     D1MAH-a93a      0.024     0.054       0.139     0.586      0.197     0.821      0.534     0.603      0.877     0.472    0.592     0.415   0.652     0.088      0.129     0.01201  -1	   0.1200401     0.0410416
     D1MAH-a93b      0.032     0.039       0.104     0.626      0.115     0.817      0.598     0.613      0.579     0.446    0.578     0.403   0.771     0.111      0.304     0.00994  -1	   0.0591460    -0.0050817
     D1MAH-a93c      0.031     0.047       0.117     0.681      0.105     0.810      0.560     0.516      0.967     0.485    0.616     0.407   0.827     0.092      0.383     0.01260  -1	   0.0831753     0.0541976
     D1MAH-a93d      0.024     0.060       0.141     0.627      0.152     0.814      0.537     0.530      0.934     0.552    0.693     0.400   0.778     0.093      0.425     0.01560  -1	   0.1863213     0.0777149
     D1MAH-a94a      0.027     0.066       0.148     0.694      0.149     0.812      0.483     0.499      0.999     0.570    0.652     0.453   0.780     0.072      0.301     0.01377  -1	   0.1947359     0.0962522
     D1MAH-a94b      0.031     0.049       0.124     0.595      0.108     0.806      0.569     0.516      0.353     0.502    0.613     0.424   0.753     0.084      0.800     0.01721  -1	   0.4484495     0.1460116
     D1MAH-a94c      0.032     0.042       0.115     0.616      0.264     0.818      0.549     0.573      0.105     0.421    0.594     0.368   0.816     0.103      0.269     0.01080  -1	   0.2621610     0.1161425
     D1MAH-a94d      0.025     0.062       0.143     0.645      0.200     0.823      0.504     0.498      0.966     0.490    0.599     0.426   0.787     0.089      0.449     0.01548  -1	   0.1856176     0.0776574
     D1MAH-a95a      0.029     0.044       0.117     0.641      0.077     0.814      0.528     0.567      0.502     0.478    0.592     0.421   0.761     0.111      0.180     0.02066  -1	   0.0389112     0.0173082
     D1MAH-a95b      0.030     0.030       0.078     0.703      0.422     0.822      0.608     0.655      0.563     0.467    0.579     0.420   0.902     0.149      0.233     0.01822  -1	   0.1863693     0.0574559
     D1MAH-a95c      0.030     0.051       0.126     0.611      0.117     0.820      0.583     0.602      0.246     0.448    0.575     0.407   0.713     0.086      0.377     0.01911  -1	   0.2238836     0.0347877
     D1MAH-a95d      0.031     0.045       0.117     0.604      0.108     0.813      0.549     0.508      0.438     0.482    0.610     0.409   0.771     0.083      0.503     0.01730  -1	   0.2093269     0.1265807
     D1MAH-a96a      0.034     0.031       0.091     0.694      0.153     0.819      0.611     0.678      1.000     0.482    0.622     0.400   0.794     0.128      0.227     0.02611  -1	   0.0490726     0.0152212
     D1MAH-a96b      0.032     0.033       0.080     0.750      0.335     0.808      0.586     0.639      0.421     0.467    0.568     0.430   0.875     0.135      0.323     0.02069  -1	   0.2292045     0.0621254
     D1MAH-a96c      0.029     0.043       0.115     0.678      0.149     0.815      0.535     0.579      0.334     0.460    0.585     0.410   0.827     0.109      0.145     0.02026  -1	   0.0822919     0.0222520
     D1MAH-a96d      0.029     0.044       0.119     0.583      0.366     0.818      0.525     0.569      0.079     0.426    0.588     0.377   0.830     0.106      0.198     0.01964  -1	   0.2633758     0.1046861
     D1MAH-a97a      0.030     0.025       0.072     0.641      0.328     0.815      0.589     0.671      0.630     0.495    0.616     0.416   0.816     0.182      0.137     0.01723  -1	   0.0585884    -0.0013954
     D1MAH-a97b      0.031     0.025       0.069     0.669      0.337     0.819      0.596     0.678      0.934     0.455    0.590     0.402   0.872     0.196      0.146     0.01745  -1	   0.0602880    -0.0240292
     D1MAH-a97c      0.031     0.025       0.069     0.636      0.339     0.820      0.592     0.677      0.550     0.435    0.578     0.394   0.816     0.176      0.144     0.01712  -1	   0.0535545    -0.0194626
     D1MAH-a97d      0.032     0.032       0.089     0.716      0.449     0.823      0.596     0.651      0.572     0.475    0.578     0.429   0.902     0.136      0.351     0.01847  -1	   0.2832927     0.0916403
     D1MAH-a98a      0.031     0.025       0.070     0.607      0.322     0.825      0.597     0.678      0.579     0.465    0.581     0.418   0.816     0.167      0.144     0.01734  -1	   0.0463251    -0.0189787
     D1MAH-a98b      0.029     0.041       0.106     0.530      0.195     0.812      0.568     0.606      0.923     0.424    0.574     0.387   0.659     0.114      0.089     0.02356  -1	   0.0706230     0.0289016
     D1MAH-a98c      0.034     0.049       0.126     0.668      0.334     0.806      0.510     0.556      0.016     0.418    0.565     0.388   0.872     0.116      0.230     0.05860  -1	   0.3509818     0.1286630
     D1MAH-a98d      0.035     0.037       0.106     0.643     -0.077     0.834      0.574     0.584      0.564     0.461    0.598     0.399   0.756     0.128      0.324     0.04418  -1	   0.0278793     0.0095178
     D1MAH-a99a      0.029     0.038       0.093     0.605      0.266     0.809      0.557     0.604      0.527     0.440    0.584     0.392   0.816     0.138      0.100     0.02229  -1	   0.0415551    -0.0120638
     D1MAH-a99b      0.037     0.034       0.087     0.721     -0.196     0.825      0.555     0.554      0.623     0.506    0.611     0.431   0.781     0.128      0.524     0.01292  -1	   0.0958208     0.0615460
     D1MAH-a99c      0.028     0.043       0.102     0.572      0.111     0.812      0.558     0.628      0.261     0.473    0.598     0.411   0.753     0.120      0.114     0.02337  -1	   0.0364761    -0.0271681
     D1MAH-a99d      0.031     0.047       0.107     0.587      0.021     0.820      0.599     0.668      0.122     0.476    0.592     0.419   0.708     0.108      0.135     0.03624  -1	   0.0837879    -0.0263518
      D1MAH-a9a      0.032     0.043       0.115     0.736     -0.349     0.813      0.626     0.696      0.970     0.489    0.591     0.431   0.836     0.103      0.118     0.01684  -1	   0.0072699     0.0151962
      D1MAH-a9b      0.033     0.033       0.094     0.690      0.294     0.805      0.605     0.656      0.207     0.505    0.627     0.416   0.872     0.128      0.127     0.00839  -1	   0.1629098     0.0737366
      D1MAH-a9c      0.030     0.031       0.091     0.718      0.355     0.819      0.559     0.574      0.220     0.448    0.589     0.396   0.928     0.140      0.124     0.00733  -1	   0.1744519     0.1208680
      D1MAH-a9d      0.030     0.042       0.124     0.538      0.390     0.829      0.566     0.631      0.809     0.476    0.597     0.415   0.769     0.098      0.154     0.02780  -1	   0.1952366     0.0757058
