      D1FLE-a9d      0.026     0.064       0.203     0.744     -0.006     0.810      0.437     0.167      0.503     0.669    0.499     0.673   0.802     0.121      0.233     0.01347  -1	   0.1193879     0.2748432
      D1FLE-a0a      0.025     0.057       0.195     0.713      0.235     0.802      0.435     0.336      0.802     0.656    0.523     0.643   0.909     0.130      0.308     0.01959  -1	   0.2214470     0.1980823
      D1FLE-a0b      0.019     0.067       0.195     0.567     -0.044     0.803      0.431     0.241      0.289     0.666    0.497     0.672   0.554     0.132      0.371     0.01649  -1	   0.1583685     0.2711962
      D1FLE-a0c      0.018     0.060       0.195     0.597      0.091     0.837      0.453     0.307      0.465     0.606    0.456     0.647   0.612     0.116      0.207     0.02437  -1	   0.0958978     0.1765964
      D1FLE-a0d      0.021     0.071       0.224     0.697     -0.043     0.813      0.420     0.274      0.124     0.651    0.531     0.633   0.747     0.119      0.110     0.01797  -1	   0.1091862     0.2013510
    D1FLE-a100a      0.018     0.066       0.203     0.700      0.064     0.821      0.452     0.340      0.605     0.662    0.517     0.653   0.859     0.131      0.265     0.01532  -1	   0.1367521     0.1155577
    D1FLE-a100b      0.020     0.068       0.207     0.721      0.029     0.825      0.437     0.324      0.756     0.649    0.520     0.638   0.834     0.128      0.237     0.01538  -1	   0.1211248     0.1058030
    D1FLE-a100c      0.015     0.062       0.203     0.714     -0.068     0.808      0.466     0.299      0.844     0.686    0.524     0.670   0.802     0.136      0.197     0.01419  -1	   0.0687207     0.0947277
    D1FLE-a100d      0.016     0.056       0.212     0.720     -0.165     0.817      0.463     0.317      0.173     0.665    0.520     0.653   0.785     0.138      0.096     0.01498  -1	   0.0384955     0.1592294
    D1FLE-a101a      0.026     0.060       0.170     0.563      0.170     0.812      0.450     0.396      0.933     0.721    0.537     0.695   0.652     0.177      0.219     0.02539  -1	   0.1903286     0.1383340
    D1FLE-a101b      0.026     0.065       0.199     0.592      0.143     0.841      0.434     0.339      0.808     0.585    0.489     0.603   0.587     0.136      0.317     0.02455  -1	   0.1848351     0.1711072
    D1FLE-a101c      0.020     0.068       0.207     0.700      0.007     0.823      0.454     0.355      0.477     0.645    0.528     0.629   0.834     0.124      0.237     0.01556  -1	   0.1198467     0.0962583
    D1FLE-a101d      0.020     0.059       0.191     0.634     -0.024     0.816      0.531     0.506      0.269     0.603    0.503     0.610   0.680     0.129      0.263     0.01771  -1	   0.1156897     0.0186000
    D1FLE-a102a      0.031     0.061       0.195     0.663      0.037     0.824      0.420     0.227      0.669     0.618    0.504     0.623   0.780     0.135      0.503     0.04573  -1	   0.1890738     0.2740318
    D1FLE-a102b      0.028     0.060       0.195     0.554     -0.304     0.831      0.556     0.497      0.664     0.629    0.475     0.653   0.389     0.130      0.098     0.01977  -1	   0.0247734    -0.0124140
    D1FLE-a102c      0.032     0.061       0.203     0.705      0.147     0.808      0.417     0.291      0.249     0.691    0.615     0.606   0.834     0.144      0.135     0.02094  -1	   0.1750263     0.2488159
    D1FLE-a102d      0.023     0.057       0.199     0.598     -0.306     0.813      0.560     0.501      0.318     0.595    0.454     0.639   0.389     0.139      0.086     0.01915  -1	   0.0145284    -0.0018404
    D1FLE-a103a      0.025     0.049       0.174     0.622      0.209     0.812      0.511     0.371      0.619     0.620    0.499     0.629   0.784     0.140      0.124     0.01075  -1	   0.1007414     0.1452065
    D1FLE-a103b      0.033     0.063       0.183     0.707      0.207     0.826      0.524     0.428      0.547     0.738    0.550     0.703   0.909     0.150      0.128     0.02899  -1	   0.1770850     0.1067407
    D1FLE-a103c      0.012     0.062       0.199     0.588      0.287     0.804      0.451     0.310      0.445     0.616    0.496     0.626   0.699     0.138      0.314     0.01225  -1	   0.2376355     0.2479934
    D1FLE-a103d      0.023     0.061       0.191     0.553      0.139     0.833      0.455     0.283      0.378     0.596    0.472     0.627   0.587     0.136      0.249     0.01486  -1	   0.1338364     0.2274847
    D1FLE-a104a      0.012     0.065       0.207     0.630      0.239     0.803      0.426     0.256      0.153     0.643    0.493     0.654   0.787     0.128      0.261     0.01234  -1	   0.2554979     0.3283732
    D1FLE-a104b      0.012     0.062       0.191     0.562      0.191     0.809      0.470     0.330      0.240     0.646    0.486     0.661   0.652     0.135      0.294     0.01227  -1	   0.1883131     0.2134928
    D1FLE-a104c      0.023     0.062       0.195     0.602      0.172     0.835      0.460     0.281      0.406     0.620    0.466     0.653   0.778     0.135      0.323     0.01488  -1	   0.2004610     0.2604289
    D1FLE-a104d      0.021     0.058       0.191     0.703     -0.045     0.835      0.400     0.253      0.141     0.624    0.501     0.629   0.802     0.134      0.277     0.01559  -1	   0.1844713     0.3236452
    D1FLE-a105a      0.016     0.082       0.241     0.704     -0.128     0.799      0.402     0.375      0.148     0.679    0.546     0.648   0.711     0.106      0.118     0.01671  -1	   0.1131567     0.0648430
    D1FLE-a105b      0.019     0.054       0.166     0.728      0.567     0.800      0.461     0.300      0.119     0.583    0.497     0.595   0.944     0.158      0.225     0.01160  -1	   0.5012942     0.5410319
    D1FLE-a105c      0.023     0.056       0.166     0.657      0.528     0.814      0.489     0.387      0.094     0.658    0.500     0.661   0.908     0.167      0.138     0.01169  -1	   0.3827561     0.3534314
    D1FLE-a105d      0.025     0.052       0.178     0.709      0.207     0.824      0.449     0.304      0.177     0.642    0.482     0.659   0.909     0.134      0.127     0.01085  -1	   0.1559749     0.2706222
    D1FLE-a106a      0.024     0.057       0.166     0.653      0.590     0.819      0.441     0.324      0.068     0.609    0.477     0.634   0.890     0.162      0.147     0.01163  -1	   0.4545691     0.4469480
    D1FLE-a106b      0.027     0.048       0.174     0.628      0.278     0.816      0.492     0.347      0.812     0.619    0.510     0.618   0.816     0.146      0.111     0.01069  -1	   0.1696672     0.1872014
    D1FLE-a106c      0.025     0.058       0.170     0.707      0.535     0.808      0.448     0.333      0.174     0.654    0.505     0.654   0.963     0.163      0.147     0.01176  -1	   0.4144448     0.3991177
    D1FLE-a106d      0.025     0.054       0.166     0.671      0.499     0.820      0.443     0.334      0.762     0.686    0.517     0.676   0.915     0.160      0.182     0.01169  -1	   0.3829956     0.3463993
    D1FLE-a107a      0.027     0.054       0.187     0.578      0.116     0.794      0.499     0.436      0.631     0.654    0.500     0.658   0.587     0.142      0.252     0.01957  -1	   0.1065775     0.0823482
    D1FLE-a107b      0.019     0.053       0.174     0.592     -0.046     0.809      0.557     0.537      0.692     0.615    0.470     0.645   0.554     0.149      0.139     0.03235  -1	   0.0267519    -0.0159534
    D1FLE-a107c      0.025     0.071       0.241     0.678     -0.380     0.825      0.460     0.306      0.945     0.742    0.563     0.697   0.538     0.099      0.310     0.02422  -1	   0.0776208     0.0876837
    D1FLE-a107d      0.026     0.078       0.232     0.691     -0.246     0.810      0.405     0.209      0.723     0.668    0.518     0.658   0.637     0.119      0.316     0.02183  -1	   0.0987542     0.1587277
    D1FLE-a108a      0.018     0.065       0.199     0.632     -0.021     0.810      0.454     0.378      0.443     0.648    0.475     0.671   0.680     0.125      0.262     0.01584  -1	   0.0983798     0.0907924
    D1FLE-a108b      0.021     0.067       0.212     0.697      0.017     0.826      0.467     0.373      0.882     0.654    0.510     0.650   0.780     0.125      0.237     0.01539  -1	   0.1289409     0.0762654
    D1FLE-a108c      0.020     0.068       0.212     0.707      0.019     0.822      0.428     0.314      0.728     0.644    0.519     0.634   0.834     0.131      0.237     0.01543  -1	   0.1132078     0.1127333
    D1FLE-a108d      0.018     0.068       0.203     0.646     -0.059     0.827      0.420     0.315      0.169     0.709    0.484     0.720   0.680     0.133      0.285     0.01630  -1	   0.1679684     0.1812395
     D1FLE-a10a      0.025     0.063       0.203     0.661     -0.021     0.825      0.450     0.188      0.594     0.646    0.524     0.632   0.747     0.130      0.297     0.01336  -1	   0.1101237     0.2610827
     D1FLE-a10b      0.032     0.061       0.207     0.672      0.013     0.791      0.463     0.392      0.429     0.696    0.497     0.699   0.780     0.127      0.121     0.02025  -1	   0.0699197     0.0717267
     D1FLE-a10c      0.023     0.062       0.203     0.708     -0.034     0.816      0.430     0.166      0.396     0.673    0.518     0.662   0.802     0.120      0.235     0.01348  -1	   0.1104281     0.3179614
     D1FLE-a10d      0.022     0.067       0.232     0.541     -0.438     0.812      0.474     0.329      0.964     0.666    0.534     0.644   0.000     0.097      0.388     0.02249  -1	   0.0373781     0.0640064
     D1FLE-a11a      0.031     0.061       0.199     0.604     -0.037     0.799      0.453     0.450      0.350     0.623    0.508     0.624   0.680     0.114      0.100     0.01646  -1	   0.0350164     0.0410084
     D1FLE-a11b      0.023     0.070       0.232     0.654      0.043     0.804      0.410     0.203      0.418     0.688    0.514     0.679   0.780     0.113      0.200     0.02022  -1	   0.1246114     0.2469441
     D1FLE-a11c      0.032     0.061       0.199     0.652     -0.063     0.813      0.453     0.453      0.589     0.666    0.524     0.652   0.747     0.120      0.075     0.01679  -1	   0.0332085     0.0326910
     D1FLE-a11d      0.032     0.062       0.199     0.633      0.024     0.800      0.443     0.441      0.721     0.610    0.506     0.613   0.713     0.118      0.067     0.01663  -1	   0.0697526     0.0561839
     D1FLE-a12a      0.021     0.071       0.237     0.696     -0.317     0.835      0.461     0.300      0.763     0.706    0.556     0.666   0.582     0.098      0.310     0.02396  -1	   0.0659170     0.0847451
     D1FLE-a12b      0.022     0.080       0.266     0.660     -0.414     0.798      0.412     0.246      0.885     0.682    0.540     0.656   0.000     0.105      0.296     0.02304  -1	   0.0574489     0.0353215
     D1FLE-a12c      0.021     0.066       0.224     0.522     -0.060     0.821      0.420     0.234      0.717     0.616    0.508     0.617   0.401     0.122      0.159     0.02056  -1	   0.0650507     0.1723970
     D1FLE-a12d      0.026     0.067       0.228     0.546      0.043     0.828      0.416     0.231      0.424     0.651    0.534     0.629   0.434     0.123      0.140     0.02044  -1	   0.0824930     0.2002798
     D1FLE-a13a      0.021     0.087       0.266     0.703     -0.354     0.788      0.365     0.188      0.574     0.679    0.521     0.666   0.593     0.104      0.361     0.02297  -1	   0.1360002     0.1823753
     D1FLE-a13b      0.019     0.078       0.261     0.676     -0.347     0.796      0.373     0.209      0.745     0.701    0.554     0.664   0.582     0.118      0.337     0.02272  -1	   0.0839986     0.1592396
     D1FLE-a13c      0.026     0.077       0.241     0.685     -0.331     0.821      0.369     0.181      0.833     0.629    0.514     0.625   0.582     0.117      0.289     0.02254  -1	   0.0721329     0.1878367
     D1FLE-a13d      0.019     0.067       0.224     0.625     -0.350     0.807      0.504     0.371      0.749     0.708    0.522     0.693   0.515     0.115      0.338     0.02262  -1	   0.0636268     0.0521188
     D1FLE-a14a      0.023     0.068       0.207     0.598     -0.236     0.801      0.526     0.301      0.224     0.707    0.540     0.679   0.444     0.117      0.431     0.02544  -1	   0.2091346     0.2087906
     D1FLE-a14b      0.023     0.059       0.191     0.706     -0.079     0.801      0.487     0.450      0.928     0.727    0.553     0.690   0.802     0.147      0.085     0.02302  -1	   0.0726285     0.0207350
     D1FLE-a14c      0.028     0.052       0.187     0.593      0.009     0.815      0.487     0.253      0.603     0.629    0.471     0.656   0.587     0.141      0.365     0.04167  -1	   0.0978569     0.2148435
     D1FLE-a14d      0.022     0.063       0.212     0.669      0.018     0.809      0.487     0.391      0.257     0.708    0.502     0.707   0.780     0.135      0.075     0.02314  -1	   0.0512534     0.0684207
     D1FLE-a15a      0.018     0.076       0.266     0.674     -0.238     0.798      0.428     0.165      0.104     0.629    0.486     0.645   0.637     0.106      0.419     0.02757  -1	   0.2934256     0.3887690
     D1FLE-a15b      0.018     0.055       0.191     0.643     -0.009     0.807      0.495     0.345      0.877     0.679    0.511     0.672   0.680     0.122      0.320     0.05618  -1	   0.0952066     0.1135836
     D1FLE-a15c      0.027     0.053       0.174     0.663      0.088     0.819      0.451     0.184      0.536     0.648    0.503     0.650   0.805     0.127      0.321     0.04056  -1	   0.1377103     0.3548453
     D1FLE-a15d      0.024     0.061       0.216     0.569     -0.516     0.801      0.526     0.450      0.768     0.660    0.486     0.673   0.389     0.099      0.074     0.02261  -1	   0.0654035     0.0248717
     D1FLE-a16a      0.019     0.065       0.199     0.589      0.020     0.827      0.459     0.351      0.964     0.706    0.540     0.679   0.587     0.127      0.122     0.04405  -1	   0.1439220     0.1077725
     D1FLE-a16b      0.021     0.056       0.195     0.698      0.029     0.816      0.478     0.327      0.823     0.686    0.493     0.693   0.780     0.123      0.374     0.05596  -1	   0.1345034     0.1397372
     D1FLE-a16c      0.021     0.051       0.174     0.667      0.077     0.807      0.524     0.338      0.122     0.637    0.476     0.659   0.805     0.125      0.310     0.05122  -1	   0.2085670     0.2790668
     D1FLE-a16d      0.024     0.050       0.162     0.515      0.285     0.808      0.514     0.450      0.586     0.691    0.534     0.668   0.737     0.167      0.137     0.02912  -1	   0.1258455     0.1170588
     D1FLE-a17a      0.017     0.062       0.191     0.648     -0.086     0.825      0.424     0.368      0.395     0.647    0.502     0.651   0.680     0.137      0.428     0.10302  -1	   0.1658722     0.1430752
     D1FLE-a17b      0.017     0.068       0.203     0.689     -0.116     0.835      0.522     0.537      0.338     0.638    0.488     0.652   0.656     0.118      0.141     0.09785  -1	   0.0560523    -0.0321719
     D1FLE-a17c      0.023     0.077       0.237     0.698     -0.330     0.811      0.408     0.229      0.897     0.659    0.524     0.646   0.582     0.110      0.320     0.02258  -1	   0.0776108     0.1297878
     D1FLE-a17d      0.021     0.061       0.191     0.598      0.009     0.812      0.448     0.356      0.628     0.627    0.492     0.639   0.587     0.132      0.145     0.04446  -1	   0.0564878     0.0996808
     D1FLE-a18a      0.032     0.062       0.212     0.545      0.339     0.788      0.413     0.313      0.401     0.642    0.501     0.646   0.574     0.129      0.157     0.02108  -1	   0.2221891     0.2335997
     D1FLE-a18b      0.021     0.071       0.224     0.652     -0.108     0.821      0.469     0.367      0.606     0.724    0.541     0.695   0.656     0.118      0.414     0.05968  -1	   0.1530384     0.0845774
     D1FLE-a18c      0.021     0.071       0.220     0.684     -0.155     0.832      0.423     0.322      0.525     0.718    0.533     0.695   0.730     0.122      0.422     0.05773  -1	   0.1657463     0.1332034
     D1FLE-a18d      0.024     0.061       0.191     0.597     -0.146     0.844      0.450     0.315      0.585     0.625    0.488     0.641   0.463     0.140      0.452     0.04747  -1	   0.1036485     0.1590106
     D1FLE-a19a      0.021     0.071       0.224     0.659     -0.143     0.831      0.471     0.381      0.432     0.710    0.519     0.697   0.656     0.116      0.471     0.05852  -1	   0.2035844     0.0874080
     D1FLE-a19b      0.023     0.073       0.216     0.735     -0.098     0.827      0.425     0.314      0.885     0.747    0.561     0.704   0.802     0.127      0.383     0.05773  -1	   0.1562136     0.1140774
     D1FLE-a19c      0.022     0.075       0.228     0.737     -0.102     0.814      0.429     0.305      0.421     0.749    0.541     0.720   0.711     0.116      0.331     0.05912  -1	   0.1833338     0.1234226
     D1FLE-a19d      0.026     0.064       0.203     0.625      0.089     0.833      0.454     0.334      0.131     0.629    0.486     0.646   0.738     0.133      0.265     0.04409  -1	   0.2078748     0.2131176
      D1FLE-a1a      0.021     0.066       0.220     0.571     -0.457     0.814      0.484     0.322      0.859     0.675    0.494     0.681   0.420     0.112      0.332     0.02356  -1	   0.0676703     0.1077660
      D1FLE-a1b      0.025     0.073       0.224     0.606      0.082     0.814      0.414     0.217      0.169     0.743    0.485     0.749   0.738     0.132      0.121     0.02005  -1	   0.1157232     0.2336277
      D1FLE-a1c      0.023     0.074       0.224     0.659      0.166     0.824      0.380     0.189      0.086     0.824    0.542     0.796   0.845     0.129      0.212     0.02016  -1	   0.2460910     0.3404247
      D1FLE-a1d      0.024     0.074       0.228     0.655      0.006     0.840      0.359     0.153      0.269     0.752    0.495     0.752   0.780     0.120      0.225     0.02095  -1	   0.1564137     0.3275692
     D1FLE-a20a      0.025     0.066       0.212     0.610      0.117     0.838      0.457     0.345      0.452     0.647    0.498     0.653   0.713     0.126      0.265     0.04343  -1	   0.1672943     0.1575122
     D1FLE-a20b      0.026     0.064       0.207     0.575      0.141     0.831      0.511     0.408      0.288     0.654    0.483     0.671   0.587     0.131      0.267     0.04261  -1	   0.1790082     0.1170236
     D1FLE-a20c      0.029     0.071       0.228     0.621     -0.068     0.824      0.423     0.378      0.527     0.632    0.505     0.635   0.680     0.118      0.363     0.03914  -1	   0.1427719     0.1033890
     D1FLE-a20d      0.024     0.073       0.224     0.554      0.235     0.835      0.414     0.365      0.513     0.647    0.503     0.649   0.661     0.122      0.351     0.03916  -1	   0.2804877     0.2032156
     D1FLE-a21a      0.023     0.072       0.220     0.733     -0.136     0.824      0.457     0.346      0.498     0.745    0.548     0.712   0.711     0.122      0.348     0.05937  -1	   0.1617242     0.0860651
     D1FLE-a21b      0.025     0.064       0.207     0.602      0.101     0.831      0.482     0.369      0.166     0.619    0.478     0.642   0.713     0.135      0.265     0.04389  -1	   0.1938809     0.1661948
     D1FLE-a21c      0.033     0.054       0.191     0.624      0.068     0.834      0.475     0.339      0.245     0.743    0.648     0.634   0.738     0.135      0.218     0.03806  -1	   0.1597381     0.2485544
     D1FLE-a21d      0.033     0.060       0.199     0.656      0.009     0.853      0.456     0.310      0.362     0.677    0.515     0.668   0.780     0.132      0.330     0.03626  -1	   0.1758340     0.2113299
     D1FLE-a22a      0.029     0.053       0.187     0.590     -0.199     0.829      0.513     0.389      0.880     0.667    0.522     0.654   0.538     0.132      0.293     0.02862  -1	   0.0491072     0.0778379
     D1FLE-a22b      0.022     0.070       0.237     0.627      0.190     0.843      0.375     0.351      0.271     0.634    0.496     0.643   0.778     0.116      0.309     0.03370  -1	   0.2786718     0.2007750
     D1FLE-a22c      0.026     0.071       0.232     0.512      0.293     0.840      0.407     0.363      0.416     0.617    0.487     0.635   0.546     0.123      0.347     0.03836  -1	   0.3156823     0.2329850
     D1FLE-a22d      0.027     0.077       0.228     0.681      0.275     0.837      0.296     0.282      0.146     0.694    0.530     0.674   0.892     0.128      0.308     0.03719  -1	   0.4202013     0.3145009
     D1FLE-a23a      0.022     0.065       0.203     0.724     -0.021     0.822      0.436     0.170      0.747     0.669    0.520     0.657   0.802     0.129      0.311     0.01337  -1	   0.1210010     0.2375956
     D1FLE-a23b      0.022     0.062       0.199     0.652     -0.068     0.818      0.470     0.213      0.954     0.686    0.559     0.644   0.747     0.132      0.444     0.01333  -1	   0.1225915     0.2090219
     D1FLE-a23c      0.024     0.063       0.207     0.726     -0.084     0.816      0.432     0.166      0.583     0.650    0.524     0.636   0.802     0.135      0.297     0.01334  -1	   0.1019031     0.2581944
     D1FLE-a23d      0.022     0.067       0.212     0.628      0.005     0.807      0.417     0.155      0.771     0.677    0.497     0.681   0.713     0.120      0.377     0.01590  -1	   0.1431199     0.2859918
     D1FLE-a24a      0.019     0.067       0.220     0.416      0.051     0.809      0.498     0.281      0.816     0.689    0.467     0.713   0.000     0.115      0.208     0.01408  -1	   0.1306661     0.0434325
     D1FLE-a24b      0.021     0.075       0.237     0.490     -0.011     0.812      0.471     0.240      0.926     0.647    0.491     0.657   0.283     0.111      0.155     0.01423  -1	   0.1617814     0.1036715
     D1FLE-a24c      0.024     0.064       0.207     0.708     -0.038     0.813      0.459     0.195      0.597     0.660    0.525     0.645   0.802     0.129      0.326     0.01335  -1	   0.1252106     0.2380910
     D1FLE-a24d      0.020     0.066       0.191     0.597     -0.095     0.805      0.424     0.203      0.905     0.638    0.495     0.647   0.554     0.113      0.157     0.01698  -1	   0.0839356     0.1932761
     D1FLE-a25a      0.024     0.065       0.199     0.735     -0.004     0.803      0.424     0.154      0.505     0.644    0.486     0.659   0.802     0.118      0.033     0.01353  -1	   0.0411706     0.2357471
     D1FLE-a25b      0.026     0.064       0.203     0.674     -0.087     0.813      0.431     0.168      0.631     0.643    0.503     0.646   0.747     0.123      0.256     0.01344  -1	   0.0789426     0.2535446
     D1FLE-a25c      0.026     0.066       0.203     0.736      0.035     0.818      0.438     0.161      0.176     0.634    0.491     0.647   0.834     0.135      0.293     0.01329  -1	   0.2459745     0.4296452
     D1FLE-a25d      0.026     0.066       0.207     0.716     -0.025     0.811      0.409     0.146      0.340     0.730    0.534     0.705   0.802     0.135      0.290     0.01326  -1	   0.1776870     0.3530441
     D1FLE-a26a      0.026     0.060       0.212     0.593     -0.439     0.838      0.541     0.271      0.674     0.818    0.558     0.780   0.000     0.114      0.105     0.01341  -1	   0.0004798     0.0175683
     D1FLE-a26b      0.023     0.067       0.216     0.627     -0.264     0.819      0.514     0.229      0.715     0.724    0.519     0.710   0.515     0.115      0.206     0.01411  -1	   0.0485213     0.1131046
     D1FLE-a26c      0.011     0.074       0.224     0.609     -0.265     0.825      0.465     0.248      0.694     0.862    0.514     0.847   0.515     0.119      0.179     0.01413  -1	   0.0563230     0.0974349
     D1FLE-a26d      0.031     0.062       0.187     0.634      0.214     0.854      0.493     0.304      0.507     0.601    0.521     0.593   0.787     0.145      0.352     0.01258  -1	   0.2512550     0.2565381
     D1FLE-a27a      0.023     0.065       0.207     0.718     -0.096     0.815      0.438     0.178      0.815     0.717    0.543     0.688   0.802     0.129      0.285     0.01336  -1	   0.0992950     0.2067723
     D1FLE-a27b      0.022     0.065       0.191     0.651      0.059     0.805      0.548     0.595      0.934     0.767    0.500     0.763   0.805     0.123      0.128     0.01452  -1	   0.1624067     0.0087531
     D1FLE-a27c      0.025     0.068       0.212     0.698     -0.130     0.819      0.423     0.187      0.420     0.679    0.505     0.678   0.656     0.136      0.145     0.01187  -1	   0.0629229     0.2091224
     D1FLE-a27d      0.024     0.070       0.228     0.717     -0.067     0.805      0.475     0.398      0.954     0.673    0.555     0.635   0.802     0.106      0.367     0.01390  -1	   0.1297783     0.0516425
     D1FLE-a28a      0.018     0.056       0.178     0.699      0.124     0.808      0.505     0.434      0.855     0.793    0.557     0.754   0.780     0.156      0.093     0.02206  -1	   0.1350416     0.0694113
     D1FLE-a28b      0.025     0.071       0.224     0.657      0.033     0.823      0.388     0.189      0.219     0.745    0.495     0.744   0.780     0.124      0.199     0.02028  -1	   0.1529969     0.2912807
     D1FLE-a28c      0.020     0.077       0.270     0.648     -0.392     0.807      0.389     0.234      0.908     0.654    0.570     0.605   0.471     0.104      0.307     0.02314  -1	   0.0577502     0.1289608
     D1FLE-a28d      0.020     0.079       0.261     0.702     -0.425     0.785      0.401     0.211      0.799     0.711    0.546     0.679   0.000     0.113      0.352     0.02277  -1	   0.0665899     0.0490660
     D1FLE-a29a      0.022     0.060       0.183     0.742      0.096     0.794      0.362     0.175      0.049     0.637    0.477     0.659   0.859     0.135      0.278     0.02773  -1	   0.2852834     0.4790769
     D1FLE-a29b      0.022     0.060       0.207     0.688     -0.198     0.789      0.532     0.483      0.590     0.632    0.482     0.652   0.730     0.116      0.094     0.02000  -1	   0.0124013    -0.0082350
     D1FLE-a29c      0.023     0.061       0.191     0.604     -0.339     0.785      0.532     0.426      0.499     0.638    0.464     0.670   0.515     0.112      0.096     0.01957  -1	   0.0268654     0.0362198
     D1FLE-a29d      0.024     0.072       0.241     0.667     -0.288     0.821      0.453     0.283      0.637     0.652    0.488     0.665   0.582     0.100      0.332     0.02282  -1	   0.0797845     0.1075885
      D1FLE-a2a      0.029     0.068       0.203     0.647      0.127     0.795      0.492     0.419      0.370     0.681    0.530     0.661   0.713     0.127      0.146     0.02041  -1	   0.1337273     0.0759703
      D1FLE-a2b      0.029     0.064       0.212     0.688      0.273     0.806      0.440     0.381      0.569     0.691    0.552     0.655   0.892     0.116      0.124     0.02009  -1	   0.2108584     0.1632106
      D1FLE-a2c      0.023     0.073       0.232     0.657      0.019     0.815      0.356     0.158      0.315     0.794    0.510     0.783   0.780     0.122      0.217     0.02054  -1	   0.1466008     0.2953687
      D1FLE-a2d      0.022     0.073       0.257     0.667     -0.336     0.805      0.444     0.298      0.863     0.703    0.558     0.661   0.582     0.102      0.327     0.02238  -1	   0.0699207     0.0857166
     D1FLE-a30a      0.023     0.062       0.207     0.711     -0.054     0.791      0.447     0.401      0.823     0.685    0.521     0.672   0.802     0.142      0.059     0.02253  -1	   0.0565012     0.0347195
     D1FLE-a30b      0.024     0.063       0.207     0.651      0.053     0.802      0.427     0.392      0.238     0.675    0.506     0.673   0.805     0.111      0.172     0.02845  -1	   0.1136682     0.0997776
     D1FLE-a30c      0.023     0.062       0.207     0.659     -0.044     0.804      0.448     0.328      0.532     0.716    0.517     0.704   0.747     0.140      0.075     0.02335  -1	   0.0307162     0.0885603
     D1FLE-a30d      0.027     0.066       0.220     0.595      0.114     0.788      0.395     0.336      0.304     0.658    0.488     0.670   0.587     0.121      0.129     0.02846  -1	   0.1033891     0.1328024
     D1FLE-a31a      0.022     0.075       0.241     0.691     -0.284     0.801      0.382     0.208      0.783     0.673    0.558     0.632   0.582     0.114      0.333     0.02212  -1	   0.0800902     0.1651415
     D1FLE-a31b      0.028     0.058       0.183     0.701      0.176     0.826      0.408     0.169      0.994     0.717    0.586     0.656   0.900     0.133      0.279     0.04197  -1	   0.2281946     0.3516436
     D1FLE-a31c      0.020     0.057       0.199     0.686     -0.040     0.791      0.482     0.454      0.734     0.670    0.502     0.672   0.747     0.145      0.093     0.02199  -1	   0.0382339     0.0172891
     D1FLE-a31d      0.021     0.059       0.195     0.643      0.051     0.799      0.489     0.422      0.732     0.699    0.535     0.675   0.738     0.150      0.086     0.02268  -1	   0.0691766     0.0438049
     D1FLE-a32a      0.027     0.059       0.187     0.593     -0.021     0.826      0.479     0.287      0.545     0.626    0.479     0.647   0.554     0.130      0.272     0.04273  -1	   0.0806574     0.1677515
     D1FLE-a32b      0.022     0.055       0.178     0.657      0.238     0.832      0.441     0.211      0.760     0.651    0.471     0.676   0.854     0.135      0.298     0.04145  -1	   0.2120655     0.3372640
     D1FLE-a32c      0.028     0.055       0.187     0.584      0.043     0.813      0.499     0.279      0.589     0.636    0.481     0.656   0.587     0.135      0.303     0.04232  -1	   0.0978158     0.1854164
     D1FLE-a32d      0.021     0.055       0.178     0.608      0.352     0.827      0.450     0.222      0.421     0.653    0.488     0.666   0.831     0.134      0.312     0.03740  -1	   0.2886658     0.4450070
     D1FLE-a33a      0.018     0.053       0.174     0.680      0.117     0.840      0.446     0.474      0.348     0.606    0.494     0.619   0.780     0.154      0.067     0.08771  -1	   0.0498532     0.0282256
     D1FLE-a33b      0.021     0.051       0.162     0.672      0.139     0.827      0.469     0.516      0.282     0.639    0.501     0.643   0.780     0.154      0.062     0.09121  -1	   0.0536541     0.0096410
     D1FLE-a33c      0.025     0.057       0.170     0.701      0.188     0.842      0.424     0.179      0.340     0.642    0.445     0.688   0.900     0.139      0.290     0.04033  -1	   0.2207086     0.4259731
     D1FLE-a33d      0.024     0.048       0.158     0.758      0.219     0.832      0.514     0.568      0.344     0.643    0.518     0.635   0.844     0.143      0.081     0.09471  -1	   0.1210686     0.0399942
     D1FLE-a34a      0.018     0.055       0.178     0.729      0.244     0.831      0.457     0.412      0.928     0.619    0.510     0.618   0.909     0.151      0.090     0.09159  -1	   0.1822733     0.1046984
     D1FLE-a34b      0.027     0.062       0.199     0.751      0.386     0.843      0.429     0.387      0.136     0.675    0.519     0.664   0.944     0.132      0.293     0.34966   1	   0.4871455     0.3206816
     D1FLE-a34c      0.020     0.045       0.133     0.681     -0.059     0.826      0.517     0.530      0.380     0.637    0.490     0.650   0.812     0.206      0.091     0.07018  -1	   0.0006725    -0.0214775
     D1FLE-a34d      0.022     0.049       0.178     0.584      0.452     0.818      0.468     0.357      0.311     0.576    0.486     0.597   0.818     0.129      0.265     0.03996  -1	   0.3212537     0.3450580
     D1FLE-a35a      0.029     0.062       0.212     0.607      0.125     0.828      0.462     0.323      0.289     0.620    0.491     0.633   0.713     0.134      0.285     0.04184  -1	   0.1936480     0.2107923
     D1FLE-a35b      0.024     0.067       0.207     0.628      0.090     0.829      0.450     0.345      0.208     0.654    0.491     0.665   0.738     0.134      0.252     0.04318  -1	   0.1871584     0.1677912
     D1FLE-a35c      0.023     0.069       0.203     0.644      0.070     0.830      0.438     0.335      0.161     0.634    0.473     0.661   0.738     0.131      0.267     0.04552  -1	   0.2071637     0.1826940
     D1FLE-a35d      0.027     0.058       0.183     0.614      0.107     0.834      0.451     0.327      0.217     0.591    0.472     0.622   0.713     0.145      0.277     0.04942  -1	   0.1764286     0.2254647
     D1FLE-a36a      0.021     0.077       0.228     0.627      0.273     0.850      0.363     0.340      0.318     0.659    0.471     0.683   0.825     0.126      0.336     0.03738  -1	   0.3590912     0.2337810
     D1FLE-a36b      0.030     0.073       0.232     0.608      0.082     0.846      0.440     0.392      0.583     0.679    0.533     0.657   0.738     0.125      0.301     0.03920  -1	   0.1948576     0.1169181
     D1FLE-a36c      0.029     0.058       0.199     0.670     -0.001     0.843      0.482     0.341      0.192     0.676    0.495     0.682   0.747     0.140      0.354     0.03783  -1	   0.2257927     0.2092987
     D1FLE-a36d      0.023     0.073       0.220     0.721     -0.144     0.824      0.439     0.338      0.291     0.750    0.514     0.738   0.711     0.121      0.369     0.05821  -1	   0.2192429     0.1250637
     D1FLE-a37a      0.024     0.077       0.245     0.623      0.219     0.855      0.400     0.381      0.144     0.663    0.491     0.674   0.787     0.114      0.333     0.03689  -1	   0.3704898     0.1802814
     D1FLE-a37b      0.028     0.075       0.232     0.599      0.227     0.836      0.355     0.315      0.576     0.635    0.505     0.637   0.661     0.119      0.384     0.03717  -1	   0.3107244     0.2627423
     D1FLE-a37c      0.023     0.076       0.228     0.623      0.294     0.836      0.355     0.292      0.397     0.654    0.484     0.670   0.825     0.131      0.336     0.03950  -1	   0.3544062     0.2872710
     D1FLE-a37d      0.025     0.070       0.228     0.611      0.127     0.834      0.413     0.350      0.470     0.654    0.502     0.656   0.713     0.129      0.348     0.03960  -1	   0.2257752     0.1699066
     D1FLE-a38a      0.026     0.079       0.237     0.639      0.232     0.854      0.355     0.353      0.105     0.665    0.515     0.657   0.787     0.120      0.296     0.03649  -1	   0.3813289     0.2131460
     D1FLE-a38b      0.031     0.074       0.232     0.582      0.147     0.848      0.426     0.375      0.457     0.668    0.498     0.673   0.587     0.120      0.317     0.03986  -1	   0.2417830     0.1531140
     D1FLE-a38c      0.025     0.075       0.245     0.682      0.167     0.835      0.390     0.347      0.481     0.669    0.541     0.641   0.845     0.120      0.353     0.03694  -1	   0.2960897     0.1750100
     D1FLE-a38d      0.025     0.068       0.224     0.530      0.254     0.832      0.400     0.309      0.482     0.651    0.505     0.651   0.546     0.130      0.336     0.03835  -1	   0.2724104     0.2607903
     D1FLE-a39a      0.020     0.074       0.232     0.620      0.253     0.825      0.423     0.397      0.412     0.641    0.496     0.649   0.825     0.123      0.347     0.03854  -1	   0.3148450     0.1553425
     D1FLE-a39b      0.031     0.052       0.191     0.626     -0.176     0.827      0.507     0.376      0.425     0.645    0.498     0.652   0.664     0.127      0.251     0.02812  -1	   0.0489437     0.1067046
     D1FLE-a39c      0.026     0.071       0.237     0.533      0.156     0.824      0.425     0.412      0.397     0.641    0.494     0.650   0.499     0.121      0.196     0.02758  -1	   0.1633001     0.1063036
     D1FLE-a39d      0.029     0.075       0.237     0.593      0.195     0.832      0.373     0.329      0.214     0.679    0.485     0.691   0.652     0.126      0.367     0.03767  -1	   0.3391645     0.2270999
      D1FLE-a3a      0.027     0.056       0.174     0.662      0.248     0.829      0.430     0.196      0.684     0.642    0.500     0.647   0.854     0.141      0.311     0.04196  -1	   0.2213265     0.3675087
      D1FLE-a3b      0.033     0.063       0.212     0.683      0.138     0.793      0.422     0.348      0.174     0.755    0.536     0.729   0.780     0.135      0.157     0.01952  -1	   0.1741906     0.1590246
      D1FLE-a3c      0.021     0.047       0.170     0.676      0.122     0.809      0.520     0.355      0.243     0.636    0.483     0.653   0.827     0.137      0.304     0.04427  -1	   0.1781945     0.2375887
      D1FLE-a3d      0.021     0.067       0.237     0.616     -0.292     0.809      0.479     0.371      0.843     0.652    0.510     0.648   0.515     0.108      0.133     0.02985  -1	   0.0449572     0.0430577
     D1FLE-a40a      0.029     0.070       0.220     0.538      0.201     0.827      0.390     0.324      0.481     0.632    0.495     0.641   0.508     0.121      0.335     0.04008  -1	   0.2408151     0.2272550
     D1FLE-a40b      0.023     0.067       0.237     0.647     -0.281     0.800      0.440     0.323      0.279     0.618    0.523     0.607   0.515     0.112      0.294     0.01954  -1	   0.1251794     0.1534054
     D1FLE-a40c      0.026     0.075       0.245     0.620      0.142     0.843      0.391     0.361      0.292     0.632    0.527     0.617   0.713     0.120      0.380     0.03722  -1	   0.3152406     0.1832190
     D1FLE-a40d      0.031     0.052       0.191     0.602     -0.158     0.829      0.521     0.396      0.517     0.639    0.477     0.661   0.664     0.127      0.274     0.02858  -1	   0.0456593     0.0836709
     D1FLE-a41a      0.022     0.057       0.191     0.598     -0.490     0.822      0.560     0.312      0.769     0.730    0.511     0.721   0.420     0.124      0.150     0.01396  -1	   0.0508564     0.0714845
     D1FLE-a41b      0.029     0.052       0.195     0.626     -0.147     0.833      0.515     0.375      0.415     0.667    0.498     0.672   0.589     0.129      0.251     0.02802  -1	   0.0499787     0.0996144
     D1FLE-a41c      0.024     0.057       0.203     0.487     -0.477     0.820      0.594     0.402      0.788     0.883    0.596     0.835   0.149     0.107      0.076     0.01312  -1	   0.0231154     0.0171852
     D1FLE-a41d      0.025     0.064       0.195     0.691      0.033     0.829      0.447     0.151      0.161     0.734    0.520     0.719   0.780     0.119      0.267     0.01342  -1	   0.2044681     0.4389996
     D1FLE-a42a      0.023     0.065       0.199     0.579     -0.372     0.813      0.458     0.197      0.677     0.897    0.601     0.850   0.345     0.116      0.169     0.01342  -1	   0.0314985     0.1617754
     D1FLE-a42b      0.025     0.064       0.203     0.682     -0.098     0.810      0.453     0.195      0.641     0.673    0.527     0.656   0.747     0.129      0.297     0.01334  -1	   0.0923855     0.2203800
     D1FLE-a42c      0.021     0.053       0.183     0.608      0.089     0.807      0.498     0.285      0.835     0.612    0.483     0.632   0.738     0.143      0.308     0.01308  -1	   0.1057583     0.1737411
     D1FLE-a42d      0.024     0.054       0.187     0.546      0.045     0.817      0.488     0.197      0.218     0.689    0.517     0.679   0.434     0.135      0.210     0.01295  -1	   0.0729409     0.3013427
     D1FLE-a43a      0.025     0.071       0.220     0.650      0.185     0.829      0.442     0.171      0.146     0.796    0.558     0.756   0.845     0.127      0.395     0.01288  -1	   0.3948413     0.4853941
     D1FLE-a43b      0.022     0.057       0.187     0.659      0.110     0.816      0.483     0.243      0.861     0.679    0.496     0.684   0.780     0.140      0.279     0.01313  -1	   0.1500434     0.2076575
     D1FLE-a43c      0.027     0.068       0.216     0.633     -0.011     0.831      0.403     0.186      0.228     0.638    0.493     0.649   0.680     0.123      0.125     0.01186  -1	   0.0843097     0.2862568
     D1FLE-a43d      0.024     0.064       0.203     0.702      0.074     0.820      0.437     0.168      0.347     0.638    0.517     0.632   0.859     0.120      0.243     0.01340  -1	   0.1620889     0.3636345
     D1FLE-a44a      0.034     0.083       0.261     0.689      0.333     0.830      0.313     0.213      0.393     0.704    0.583     0.644   0.920     0.115      0.244     0.01236  -1	   0.4215407     0.3775081
     D1FLE-a44b      0.039     0.053       0.166     0.739      0.208     0.844      0.426     0.229      0.159     0.645    0.517     0.637   0.909     0.168      0.318     0.01156  -1	   0.3408759     0.4711698
     D1FLE-a44c      0.031     0.076       0.245     0.637      0.203     0.830      0.429     0.396      0.496     0.672    0.526     0.656   0.787     0.115      0.124     0.01218  -1	   0.2040208     0.1109000
     D1FLE-a44d      0.025     0.070       0.212     0.695     -0.069     0.812      0.415     0.190      0.892     0.696    0.561     0.653   0.747     0.136      0.163     0.01197  -1	   0.0998063     0.1693511
     D1FLE-a45a      0.033     0.060       0.199     0.643      0.247     0.819      0.495     0.359      0.305     0.684    0.510     0.679   0.787     0.129      0.281     0.01272  -1	   0.2684182     0.2370108
     D1FLE-a45b      0.031     0.082       0.249     0.700      0.293     0.826      0.330     0.212      0.283     0.685    0.559     0.642   0.946     0.113      0.236     0.01237  -1	   0.3828389     0.3588266
     D1FLE-a45d      0.034     0.054       0.183     0.666     -0.025     0.816      0.448     0.319      0.508     0.692    0.548     0.658   0.747     0.136      0.284     0.01130  -1	   0.1076121     0.1808785
     D1FLE-a46a      0.024     0.071       0.212     0.750     -0.227     0.830      0.412     0.176      0.114     0.611    0.501     0.618   0.683     0.125      0.118     0.01188  -1	   0.1214332     0.3357477
     D1FLE-a46b      0.023     0.063       0.212     0.673     -0.177     0.802      0.477     0.390      0.852     0.689    0.536     0.664   0.730     0.117      0.297     0.01362  -1	   0.0703725     0.0613287
     D1FLE-a46c      0.034     0.066       0.203     0.578     -0.094     0.806      0.491     0.411      0.459     0.661    0.524     0.647   0.554     0.108      0.299     0.01442  -1	   0.1019916     0.0778951
     D1FLE-a46d      0.027     0.065       0.224     0.686     -0.284     0.814      0.488     0.392      0.975     0.723    0.554     0.685   0.582     0.105      0.311     0.01362  -1	   0.0774925     0.0531229
     D1FLE-a47a      0.023     0.073       0.232     0.727     -0.071     0.810      0.483     0.390      0.980     0.702    0.593     0.634   0.802     0.109      0.366     0.01390  -1	   0.1471307     0.0506782
     D1FLE-a47b      0.028     0.067       0.220     0.688     -0.268     0.800      0.492     0.414      0.968     0.676    0.557     0.635   0.582     0.115      0.299     0.01376  -1	   0.0716748     0.0309714
     D1FLE-a47c      0.023     0.066       0.220     0.759     -0.043     0.797      0.506     0.369      0.955     0.636    0.541     0.610   0.793     0.099      0.082     0.02152  -1	   0.0841310     0.0397686
     D1FLE-a47d      0.031     0.061       0.191     0.558     -0.281     0.787      0.437     0.336      0.469     0.630    0.497     0.639   0.389     0.123      0.444     0.01524  -1	   0.1121338     0.1879209
     D1FLE-a48a      0.022     0.058       0.191     0.730     -0.083     0.795      0.497     0.430      0.864     0.658    0.505     0.658   0.802     0.157      0.097     0.02222  -1	   0.0489550     0.0079244
     D1FLE-a48b      0.021     0.054       0.187     0.649      0.085     0.788      0.551     0.417      0.991     0.712    0.573     0.659   0.738     0.133      0.376     0.01921  -1	   0.1557664     0.0880067
     D1FLE-a48c      0.024     0.058       0.191     0.640     -0.118     0.783      0.533     0.390      0.674     0.628    0.483     0.647   0.589     0.130      0.399     0.01929  -1	   0.0798395     0.0524008
     D1FLE-a48d      0.024     0.069       0.191     0.625     -0.257     0.818      0.464     0.418      0.557     0.651    0.548     0.620   0.515     0.135      0.270     0.02798  -1	   0.0720525     0.0576498
     D1FLE-a49a      0.019     0.058       0.174     0.702     -0.150     0.803      0.446     0.261      0.082     0.669    0.493     0.676   0.711     0.142      0.397     0.03088  -1	   0.2819022     0.3641224
     D1FLE-a49b      0.024     0.058       0.174     0.687      0.205     0.834      0.420     0.179      0.479     0.640    0.475     0.664   0.854     0.136      0.298     0.04059  -1	   0.2102826     0.3941839
     D1FLE-a49c      0.019     0.059       0.187     0.704     -0.025     0.801      0.481     0.422      0.900     0.651    0.512     0.645   0.802     0.157      0.083     0.02227  -1	   0.0665434     0.0209688
     D1FLE-a49d      0.018     0.069       0.220     0.632     -0.036     0.800      0.393     0.283      0.238     0.678    0.501     0.679   0.680     0.115      0.133     0.02944  -1	   0.0692611     0.1657802
      D1FLE-a4a      0.036     0.062       0.212     0.676      0.215     0.801      0.436     0.369      0.180     0.673    0.501     0.674   0.854     0.128      0.113     0.02002  -1	   0.1831840     0.1574007
      D1FLE-a4b      0.022     0.051       0.158     0.568      0.328     0.811      0.538     0.477      0.689     0.766    0.562     0.723   0.727     0.182      0.115     0.02763  -1	   0.1858330     0.1239570
      D1FLE-a4c      0.024     0.077       0.249     0.660     -0.336     0.802      0.419     0.255      0.556     0.686    0.538     0.661   0.582     0.117      0.312     0.02196  -1	   0.1007540     0.1390087
      D1FLE-a4d      0.023     0.066       0.199     0.730      0.029     0.821      0.410     0.311      0.291     0.658    0.483     0.674   0.834     0.116      0.092     0.03209  -1	   0.0849024     0.1408837
     D1FLE-a50a      0.025     0.056       0.178     0.657      0.232     0.823      0.397     0.217      0.262     0.591    0.491     0.607   0.854     0.137      0.359     0.04862  -1	   0.2857275     0.4405763
     D1FLE-a50b      0.023     0.056       0.183     0.646      0.272     0.823      0.444     0.206      0.608     0.621    0.485     0.639   0.825     0.142      0.298     0.03982  -1	   0.2223684     0.3594793
     D1FLE-a50c      0.021     0.059       0.183     0.733      0.071     0.791      0.351     0.167      0.318     0.667    0.499     0.670   0.859     0.140      0.268     0.02745  -1	   0.1734765     0.3769419
     D1FLE-a50d      0.029     0.057       0.178     0.695      0.021     0.814      0.447     0.208      0.529     0.619    0.478     0.642   0.780     0.148      0.279     0.04232  -1	   0.1119518     0.2644896
     D1FLE-a51a      0.025     0.055       0.178     0.652      0.263     0.841      0.421     0.185      0.605     0.623    0.472     0.650   0.892     0.133      0.290     0.04103  -1	   0.2206282     0.4109000
     D1FLE-a51b      0.028     0.057       0.178     0.718      0.056     0.819      0.428     0.193      0.569     0.615    0.485     0.633   0.859     0.139      0.282     0.04175  -1	   0.1233874     0.2922623
     D1FLE-a51c      0.024     0.057       0.174     0.703      0.193     0.830      0.424     0.182      0.423     0.637    0.460     0.672   0.900     0.139      0.290     0.04130  -1	   0.2070137     0.3951300
     D1FLE-a51d      0.027     0.062       0.199     0.597      0.226     0.818      0.410     0.226      0.832     0.647    0.533     0.627   0.661     0.126      0.325     0.05030  -1	   0.2379364     0.3079995
     D1FLE-a52a      0.025     0.061       0.187     0.599      0.355     0.822      0.400     0.182      0.693     0.667    0.500     0.671   0.705     0.154      0.340     0.03778  -1	   0.3199098     0.4175841
     D1FLE-a52b      0.030     0.041       0.158     0.589      0.373     0.817      0.502     0.406      0.565     0.577    0.493     0.593   0.830     0.131      0.291     0.03912  -1	   0.2255421     0.2483560
     D1FLE-a52c      0.025     0.055       0.178     0.616      0.175     0.821      0.446     0.207      0.516     0.674    0.506     0.673   0.778     0.130      0.311     0.04051  -1	   0.1731220     0.3554923
     D1FLE-a52d      0.019     0.050       0.129     0.785      0.132     0.830      0.485     0.402      0.531     0.614    0.478     0.638   0.831     0.183      0.556     0.06386  -1	   0.2712824     0.1382383
     D1FLE-a53a      0.034     0.079       0.245     0.640     -0.185     0.833      0.423     0.246      0.250     0.639    0.567     0.592   0.664     0.119      0.098     0.05167  -1	   0.0759726     0.1843879
     D1FLE-a53b      0.031     0.061       0.199     0.732      0.206     0.824      0.403     0.199      0.676     0.660    0.524     0.645   0.909     0.130      0.448     0.04686  -1	   0.2980281     0.3568504
     D1FLE-a53c      0.027     0.063       0.216     0.684      0.172     0.840      0.446     0.279      0.343     0.636    0.482     0.655   0.845     0.096      0.117     0.27947   1	   0.1453435     0.2355803
     D1FLE-a53d      0.033     0.071       0.224     0.606      0.151     0.824      0.450     0.294      0.549     0.626    0.470     0.655   0.778     0.094      0.376     0.07602  -1	   0.2430678     0.2272323
     D1FLE-a54a      0.027     0.062       0.212     0.586      0.141     0.856      0.466     0.348      0.423     0.658    0.494     0.667   0.587     0.110      0.201     0.09306  -1	   0.1455880     0.1658905
     D1FLE-a54b      0.031     0.057       0.178     0.710      0.258     0.846      0.449     0.289      0.149     0.623    0.496     0.632   0.946     0.172      0.196     0.09490  -1	   0.2654459     0.3336685
     D1FLE-a54c      0.026     0.080       0.266     0.650      0.213     0.827      0.391     0.221      0.285     0.758    0.492     0.760   0.854     0.099      0.221     0.06296  -1	   0.2835652     0.2910086
     D1FLE-a54d      0.024     0.098       0.286     0.670      0.247     0.859      0.330     0.158      0.102     0.744    0.493     0.746   0.854     0.097      0.137     0.10886  -1	   0.3363353     0.3242511
     D1FLE-a55a      0.029     0.063       0.203     0.657      0.173     0.843      0.464     0.338      0.244     0.636    0.476     0.659   0.845     0.101      0.249     0.08822  -1	   0.2229698     0.2245040
     D1FLE-a55b      0.026     0.080       0.266     0.633      0.080     0.827      0.372     0.210      0.142     0.704    0.543     0.674   0.738     0.105      0.167     0.07238  -1	   0.1897359     0.2676236
     D1FLE-a55c      0.023     0.075       0.241     0.638      0.136     0.835      0.417     0.332      0.266     0.688    0.490     0.697   0.713     0.099      0.165     0.07211  -1	   0.1757919     0.1479410
     D1FLE-a55d      0.028     0.072       0.232     0.553      0.217     0.831      0.385     0.334      0.331     0.614    0.497     0.623   0.661     0.122      0.362     0.03743  -1	   0.2960487     0.2378857
     D1FLE-a56a      0.028     0.083       0.257     0.649      0.155     0.830      0.348     0.224      0.153     0.662    0.526     0.647   0.778     0.094      0.125     0.07028  -1	   0.2121422     0.2577394
     D1FLE-a56b      0.024     0.074       0.241     0.625      0.227     0.851      0.432     0.410      0.522     0.669    0.505     0.669   0.787     0.120      0.344     0.03803  -1	   0.3108689     0.1594287
     D1FLE-a56c      0.027     0.080       0.237     0.682      0.261     0.854      0.314     0.315      0.050     0.649    0.501     0.653   0.892     0.121      0.357     0.03591  -1	   0.4961220     0.2921021
     D1FLE-a56d      0.030     0.071       0.224     0.552      0.148     0.842      0.412     0.355      0.766     0.620    0.492     0.632   0.587     0.121      0.338     0.03873  -1	   0.2247994     0.1966867
     D1FLE-a57a      0.032     0.073       0.237     0.572      0.095     0.837      0.414     0.351      0.221     0.700    0.533     0.677   0.612     0.122      0.319     0.03838  -1	   0.2471369     0.1752468
     D1FLE-a57b      0.026     0.073       0.232     0.495      0.264     0.811      0.463     0.428      0.894     0.661    0.527     0.644   0.428     0.109      0.155     0.02780  -1	   0.3005949     0.1501059
     D1FLE-a57c      0.030     0.076       0.237     0.569      0.272     0.842      0.354     0.312      0.374     0.676    0.508     0.672   0.699     0.124      0.383     0.03832  -1	   0.3738726     0.2952483
     D1FLE-a57d      0.026     0.070       0.220     0.538      0.244     0.847      0.397     0.336      0.490     0.627    0.505     0.629   0.508     0.125      0.364     0.03893  -1	   0.2892880     0.2449187
     D1FLE-a58a      0.032     0.073       0.232     0.564      0.197     0.832      0.380     0.317      0.250     0.668    0.486     0.681   0.652     0.122      0.353     0.03813  -1	   0.3056055     0.2450526
     D1FLE-a58b      0.028     0.075       0.232     0.588      0.170     0.841      0.392     0.340      0.143     0.679    0.482     0.693   0.652     0.119      0.314     0.03815  -1	   0.2991865     0.2023157
     D1FLE-a58c      0.030     0.069       0.220     0.528      0.253     0.828      0.402     0.336      0.582     0.601    0.490     0.617   0.546     0.125      0.344     0.03861  -1	   0.2677309     0.2376506
     D1FLE-a58d      0.030     0.072       0.237     0.604     -0.060     0.831      0.389     0.373      0.542     0.622    0.514     0.618   0.680     0.115      0.150     0.02869  -1	   0.0729702     0.0980861
     D1FLE-a59a      0.023     0.064       0.212     0.660     -0.153     0.828      0.467     0.359      0.967     0.749    0.598     0.679   0.730     0.110      0.125     0.01758  -1	   0.0867490     0.0897844
     D1FLE-a59b      0.023     0.074       0.216     0.674     -0.025     0.816      0.436     0.224      0.986     0.728    0.569     0.679   0.747     0.115      0.249     0.01442  -1	   0.1605454     0.1713268
     D1FLE-a59c      0.018     0.060       0.187     0.611     -0.026     0.801      0.541     0.455      1.000     0.743    0.673     0.613   0.680     0.126      0.168     0.01183  -1	   0.1135579     0.0548466
     D1FLE-a59d      0.024     0.064       0.203     0.640     -0.267     0.805      0.437     0.301      0.853     0.587    0.526     0.575   0.515     0.102      0.164     0.01954  -1	   0.0362113     0.1157886
      D1FLE-a5a      0.020     0.079       0.245     0.692     -0.363     0.799      0.371     0.211      0.866     0.724    0.577     0.669   0.538     0.108      0.329     0.02247  -1	   0.0868837     0.1636791
      D1FLE-a5b      0.019     0.056       0.187     0.640     -0.140     0.810      0.574     0.589      0.955     0.755    0.509     0.746   0.589     0.137      0.205     0.04107  -1	   0.0818921    -0.0077750
      D1FLE-a5c      0.022     0.056       0.183     0.659     -0.148     0.796      0.558     0.542      0.474     0.669    0.501     0.672   0.656     0.125      0.206     0.04323  -1	   0.0394243    -0.0186453
      D1FLE-a5d      0.024     0.060       0.195     0.709     -0.157     0.811      0.544     0.528      0.512     0.696    0.510     0.690   0.785     0.134      0.190     0.04429  -1	   0.0532117    -0.0239556
     D1FLE-a60a      0.024     0.054       0.183     0.594      0.149     0.806      0.511     0.296      0.763     0.667    0.479     0.685   0.587     0.137      0.401     0.01306  -1	   0.1697910     0.1830632
     D1FLE-a60b      0.018     0.071       0.216     0.675     -0.093     0.810      0.443     0.269      0.361     0.694    0.528     0.675   0.747     0.105      0.211     0.01765  -1	   0.0957101     0.1737372
     D1FLE-a60c      0.020     0.071       0.224     0.580      0.176     0.825      0.374     0.288      0.392     0.648    0.503     0.650   0.652     0.124      0.355     0.03865  -1	   0.2503309     0.2579439
     D1FLE-a60d      0.022     0.064       0.212     0.661     -0.131     0.815      0.478     0.172      0.911     0.656    0.531     0.637   0.656     0.110      0.418     0.01316  -1	   0.0947142     0.2035167
     D1FLE-a61a      0.023     0.066       0.212     0.573     -0.358     0.810      0.532     0.252      0.962     0.721    0.531     0.698   0.345     0.118      0.167     0.01416  -1	   0.0781479     0.0647335
     D1FLE-a61b      0.033     0.059       0.183     0.605      0.350     0.845      0.556     0.384      0.832     0.586    0.499     0.596   0.831     0.133      0.353     0.01235  -1	   0.3193272     0.2171320
     D1FLE-a61c      0.032     0.062       0.178     0.660      0.378     0.851      0.505     0.303      0.323     0.627    0.518     0.620   0.898     0.129      0.384     0.01258  -1	   0.4396429     0.4310673
     D1FLE-a61d      0.030     0.055       0.183     0.688      0.141     0.829      0.543     0.319      0.697     0.638    0.474     0.663   0.780     0.133      0.158     0.01307  -1	   0.1283591     0.1580062
     D1FLE-a62a      0.025     0.072       0.207     0.759     -0.021     0.810      0.390     0.152      0.095     0.666    0.543     0.638   0.793     0.129      0.130     0.01197  -1	   0.1719482     0.3893432
     D1FLE-a62b      0.025     0.070       0.216     0.697     -0.066     0.812      0.398     0.175      0.153     0.693    0.559     0.651   0.747     0.134      0.163     0.01199  -1	   0.1393614     0.3340927
     D1FLE-a62c      0.025     0.069       0.207     0.718     -0.145     0.821      0.401     0.185      0.273     0.753    0.606     0.678   0.711     0.137      0.138     0.01184  -1	   0.0916068     0.2711836
     D1FLE-a62d      0.020     0.066       0.195     0.683      0.001     0.812      0.479     0.182      0.091     0.692    0.534     0.669   0.780     0.117      0.234     0.01351  -1	   0.1930988     0.4308031
     D1FLE-a63a      0.027     0.067       0.224     0.686     -0.271     0.814      0.446     0.347      0.913     0.669    0.522     0.656   0.582     0.114      0.325     0.01274  -1	   0.0703405     0.0789842
     D1FLE-a63b      0.028     0.066       0.207     0.687     -0.231     0.816      0.413     0.186      0.309     0.726    0.562     0.681   0.637     0.140      0.131     0.01187  -1	   0.0613920     0.2520690
     D1FLE-a63c      0.038     0.073       0.224     0.666     -0.035     0.832      0.406     0.251      0.913     0.723    0.605     0.647   0.747     0.112      0.148     0.01187  -1	   0.1475000     0.1764885
     D1FLE-a63d      0.035     0.070       0.224     0.672     -0.003     0.822      0.396     0.296      0.669     0.795    0.546     0.764   0.747     0.121      0.227     0.01165  -1	   0.1485085     0.1639737
     D1FLE-a64a      0.028     0.063       0.207     0.694     -0.301     0.819      0.498     0.398      0.831     0.672    0.497     0.676   0.582     0.109      0.314     0.01359  -1	   0.0612335     0.0419505
     D1FLE-a64b      0.029     0.072       0.237     0.647     -0.334     0.818      0.481     0.418      1.000     0.798    0.665     0.684   0.515     0.108      0.145     0.01291  -1	   0.0955942     0.0483857
     D1FLE-a64c      0.025     0.069       0.228     0.658     -0.137     0.822      0.422     0.314      0.699     0.686    0.518     0.675   0.656     0.100      0.293     0.01284  -1	   0.0904753     0.1265069
     D1FLE-a64d      0.030     0.068       0.241     0.621     -0.310     0.814      0.463     0.367      0.930     0.711    0.553     0.674   0.515     0.114      0.080     0.01278  -1	   0.0721498     0.0532720
     D1FLE-a65a      0.028     0.064       0.224     0.663     -0.347     0.826      0.516     0.442      0.361     0.728    0.538     0.702   0.582     0.115      0.247     0.01342  -1	   0.0819383     0.0359793
     D1FLE-a65b      0.025     0.069       0.228     0.680     -0.067     0.810      0.485     0.397      0.846     0.686    0.538     0.661   0.747     0.115      0.288     0.01380  -1	   0.1135196     0.0501514
     D1FLE-a65c      0.019     0.068       0.220     0.635     -0.218     0.799      0.466     0.437      0.874     0.687    0.532     0.666   0.570     0.126      0.116     0.01387  -1	   0.0575063     0.0265613
     D1FLE-a65d      0.025     0.065       0.207     0.716     -0.130     0.795      0.471     0.398      0.911     0.700    0.581     0.641   0.711     0.124      0.302     0.01382  -1	   0.0918952     0.0497552
     D1FLE-a66a      0.026     0.064       0.207     0.696     -0.217     0.786      0.461     0.286      0.356     0.629    0.517     0.622   0.637     0.111      0.216     0.01690  -1	   0.0864293     0.1725200
     D1FLE-a66b      0.028     0.064       0.212     0.614     -0.421     0.817      0.494     0.415      0.680     0.671    0.499     0.674   0.000     0.116      0.203     0.01349  -1	   0.0285434    -0.0035514
     D1FLE-a66c      0.024     0.066       0.216     0.689     -0.253     0.791      0.488     0.406      0.936     0.679    0.548     0.646   0.582     0.111      0.299     0.01374  -1	   0.0651819     0.0332182
     D1FLE-a66d      0.025     0.068       0.228     0.726     -0.142     0.803      0.493     0.417      0.737     0.673    0.528     0.654   0.711     0.111      0.311     0.01385  -1	   0.0935586     0.0216233
     D1FLE-a67a      0.024     0.064       0.212     0.623     -0.090     0.812      0.427     0.166      0.474     0.662    0.505     0.661   0.680     0.110      0.180     0.02798  -1	   0.0514141     0.2738071
     D1FLE-a67b      0.025     0.057       0.191     0.629      0.300     0.815      0.508     0.335      0.368     0.632    0.511     0.629   0.853     0.114      0.093     0.01727  -1	   0.1618218     0.2385447
     D1FLE-a67c      0.028     0.060       0.207     0.596     -0.212     0.787      0.492     0.333      0.897     0.692    0.517     0.681   0.444     0.123      0.130     0.01711  -1	   0.0609935     0.0591294
     D1FLE-a67d      0.020     0.068       0.191     0.638     -0.289     0.820      0.461     0.420      0.484     0.719    0.577     0.664   0.515     0.135      0.172     0.02750  -1	   0.0460477     0.0502458
     D1FLE-a68a      0.024     0.073       0.199     0.621     -0.268     0.827      0.438     0.392      0.612     0.654    0.536     0.630   0.515     0.142      0.189     0.02862  -1	   0.0578971     0.0623601
     D1FLE-a68b      0.022     0.077       0.212     0.604     -0.222     0.819      0.450     0.341      0.838     0.681    0.537     0.656   0.570     0.138      0.246     0.02919  -1	   0.0882416     0.0787005
     D1FLE-a68c      0.020     0.077       0.216     0.643     -0.143     0.834      0.389     0.273      0.628     0.675    0.566     0.628   0.589     0.131      0.216     0.02966  -1	   0.0830928     0.1426028
     D1FLE-a68d      0.025     0.069       0.191     0.507     -0.232     0.819      0.463     0.433      0.867     0.695    0.525     0.679   0.291     0.127      0.143     0.02876  -1	   0.0747691     0.0658312
     D1FLE-a69a      0.028     0.057       0.183     0.671      0.141     0.814      0.435     0.197      0.941     0.708    0.552     0.672   0.780     0.137      0.305     0.04174  -1	   0.1936908     0.2867598
     D1FLE-a69b      0.019     0.078       0.216     0.645     -0.282     0.823      0.417     0.307      0.437     0.657    0.518     0.647   0.515     0.122      0.183     0.02877  -1	   0.0686457     0.1131624
     D1FLE-a69c      0.020     0.075       0.199     0.627     -0.222     0.831      0.427     0.325      0.593     0.686    0.531     0.666   0.570     0.134      0.221     0.02860  -1	   0.0683171     0.1044740
     D1FLE-a69d      0.028     0.057       0.187     0.607      0.064     0.822      0.471     0.269      0.532     0.620    0.462     0.656   0.738     0.147      0.319     0.04202  -1	   0.1242306     0.2220139
      D1FLE-a6a      0.022     0.058       0.191     0.600     -0.236     0.813      0.583     0.594      0.818     0.735    0.487     0.741   0.570     0.135      0.164     0.04532  -1	   0.0514074    -0.0194100
      D1FLE-a6b      0.018     0.056       0.191     0.685     -0.186     0.826      0.535     0.539      0.853     0.718    0.494     0.721   0.730     0.130      0.208     0.04070  -1	   0.0515698    -0.0003697
      D1FLE-a6c      0.022     0.056       0.191     0.690     -0.229     0.811      0.525     0.530      0.945     0.688    0.518     0.676   0.637     0.140      0.193     0.04616  -1	   0.0513276     0.0027855
      D1FLE-a6d      0.017     0.055       0.191     0.671     -0.135     0.813      0.549     0.561      0.842     0.743    0.495     0.743   0.656     0.139      0.192     0.04521  -1	   0.0575438    -0.0046753
     D1FLE-a70a      0.020     0.060       0.187     0.688      0.143     0.824      0.414     0.306      0.340     0.606    0.474     0.635   0.780     0.144      0.246     0.02023  -1	   0.1700831     0.2092389
     D1FLE-a70b      0.020     0.073       0.199     0.648     -0.204     0.823      0.432     0.322      0.538     0.678    0.538     0.653   0.570     0.119      0.180     0.02741  -1	   0.0543425     0.1022165
     D1FLE-a70c      0.037     0.074       0.224     0.630     -0.224     0.817      0.465     0.289      0.696     0.807    0.547     0.775   0.570     0.129      0.082     0.04962  -1	   0.0670253     0.0771796
     D1FLE-a70d      0.020     0.068       0.207     0.676     -0.192     0.826      0.431     0.320      0.447     0.630    0.520     0.622   0.730     0.115      0.114     0.02583  -1	   0.0257986     0.1033162
     D1FLE-a71a      0.034     0.071       0.220     0.674     -0.149     0.818      0.467     0.307      0.302     0.716    0.589     0.652   0.656     0.135      0.119     0.04804  -1	   0.0778703     0.1315469
     D1FLE-a71b      0.036     0.068       0.212     0.602     -0.082     0.826      0.512     0.350      0.874     0.790    0.542     0.760   0.680     0.133      0.087     0.04877  -1	   0.1219060     0.0716271
     D1FLE-a71c      0.034     0.077       0.232     0.653     -0.035     0.830      0.429     0.251      0.631     0.700    0.591     0.633   0.747     0.129      0.119     0.05175  -1	   0.1010143     0.1404329
     D1FLE-a71d      0.033     0.083       0.261     0.711      0.272     0.817      0.398     0.264      0.095     0.691    0.529     0.672   0.946     0.111      0.191     0.11570  -1	   0.3779294     0.2994029
     D1FLE-a72a      0.036     0.067       0.207     0.706     -0.060     0.828      0.452     0.288      0.319     0.628    0.498     0.635   0.802     0.137      0.154     0.04929  -1	   0.1046001     0.1651403
     D1FLE-a72b      0.033     0.076       0.241     0.670     -0.241     0.817      0.456     0.273      0.688     0.821    0.589     0.765   0.637     0.122      0.066     0.05120  -1	   0.0521935     0.0735226
     D1FLE-a72c      0.031     0.065       0.207     0.717      0.026     0.819      0.415     0.201      0.589     0.647    0.494     0.656   0.834     0.126      0.446     0.04649  -1	   0.2102827     0.2788995
     D1FLE-a72d      0.034     0.076       0.241     0.592     -0.070     0.821      0.449     0.262      0.160     0.749    0.527     0.729   0.554     0.116      0.125     0.05216  -1	   0.0843071     0.1598019
     D1FLE-a73a      0.024     0.079       0.261     0.616      0.106     0.826      0.399     0.265      0.276     0.674    0.530     0.655   0.713     0.113      0.229     0.06556  -1	   0.2100974     0.2120522
     D1FLE-a73b      0.032     0.062       0.199     0.721      0.141     0.828      0.412     0.210      0.418     0.628    0.488     0.643   0.834     0.128      0.491     0.04642  -1	   0.3301067     0.3711912
     D1FLE-a73c      0.019     0.080       0.286     0.620      0.049     0.799      0.466     0.336      0.233     0.901    0.576     0.865   0.713     0.094      0.254     0.06595  -1	   0.1774515     0.0900727
     D1FLE-a73d      0.029     0.079       0.270     0.629      0.094     0.825      0.371     0.220      0.240     0.674    0.511     0.669   0.738     0.107      0.186     0.07824  -1	   0.1923482     0.2461268
     D1FLE-a74a      0.029     0.073       0.228     0.525      0.244     0.836      0.422     0.361      0.290     0.683    0.485     0.695   0.508     0.126      0.345     0.03903  -1	   0.3044559     0.1960191
     D1FLE-a74b      0.030     0.077       0.253     0.687      0.004     0.834      0.371     0.218      0.185     0.641    0.471     0.667   0.780     0.107      0.238     0.07331  -1	   0.2086880     0.2677616
     D1FLE-a74c      0.027     0.111       0.311     0.645      0.148     0.828      0.294     0.128      0.379     0.761    0.564     0.716   0.691     0.087      0.172     0.06116  -1	   0.3025135     0.2571625
     D1FLE-a74d      0.029     0.084       0.270     0.649      0.202     0.827      0.345     0.182      0.437     0.695    0.539     0.669   0.787     0.105      0.215     0.07789  -1	   0.2774324     0.3081059
     D1FLE-a75a      0.020     0.079       0.232     0.645      0.265     0.841      0.345     0.323      0.214     0.677    0.495     0.682   0.825     0.126      0.298     0.03723  -1	   0.3628049     0.2353162
     D1FLE-a75b      0.027     0.071       0.245     0.435      0.331     0.808      0.415     0.379      0.582     0.594    0.473     0.624   0.000     0.118      0.146     0.02734  -1	   0.2807357     0.1385935
     D1FLE-a75c      0.033     0.042       0.158     0.744      0.079     0.833      0.457     0.374      0.328     0.669    0.491     0.679   0.841     0.167      0.323     0.03392  -1	   0.1848763     0.1975137
     D1FLE-a75d      0.023     0.062       0.203     0.591     -0.043     0.815      0.451     0.340      0.272     0.656    0.485     0.671   0.554     0.133      0.286     0.01771  -1	   0.1183261     0.1506154
     D1FLE-a76a      0.022     0.063       0.220     0.663     -0.259     0.802      0.466     0.298      0.462     0.638    0.517     0.630   0.582     0.108      0.315     0.01935  -1	   0.0827718     0.1431379
     D1FLE-a76b      0.020     0.064       0.212     0.605     -0.329     0.839      0.492     0.270      0.646     0.827    0.451     0.842   0.515     0.116      0.212     0.01385  -1	   0.0518637     0.1119504
     D1FLE-a76c      0.021     0.066       0.220     0.576      0.199     0.795      0.511     0.381      0.684     0.686    0.517     0.675   0.652     0.105      0.131     0.01724  -1	   0.1633153     0.1212091
     D1FLE-a76d      0.028     0.053       0.195     0.506      0.163     0.807      0.501     0.399      0.515     0.679    0.472     0.701   0.499     0.113      0.142     0.01767  -1	   0.0832185     0.1108050
     D1FLE-a77a      0.026     0.064       0.203     0.721     -0.024     0.823      0.419     0.148      0.484     0.658    0.496     0.665   0.802     0.125      0.021     0.01368  -1	   0.0300076     0.2433608
     D1FLE-a77b      0.020     0.064       0.195     0.618     -0.048     0.801      0.552     0.474      1.000     0.766    0.724     0.593   0.680     0.129      0.144     0.01193  -1	   0.1256000     0.0454482
     D1FLE-a77c      0.021     0.062       0.191     0.692     -0.203     0.791      0.556     0.473      1.000     0.761    0.674     0.633   0.637     0.145      0.157     0.01198  -1	   0.0760535     0.0007870
     D1FLE-a77d      0.019     0.061       0.187     0.606      0.037     0.796      0.534     0.433      1.000     0.723    0.639     0.620   0.713     0.134      0.095     0.01185  -1	   0.1245364     0.0487802
     D1FLE-a78b      0.018     0.061       0.191     0.612     -0.114     0.802      0.514     0.412      0.657     0.692    0.520     0.679   0.589     0.119      0.168     0.01187  -1	   0.0324941     0.0374571
     D1FLE-a78c      0.037     0.063       0.195     0.692      0.336     0.832      0.423     0.220      0.052     0.577    0.488     0.596   0.920     0.140      0.145     0.01156  -1	   0.3236300     0.4621022
     D1FLE-a78d      0.021     0.062       0.191     0.654      0.004     0.794      0.536     0.422      0.346     0.615    0.516     0.610   0.780     0.140      0.148     0.01193  -1	   0.0676278     0.0577622
     D1FLE-a79a      0.031     0.062       0.183     0.657      0.361     0.853      0.495     0.293      0.413     0.604    0.527     0.591   0.898     0.135      0.352     0.01250  -1	   0.3828904     0.3902056
     D1FLE-a79b      0.023     0.063       0.207     0.777      0.040     0.793      0.470     0.404      0.841     0.676    0.510     0.672   0.826     0.114      0.290     0.01134  -1	   0.1375833     0.0596095
     D1FLE-a79c      0.023     0.058       0.187     0.639      0.305     0.807      0.554     0.569      0.994     0.661    0.545     0.631   0.853     0.123      0.169     0.01164  -1	   0.2705364     0.0864584
     D1FLE-a79d      0.024     0.063       0.199     0.758      0.085     0.802      0.474     0.416      0.758     0.668    0.517     0.658   0.851     0.124      0.244     0.01132  -1	   0.1426551     0.0619175
      D1FLE-a7a      0.023     0.071       0.237     0.585      0.148     0.826      0.421     0.347      0.373     0.668    0.513     0.661   0.587     0.125      0.331     0.03915  -1	   0.2390157     0.1729173
      D1FLE-a7b      0.024     0.065       0.220     0.635     -0.158     0.822      0.529     0.438      0.802     0.662    0.522     0.649   0.664     0.128      0.255     0.04611  -1	   0.0672198     0.0160849
      D1FLE-a7c      0.026     0.075       0.232     0.611      0.223     0.853      0.414     0.408      0.315     0.668    0.488     0.680   0.787     0.118      0.291     0.03745  -1	   0.2953890     0.1435285
      D1FLE-a7d      0.035     0.058       0.170     0.581      0.399     0.803      0.439     0.399      0.352     0.615    0.465     0.648   0.705     0.178      0.118     0.01734  -1	   0.2264169     0.1610054
     D1FLE-a80a      0.026     0.066       0.191     0.760      0.128     0.811      0.433     0.353      0.430     0.707    0.504     0.704   0.826     0.124      0.262     0.01139  -1	   0.2146893     0.1485144
     D1FLE-a80b      0.025     0.067       0.212     0.631     -0.077     0.811      0.403     0.189      0.565     0.672    0.519     0.661   0.680     0.130      0.128     0.01183  -1	   0.0493750     0.2148642
     D1FLE-a80c      0.024     0.065       0.195     0.774      0.121     0.804      0.420     0.341      0.781     0.694    0.525     0.677   0.826     0.118      0.258     0.01142  -1	   0.1820652     0.1349649
     D1FLE-a80d      0.037     0.072       0.216     0.703      0.048     0.844      0.463     0.276      0.278     0.747    0.514     0.735   0.834     0.138      0.237     0.01199  -1	   0.2114754     0.2145337
     D1FLE-a81a      0.026     0.063       0.199     0.727      0.093     0.823      0.453     0.401      0.761     0.669    0.510     0.665   0.859     0.121      0.237     0.01133  -1	   0.1509761     0.0913287
     D1FLE-a81b      0.034     0.059       0.199     0.590     -0.009     0.821      0.485     0.369      0.829     0.669    0.514     0.662   0.554     0.130      0.320     0.01135  -1	   0.1183112     0.1094080
     D1FLE-a81c      0.028     0.064       0.216     0.587      0.147     0.815      0.437     0.312      0.836     0.784    0.543     0.753   0.587     0.120      0.244     0.01125  -1	   0.2174526     0.1987204
     D1FLE-a81d      0.032     0.058       0.195     0.606     -0.025     0.807      0.483     0.357      0.760     0.653    0.516     0.644   0.680     0.132      0.374     0.01141  -1	   0.1084067     0.1227402
     D1FLE-a82a      0.032     0.080       0.253     0.675     -0.137     0.823      0.414     0.293      0.646     0.743    0.553     0.706   0.656     0.094      0.165     0.01260  -1	   0.0942699     0.1000308
     D1FLE-a82b      0.035     0.061       0.203     0.685      0.223     0.819      0.472     0.343      0.354     0.694    0.505     0.691   0.854     0.129      0.294     0.01268  -1	   0.2766506     0.2347098
     D1FLE-a82c      0.041     0.061       0.207     0.705      0.118     0.817      0.483     0.349      0.284     0.658    0.511     0.654   0.834     0.122      0.326     0.01255  -1	   0.2662193     0.2118193
     D1FLE-a82d      0.032     0.071       0.245     0.648     -0.402     0.821      0.478     0.398      1.000     0.746    0.616     0.663   0.000     0.116      0.194     0.01280  -1	   0.0781324     0.0009045
     D1FLE-a83a      0.031     0.063       0.212     0.704      0.162     0.812      0.475     0.338      0.126     0.704    0.509     0.698   0.900     0.134      0.288     0.01271  -1	   0.3041149     0.2524739
     D1FLE-a83b      0.023     0.068       0.237     0.680     -0.259     0.825      0.414     0.303      0.857     0.666    0.521     0.653   0.582     0.102      0.340     0.01283  -1	   0.0677833     0.1191877
     D1FLE-a83c      0.027     0.070       0.228     0.738     -0.090     0.812      0.488     0.419      0.831     0.697    0.533     0.674   0.802     0.108      0.367     0.01385  -1	   0.1355802     0.0318752
     D1FLE-a83d      0.033     0.060       0.203     0.665      0.226     0.825      0.522     0.390      0.316     0.707    0.533     0.684   0.854     0.120      0.314     0.01266  -1	   0.2924985     0.2256393
     D1FLE-a84a      0.035     0.060       0.207     0.674      0.296     0.823      0.484     0.349      0.329     0.671    0.507     0.669   0.892     0.118      0.273     0.01264  -1	   0.3116913     0.2781955
     D1FLE-a84b      0.023     0.072       0.232     0.710     -0.012     0.798      0.471     0.392      0.988     0.723    0.592     0.656   0.802     0.119      0.361     0.01391  -1	   0.1712347     0.0671508
     D1FLE-a84c      0.016     0.061       0.220     0.632     -0.268     0.806      0.522     0.473      0.248     0.797    0.506     0.788   0.515     0.132      0.019     0.01382  -1	  -0.0372929    -0.0031077
     D1FLE-a84d      0.024     0.071       0.216     0.717     -0.427     0.827      0.476     0.356      0.512     0.620    0.526     0.607   0.000     0.113      0.414     0.01324  -1	   0.1194809     0.0468973
     D1FLE-a85a      0.023     0.064       0.191     0.711      0.082     0.831      0.432     0.306      0.060     0.648    0.513     0.643   0.859     0.141      0.258     0.02090  -1	   0.2642771     0.2811396
     D1FLE-a85b      0.021     0.066       0.199     0.724      0.081     0.844      0.410     0.286      0.795     0.680    0.535     0.657   0.859     0.137      0.280     0.02031  -1	   0.1664988     0.1780050
     D1FLE-a85c      0.019     0.063       0.216     0.602     -0.166     0.810      0.500     0.388      0.360     0.698    0.514     0.689   0.664     0.135      0.120     0.01544  -1	   0.0151029     0.0535022
     D1FLE-a85d      0.030     0.070       0.232     0.677     -0.358     0.823      0.522     0.446      0.899     0.736    0.591     0.671   0.538     0.112      0.145     0.01280  -1	   0.0634094     0.0051882
     D1FLE-a86a      0.024     0.062       0.203     0.547      0.197     0.829      0.470     0.396      0.445     0.621    0.465     0.654   0.499     0.135      0.127     0.01818  -1	   0.1274474     0.1055251
     D1FLE-a86b      0.021     0.069       0.207     0.692     -0.150     0.816      0.430     0.316      0.252     0.657    0.547     0.626   0.656     0.120      0.134     0.02570  -1	   0.0748639     0.1432452
     D1FLE-a86c      0.021     0.063       0.195     0.707      0.038     0.838      0.380     0.251      0.210     0.643    0.502     0.647   0.834     0.148      0.269     0.02082  -1	   0.1959859     0.2872992
     D1FLE-a86d      0.025     0.073       0.212     0.687     -0.256     0.801      0.363     0.186      0.352     0.670    0.495     0.676   0.582     0.111      0.133     0.02995  -1	   0.0650853     0.2453589
     D1FLE-a87a      0.025     0.046       0.145     0.658      0.203     0.803      0.488     0.456      0.447     0.652    0.498     0.658   0.840     0.193      0.339     0.02639  -1	   0.1756423     0.1046464
     D1FLE-a87b      0.023     0.065       0.199     0.640      0.217     0.829      0.394     0.298      0.702     0.618    0.486     0.635   0.787     0.130      0.314     0.02461  -1	   0.2236979     0.2416917
     D1FLE-a87c      0.024     0.065       0.199     0.577      0.298     0.845      0.437     0.330      0.910     0.590    0.484     0.612   0.699     0.136      0.276     0.02610  -1	   0.2944704     0.2397427
     D1FLE-a87d      0.027     0.066       0.191     0.617      0.328     0.846      0.378     0.275      0.545     0.594    0.490     0.611   0.853     0.133      0.274     0.02479  -1	   0.2877281     0.3229080
     D1FLE-a88a      0.028     0.054       0.174     0.530     -0.322     0.815      0.568     0.470      0.975     0.616    0.500     0.623   0.236     0.150      0.074     0.01993  -1	   0.0830557    -0.0162392
     D1FLE-a88b      0.026     0.066       0.199     0.656      0.316     0.846      0.402     0.311      0.539     0.593    0.490     0.610   0.920     0.130      0.285     0.02428  -1	   0.2945900     0.2662495
     D1FLE-a88c      0.024     0.065       0.203     0.648      0.249     0.837      0.390     0.285      0.614     0.631    0.495     0.641   0.787     0.132      0.297     0.02488  -1	   0.2514814     0.2695027
     D1FLE-a88d      0.036     0.066       0.212     0.673     -0.095     0.834      0.511     0.343      0.940     0.634    0.505     0.637   0.747     0.124      0.121     0.04817  -1	   0.1044413     0.0615211
     D1FLE-a89a      0.035     0.079       0.241     0.694     -0.132     0.837      0.412     0.227      0.307     0.674    0.543     0.645   0.656     0.116      0.207     0.05308  -1	   0.1420405     0.2034419
     D1FLE-a89b      0.034     0.073       0.232     0.631     -0.198     0.822      0.493     0.309      0.384     0.897    0.605     0.848   0.664     0.117      0.032     0.05005  -1	  -0.0119461     0.0596742
     D1FLE-a89c      0.032     0.062       0.203     0.691      0.097     0.829      0.418     0.213      0.486     0.644    0.505     0.645   0.805     0.130      0.503     0.04630  -1	   0.2871390     0.3387907
     D1FLE-a89d      0.033     0.063       0.207     0.715      0.131     0.821      0.401     0.195      0.180     0.637    0.509     0.635   0.834     0.123      0.437     0.04728  -1	   0.3900529     0.4666301
      D1FLE-a8a      0.025     0.068       0.232     0.577      0.185     0.829      0.425     0.357      0.315     0.649    0.495     0.657   0.652     0.122      0.326     0.03958  -1	   0.2532283     0.1893353
      D1FLE-a8b      0.020     0.071       0.224     0.685     -0.034     0.820      0.438     0.299      0.151     0.659    0.538     0.635   0.747     0.119      0.119     0.01786  -1	   0.1048590     0.1725008
      D1FLE-a8c      0.019     0.072       0.228     0.720     -0.035     0.810      0.412     0.262      0.926     0.665    0.548     0.632   0.802     0.121      0.120     0.01786  -1	   0.1020577     0.1100867
      D1FLE-a8d      0.023     0.062       0.203     0.602     -0.197     0.806      0.461     0.405      0.877     0.642    0.492     0.653   0.664     0.127      0.175     0.01821  -1	   0.0597374     0.0754805
     D1FLE-a90a      0.033     0.056       0.203     0.650      0.095     0.820      0.439     0.254      0.521     0.634    0.494     0.644   0.805     0.135      0.481     0.04638  -1	   0.2309099     0.2894601
     D1FLE-a90b      0.031     0.063       0.199     0.743      0.190     0.824      0.407     0.202      0.471     0.646    0.533     0.626   0.900     0.130      0.421     0.04706  -1	   0.3229570     0.3772988
     D1FLE-a90c      0.036     0.062       0.203     0.699      0.115     0.832      0.432     0.226      0.759     0.660    0.507     0.658   0.780     0.127      0.432     0.04617  -1	   0.2306052     0.2682859
     D1FLE-a90d      0.031     0.063       0.199     0.730      0.138     0.827      0.406     0.202      0.693     0.651    0.519     0.641   0.834     0.126      0.433     0.04693  -1	   0.2486108     0.3085996
     D1FLE-a91a      0.033     0.080       0.270     0.632     -0.118     0.826      0.366     0.191      0.199     0.666    0.525     0.650   0.589     0.117      0.125     0.09187  -1	   0.1018522     0.2258260
     D1FLE-a91b      0.028     0.110       0.307     0.548      0.151     0.840      0.337     0.176      0.696     0.740    0.537     0.714   0.000     0.083      0.134     0.06083  -1	   0.3407804     0.1166430
     D1FLE-a91c      0.030     0.063       0.216     0.641      0.086     0.826      0.466     0.309      0.367     0.685    0.499     0.686   0.738     0.135      0.259     0.04413  -1	   0.1686540     0.1905156
     D1FLE-a91d      0.026     0.078       0.257     0.643     -0.183     0.818      0.439     0.289      0.665     0.714    0.533     0.691   0.664     0.103      0.209     0.06006  -1	   0.0812499     0.0955926
     D1FLE-a92a      0.019     0.072       0.232     0.690      0.026     0.806      0.455     0.488      0.417     0.564    0.493     0.581   0.780     0.123      0.033     0.02483  -1	   0.0511773    -0.0311446
     D1FLE-a92b      0.037     0.071       0.237     0.625     -0.194     0.823      0.507     0.329      0.449     0.807    0.573     0.760   0.664     0.111     -0.005     0.04990  -1	  -0.0080354     0.0576705
     D1FLE-a92c      0.030     0.054       0.162     0.594      0.307     0.820      0.511     0.468      0.326     0.629    0.473     0.655   0.727     0.167      0.134     0.01686  -1	   0.1638585     0.0997386
     D1FLE-a92d      0.024     0.075       0.245     0.597      0.204     0.840      0.333     0.292      0.345     0.649    0.501     0.653   0.661     0.127      0.383     0.03507  -1	   0.3290572     0.2798192
     D1FLE-a93a      0.023     0.050       0.183     0.671      0.274     0.819      0.481     0.332      0.582     0.638    0.505     0.640   0.872     0.142      0.109     0.01078  -1	   0.1454046     0.2071242
     D1FLE-a93b      0.018     0.043       0.149     0.783      0.106     0.788      0.540     0.583      0.402     0.608    0.516     0.603   0.831     0.184      0.103     0.01143  -1	   0.0493006    -0.0038010
     D1FLE-a93c      0.027     0.067       0.212     0.610     -0.004     0.824      0.457     0.374      0.667     0.637    0.487     0.652   0.680     0.121      0.146     0.01548  -1	   0.0846362     0.0825850
     D1FLE-a93d      0.023     0.059       0.178     0.636     -0.035     0.788      0.526     0.394      0.997     0.625    0.559     0.584   0.680     0.154      0.129     0.01191  -1	   0.0793078     0.0280484
     D1FLE-a94a      0.015     0.061       0.199     0.595     -0.066     0.796      0.582     0.488      0.995     0.678    0.573     0.626   0.554     0.121      0.164     0.01187  -1	   0.0889440    -0.0038755
     D1FLE-a94b      0.011     0.065       0.199     0.643      0.179     0.816      0.469     0.301      0.029     0.623    0.492     0.636   0.778     0.132      0.279     0.01249  -1	   0.2823858     0.3173415
     D1FLE-a94c      0.018     0.062       0.195     0.577     -0.080     0.808      0.586     0.508      1.000     0.747    0.693     0.600   0.554     0.124      0.178     0.01194  -1	   0.1109310     0.0253819
     D1FLE-a94d      0.016     0.062       0.195     0.649     -0.136     0.805      0.546     0.467      1.000     0.737    0.673     0.606   0.589     0.129      0.170     0.01190  -1	   0.0848127     0.0191195
     D1FLE-a95a      0.024     0.046       0.170     0.601      0.237     0.808      0.542     0.450      0.659     0.616    0.477     0.641   0.784     0.138      0.127     0.01076  -1	   0.1095768     0.1011715
     D1FLE-a95b      0.019     0.055       0.170     0.721      0.527     0.804      0.449     0.289      0.190     0.687    0.514     0.678   0.963     0.154      0.207     0.01157  -1	   0.4452443     0.5064642
     D1FLE-a95c      0.021     0.060       0.187     0.559     -0.021     0.797      0.541     0.449      1.000     0.755    0.662     0.636   0.554     0.129      0.106     0.01183  -1	   0.1196972     0.0465329
     D1FLE-a95d      0.033     0.078       0.232     0.699      0.170     0.826      0.351     0.245      0.165     0.720    0.555     0.681   0.845     0.127      0.205     0.01180  -1	   0.2876941     0.2776679
     D1FLE-a96a      0.035     0.067       0.224     0.670     -0.078     0.829      0.420     0.310      0.310     0.815    0.547     0.783   0.747     0.119      0.138     0.01173  -1	   0.0737524     0.1280246
     D1FLE-a96b      0.034     0.075       0.232     0.755      0.217     0.828      0.332     0.137      0.037     0.750    0.497     0.749   0.901     0.119      0.342     0.01194  -1	   0.4831597     0.5295761
     D1FLE-a96c      0.034     0.069       0.224     0.572     -0.165     0.833      0.407     0.313      0.538     0.873    0.616     0.811   0.538     0.100      0.214     0.01185  -1	   0.0625302     0.1510653
     D1FLE-a96d      0.035     0.071       0.220     0.660     -0.017     0.825      0.397     0.263      0.456     0.705    0.583     0.645   0.747     0.109      0.118     0.01191  -1	   0.0883271     0.1828342
     D1FLE-a97a      0.025     0.054       0.158     0.670      0.548     0.805      0.459     0.379      0.154     0.581    0.497     0.593   0.908     0.184      0.125     0.01149  -1	   0.3687955     0.3138681
     D1FLE-a97b      0.024     0.067       0.212     0.701     -0.327     0.826      0.443     0.315      0.417     0.672    0.505     0.671   0.636     0.121      0.267     0.01279  -1	   0.0954356     0.1295524
     D1FLE-a97c      0.024     0.055       0.162     0.674      0.540     0.814      0.454     0.371      0.401     0.587    0.503     0.594   0.908     0.187      0.125     0.01154  -1	   0.3420245     0.2787389
     D1FLE-a97d      0.026     0.054       0.162     0.672      0.575     0.808      0.454     0.373      0.270     0.581    0.500     0.590   0.890     0.184      0.130     0.01150  -1	   0.3879894     0.3269161
     D1FLE-a98a      0.020     0.068       0.212     0.692     -0.007     0.821      0.463     0.370      0.880     0.654    0.531     0.635   0.747     0.126      0.237     0.01557  -1	   0.1161279     0.0695517
     D1FLE-a98b      0.028     0.064       0.216     0.682     -0.161     0.813      0.454     0.359      0.592     0.651    0.497     0.658   0.730     0.114      0.213     0.01264  -1	   0.0575232     0.0776550
     D1FLE-a98c      0.033     0.063       0.207     0.684      0.168     0.812      0.463     0.324      0.305     0.726    0.525     0.708   0.845     0.127      0.301     0.01278  -1	   0.2633387     0.2337994
     D1FLE-a98d      0.035     0.060       0.207     0.692      0.203     0.824      0.508     0.374      0.735     0.663    0.549     0.630   0.854     0.123      0.332     0.01263  -1	   0.2464575     0.1740236
     D1FLE-a99a      0.020     0.068       0.212     0.714      0.038     0.827      0.434     0.332      0.998     0.714    0.618     0.627   0.834     0.128      0.269     0.01559  -1	   0.1717666     0.1312923
     D1FLE-a99b      0.014     0.061       0.199     0.621     -0.188     0.801      0.540     0.492      0.261     0.651    0.499     0.656   0.664     0.117      0.046     0.01423  -1	  -0.0124125    -0.0052221
     D1FLE-a99c      0.037     0.060       0.203     0.673      0.152     0.833      0.511     0.377      0.276     0.672    0.505     0.671   0.845     0.123      0.287     0.01269  -1	   0.2422920     0.1966854
     D1FLE-a99d      0.021     0.067       0.216     0.658     -0.107     0.826      0.449     0.327      0.934     0.716    0.553     0.679   0.656     0.129      0.136     0.01553  -1	   0.0958180     0.0866631
      D1FLE-a9a      0.023     0.075       0.228     0.723     -0.009     0.811      0.404     0.241      0.311     0.664    0.499     0.668   0.802     0.114      0.125     0.01771  -1	   0.1087934     0.1795919
      D1FLE-a9b      0.035     0.058       0.174     0.537      0.336     0.793      0.422     0.367      0.369     0.592    0.461     0.631   0.574     0.165      0.071     0.01729  -1	   0.1541098     0.1451454
      D1FLE-a9c      0.021     0.073       0.237     0.469      0.070     0.823      0.498     0.289      0.873     0.594    0.508     0.596   0.341     0.115      0.077     0.01446  -1	   0.1752694     0.0997858
      D1FLE-a9d      0.026     0.064       0.203     0.744     -0.006     0.810      0.437     0.167      0.503     0.669    0.499     0.673   0.802     0.121      0.233     0.01347  -1	   0.1193879     0.2748432
