      D1K5D-a9d      0.017     0.049       0.230     0.643      0.027     0.735      0.535     0.436      0.113     0.509    0.553     0.481   0.725     0.102      0.285     0.01462  -1	   0.1867643     0.1780737
      D1K5D-a0a      0.016     0.054       0.286     0.558      0.350     0.728      0.525     0.373      0.447     0.559    0.619     0.472   0.705     0.069      0.088     0.01875  -1	   0.1819552     0.2816016
      D1K5D-a0b      0.019     0.048       0.239     0.641      0.103     0.736      0.557     0.455      0.739     0.544    0.571     0.498   0.771     0.099      0.132     0.01367  -1	   0.0312124     0.0700533
      D1K5D-a0c      0.009     0.043       0.224     0.559      0.075     0.719      0.523     0.428      0.282     0.515    0.577     0.467   0.744     0.108      0.244     0.02695  -1	   0.0633384     0.1346467
      D1K5D-a0d      0.009     0.045       0.224     0.631      0.126     0.726      0.534     0.446      0.727     0.545    0.578     0.493   0.771     0.101      0.234     0.02752  -1	   0.0374612     0.0765837
    D1K5D-a100a      0.022     0.062       0.321     0.545      0.118     0.747      0.574     0.520      0.161     0.570    0.579     0.516   0.434     0.087      0.051     0.00621  -1	   0.0820552     0.1120992
    D1K5D-a100b      0.010     0.080       0.379     0.589      0.018     0.729      0.559     0.523      0.368     0.574    0.580     0.519   0.587     0.073      0.022     0.00622  -1	   0.0356626     0.0696994
    D1K5D-a100c      0.013     0.074       0.350     0.610      0.109     0.727      0.569     0.506      0.070     0.541    0.577     0.490   0.713     0.088      0.093     0.00631  -1	   0.1505572     0.1204687
    D1K5D-a100d      0.017     0.040       0.178     0.624      0.046     0.717      0.574     0.575      0.374     0.505    0.543     0.486   0.725     0.139      0.040     0.00439  -1	  -0.0370114    -0.0014297
    D1K5D-a101a      0.019     0.056       0.259     0.519     -0.273     0.735      0.543     0.470      0.579     0.491    0.572     0.448   0.236     0.092      0.174     0.00542  -1	  -0.0102257     0.0155972
    D1K5D-a101b      0.019     0.057       0.262     0.511     -0.316     0.741      0.554     0.475      0.747     0.560    0.586     0.502   0.236     0.088      0.143     0.00541  -1	  -0.0100865    -0.0025356
    D1K5D-a101c      0.011     0.076       0.367     0.561     -0.013     0.730      0.564     0.501      0.158     0.575    0.597     0.506   0.554     0.076     -0.001     0.00617  -1	   0.0195508     0.0767352
    D1K5D-a101d      0.023     0.054       0.259     0.532     -0.334     0.729      0.558     0.471      0.843     0.588    0.639     0.481   0.236     0.085      0.181     0.00539  -1	  -0.0077751     0.0023741
    D1K5D-a102a      0.025     0.035       0.152     0.623     -0.411     0.717      0.591     0.608      0.325     0.507    0.544     0.488   0.584     0.121      0.119     0.00336  -1	   0.0720494     0.0518748
    D1K5D-a102b      0.020     0.057       0.257     0.513     -0.312     0.735      0.549     0.470      0.353     0.539    0.571     0.493   0.236     0.089      0.141     0.00541  -1	   0.0078264     0.0390148
    D1K5D-a102c      0.014     0.047       0.251     0.477     -0.058     0.734      0.597     0.567      0.831     0.523    0.574     0.476   0.612     0.079      0.001     0.00519  -1	   0.0023264     0.0328926
    D1K5D-a102d      0.018     0.056       0.251     0.501     -0.317     0.735      0.548     0.471      0.352     0.528    0.589     0.469   0.236     0.093      0.141     0.00542  -1	   0.0078660     0.0466497
    D1K5D-a103a      0.020     0.057       0.257     0.567     -0.212     0.739      0.557     0.485      0.081     0.537    0.572     0.492   0.444     0.090      0.133     0.00542  -1	   0.0731797     0.0963952
    D1K5D-a103b      0.025     0.036       0.152     0.684     -0.362     0.735      0.569     0.577      0.916     0.526    0.589     0.468   0.699     0.115      0.189     0.00394  -1	  -0.0102567     0.0282966
    D1K5D-a103c      0.020     0.067       0.312     0.669     -0.420     0.736      0.507     0.472      0.626     0.593    0.596     0.524   0.000     0.059      0.133     0.00656  -1	  -0.0222519    -0.0349688
    D1K5D-a103d      0.027     0.033       0.149     0.574     -0.431     0.729      0.593     0.614      0.797     0.483    0.556     0.455   0.566     0.123      0.132     0.00394  -1	   0.0227759     0.0337134
    D1K5D-a104a      0.021     0.040       0.201     0.675      0.040     0.755      0.528     0.513      0.909     0.528    0.590     0.468   0.781     0.131      0.190     0.08203  -1	   0.0010690     0.0206968
    D1K5D-a104b      0.017     0.042       0.187     0.584      0.561     0.747      0.491     0.506      0.620     0.509    0.560     0.475   0.815     0.095      0.126     0.01304  -1	   0.2906514     0.2268389
    D1K5D-a104c      0.021     0.040       0.172     0.640      0.283     0.756      0.561     0.554      0.648     0.532    0.576     0.484   0.816     0.106      0.338     0.02530  -1	   0.1547174     0.0808039
    D1K5D-a104d      0.017     0.040       0.178     0.612      0.578     0.743      0.474     0.476      0.595     0.504    0.543     0.485   0.833     0.104      0.147     0.01330  -1	   0.2967911     0.2466878
    D1K5D-a105a      0.018     0.036       0.187     0.654      0.057     0.717      0.594     0.593      0.600     0.509    0.561     0.474   0.817     0.110      0.042     0.00438  -1	  -0.0512688     0.0042460
    D1K5D-a105b      0.018     0.036       0.181     0.644      0.082     0.711      0.584     0.576      0.528     0.499    0.544     0.479   0.761     0.107      0.042     0.00438  -1	  -0.0440803     0.0185976
    D1K5D-a105c      0.017     0.038       0.198     0.636      0.004     0.709      0.580     0.572      0.842     0.517    0.568     0.476   0.725     0.108      0.071     0.00443  -1	  -0.0346627     0.0104634
    D1K5D-a105d      0.007     0.076       0.362     0.608      0.017     0.725      0.544     0.500      0.271     0.553    0.574     0.505   0.713     0.074     -0.009     0.00613  -1	   0.0083644     0.0450929
     D1K5D-a10a      0.023     0.046       0.222     0.554      0.356     0.728      0.533     0.468      0.486     0.488    0.554     0.461   0.830     0.099      0.141     0.05205  -1	   0.1373827     0.1387916
     D1K5D-a10b      0.021     0.075       0.353     0.528      0.348     0.719      0.512     0.343      0.343     0.595    0.583     0.536   0.574     0.080      0.241     0.03148  -1	   0.3409524     0.2978704
     D1K5D-a10c      0.023     0.039       0.195     0.537      0.442     0.734      0.528     0.441      0.288     0.482    0.535     0.472   0.743     0.110      0.190     0.05550  -1	   0.2063004     0.2409258
     D1K5D-a10d      0.023     0.043       0.204     0.595      0.395     0.736      0.517     0.421      0.376     0.490    0.534     0.480   0.830     0.105      0.148     0.05565  -1	   0.1706931     0.2092227
     D1K5D-a11a      0.023     0.053       0.239     0.570      0.154     0.725      0.494     0.433      0.144     0.525    0.540     0.507   0.652     0.083      0.229     0.07837  -1	   0.1646182     0.1538211
     D1K5D-a11b      0.010     0.040       0.216     0.617      0.038     0.729      0.518     0.442      0.839     0.533    0.612     0.454   0.725     0.103      0.488     0.02653  -1	   0.0397579     0.0738087
     D1K5D-a11c      0.020     0.041       0.224     0.625      0.444     0.723      0.483     0.426      0.549     0.529    0.572     0.484   0.822     0.107      0.285     0.08847  -1	   0.2659045     0.2538451
     D1K5D-a11d      0.023     0.030       0.134     0.483      0.022     0.745      0.562     0.516      0.797     0.555    0.583     0.499   0.582     0.121      0.221     0.02568  -1	  -0.0286721     0.0662785
     D1K5D-a12a      0.015     0.058       0.274     0.614      0.372     0.711      0.545     0.433      0.672     0.496    0.521     0.495   0.831     0.077      0.210     0.02492  -1	   0.2189037     0.1792828
     D1K5D-a12b      0.023     0.046       0.230     0.626      0.319     0.730      0.528     0.444      0.111     0.506    0.525     0.501   0.816     0.095      0.157     0.05163  -1	   0.2092595     0.2204319
     D1K5D-a12c      0.021     0.038       0.187     0.666     -0.181     0.723      0.579     0.500      0.520     0.520    0.565     0.481   0.757     0.099      0.159     0.02804  -1	  -0.0244149     0.0479357
     D1K5D-a12d      0.020     0.025       0.122     0.527      0.206     0.724      0.634     0.660      0.869     0.518    0.574     0.472   0.705     0.138      0.094     0.01605  -1	  -0.0079229    -0.0051494
     D1K5D-a13a      0.014     0.028       0.131     0.597      0.115     0.731      0.656     0.649      0.814     0.583    0.570     0.536   0.753     0.127      0.123     0.02416  -1	  -0.0252780    -0.0068548
     D1K5D-a13b      0.019     0.039       0.181     0.701      0.231     0.733      0.612     0.570      0.716     0.545    0.577     0.495   0.864     0.106      0.243     0.02536  -1	   0.0865496     0.0649541
     D1K5D-a13c      0.018     0.038       0.181     0.683      0.207     0.726      0.621     0.581      0.844     0.524    0.554     0.494   0.840     0.098      0.242     0.02556  -1	   0.0596605     0.0431929
     D1K5D-a13d      0.019     0.023       0.102     0.687      0.193     0.743      0.593     0.597      0.798     0.518    0.562     0.482   0.794     0.156      0.166     0.01288  -1	  -0.0192013     0.0140642
     D1K5D-a14a      0.015     0.028       0.120     0.541     -0.062     0.726      0.628     0.621      0.854     0.536    0.566     0.495   0.677     0.122      0.121     0.01607  -1	  -0.0507100    -0.0073088
     D1K5D-a14b      0.016     0.027       0.125     0.603      0.013     0.728      0.620     0.614      0.885     0.531    0.556     0.498   0.725     0.124      0.052     0.01598  -1	  -0.0420410    -0.0026036
     D1K5D-a14c      0.017     0.028       0.117     0.525     -0.029     0.720      0.630     0.627      0.847     0.543    0.578     0.492   0.717     0.124      0.070     0.01584  -1	  -0.0477960    -0.0104364
     D1K5D-a14d      0.016     0.026       0.122     0.566     -0.004     0.725      0.624     0.619      0.826     0.524    0.564     0.486   0.778     0.136      0.060     0.01605  -1	  -0.0615295    -0.0148845
     D1K5D-a15a      0.017     0.044       0.219     0.617      0.143     0.766      0.560     0.507      0.501     0.514    0.560     0.480   0.771     0.079      0.070     0.00966  -1	   0.0174479     0.0723508
     D1K5D-a15b      0.019     0.050       0.239     0.620      0.059     0.760      0.562     0.516      0.896     0.576    0.610     0.496   0.761     0.072      0.152     0.01062  -1	   0.0587470     0.0603634
     D1K5D-a15c      0.016     0.059       0.233     0.620      0.049     0.767      0.523     0.432      0.830     0.568    0.576     0.517   0.713     0.068      0.205     0.01076  -1	   0.0741402     0.0725870
     D1K5D-a15d      0.012     0.072       0.318     0.648      0.252     0.729      0.512     0.430      0.472     0.583    0.603     0.509   0.825     0.087      0.065     0.01108  -1	   0.1483125     0.1284692
     D1K5D-a16a      0.018     0.049       0.239     0.580      0.106     0.724      0.576     0.465      0.411     0.553    0.578     0.502   0.753     0.136      0.501     0.00868  -1	   0.2054354     0.0960177
     D1K5D-a16b      0.026     0.048       0.190     0.614      0.339     0.740      0.544     0.477      0.262     0.546    0.570     0.502   0.816     0.091      0.071     0.00686  -1	   0.1389138     0.1607952
     D1K5D-a16c      0.013     0.061       0.306     0.576      0.351     0.740      0.480     0.399      0.486     0.549    0.572     0.502   0.705     0.065      0.200     0.01117  -1	   0.2593335     0.2413543
     D1K5D-a16d      0.020     0.055       0.224     0.576      0.016     0.763      0.536     0.482      0.942     0.543    0.569     0.499   0.587     0.071      0.184     0.01074  -1	   0.0689875     0.0557642
     D1K5D-a17a      0.018     0.056       0.239     0.625      0.052     0.747      0.610     0.561      0.975     0.582    0.626     0.488   0.738     0.080      0.178     0.00657  -1	   0.0775037     0.0336041
     D1K5D-a17b      0.022     0.054       0.265     0.607      0.084     0.732      0.595     0.545      0.189     0.498    0.540     0.483   0.738     0.086      0.125     0.01173  -1	   0.0821122     0.0709679
     D1K5D-a17c      0.014     0.048       0.224     0.576      0.168     0.715      0.599     0.503      0.696     0.573    0.566     0.530   0.721     0.135      0.600     0.00840  -1	   0.1736814     0.0448592
     D1K5D-a17d      0.017     0.049       0.242     0.534      0.246     0.724      0.603     0.500      0.428     0.539    0.600     0.470   0.705     0.118      0.549     0.00869  -1	   0.2916456     0.1394875
     D1K5D-a18a      0.021     0.052       0.259     0.597      0.122     0.717      0.580     0.518      0.325     0.524    0.578     0.473   0.587     0.087      0.116     0.01166  -1	   0.0629372     0.0998356
     D1K5D-a18b      0.017     0.049       0.239     0.572      0.290     0.723      0.608     0.511      0.939     0.558    0.581     0.502   0.798     0.127      0.657     0.00857  -1	   0.2347388     0.0809129
     D1K5D-a18c      0.018     0.071       0.303     0.606      0.256     0.723      0.494     0.446      0.037     0.577    0.598     0.506   0.825     0.075      0.038     0.01257  -1	   0.1831639     0.1338032
     D1K5D-a18d      0.020     0.052       0.239     0.643      0.101     0.755      0.609     0.582      0.813     0.537    0.604     0.464   0.713     0.081      0.151     0.00650  -1	   0.0629085     0.0487438
     D1K5D-a19a      0.025     0.039       0.157     0.601      0.180     0.725      0.539     0.559      0.558     0.558    0.607     0.481   0.739     0.107      0.193     0.00623  -1	   0.0500006     0.0493101
     D1K5D-a19b      0.017     0.031       0.134     0.546      0.135     0.721      0.610     0.699      0.143     0.507    0.548     0.483   0.692     0.129      0.146     0.00611  -1	   0.0245471    -0.0419736
     D1K5D-a19c      0.023     0.035       0.160     0.667      0.006     0.728      0.565     0.581      0.113     0.529    0.566     0.489   0.781     0.098     -0.016     0.00625  -1	  -0.0141743     0.0527205
     D1K5D-a19d      0.026     0.039       0.157     0.638      0.165     0.732      0.544     0.568      0.265     0.565    0.604     0.491   0.739     0.109      0.182     0.00631  -1	   0.1026127     0.0716420
      D1K5D-a1a      0.017     0.038       0.195     0.604      0.079     0.755      0.521     0.490      0.161     0.528    0.547     0.504   0.761     0.125      0.237     0.09915  -1	   0.1026823     0.1021691
      D1K5D-a1b      0.009     0.045       0.222     0.620      0.081     0.722      0.524     0.446      0.546     0.533    0.584     0.478   0.761     0.112      0.238     0.02813  -1	   0.0271702     0.0708197
      D1K5D-a1c      0.018     0.039       0.187     0.683      0.135     0.758      0.518     0.490      0.952     0.558    0.613     0.476   0.827     0.121      0.150     0.07399  -1	   0.0430867     0.0582720
      D1K5D-a1d      0.021     0.041       0.207     0.686      0.122     0.749      0.517     0.464      0.966     0.561    0.612     0.480   0.827     0.116      0.155     0.08080  -1	   0.0478598     0.0656392
     D1K5D-a20a      0.014     0.045       0.201     0.722      0.274     0.727      0.484     0.435      0.140     0.529    0.576     0.481   0.896     0.106      0.116     0.01890  -1	   0.1705171     0.1893714
     D1K5D-a20b      0.016     0.046       0.210     0.677      0.245     0.726      0.522     0.494      0.562     0.537    0.574     0.489   0.840     0.109      0.111     0.01879  -1	   0.0700678     0.0729842
     D1K5D-a20c      0.014     0.048       0.248     0.523      0.372     0.739      0.546     0.448      0.472     0.543    0.591     0.481   0.769     0.084      0.350     0.01849  -1	   0.2699047     0.2441737
     D1K5D-a20d      0.016     0.059       0.283     0.516      0.114     0.725      0.486     0.422      0.529     0.493    0.523     0.491   0.434     0.066      0.093     0.01385  -1	   0.0543911     0.0952560
     D1K5D-a21a      0.022     0.054       0.257     0.533     -0.472     0.743      0.553     0.521      0.032     0.509    0.573     0.464   0.267     0.076      0.186     0.01252  -1	   0.1560907     0.1112320
     D1K5D-a21b      0.013     0.047       0.245     0.534      0.310     0.734      0.555     0.434      0.104     0.502    0.542     0.484   0.737     0.087      0.345     0.01923  -1	   0.3026140     0.2746236
     D1K5D-a21c      0.021     0.038       0.184     0.662     -0.287     0.720      0.598     0.595      0.203     0.540    0.572     0.494   0.726     0.101      0.412     0.01185  -1	   0.2148090     0.0516276
     D1K5D-a21d      0.018     0.036       0.175     0.636     -0.011     0.726      0.610     0.619      0.812     0.539    0.584     0.484   0.796     0.158      0.581     0.00998  -1	   0.0313378    -0.0546236
     D1K5D-a22a      0.022     0.049       0.222     0.702      0.122     0.709      0.599     0.550      0.076     0.518    0.588     0.460   0.851     0.103      0.334     0.02272  -1	   0.3136155     0.1550637
     D1K5D-a22b      0.022     0.034       0.146     0.602     -0.189     0.732      0.558     0.531      0.555     0.495    0.554     0.468   0.701     0.148      0.307     0.01519  -1	  -0.0008454     0.0312187
     D1K5D-a22c      0.020     0.032       0.163     0.627     -0.385     0.743      0.577     0.543      0.489     0.505    0.549     0.481   0.644     0.143      0.525     0.01483  -1	   0.1125896     0.0530807
     D1K5D-a22d      0.020     0.075       0.344     0.559      0.268     0.729      0.478     0.285      0.166     0.605    0.642     0.495   0.699     0.069      0.237     0.03181  -1	   0.3356705     0.3676663
     D1K5D-a23a      0.017     0.069       0.324     0.545      0.327     0.733      0.533     0.343      0.958     0.550    0.607     0.474   0.574     0.079      0.256     0.03166  -1	   0.3186602     0.2176306
     D1K5D-a23b      0.019     0.068       0.329     0.554      0.248     0.729      0.535     0.353      0.956     0.572    0.586     0.512   0.661     0.080      0.347     0.03184  -1	   0.2636664     0.1803914
     D1K5D-a23c      0.020     0.079       0.359     0.537      0.307     0.723      0.448     0.288      0.559     0.593    0.587     0.532   0.574     0.070      0.236     0.03111  -1	   0.3077109     0.2594913
     D1K5D-a23d      0.011     0.041       0.210     0.637      0.080     0.727      0.523     0.448      0.146     0.522    0.568     0.480   0.761     0.110      0.272     0.02793  -1	   0.1505886     0.1691339
     D1K5D-a24a      0.024     0.032       0.172     0.658      0.540     0.759      0.547     0.412      0.482     0.528    0.579     0.477   0.896     0.105      0.301     0.33527   1	   0.3620477     0.4261787
     D1K5D-a24b      0.025     0.034       0.181     0.627      0.349     0.755      0.559     0.445      0.793     0.508    0.540     0.491   0.816     0.092      0.252     0.28862   1	   0.1566980     0.1925079
     D1K5D-a24c      0.026     0.035       0.175     0.641      0.499     0.762      0.553     0.436      0.656     0.501    0.540     0.485   0.836     0.092      0.273     0.28071   1	   0.2908661     0.3092210
     D1K5D-a24d      0.022     0.036       0.187     0.751      0.413     0.752      0.488     0.357      0.955     0.503    0.557     0.471   0.882     0.107      0.359     0.18975  -1	   0.2391131     0.2504229
     D1K5D-a25a      0.022     0.045       0.207     0.683      0.388     0.731      0.540     0.475      0.452     0.532    0.555     0.501   0.903     0.096      0.143     0.05720  -1	   0.1880274     0.1816395
     D1K5D-a25b      0.023     0.040       0.175     0.661      0.117     0.712      0.605     0.585      0.179     0.502    0.576     0.455   0.827     0.094      0.062     0.02612  -1	   0.0433520     0.0752226
     D1K5D-a25c      0.019     0.036       0.178     0.659      0.132     0.704      0.622     0.606      0.251     0.499    0.574     0.454   0.827     0.092      0.196     0.01771  -1	   0.0846340     0.0701737
     D1K5D-a25d      0.022     0.055       0.257     0.573     -0.141     0.744      0.559     0.532      0.248     0.485    0.524     0.483   0.463     0.072      0.097     0.04466  -1	   0.0117170     0.0318724
     D1K5D-a26a      0.023     0.056       0.283     0.574      0.290     0.750      0.511     0.401      0.505     0.512    0.557     0.481   0.699     0.055      0.130     0.05500  -1	   0.1740764     0.2091569
     D1K5D-a26b      0.017     0.029       0.157     0.582      0.375     0.720      0.612     0.554      0.569     0.513    0.548     0.489   0.830     0.115      0.263     0.01844  -1	   0.1115620     0.1224787
     D1K5D-a26c      0.009     0.073       0.312     0.633      0.271     0.718      0.559     0.404      0.252     0.552    0.592     0.489   0.825     0.059      0.080     0.01147  -1	   0.1811874     0.2256311
     D1K5D-a26d      0.017     0.052       0.239     0.627      0.347     0.736      0.511     0.442      0.488     0.532    0.573     0.486   0.853     0.073      0.112     0.02488  -1	   0.1652869     0.1731339
     D1K5D-a27a      0.020     0.046       0.222     0.574      0.140     0.713      0.517     0.478      0.282     0.531    0.557     0.497   0.753     0.207      0.153     0.02358  -1	   0.0534143     0.0387663
     D1K5D-a27b      0.022     0.040       0.216     0.596      0.092     0.734      0.560     0.530      0.890     0.515    0.545     0.493   0.744     0.120      0.043     0.01769  -1	   0.0210638     0.0358894
     D1K5D-a27c      0.018     0.023       0.099     0.673      0.155     0.742      0.601     0.607      0.879     0.512    0.546     0.490   0.794     0.165      0.198     0.01284  -1	  -0.0327957    -0.0089138
     D1K5D-a27d      0.016     0.022       0.099     0.656      0.177     0.738      0.584     0.600      0.999     0.551    0.600     0.480   0.794     0.160      0.198     0.01252  -1	  -0.0089496     0.0121794
     D1K5D-a28a      0.012     0.064       0.318     0.573      0.353     0.737      0.451     0.363      0.507     0.563    0.565     0.521   0.705     0.068      0.210     0.01104  -1	   0.2741638     0.2563314
     D1K5D-a28b      0.016     0.050       0.224     0.543      0.274     0.733      0.568     0.453      0.794     0.561    0.565     0.519   0.737     0.076      0.042     0.00777  -1	   0.1210084     0.1285002
     D1K5D-a28c      0.006     0.062       0.292     0.614     -0.182     0.711      0.597     0.617      0.472     0.579    0.607     0.501   0.664     0.061      0.214     0.00842  -1	   0.0138937    -0.0187080
     D1K5D-a28d      0.018     0.090       0.385     0.618      0.019     0.767      0.533     0.362      0.956     0.570    0.595     0.502   0.713     0.054      0.180     0.01842  -1	   0.1672383     0.0854107
     D1K5D-a29a      0.015     0.052       0.219     0.588      0.368     0.722      0.562     0.454      0.690     0.545    0.574     0.498   0.705     0.077      0.002     0.00814  -1	   0.1480817     0.1573491
     D1K5D-a29b      0.024     0.049       0.198     0.594      0.333     0.736      0.533     0.471      0.421     0.526    0.568     0.485   0.798     0.090      0.046     0.00688  -1	   0.1070807     0.1255664
     D1K5D-a29c      0.013     0.039       0.184     0.572      0.133     0.740      0.625     0.670      0.837     0.543    0.571     0.498   0.753     0.104      0.068     0.00913  -1	   0.0141384     0.0018517
     D1K5D-a29d      0.012     0.063       0.294     0.632      0.235     0.727      0.500     0.396      0.618     0.542    0.599     0.473   0.787     0.110      0.074     0.01098  -1	   0.1046950     0.1107885
      D1K5D-a2a      0.021     0.030       0.137     0.502     -0.042     0.747      0.555     0.501      0.824     0.576    0.582     0.519   0.717     0.127      0.221     0.02592  -1	  -0.0336410     0.0731335
      D1K5D-a2b      0.022     0.042       0.204     0.705      0.193     0.748      0.517     0.492      0.784     0.564    0.588     0.503   0.819     0.130      0.155     0.06727  -1	   0.0677647     0.0647259
      D1K5D-a2c      0.018     0.060       0.262     0.605      0.121     0.709      0.539     0.443      0.859     0.535    0.605     0.462   0.713     0.088      0.176     0.02097  -1	   0.0753760     0.0580974
      D1K5D-a2d      0.019     0.054       0.251     0.507      0.378     0.704      0.533     0.407      0.813     0.540    0.540     0.521   0.552     0.089      0.114     0.02355  -1	   0.2152258     0.1753391
     D1K5D-a30a      0.020     0.049       0.230     0.618     -0.115     0.723      0.624     0.570      0.898     0.582    0.604     0.506   0.732     0.105      0.036     0.01139  -1	  -0.0100659     0.0041863
     D1K5D-a30b      0.010     0.058       0.265     0.589     -0.105     0.723      0.550     0.463      0.428     0.544    0.576     0.495   0.463     0.061      0.200     0.00761  -1	   0.0179989     0.0525377
     D1K5D-a30c      0.007     0.058       0.277     0.659     -0.080     0.708      0.635     0.615      0.995     0.585    0.595     0.517   0.747     0.068      0.216     0.00756  -1	   0.0155776     0.0107294
     D1K5D-a30d      0.011     0.059       0.257     0.585     -0.005     0.725      0.554     0.483      0.713     0.545    0.569     0.502   0.554     0.063      0.140     0.00765  -1	   0.0190744     0.0359532
     D1K5D-a31a      0.019     0.046       0.233     0.524      0.250     0.720      0.599     0.509      0.413     0.571    0.608     0.493   0.737     0.127      0.619     0.00856  -1	   0.3353828     0.1403274
     D1K5D-a31b      0.018     0.060       0.259     0.593     -0.005     0.747      0.584     0.527      0.951     0.596    0.645     0.484   0.554     0.081      0.216     0.00669  -1	   0.0772998     0.0332692
     D1K5D-a31c      0.018     0.047       0.236     0.587      0.272     0.721      0.607     0.513      0.730     0.595    0.597     0.525   0.798     0.120      0.519     0.00870  -1	   0.2301897     0.1169304
     D1K5D-a31d      0.018     0.056       0.248     0.622      0.105     0.740      0.593     0.545      0.909     0.552    0.598     0.482   0.713     0.080      0.186     0.00657  -1	   0.0862365     0.0466957
     D1K5D-a32a      0.018     0.055       0.245     0.584      0.225     0.747      0.568     0.498      0.745     0.546    0.556     0.513   0.661     0.091      0.190     0.00652  -1	   0.1349575     0.0946669
     D1K5D-a32b      0.020     0.024       0.114     0.626     -0.170     0.735      0.643     0.683      0.954     0.551    0.570     0.506   0.701     0.144      0.053     0.00642  -1	  -0.0345959    -0.0055188
     D1K5D-a32c      0.018     0.059       0.274     0.612     -0.078     0.746      0.572     0.506      0.966     0.583    0.630     0.485   0.680     0.072      0.225     0.00668  -1	   0.0423860     0.0285281
     D1K5D-a32d      0.015     0.048       0.222     0.669     -0.209     0.709      0.579     0.573      0.814     0.591    0.555     0.556   0.773     0.102      0.498     0.00880  -1	   0.0299699    -0.0341331
     D1K5D-a33a      0.021     0.034       0.146     0.591      0.179     0.728      0.576     0.606      0.898     0.543    0.572     0.497   0.721     0.112      0.196     0.00620  -1	   0.0335496     0.0243977
     D1K5D-a33b      0.017     0.067       0.321     0.691     -0.082     0.726      0.464     0.383      0.103     0.525    0.578     0.476   0.747     0.058      0.071     0.00796  -1	   0.0726261     0.1225693
     D1K5D-a33c      0.018     0.066       0.329     0.668     -0.117     0.729      0.472     0.395      0.085     0.523    0.574     0.476   0.656     0.057      0.082     0.00783  -1	   0.0726559     0.1245315
     D1K5D-a33d      0.017     0.044       0.204     0.597     -0.241     0.726      0.580     0.657      0.295     0.545    0.605     0.472   0.700     0.109      0.425     0.00636  -1	   0.1576745    -0.0403006
     D1K5D-a34a      0.016     0.060       0.309     0.570     -0.048     0.744      0.524     0.466      0.757     0.523    0.555     0.492   0.554     0.060      0.074     0.00944  -1	   0.0186168     0.0558832
     D1K5D-a34b      0.026     0.037       0.160     0.671      0.029     0.721      0.569     0.567      0.094     0.557    0.586     0.498   0.781     0.097     -0.004     0.00644  -1	   0.0110616     0.0820928
     D1K5D-a34c      0.025     0.050       0.236     0.686      0.234     0.735      0.507     0.424      0.145     0.516    0.556     0.485   0.840     0.094      0.273     0.00652  -1	   0.2783636     0.2283562
     D1K5D-a34d      0.025     0.046       0.233     0.490     -0.295     0.725      0.620     0.599      0.362     0.518    0.575     0.472   0.527     0.076      0.339     0.01250  -1	   0.0644581     0.0103322
     D1K5D-a35a      0.015     0.046       0.222     0.713      0.228     0.714      0.499     0.463      0.710     0.545    0.586     0.487   0.864     0.111      0.091     0.01914  -1	   0.0525509     0.0673601
     D1K5D-a35b      0.019     0.051       0.233     0.633      0.119     0.736      0.591     0.617      0.715     0.517    0.563     0.480   0.713     0.072      0.119     0.00981  -1	   0.0449361     0.0325346
     D1K5D-a35c      0.030     0.056       0.277     0.588      0.069     0.702      0.514     0.510      0.162     0.541    0.591     0.479   0.612     0.058      0.202     0.00933  -1	   0.1468222     0.0954920
     D1K5D-a35d      0.011     0.049       0.236     0.587      0.153     0.736      0.554     0.486      0.786     0.516    0.554     0.487   0.721     0.093      0.539     0.01150  -1	   0.1322610     0.0559904
     D1K5D-a36a      0.016     0.048       0.204     0.529      0.285     0.726      0.547     0.502      0.583     0.540    0.578     0.489   0.737     0.118      0.039     0.00944  -1	   0.0576893     0.0655179
     D1K5D-a36b      0.020     0.051       0.248     0.540     -0.083     0.717      0.572     0.515      0.194     0.532    0.572     0.487   0.401     0.063      0.165     0.01071  -1	   0.0393103     0.0742929
     D1K5D-a36c      0.019     0.048       0.233     0.553      0.080     0.720      0.563     0.557      0.662     0.515    0.563     0.477   0.744     0.079      0.034     0.00831  -1	  -0.0035397     0.0252458
     D1K5D-a36d      0.021     0.031       0.169     0.645     -0.012     0.719      0.599     0.607      0.842     0.525    0.571     0.481   0.796     0.160      0.729     0.01014  -1	   0.0423369    -0.0498779
     D1K5D-a37a      0.015     0.057       0.268     0.609     -0.344     0.721      0.596     0.678      0.662     0.607    0.600     0.534   0.515     0.075      0.102     0.01117  -1	  -0.0253425    -0.0141587
     D1K5D-a37b      0.020     0.045       0.224     0.608      0.207     0.716      0.537     0.555      0.437     0.514    0.599     0.447   0.784     0.096      0.115     0.01168  -1	   0.0560556     0.0477723
     D1K5D-a37c      0.019     0.047       0.222     0.639      0.126     0.716      0.537     0.504      0.639     0.498    0.595     0.437   0.771     0.145      0.729     0.00915  -1	   0.2245055     0.0000424
     D1K5D-a37d      0.015     0.071       0.297     0.656      0.259     0.718      0.515     0.530      0.834     0.545    0.582     0.491   0.892     0.056      0.110     0.00903  -1	   0.1769307     0.0734121
     D1K5D-a38a      0.019     0.069       0.324     0.552      0.209     0.722      0.515     0.318      0.246     0.577    0.591     0.514   0.661     0.079      0.284     0.03234  -1	   0.2590869     0.2791959
     D1K5D-a38b      0.023     0.051       0.251     0.552     -0.217     0.708      0.593     0.404      0.371     0.547    0.600     0.478   0.444     0.074      0.132     0.01456  -1	  -0.0045688     0.1251043
     D1K5D-a38c      0.021     0.071       0.344     0.571      0.263     0.724      0.530     0.340      0.451     0.532    0.566     0.491   0.699     0.074      0.306     0.03231  -1	   0.2778446     0.2507270
     D1K5D-a38d      0.017     0.073       0.329     0.552      0.194     0.724      0.465     0.285      0.561     0.559    0.576     0.510   0.652     0.080      0.789     0.03377  -1	   0.4483696     0.2297876
     D1K5D-a39a      0.015     0.074       0.321     0.599      0.072     0.731      0.481     0.370      0.613     0.539    0.588     0.480   0.612     0.066      0.171     0.01379  -1	   0.0981795     0.0928295
     D1K5D-a39b      0.019     0.035       0.160     0.611      0.288     0.741      0.544     0.514      0.517     0.467    0.540     0.454   0.816     0.093      0.099     0.09015  -1	   0.0434137     0.0852029
     D1K5D-a39c      0.017     0.072       0.329     0.562      0.221     0.730      0.499     0.306      0.374     0.566    0.577     0.515   0.661     0.082      0.289     0.03161  -1	   0.2502279     0.2473365
     D1K5D-a39d      0.022     0.058       0.277     0.529      0.110     0.734      0.543     0.532      0.331     0.542    0.584     0.485   0.434     0.061      0.048     0.02018  -1	   0.0430060     0.0696550
      D1K5D-a3a      0.015     0.046       0.210     0.676      0.349     0.748      0.482     0.414      0.951     0.508    0.582     0.456   0.872     0.075      0.122     0.03322  -1	   0.1835149     0.1745804
      D1K5D-a3b      0.007     0.046       0.224     0.526      0.086     0.716      0.550     0.463      0.372     0.530    0.591     0.470   0.682     0.103      0.217     0.02686  -1	   0.0327274     0.0927460
      D1K5D-a3c      0.017     0.053       0.259     0.680      0.301     0.718      0.535     0.453      0.987     0.586    0.603     0.511   0.920     0.086      0.049     0.01717  -1	   0.1746556     0.1300760
      D1K5D-a3d      0.023     0.024       0.114     0.639      0.062     0.722      0.674     0.663      0.857     0.526    0.577     0.477   0.761     0.126      0.159     0.01676  -1	  -0.0439510    -0.0023314
     D1K5D-a40a      0.025     0.057       0.274     0.531      0.365     0.746      0.500     0.385      0.232     0.538    0.558     0.503   0.552     0.060      0.106     0.05430  -1	   0.2263128     0.2628983
     D1K5D-a40b      0.010     0.045       0.219     0.527      0.067     0.718      0.619     0.599      0.986     0.495    0.530     0.487   0.682     0.073      0.020     0.01926  -1	   0.0611932     0.0322476
     D1K5D-a40c      0.024     0.042       0.201     0.577      0.184     0.735      0.542     0.486      0.751     0.518    0.550     0.492   0.721     0.083      0.057     0.06536  -1	   0.0453283     0.0845447
     D1K5D-a40d      0.017     0.036       0.178     0.560      0.070     0.699      0.620     0.630      0.392     0.526    0.578     0.476   0.744     0.104      0.208     0.01881  -1	   0.0084889    -0.0015467
     D1K5D-a41a      0.024     0.037       0.178     0.711      0.175     0.758      0.607     0.612      0.671     0.497    0.563     0.462   0.819     0.087      0.216     0.04101  -1	   0.0608371     0.0453947
     D1K5D-a41b      0.019     0.035       0.166     0.618      0.122     0.721      0.613     0.607      0.568     0.513    0.579     0.464   0.771     0.104      0.349     0.01964  -1	   0.0549856     0.0098505
     D1K5D-a41c      0.019     0.048       0.219     0.511      0.131     0.721      0.599     0.559      0.266     0.508    0.536     0.494   0.692     0.075      0.118     0.01910  -1	   0.0321216     0.0408152
     D1K5D-a41d      0.022     0.046       0.222     0.613      0.203     0.762      0.544     0.483      0.096     0.487    0.554     0.460   0.784     0.078      0.036     0.02398  -1	   0.0823207     0.1386337
     D1K5D-a42a      0.018     0.051       0.242     0.599      0.198     0.750      0.586     0.538      0.638     0.532    0.555     0.501   0.652     0.094      0.171     0.01063  -1	   0.0979638     0.0807019
     D1K5D-a42b      0.011     0.095       0.399     0.586      0.158     0.752      0.471     0.263      0.505     0.577    0.623     0.485   0.652     0.051      0.127     0.01872  -1	   0.2088929     0.2054357
     D1K5D-a42c      0.016     0.076       0.350     0.595      0.304     0.751      0.499     0.331      0.130     0.510    0.552     0.483   0.727     0.059      0.087     0.02458  -1	   0.2631105     0.2897952
     D1K5D-a42d      0.014     0.098       0.417     0.610      0.074     0.761      0.498     0.343      0.010     0.557    0.585     0.499   0.738     0.054      0.098     0.01764  -1	   0.2223872     0.1957768
     D1K5D-a43a      0.003     0.045       0.192     0.585     -0.145     0.728      0.578     0.510      0.600     0.534    0.586     0.477   0.714     0.088     -0.131     0.00906  -1	  -0.0861980     0.0104009
     D1K5D-a43b      0.018     0.045       0.192     0.575     -0.122     0.745      0.543     0.522      0.609     0.535    0.573     0.488   0.714     0.107      0.267     0.00929  -1	  -0.0035066     0.0162305
     D1K5D-a43c      0.012     0.039       0.204     0.564     -0.083     0.729      0.644     0.674      1.000     0.605    0.650     0.488   0.738     0.089      0.109     0.01172  -1	  -0.0019255     0.0122489
     D1K5D-a43d      0.018     0.052       0.222     0.570      0.319     0.725      0.540     0.443      0.292     0.535    0.570     0.491   0.727     0.074     -0.024     0.00814  -1	   0.0749894     0.1522974
     D1K5D-a44a      0.014     0.037       0.157     0.677      0.231     0.736      0.615     0.637      0.596     0.502    0.575     0.456   0.840     0.109      0.307     0.00840  -1	   0.0915188     0.0123668
     D1K5D-a44b      0.013     0.036       0.155     0.579      0.266     0.734      0.586     0.595      0.578     0.532    0.579     0.481   0.798     0.109      0.106     0.00756  -1	   0.0257802     0.0290447
     D1K5D-a44c      0.017     0.037       0.155     0.663      0.015     0.746      0.612     0.641      0.795     0.521    0.577     0.472   0.781     0.110      0.243     0.00833  -1	  -0.0151866    -0.0233443
     D1K5D-a44d      0.015     0.037       0.160     0.688      0.185     0.728      0.605     0.621      0.771     0.511    0.553     0.483   0.794     0.110      0.321     0.00841  -1	   0.0515685     0.0032162
     D1K5D-a45a      0.015     0.038       0.155     0.601      0.389     0.745      0.542     0.554      0.764     0.489    0.568     0.450   0.848     0.115      0.070     0.00757  -1	   0.1062427     0.0654298
     D1K5D-a45b      0.011     0.057       0.257     0.580     -0.167     0.722      0.573     0.508      0.865     0.561    0.600     0.490   0.538     0.060      0.100     0.00766  -1	  -0.0063601     0.0150896
     D1K5D-a45c      0.013     0.037       0.175     0.683     -0.123     0.739      0.639     0.683      0.744     0.511    0.572     0.467   0.788     0.110     -0.039     0.00816  -1	  -0.0720874    -0.0086426
     D1K5D-a45d      0.011     0.061       0.268     0.568     -0.091     0.728      0.530     0.460      0.770     0.562    0.582     0.506   0.554     0.063      0.182     0.00752  -1	   0.0131517     0.0334990
     D1K5D-a46a      0.011     0.042       0.181     0.565      0.161     0.730      0.599     0.562      0.900     0.555    0.572     0.508   0.721     0.093      0.318     0.00600  -1	   0.0619879     0.0339929
     D1K5D-a46b      0.023     0.059       0.274     0.612     -0.299     0.754      0.570     0.504      0.208     0.505    0.554     0.477   0.515     0.070      0.177     0.01388  -1	   0.0682376     0.0544505
     D1K5D-a46c      0.019     0.051       0.239     0.571      0.294     0.720      0.583     0.460      0.857     0.563    0.606     0.487   0.699     0.121      0.559     0.00862  -1	   0.2403989     0.1245585
     D1K5D-a46d      0.011     0.050       0.210     0.601     -0.351     0.722      0.557     0.547      0.943     0.552    0.615     0.468   0.644     0.087      0.050     0.00666  -1	   0.0054381     0.0180744
     D1K5D-a47a      0.014     0.068       0.303     0.631     -0.102     0.701      0.547     0.543      0.069     0.544    0.575     0.495   0.589     0.068      0.241     0.00573  -1	   0.1858278     0.0566721
     D1K5D-a47b      0.015     0.054       0.265     0.662      0.207     0.720      0.569     0.499      0.025     0.564    0.551     0.533   0.854     0.111      0.109     0.00792  -1	   0.1704136     0.1625829
     D1K5D-a47c      0.022     0.054       0.257     0.650      0.064     0.741      0.601     0.558      0.783     0.544    0.579     0.492   0.805     0.083      0.139     0.00657  -1	   0.0405605     0.0332475
     D1K5D-a47d      0.018     0.047       0.233     0.544      0.265     0.724      0.596     0.498      0.591     0.571    0.589     0.511   0.737     0.123      0.619     0.00865  -1	   0.2809729     0.1206765
     D1K5D-a48a      0.016     0.059       0.277     0.534      0.207     0.717      0.515     0.386      0.020     0.533    0.621     0.447   0.508     0.122      0.161     0.00706  -1	   0.2097738     0.2512377
     D1K5D-a48b      0.016     0.056       0.268     0.576      0.346     0.720      0.553     0.412      0.670     0.556    0.592     0.492   0.727     0.097      0.153     0.00688  -1	   0.1917615     0.2019546
     D1K5D-a48c      0.022     0.056       0.259     0.626      0.097     0.747      0.593     0.540      0.983     0.546    0.589     0.486   0.738     0.085      0.192     0.00658  -1	   0.0985680     0.0482914
     D1K5D-a48d      0.017     0.052       0.283     0.580      0.162     0.710      0.566     0.469      0.176     0.539    0.545     0.515   0.652     0.099      0.140     0.00782  -1	   0.1037774     0.1459980
     D1K5D-a49a      0.020     0.049       0.224     0.709     -0.169     0.711      0.553     0.635      0.683     0.559    0.594     0.493   0.781     0.089      0.100     0.00473  -1	  -0.0347443    -0.0261543
     D1K5D-a49b      0.020     0.063       0.315     0.651      0.084     0.732      0.512     0.430      0.601     0.540    0.592     0.477   0.805     0.058      0.111     0.00804  -1	   0.0577154     0.0849746
     D1K5D-a49c      0.019     0.055       0.262     0.579      0.110     0.751      0.553     0.507      0.768     0.539    0.564     0.501   0.587     0.073     -0.013     0.00910  -1	   0.0617741     0.0702601
     D1K5D-a49d      0.023     0.052       0.233     0.604     -0.083     0.722      0.487     0.434      0.318     0.560    0.597     0.492   0.680     0.066      0.086     0.00603  -1	   0.0019539     0.0947646
      D1K5D-a4a      0.014     0.051       0.257     0.652      0.091     0.730      0.484     0.355      0.329     0.706    0.628     0.610   0.805     0.101      0.104     0.01785  -1	   0.0449311     0.1670400
      D1K5D-a4b      0.018     0.047       0.227     0.715      0.143     0.728      0.536     0.494      0.744     0.516    0.568     0.475   0.851     0.102      0.021     0.01716  -1	   0.0100079     0.0392382
      D1K5D-a4c      0.023     0.051       0.268     0.515      0.265     0.771      0.547     0.460      0.058     0.493    0.551     0.468   0.546     0.072      0.391     0.01005  -1	   0.3700408     0.2528729
      D1K5D-a4d      0.020     0.052       0.245     0.659     -0.021     0.744      0.584     0.530      0.301     0.543    0.572     0.496   0.747     0.089      0.192     0.00646  -1	   0.0698498     0.0534558
     D1K5D-a50a      0.010     0.047       0.224     0.696     -0.360     0.726      0.571     0.689      0.536     0.565    0.568     0.520   0.699     0.083      0.071     0.00512  -1	  -0.0301515    -0.0278699
     D1K5D-a50b      0.022     0.031       0.146     0.565     -0.387     0.738      0.642     0.721      0.777     0.558    0.602     0.485   0.626     0.145      0.133     0.00603  -1	  -0.0039774    -0.0050551
     D1K5D-a50c      0.021     0.049       0.254     0.583      0.128     0.741      0.546     0.542      0.309     0.485    0.560     0.453   0.753     0.082      0.006     0.00818  -1	   0.0054524     0.0356855
     D1K5D-a50d      0.023     0.050       0.222     0.634     -0.260     0.708      0.564     0.592      0.190     0.551    0.588     0.491   0.671     0.075      0.106     0.00460  -1	   0.0558305     0.0304246
     D1K5D-a51a      0.013     0.052       0.236     0.657     -0.507     0.731      0.541     0.506      0.277     0.474    0.587     0.421   0.582     0.073      0.194     0.01195  -1	   0.1185371     0.0811631
     D1K5D-a51b      0.020     0.051       0.245     0.600      0.170     0.722      0.530     0.538      0.508     0.496    0.578     0.448   0.778     0.079      0.040     0.00828  -1	   0.0278179     0.0376743
     D1K5D-a51c      0.024     0.045       0.219     0.567      0.515     0.720      0.512     0.450      0.161     0.524    0.571     0.481   0.823     0.067      0.107     0.00852  -1	   0.2875817     0.2983666
     D1K5D-a51d      0.022     0.046       0.224     0.613      0.517     0.723      0.522     0.466      0.392     0.476    0.558     0.447   0.841     0.071      0.137     0.00847  -1	   0.2880062     0.2645331
     D1K5D-a52a      0.021     0.045       0.190     0.582     -0.344     0.728      0.534     0.494      0.335     0.610    0.599     0.537   0.738     0.078      0.086     0.00871  -1	   0.0142857     0.0827232
     D1K5D-a52b      0.017     0.056       0.277     0.652     -0.087     0.718      0.566     0.552      0.879     0.539    0.572     0.493   0.747     0.052      0.190     0.01037  -1	   0.0047895     0.0152639
     D1K5D-a52c      0.021     0.046       0.195     0.583     -0.317     0.744      0.546     0.514      0.524     0.588    0.605     0.512   0.738     0.078      0.140     0.00854  -1	  -0.0052520     0.0428492
     D1K5D-a52d      0.024     0.062       0.280     0.640     -0.068     0.727      0.544     0.545      0.613     0.544    0.577     0.493   0.680     0.064      0.131     0.00854  -1	   0.0150730     0.0093733
     D1K5D-a53a      0.021     0.043       0.192     0.640     -0.288     0.738      0.549     0.521      0.203     0.544    0.573     0.496   0.671     0.079      0.110     0.00885  -1	   0.0413673     0.0844681
     D1K5D-a53b      0.015     0.045       0.230     0.608     -0.237     0.717      0.580     0.627      0.527     0.526    0.571     0.482   0.718     0.070      0.114     0.01049  -1	  -0.0387879    -0.0189565
     D1K5D-a53c      0.021     0.055       0.274     0.520      0.195     0.749      0.526     0.466      0.260     0.492    0.547     0.470   0.499     0.081      0.023     0.01295  -1	   0.0664524     0.1090992
     D1K5D-a53d      0.022     0.042       0.184     0.644     -0.324     0.725      0.565     0.542      0.331     0.592    0.622     0.501   0.756     0.084      0.173     0.00864  -1	   0.0567993     0.0642165
     D1K5D-a54a      0.016     0.038       0.198     0.559     -0.224     0.731      0.616     0.667      0.766     0.517    0.543     0.497   0.700     0.079      0.044     0.00998  -1	  -0.0380964    -0.0026538
     D1K5D-a54b      0.017     0.034       0.175     0.582      0.033     0.734      0.599     0.634      0.948     0.541    0.581     0.488   0.708     0.094      0.151     0.00872  -1	  -0.0020072     0.0158819
     D1K5D-a54c      0.024     0.073       0.312     0.643      0.048     0.751      0.472     0.405      0.166     0.537    0.589     0.477   0.713     0.052      0.220     0.01508  -1	   0.2075686     0.1374556
     D1K5D-a54d      0.025     0.067       0.297     0.586     -0.086     0.749      0.500     0.440      1.000     0.559    0.622     0.469   0.554     0.053      0.181     0.01445  -1	   0.0760192     0.0602772
     D1K5D-a55a      0.020     0.052       0.262     0.584      0.231     0.744      0.520     0.462      0.076     0.513    0.557     0.481   0.661     0.090      0.043     0.01248  -1	   0.1138023     0.1495387
     D1K5D-a55b      0.017     0.067       0.321     0.515      0.204     0.732      0.525     0.338      0.164     0.541    0.580     0.489   0.508     0.083      0.341     0.03332  -1	   0.3027612     0.2820956
     D1K5D-a55c      0.017     0.067       0.324     0.521      0.219     0.728      0.526     0.339      0.202     0.552    0.600     0.481   0.508     0.084      0.311     0.03260  -1	   0.2892255     0.2835464
     D1K5D-a55d      0.017     0.071       0.315     0.640      0.245     0.732      0.532     0.405      0.030     0.536    0.559     0.501   0.787     0.070      0.083     0.01183  -1	   0.2256444     0.2346851
     D1K5D-a56a      0.011     0.050       0.239     0.519      0.132     0.722      0.608     0.572      0.988     0.570    0.569     0.524   0.692     0.075      0.037     0.01998  -1	   0.1033605     0.0521581
     D1K5D-a56b      0.021     0.057       0.274     0.603      0.147     0.742      0.576     0.524      0.112     0.488    0.547     0.467   0.713     0.069      0.042     0.01637  -1	   0.0867890     0.1037215
     D1K5D-a56c      0.011     0.050       0.233     0.542      0.033     0.710      0.606     0.603      0.796     0.516    0.551     0.489   0.646     0.065      0.011     0.01918  -1	   0.0066090     0.0222681
     D1K5D-a56d      0.015     0.046       0.222     0.545      0.087     0.713      0.602     0.593      0.580     0.495    0.530     0.487   0.682     0.066      0.007     0.01901  -1	  -0.0202166     0.0219459
     D1K5D-a57a      0.014     0.042       0.172     0.637      0.235     0.732      0.609     0.618      0.484     0.563    0.584     0.506   0.784     0.111      0.036     0.01034  -1	   0.0216476     0.0317638
     D1K5D-a57b      0.018     0.052       0.230     0.574     -0.122     0.716      0.634     0.708      0.909     0.550    0.570     0.504   0.463     0.075      0.187     0.01105  -1	   0.0067426    -0.0013427
     D1K5D-a57c      0.017     0.091       0.376     0.546      0.045     0.745      0.547     0.355      0.029     0.547    0.586     0.489   0.434     0.057      0.130     0.01790  -1	   0.2023556     0.2131351
     D1K5D-a57d      0.019     0.035       0.166     0.650      0.142     0.731      0.597     0.617      0.833     0.495    0.580     0.446   0.827     0.113      0.006     0.00867  -1	  -0.0143106     0.0053452
     D1K5D-a58a      0.018     0.035       0.152     0.672     -0.040     0.730      0.626     0.660      0.969     0.500    0.557     0.469   0.852     0.107      0.073     0.00820  -1	  -0.0275384    -0.0112194
     D1K5D-a58b      0.022     0.037       0.172     0.627      0.103     0.738      0.604     0.621      0.752     0.525    0.571     0.481   0.771     0.102     -0.003     0.00895  -1	  -0.0165389     0.0099274
     D1K5D-a58c      0.024     0.048       0.213     0.600      0.018     0.731      0.592     0.576      0.433     0.516    0.574     0.470   0.725     0.106      0.099     0.00740  -1	  -0.0013562     0.0071356
     D1K5D-a58d      0.020     0.034       0.152     0.724      0.107     0.748      0.568     0.560      0.660     0.487    0.559     0.455   0.851     0.111      0.055     0.00859  -1	  -0.0301645     0.0206332
     D1K5D-a59a      0.006     0.046       0.216     0.646     -0.032     0.728      0.586     0.519      0.275     0.518    0.547     0.495   0.796     0.084     -0.054     0.00980  -1	  -0.0736355     0.0377875
     D1K5D-a59b      0.016     0.047       0.227     0.604      0.310     0.735      0.573     0.518      0.755     0.527    0.581     0.475   0.816     0.067      0.100     0.00648  -1	   0.1326051     0.1287850
     D1K5D-a59c      0.004     0.060       0.280     0.588     -0.101     0.720      0.554     0.576      0.867     0.576    0.572     0.528   0.463     0.059      0.211     0.00843  -1	   0.0125670     0.0068694
     D1K5D-a59d      0.011     0.058       0.236     0.639     -0.004     0.725      0.576     0.588      0.895     0.555    0.578     0.503   0.680     0.079      0.057     0.00681  -1	   0.0254198     0.0038886
      D1K5D-a5a      0.018     0.056       0.245     0.594      0.228     0.755      0.572     0.496      0.759     0.525    0.581     0.473   0.661     0.086      0.155     0.01066  -1	   0.1357264     0.1009562
      D1K5D-a5b      0.013     0.058       0.265     0.638      0.128     0.758      0.576     0.515      0.460     0.558    0.578     0.506   0.713     0.083      0.124     0.01056  -1	   0.0744870     0.0784683
      D1K5D-a5c      0.017     0.055       0.257     0.555      0.266     0.737      0.573     0.487      0.098     0.517    0.560     0.482   0.699     0.078      0.115     0.01164  -1	   0.1637875     0.1745524
      D1K5D-a5d      0.019     0.054       0.254     0.516      0.110     0.748      0.581     0.523      0.829     0.547    0.599     0.478   0.434     0.090      0.324     0.01112  -1	   0.1089919     0.0566323
     D1K5D-a60a      0.015     0.037       0.160     0.678     -0.144     0.733      0.632     0.673      0.825     0.505    0.578     0.457   0.788     0.113     -0.039     0.00845  -1	  -0.0551708    -0.0083159
     D1K5D-a60b      0.004     0.061       0.280     0.594     -0.081     0.717      0.572     0.581      0.827     0.623    0.604     0.545   0.554     0.063      0.234     0.00855  -1	   0.0238481     0.0076768
     D1K5D-a60c      0.004     0.064       0.286     0.609     -0.073     0.722      0.570     0.586      0.623     0.603    0.596     0.533   0.680     0.063      0.195     0.00850  -1	   0.0165761    -0.0071959
     D1K5D-a60d      0.015     0.037       0.155     0.571      0.356     0.738      0.585     0.593      0.812     0.517    0.584     0.463   0.830     0.126      0.103     0.00742  -1	   0.0911839     0.0430855
     D1K5D-a61a      0.009     0.057       0.227     0.548     -0.018     0.732      0.579     0.583      0.988     0.555    0.599     0.485   0.401     0.076      0.052     0.00664  -1	   0.0614313     0.0073939
     D1K5D-a61b      0.008     0.055       0.230     0.562     -0.064     0.726      0.583     0.592      0.972     0.540    0.569     0.497   0.554     0.074      0.052     0.00644  -1	   0.0355013     0.0073596
     D1K5D-a61c      0.009     0.055       0.227     0.545     -0.039     0.727      0.574     0.574      0.948     0.540    0.589     0.481   0.401     0.075      0.052     0.00646  -1	   0.0382286     0.0075149
     D1K5D-a61d      0.010     0.058       0.242     0.569      0.005     0.718      0.563     0.569      0.959     0.536    0.579     0.485   0.587     0.073      0.063     0.00655  -1	   0.0501647     0.0185044
     D1K5D-a62a      0.016     0.056       0.271     0.596      0.318     0.713      0.537     0.390      0.378     0.562    0.613     0.480   0.727     0.101      0.160     0.00693  -1	   0.1876275     0.2435310
     D1K5D-a62b      0.008     0.053       0.245     0.636      0.083     0.716      0.551     0.630      0.983     0.583    0.596     0.514   0.738     0.076      0.233     0.00516  -1	   0.0675828     0.0292549
     D1K5D-a62c      0.012     0.040       0.166     0.578     -0.120     0.731      0.608     0.624      0.873     0.571    0.594     0.504   0.714     0.097      0.072     0.00695  -1	  -0.0263987    -0.0091432
     D1K5D-a62d      0.008     0.051       0.248     0.591      0.209     0.717      0.539     0.590      0.830     0.609    0.635     0.506   0.661     0.078      0.246     0.00513  -1	   0.1298163     0.0873563
     D1K5D-a63a      0.016     0.061       0.277     0.625      0.231     0.717      0.539     0.377      0.487     0.581    0.609     0.502   0.787     0.104      0.131     0.00699  -1	   0.1238566     0.1750449
     D1K5D-a63b      0.018     0.067       0.318     0.689      0.035     0.723      0.494     0.414      0.167     0.532    0.611     0.455   0.780     0.066      0.084     0.00808  -1	   0.0991368     0.1240208
     D1K5D-a63c      0.015     0.056       0.259     0.626      0.220     0.715      0.531     0.381      0.952     0.557    0.611     0.478   0.787     0.099      0.093     0.00698  -1	   0.1192499     0.1097356
     D1K5D-a63d      0.015     0.053       0.251     0.616      0.191     0.716      0.534     0.383      0.829     0.559    0.591     0.496   0.778     0.101      0.110     0.00699  -1	   0.0788140     0.1117082
     D1K5D-a64a      0.020     0.059       0.268     0.565      0.054     0.741      0.565     0.490      0.667     0.575    0.621     0.485   0.612     0.074      0.211     0.00664  -1	   0.0722472     0.0671340
     D1K5D-a64b      0.015     0.053       0.254     0.517      0.174     0.721      0.558     0.466      0.276     0.503    0.570     0.461   0.499     0.113      0.434     0.00723  -1	   0.2357237     0.1385442
     D1K5D-a64c      0.011     0.049       0.216     0.641      0.130     0.721      0.536     0.551      0.894     0.562    0.625     0.470   0.771     0.085      0.032     0.00403  -1	   0.0385168     0.0335304
     D1K5D-a64d      0.017     0.057       0.259     0.612      0.228     0.712      0.559     0.394      0.999     0.564    0.590     0.502   0.787     0.105      0.104     0.00704  -1	   0.1417979     0.1017773
     D1K5D-a65a      0.022     0.047       0.219     0.687     -0.166     0.715      0.556     0.630      0.555     0.545    0.604     0.472   0.757     0.096      0.109     0.00479  -1	  -0.0270950    -0.0275941
     D1K5D-a65b      0.023     0.049       0.224     0.629     -0.393     0.718      0.561     0.549      0.857     0.545    0.617     0.460   0.644     0.074      0.090     0.00588  -1	  -0.0022919     0.0211765
     D1K5D-a65c      0.018     0.039       0.195     0.617     -0.183     0.731      0.555     0.615      0.514     0.498    0.548     0.476   0.701     0.125     -0.097     0.00459  -1	  -0.0783812    -0.0199585
     D1K5D-a65d      0.018     0.048       0.222     0.566     -0.347     0.726      0.629     0.661      0.260     0.494    0.566     0.456   0.738     0.073      0.085     0.00473  -1	   0.0285701    -0.0141705
     D1K5D-a66a      0.022     0.048       0.213     0.615     -0.107     0.734      0.579     0.635      1.000     0.572    0.644     0.463   0.732     0.105      0.124     0.00505  -1	   0.0065885    -0.0007050
     D1K5D-a66b      0.019     0.027       0.120     0.643      0.152     0.718      0.583     0.585      0.299     0.527    0.603     0.456   0.739     0.145      0.001     0.00533  -1	  -0.0435588     0.0510037
     D1K5D-a66c      0.024     0.044       0.210     0.635     -0.394     0.724      0.555     0.535      0.314     0.530    0.595     0.465   0.644     0.071      0.074     0.00617  -1	   0.0293375     0.0672239
     D1K5D-a66d      0.014     0.044       0.201     0.516     -0.024     0.733      0.591     0.647      0.190     0.520    0.568     0.479   0.717     0.162      0.162     0.00524  -1	   0.0265545    -0.0569871
     D1K5D-a67a      0.014     0.037       0.175     0.647      0.036     0.726      0.602     0.627      0.908     0.544    0.571     0.498   0.725     0.192     -0.003     0.00451  -1	  -0.0303984    -0.0328431
     D1K5D-a67b      0.014     0.062       0.265     0.565     -0.077     0.728      0.542     0.478      0.501     0.548    0.571     0.502   0.554     0.065      0.244     0.01009  -1	   0.0410720     0.0356562
     D1K5D-a67c      0.012     0.035       0.187     0.472     -0.252     0.741      0.650     0.649      0.776     0.491    0.564     0.455   0.527     0.080      0.167     0.00559  -1	  -0.0443864    -0.0060444
     D1K5D-a67d      0.019     0.045       0.224     0.534     -0.270     0.735      0.610     0.574      0.996     0.559    0.585     0.500   0.591     0.072      0.170     0.00610  -1	   0.0083711     0.0209157
     D1K5D-a68a      0.022     0.035       0.163     0.529      0.182     0.739      0.577     0.542      0.665     0.489    0.560     0.456   0.659     0.111      0.412     0.00593  -1	   0.0648895     0.0561117
     D1K5D-a68b      0.023     0.049       0.254     0.528     -0.193     0.729      0.597     0.659      0.325     0.539    0.578     0.487   0.622     0.067      0.121     0.00807  -1	  -0.0122287    -0.0248779
     D1K5D-a68c      0.021     0.035       0.166     0.609      0.135     0.739      0.571     0.509      0.462     0.496    0.569     0.456   0.771     0.106      0.441     0.00594  -1	   0.1262323     0.0893881
     D1K5D-a68d      0.019     0.041       0.219     0.612      0.220     0.725      0.546     0.604      0.569     0.481    0.559     0.450   0.784     0.085      0.015     0.00722  -1	   0.0170831     0.0325171
     D1K5D-a69a      0.024     0.066       0.283     0.607     -0.045     0.717      0.522     0.504      0.671     0.568    0.624     0.477   0.680     0.067      0.161     0.00855  -1	   0.0364726     0.0204238
     D1K5D-a69b      0.025     0.070       0.309     0.576      0.015     0.748      0.475     0.405      0.575     0.553    0.596     0.486   0.587     0.058      0.169     0.01540  -1	   0.0807216     0.0865255
     D1K5D-a69c      0.023     0.059       0.283     0.593     -0.208     0.731      0.570     0.633      0.261     0.504    0.601     0.435   0.444     0.074      0.133     0.00838  -1	   0.0374305     0.0031538
     D1K5D-a69d      0.020     0.063       0.268     0.707     -0.059     0.728      0.487     0.391      0.417     0.510    0.591     0.450   0.802     0.086      0.158     0.00636  -1	   0.0474299     0.0671299
      D1K5D-a6a      0.021     0.063       0.274     0.602      0.119     0.719      0.499     0.424      0.676     0.559    0.571     0.513   0.713     0.088      0.173     0.01777  -1	   0.0858945     0.0723596
      D1K5D-a6b      0.017     0.040       0.181     0.549      0.532     0.742      0.476     0.465      0.669     0.477    0.512     0.485   0.761     0.106      0.151     0.01216  -1	   0.2455157     0.2158816
      D1K5D-a6c      0.018     0.057       0.265     0.665      0.206     0.729      0.501     0.414      0.607     0.555    0.593     0.490   0.854     0.089      0.140     0.01417  -1	   0.1037549     0.1118651
      D1K5D-a6d      0.020     0.054       0.251     0.482      0.199     0.739      0.563     0.473      0.171     0.516    0.568     0.475   0.381     0.082      0.119     0.01174  -1	   0.1030196     0.1333258
     D1K5D-a70a      0.019     0.050       0.219     0.550     -0.035     0.741      0.577     0.581      0.221     0.539    0.572     0.493   0.778     0.090      0.445     0.00957  -1	   0.2052851    -0.0016159
     D1K5D-a70b      0.025     0.071       0.315     0.612      0.001     0.751      0.498     0.449      0.263     0.543    0.586     0.486   0.713     0.056      0.192     0.01559  -1	   0.1279717     0.0724003
     D1K5D-a70c      0.024     0.064       0.294     0.599     -0.099     0.758      0.513     0.451      0.038     0.546    0.591     0.485   0.554     0.059      0.169     0.01556  -1	   0.1365909     0.1271769
     D1K5D-a70d      0.016     0.046       0.216     0.622     -0.029     0.744      0.604     0.588      0.365     0.463    0.563     0.431   0.796     0.092      0.042     0.01351  -1	  -0.0357352    -0.0032004
     D1K5D-a71a      0.020     0.051       0.239     0.533      0.066     0.751      0.600     0.588      0.230     0.526    0.563     0.489   0.459     0.076      0.159     0.01286  -1	   0.0610315     0.0430987
     D1K5D-a71b      0.020     0.044       0.222     0.576      0.030     0.740      0.614     0.601      0.429     0.482    0.552     0.458   0.708     0.087      0.069     0.01326  -1	  -0.0242434     0.0116801
     D1K5D-a71c      0.021     0.064       0.277     0.537      0.298     0.753      0.549     0.529      0.082     0.598    0.574     0.547   0.546     0.099      0.089     0.01222  -1	   0.1991614     0.1258770
     D1K5D-a71d      0.013     0.037       0.190     0.663      0.037     0.741      0.634     0.639      0.867     0.534    0.567     0.493   0.781     0.096      0.032     0.01052  -1	  -0.0211671     0.0157156
     D1K5D-a72a      0.021     0.039       0.201     0.642      0.233     0.777      0.553     0.551      0.390     0.501    0.582     0.450   0.784     0.109      0.045     0.01358  -1	   0.0485109     0.0743350
     D1K5D-a72b      0.024     0.047       0.216     0.660      0.407     0.719      0.501     0.554      0.520     0.488    0.555     0.459   0.878     0.089      0.167     0.00970  -1	   0.2008883     0.0956593
     D1K5D-a72c      0.020     0.041       0.195     0.701      0.253     0.779      0.541     0.518      0.715     0.533    0.572     0.488   0.896     0.105      0.068     0.01364  -1	   0.0790340     0.0800490
     D1K5D-a72d      0.025     0.044       0.198     0.623     -0.166     0.742      0.597     0.699      0.260     0.474    0.534     0.464   0.701     0.081      0.145     0.00689  -1	   0.0300588    -0.0441312
     D1K5D-a73a      0.020     0.036       0.163     0.654      0.043     0.723      0.635     0.597      0.595     0.528    0.571     0.484   0.781     0.103      0.053     0.00900  -1	  -0.0439124     0.0214248
     D1K5D-a73b      0.018     0.034       0.160     0.672      0.132     0.727      0.630     0.584      0.666     0.513    0.577     0.465   0.827     0.096      0.086     0.00915  -1	  -0.0198041     0.0412182
     D1K5D-a73c      0.021     0.034       0.146     0.597      0.031     0.734      0.625     0.586      0.873     0.495    0.560     0.463   0.708     0.109      0.068     0.00873  -1	  -0.0218956     0.0091258
     D1K5D-a73d      0.022     0.041       0.187     0.679      0.182     0.777      0.555     0.529      0.682     0.528    0.564     0.489   0.794     0.108      0.068     0.01342  -1	   0.0422433     0.0600512
     D1K5D-a74a      0.024     0.049       0.224     0.546     -0.213     0.730      0.599     0.585      0.379     0.518    0.553     0.489   0.639     0.091      0.065     0.00753  -1	  -0.0210051    -0.0001977
     D1K5D-a74b      0.024     0.034       0.160     0.610      0.210     0.734      0.565     0.560      0.580     0.487    0.543     0.468   0.784     0.111      0.098     0.00868  -1	   0.0090212     0.0384139
     D1K5D-a74c      0.007     0.051       0.233     0.556      0.269     0.729      0.583     0.535      0.877     0.569    0.588     0.507   0.699     0.074      0.328     0.00705  -1	   0.1723625     0.1064783
     D1K5D-a74d      0.025     0.048       0.224     0.631     -0.178     0.740      0.575     0.567      0.224     0.511    0.587     0.455   0.701     0.105      0.058     0.00742  -1	   0.0077122     0.0247373
     D1K5D-a75a      0.019     0.046       0.216     0.588      0.361     0.738      0.583     0.545      0.192     0.502    0.563     0.466   0.830     0.079      0.101     0.00673  -1	   0.1684114     0.1485564
     D1K5D-a75b      0.021     0.020       0.111     0.602     -0.085     0.737      0.611     0.628      0.716     0.497    0.549     0.474   0.756     0.150      0.116     0.00471  -1	  -0.0823641    -0.0087936
     D1K5D-a75c      0.004     0.058       0.271     0.566     -0.199     0.721      0.620     0.636      0.830     0.571    0.561     0.532   0.538     0.061      0.252     0.00839  -1	  -0.0070240    -0.0153716
     D1K5D-a75d      0.002     0.059       0.274     0.583     -0.221     0.719      0.593     0.612      0.663     0.588    0.581     0.532   0.444     0.061      0.233     0.00853  -1	  -0.0168334    -0.0225607
     D1K5D-a76a      0.005     0.059       0.289     0.586     -0.098     0.719      0.584     0.583      0.854     0.619    0.609     0.538   0.554     0.059      0.222     0.00825  -1	   0.0159131     0.0146674
     D1K5D-a76b      0.015     0.041       0.192     0.657      0.191     0.728      0.598     0.625      0.987     0.569    0.586     0.510   0.794     0.075      0.091     0.00559  -1	   0.0846154     0.0528134
     D1K5D-a76c      0.007     0.046       0.230     0.561      0.121     0.713      0.597     0.544      0.112     0.530    0.566     0.489   0.753     0.097      0.530     0.00587  -1	   0.3451784     0.1063876
     D1K5D-a76d      0.016     0.039       0.192     0.604      0.346     0.727      0.574     0.527      0.847     0.545    0.579     0.493   0.816     0.113      0.031     0.00449  -1	   0.1131588     0.0989313
     D1K5D-a77a      0.017     0.040       0.195     0.560      0.355     0.728      0.586     0.529      0.173     0.518    0.575     0.472   0.830     0.102      0.041     0.00450  -1	   0.0897453     0.1376102
     D1K5D-a77b      0.004     0.049       0.233     0.706      0.147     0.716      0.561     0.567      0.899     0.582    0.595     0.514   0.851     0.072      0.094     0.00469  -1	   0.0485385     0.0438607
     D1K5D-a77c      0.016     0.040       0.198     0.556      0.367     0.734      0.604     0.558      0.273     0.525    0.585     0.470   0.830     0.103      0.034     0.00449  -1	   0.0837897     0.1224479
     D1K5D-a77d      0.015     0.038       0.190     0.574      0.272     0.727      0.583     0.532      0.823     0.508    0.543     0.489   0.798     0.105      0.044     0.00441  -1	   0.0620086     0.0657437
     D1K5D-a78a      0.015     0.056       0.259     0.588      0.169     0.720      0.556     0.410      0.977     0.556    0.593     0.492   0.652     0.102      0.127     0.00694  -1	   0.1156194     0.0833836
     D1K5D-a78b      0.004     0.046       0.213     0.630      0.229     0.728      0.567     0.554      0.944     0.552    0.574     0.504   0.784     0.069      0.099     0.00489  -1	   0.0996822     0.0728621
     D1K5D-a78c      0.022     0.055       0.257     0.545     -0.379     0.737      0.544     0.478      0.316     0.523    0.568     0.481   0.192     0.090      0.090     0.00542  -1	   0.0106583     0.0375989
     D1K5D-a78d      0.011     0.043       0.207     0.611      0.170     0.712      0.588     0.545      0.112     0.510    0.566     0.471   0.739     0.109      0.206     0.00540  -1	   0.1418146     0.1171941
     D1K5D-a79a      0.016     0.060       0.271     0.616      0.136     0.713      0.571     0.409      0.986     0.517    0.575     0.471   0.713     0.098      0.104     0.00711  -1	   0.0947023     0.0634685
     D1K5D-a79b      0.015     0.061       0.280     0.573      0.178     0.714      0.532     0.382      0.998     0.576    0.604     0.501   0.652     0.105      0.071     0.00723  -1	   0.1416457     0.0908967
     D1K5D-a79c      0.012     0.065       0.286     0.634      0.237     0.702      0.564     0.384      0.282     0.573    0.610     0.493   0.787     0.093      0.102     0.00699  -1	   0.1415757     0.2293117
     D1K5D-a79d      0.016     0.061       0.283     0.634      0.207     0.713      0.542     0.369      0.934     0.595    0.625     0.500   0.787     0.099      0.106     0.00713  -1	   0.1356334     0.1227067
      D1K5D-a7a      0.016     0.048       0.219     0.630      0.324     0.731      0.495     0.432      0.911     0.560    0.601     0.489   0.816     0.093      0.095     0.01548  -1	   0.1632206     0.1472071
      D1K5D-a7b      0.016     0.044       0.207     0.647      0.235     0.731      0.515     0.467      0.992     0.528    0.591     0.468   0.784     0.103      0.115     0.01882  -1	   0.1006117     0.0867401
      D1K5D-a7c      0.019     0.029       0.137     0.564      0.017     0.720      0.614     0.701      0.940     0.520    0.566     0.481   0.708     0.120      0.295     0.00719  -1	  -0.0335809    -0.0189265
      D1K5D-a7d      0.016     0.055       0.245     0.618      0.264     0.733      0.485     0.419      0.236     0.536    0.576     0.487   0.825     0.091      0.183     0.01531  -1	   0.1858512     0.1699372
     D1K5D-a80a      0.014     0.051       0.227     0.593     -0.127     0.723      0.545     0.550      0.492     0.550    0.600     0.480   0.463     0.075      0.047     0.00408  -1	  -0.0415408     0.0153809
     D1K5D-a80b      0.024     0.044       0.222     0.535     -0.104     0.748      0.610     0.643      0.675     0.521    0.560     0.486   0.653     0.082      0.070     0.00657  -1	  -0.0319694    -0.0050928
     D1K5D-a80c      0.013     0.063       0.297     0.594     -0.304     0.716      0.509     0.496      0.538     0.597    0.613     0.514   0.389     0.064      0.055     0.00512  -1	  -0.0389731     0.0057916
     D1K5D-a80d      0.023     0.050       0.224     0.675     -0.255     0.715      0.555     0.566      0.916     0.593    0.620     0.503   0.726     0.068      0.117     0.00466  -1	  -0.0095834     0.0110657
     D1K5D-a81a      0.022     0.047       0.251     0.553     -0.169     0.748      0.601     0.544      0.500     0.468    0.554     0.443   0.684     0.059      0.189     0.00714  -1	  -0.0175527     0.0174065
     D1K5D-a81b      0.016     0.040       0.198     0.701     -0.147     0.730      0.602     0.670      0.465     0.552    0.589     0.492   0.812     0.194      0.109     0.00468  -1	  -0.0344812    -0.0577660
     D1K5D-a81c      0.014     0.046       0.227     0.622      0.361     0.730      0.560     0.564      0.853     0.525    0.581     0.473   0.848     0.079      0.077     0.00412  -1	   0.1657587     0.1187036
     D1K5D-a81d      0.015     0.048       0.230     0.629      0.406     0.725      0.547     0.551      0.666     0.560    0.578     0.508   0.822     0.077      0.086     0.00408  -1	   0.1914079     0.1554216
     D1K5D-a82a      0.014     0.030       0.175     0.529      0.092     0.733      0.623     0.643      0.754     0.482    0.556     0.454   0.682     0.220      0.053     0.00440  -1	  -0.0594551    -0.0349354
     D1K5D-a82b      0.018     0.055       0.257     0.634     -0.068     0.722      0.580     0.583      0.083     0.520    0.558     0.487   0.680     0.068      0.045     0.00853  -1	   0.0374828     0.0417168
     D1K5D-a82c      0.013     0.028       0.143     0.517     -0.156     0.738      0.600     0.599      0.863     0.540    0.582     0.485   0.622     0.220      0.215     0.00543  -1	  -0.0605784    -0.0212929
     D1K5D-a82d      0.015     0.030       0.160     0.596      0.005     0.727      0.627     0.661      0.738     0.501    0.569     0.460   0.708     0.207      0.014     0.00440  -1	  -0.0793051    -0.0395730
     D1K5D-a83a      0.022     0.054       0.265     0.573     -0.120     0.730      0.588     0.588      0.816     0.521    0.579     0.472   0.463     0.070      0.178     0.00856  -1	   0.0015620     0.0096296
     D1K5D-a83b      0.026     0.037       0.195     0.719     -0.003     0.735      0.587     0.566      0.551     0.438    0.554     0.416   0.876     0.120     -0.098     0.00600  -1	  -0.0857346     0.0067411
     D1K5D-a83c      0.022     0.036       0.190     0.629      0.138     0.735      0.604     0.524      0.449     0.475    0.570     0.435   0.771     0.112      0.034     0.00598  -1	  -0.0229085     0.0783982
     D1K5D-a83d      0.022     0.037       0.192     0.592      0.144     0.732      0.595     0.524      0.455     0.469    0.586     0.418   0.753     0.101      0.034     0.00593  -1	  -0.0230101     0.0730981
     D1K5D-a84a      0.020     0.042       0.216     0.644     -0.120     0.718      0.606     0.552      0.588     0.518    0.577     0.469   0.732     0.113      0.095     0.00474  -1	  -0.0484505     0.0115930
     D1K5D-a84b      0.019     0.044       0.207     0.657      0.181     0.733      0.540     0.559      0.512     0.453    0.579     0.408   0.794     0.111      0.072     0.00696  -1	   0.0179242     0.0187065
     D1K5D-a84c      0.019     0.045       0.198     0.670     -0.061     0.731      0.532     0.536      0.749     0.524    0.576     0.476   0.812     0.109      0.099     0.00717  -1	  -0.0348694    -0.0083386
     D1K5D-a84d      0.021     0.036       0.190     0.663      0.156     0.729      0.593     0.511      0.241     0.475    0.585     0.424   0.794     0.120      0.034     0.00600  -1	   0.0140231     0.1305646
     D1K5D-a85a      0.015     0.051       0.219     0.594     -0.139     0.730      0.572     0.572      0.332     0.527    0.552     0.499   0.463     0.087      0.297     0.00954  -1	   0.0671702     0.0076732
     D1K5D-a85b      0.022     0.040       0.192     0.750      0.294     0.733      0.573     0.481      0.261     0.476    0.587     0.423   0.875     0.123      0.009     0.00577  -1	   0.0890594     0.1941346
     D1K5D-a85c      0.019     0.054       0.230     0.521     -0.117     0.730      0.578     0.570      0.242     0.579    0.599     0.509   0.310     0.094      0.304     0.00968  -1	   0.0971570     0.0230091
     D1K5D-a85d      0.020     0.041       0.195     0.581      0.004     0.727      0.595     0.597      0.774     0.485    0.572     0.443   0.708     0.110      0.175     0.00788  -1	  -0.0229030    -0.0056250
     D1K5D-a86a      0.016     0.060       0.306     0.604      0.052     0.711      0.585     0.516      0.601     0.490    0.553     0.464   0.738     0.082      0.173     0.00792  -1	   0.0365824     0.0432700
     D1K5D-a86b      0.019     0.040       0.198     0.584     -0.021     0.741      0.610     0.622      0.571     0.495    0.556     0.465   0.778     0.119      0.164     0.00793  -1	  -0.0298058    -0.0302796
     D1K5D-a86c      0.020     0.053       0.259     0.704      0.173     0.731      0.574     0.535      0.626     0.455    0.572     0.417   0.900     0.079      0.013     0.00780  -1	   0.0234143     0.0467414
     D1K5D-a86d      0.022     0.055       0.251     0.529      0.212     0.716      0.596     0.559      0.905     0.551    0.597     0.483   0.508     0.098      0.075     0.00789  -1	   0.1364759     0.0718759
     D1K5D-a87a      0.012     0.069       0.321     0.608     -0.230     0.703      0.540     0.486      0.943     0.622    0.624     0.528   0.570     0.066      0.188     0.00610  -1	   0.0116077     0.0015444
     D1K5D-a87b      0.018     0.035       0.166     0.561      0.022     0.724      0.630     0.706      0.914     0.473    0.523     0.473   0.708     0.099      0.091     0.00584  -1	  -0.0087258    -0.0050357
     D1K5D-a87c      0.019     0.047       0.242     0.588     -0.134     0.720      0.610     0.545      0.601     0.539    0.584     0.483   0.714     0.083      0.113     0.00678  -1	  -0.0380262     0.0177501
     D1K5D-a87d      0.019     0.049       0.245     0.708      0.379     0.737      0.540     0.485      0.297     0.426    0.600     0.368   0.928     0.089      0.021     0.00752  -1	   0.1602852     0.1669353
     D1K5D-a88a      0.022     0.054       0.262     0.553      0.183     0.735      0.587     0.517      0.750     0.512    0.568     0.472   0.652     0.080      0.355     0.00709  -1	   0.1407210     0.0791887
     D1K5D-a88b      0.014     0.077       0.344     0.552      0.322     0.731      0.511     0.332      0.353     0.495    0.587     0.440   0.727     0.060      0.315     0.01122  -1	   0.3572921     0.2978990
     D1K5D-a88c      0.026     0.052       0.251     0.543      0.106     0.732      0.596     0.527      0.790     0.514    0.575     0.468   0.434     0.081      0.161     0.00706  -1	   0.0741387     0.0592665
     D1K5D-a88d      0.022     0.033       0.166     0.704      0.035     0.725      0.611     0.698      0.889     0.598    0.651     0.481   0.805     0.112     -0.024     0.00479  -1	  -0.0244639     0.0116252
     D1K5D-a89a      0.016     0.071       0.356     0.571      0.136     0.711      0.566     0.521      0.956     0.549    0.615     0.467   0.587     0.059      0.244     0.00660  -1	   0.1686404     0.1065171
     D1K5D-a89b      0.012     0.071       0.329     0.591     -0.158     0.715      0.552     0.502      0.980     0.588    0.608     0.509   0.538     0.059      0.175     0.00637  -1	   0.0374504     0.0138376
     D1K5D-a89c      0.016     0.022       0.122     0.631      0.179     0.743      0.635     0.673      0.913     0.519    0.587     0.463   0.739     0.149      0.107     0.00550  -1	  -0.0182362     0.0035720
     D1K5D-a89d      0.021     0.048       0.230     0.486      0.121     0.746      0.602     0.569      0.771     0.567    0.574     0.518   0.627     0.095      0.080     0.00675  -1	   0.0524550     0.0442264
      D1K5D-a8a      0.015     0.049       0.207     0.501      0.205     0.719      0.565     0.527      0.464     0.546    0.574     0.498   0.705     0.113      0.063     0.00967  -1	   0.0174890     0.0358548
      D1K5D-a8b      0.014     0.049       0.248     0.530      0.363     0.732      0.556     0.455      0.017     0.517    0.569     0.475   0.769     0.078      0.308     0.01917  -1	   0.3613071     0.3056202
      D1K5D-a8c      0.015     0.050       0.239     0.490      0.236     0.731      0.565     0.449      0.435     0.518    0.580     0.468   0.641     0.087      0.316     0.02028  -1	   0.1506686     0.1589042
      D1K5D-a8d      0.008     0.044       0.219     0.625      0.094     0.722      0.528     0.450      0.998     0.534    0.582     0.481   0.761     0.107      0.441     0.02753  -1	   0.0429856     0.0530217
     D1K5D-a90a      0.007     0.053       0.227     0.557     -0.021     0.720      0.587     0.606      0.912     0.539    0.588     0.481   0.554     0.074      0.073     0.00490  -1	   0.0180447     0.0079951
     D1K5D-a90b      0.026     0.028       0.128     0.676      0.235     0.734      0.571     0.593      0.945     0.530    0.595     0.464   0.840     0.128      0.283     0.00417  -1	   0.0516294     0.0386263
     D1K5D-a90c      0.025     0.029       0.140     0.659      0.279     0.731      0.568     0.555      0.852     0.532    0.561     0.496   0.872     0.125      0.131     0.00452  -1	   0.0500442     0.0554463
     D1K5D-a90d      0.016     0.044       0.210     0.617      0.203     0.739      0.585     0.543      0.818     0.540    0.581     0.486   0.784     0.077      0.112     0.00674  -1	   0.0715748     0.0750872
     D1K5D-a91a      0.008     0.047       0.236     0.559      0.158     0.713      0.585     0.534      0.483     0.536    0.604     0.464   0.721     0.096      0.387     0.00590  -1	   0.1310779     0.0665723
     D1K5D-a91b      0.008     0.054       0.224     0.558     -0.066     0.729      0.599     0.608      0.481     0.540    0.584     0.485   0.554     0.078      0.049     0.00666  -1	  -0.0385301    -0.0110486
     D1K5D-a91c      0.006     0.077       0.335     0.643     -0.046     0.719      0.564     0.567      0.915     0.596    0.640     0.489   0.680     0.060      0.194     0.00483  -1	   0.0617990     0.0197507
     D1K5D-a91d      0.011     0.087       0.370     0.620     -0.264     0.704      0.520     0.502      0.995     0.609    0.650     0.492   0.515     0.068      0.197     0.00485  -1	   0.0304502    -0.0158402
     D1K5D-a92a      0.020     0.057       0.254     0.505     -0.298     0.731      0.551     0.474      0.419     0.504    0.555     0.475   0.236     0.092      0.143     0.00540  -1	   0.0036195     0.0288385
     D1K5D-a92b      0.011     0.071       0.327     0.612     -0.077     0.718      0.526     0.478      0.998     0.600    0.621     0.509   0.680     0.065      0.222     0.00481  -1	   0.0605015     0.0263197
     D1K5D-a92c      0.018     0.056       0.254     0.541     -0.366     0.729      0.564     0.486      0.701     0.573    0.608     0.495   0.192     0.092      0.169     0.00544  -1	  -0.0122216    -0.0108858
     D1K5D-a92d      0.009     0.067       0.309     0.595     -0.004     0.737      0.533     0.437      0.165     0.519    0.564     0.481   0.554     0.060      0.046     0.00523  -1	   0.0363010     0.1001625
     D1K5D-a93a      0.015     0.044       0.216     0.546     -0.107     0.729      0.624     0.574      0.990     0.545    0.597     0.477   0.653     0.107      0.055     0.00429  -1	   0.0078634     0.0081947
     D1K5D-a93b      0.011     0.068       0.315     0.610     -0.105     0.727      0.511     0.437      0.480     0.567    0.605     0.492   0.589     0.065      0.203     0.00476  -1	   0.0371096     0.0436789
     D1K5D-a93c      0.020     0.056       0.257     0.524     -0.355     0.738      0.556     0.493      0.634     0.507    0.565     0.470   0.192     0.088      0.124     0.00546  -1	  -0.0116499    -0.0055201
     D1K5D-a93d      0.014     0.061       0.280     0.644     -0.190     0.704      0.519     0.517      0.820     0.552    0.593     0.488   0.664     0.066      0.045     0.00501  -1	  -0.0239409     0.0043863
     D1K5D-a94a      0.010     0.042       0.219     0.519     -0.046     0.728      0.621     0.586      0.849     0.512    0.577     0.464   0.717     0.117     -0.036     0.00423  -1	  -0.0235809     0.0036146
     D1K5D-a94b      0.014     0.042       0.213     0.595     -0.130     0.722      0.627     0.602      0.785     0.532    0.554     0.501   0.714     0.125      0.004     0.00426  -1	  -0.0443126    -0.0070242
     D1K5D-a94c      0.019     0.046       0.242     0.644     -0.147     0.756      0.592     0.597      0.447     0.499    0.552     0.473   0.732     0.072      0.136     0.00639  -1	  -0.0250755    -0.0099784
     D1K5D-a94d      0.014     0.042       0.219     0.572     -0.015     0.740      0.610     0.591      0.962     0.504    0.561     0.469   0.778     0.106      0.070     0.00568  -1	   0.0037777     0.0110815
     D1K5D-a95a      0.018     0.041       0.224     0.586     -0.250     0.722      0.629     0.605      0.942     0.540    0.559     0.505   0.700     0.091      0.027     0.00467  -1	  -0.0060216     0.0159162
     D1K5D-a95b      0.016     0.027       0.137     0.466     -0.134     0.735      0.602     0.608      0.975     0.528    0.563     0.490   0.588     0.214      0.308     0.00521  -1	  -0.0522260    -0.0012752
     D1K5D-a95c      0.024     0.062       0.280     0.629     -0.062     0.727      0.540     0.536      0.353     0.559    0.577     0.508   0.680     0.065      0.112     0.00858  -1	   0.0309881     0.0177179
     D1K5D-a95d      0.018     0.042       0.216     0.501     -0.205     0.727      0.629     0.597      0.777     0.505    0.563     0.469   0.639     0.111     -0.005     0.00466  -1	  -0.0249880     0.0053464
     D1K5D-a96a      0.017     0.046       0.224     0.571     -0.235     0.719      0.594     0.552      0.927     0.543    0.574     0.495   0.700     0.103      0.013     0.00472  -1	  -0.0005219     0.0113820
     D1K5D-a96b      0.018     0.042       0.224     0.565     -0.233     0.712      0.617     0.588      0.719     0.545    0.559     0.509   0.700     0.089      0.066     0.00471  -1	  -0.0391203     0.0058833
     D1K5D-a96c      0.018     0.056       0.271     0.628      0.390     0.716      0.553     0.524      0.886     0.621    0.675     0.481   0.831     0.086      0.053     0.00563  -1	   0.2539468     0.2003114
     D1K5D-a96d      0.020     0.073       0.341     0.607      0.083     0.728      0.478     0.390      0.976     0.556    0.598     0.488   0.738     0.062      0.112     0.00664  -1	   0.1330694     0.0936675
     D1K5D-a97a      0.019     0.035       0.166     0.579      0.011     0.721      0.621     0.698      0.924     0.518    0.554     0.489   0.708     0.101      0.071     0.00588  -1	  -0.0093153    -0.0031733
     D1K5D-a97b      0.022     0.037       0.198     0.629      0.171     0.726      0.609     0.518      0.203     0.488    0.600     0.423   0.739     0.109      0.034     0.00592  -1	   0.0279514     0.1583830
     D1K5D-a97c      0.015     0.033       0.178     0.721      0.240     0.732      0.596     0.609      0.611     0.504    0.559     0.472   0.864     0.092      0.076     0.00498  -1	   0.0236024     0.0626507
     D1K5D-a97d      0.019     0.040       0.198     0.641     -0.169     0.725      0.604     0.655      0.959     0.530    0.588     0.472   0.701     0.177     -0.005     0.00655  -1	  -0.0292304    -0.0199179
     D1K5D-a98a      0.016     0.032       0.140     0.638      0.159     0.728      0.602     0.676      0.602     0.523    0.548     0.498   0.739     0.106      0.021     0.00425  -1	  -0.0354396    -0.0082469
     D1K5D-a98b      0.024     0.031       0.146     0.604      0.348     0.727      0.574     0.604      0.219     0.481    0.544     0.463   0.816     0.109      0.098     0.00515  -1	   0.0909672     0.0656323
     D1K5D-a98c      0.020     0.035       0.184     0.696     -0.088     0.734      0.621     0.677      0.989     0.554    0.568     0.511   0.812     0.140     -0.027     0.00641  -1	  -0.0230179    -0.0012171
     D1K5D-a98d      0.017     0.038       0.181     0.583      0.120     0.716      0.591     0.643      0.570     0.484    0.556     0.455   0.753     0.096      0.027     0.00452  -1	  -0.0371715    -0.0110837
     D1K5D-a99a      0.023     0.030       0.157     0.708     -0.203     0.740      0.619     0.691      0.134     0.477    0.538     0.464   0.798     0.100      0.078     0.00528  -1	   0.0418413     0.0185765
     D1K5D-a99b      0.013     0.072       0.338     0.475     -0.141     0.717      0.599     0.585      0.947     0.556    0.614     0.472   0.192     0.085     -0.009     0.00569  -1	   0.0738133     0.0266936
     D1K5D-a99c      0.024     0.049       0.227     0.647      0.098     0.706      0.542     0.522      0.743     0.527    0.590     0.468   0.761     0.087      0.010     0.00540  -1	   0.0048169     0.0332383
     D1K5D-a99d      0.019     0.054       0.259     0.645      0.144     0.727      0.500     0.434      0.430     0.467    0.532     0.459   0.713     0.087     -0.047     0.00831  -1	   0.0073262     0.0731429
      D1K5D-a9a      0.023     0.046       0.222     0.608      0.369     0.730      0.525     0.440      0.646     0.500    0.541     0.483   0.848     0.097      0.145     0.05732  -1	   0.1583986     0.1616860
      D1K5D-a9b      0.009     0.040       0.213     0.594      0.067     0.732      0.512     0.437      0.430     0.523    0.569     0.481   0.744     0.105      0.526     0.02612  -1	   0.1610111     0.1246809
      D1K5D-a9c      0.021     0.055       0.262     0.642      0.038     0.708      0.586     0.499      0.070     0.519    0.598     0.452   0.713     0.087      0.362     0.01946  -1	   0.3028766     0.1791114
      D1K5D-a9d      0.017     0.049       0.230     0.643      0.027     0.735      0.535     0.436      0.113     0.509    0.553     0.481   0.725     0.102      0.285     0.01462  -1	   0.1867643     0.1780737
