      D3D5S-a9d      0.063     0.048       0.129     0.621      0.196     0.789      0.624     0.599      0.574     0.115    0.481     0.146   0.739     0.170      0.184     0.01199  -1	   0.0815073    -0.0159142
      D3D5S-a0a      0.068     0.048       0.126     0.647      0.308     0.775      0.526     0.472      0.954     0.119    0.479     0.152   0.816     0.131      0.265     0.02265  -1	   0.0921598     0.0214766
      D3D5S-a0b      0.066     0.042       0.119     0.682      0.480     0.792      0.538     0.480      0.855     0.118    0.494     0.145   0.891     0.152      0.187     0.02032  -1	   0.1658017     0.0130597
      D3D5S-a0c      0.070     0.048       0.119     0.630      0.285     0.763      0.532     0.494      0.613     0.102    0.490     0.128   0.816     0.133      0.212     0.02292  -1	   0.1071510     0.0201096
      D3D5S-a0d      0.060     0.054       0.153     0.610     -0.150     0.789      0.563     0.453      0.994     0.163    0.516     0.182   0.589     0.136      0.173     0.01210  -1	   0.0287250     0.0753026
    D3D5S-a100a      0.064     0.034       0.092     0.567      0.327     0.795      0.612     0.596      0.962     0.107    0.464     0.144   0.798     0.187      0.238     0.00933  -1	   0.0495242    -0.0210174
    D3D5S-a100b      0.055     0.062       0.153     0.589      0.022     0.791      0.548     0.625      0.622     0.129    0.500     0.154   0.587     0.137      0.200     0.00911  -1	   0.0745732    -0.0080341
    D3D5S-a100c      0.056     0.046       0.139     0.762     -0.011     0.811      0.589     0.673      0.861     0.116    0.454     0.159   0.855     0.145      0.156     0.00927  -1	  -0.0104951     0.0004893
    D3D5S-a100d      0.059     0.043       0.122     0.550      0.081     0.788      0.628     0.640      0.957     0.126    0.481     0.160   0.744     0.152      0.231     0.00891  -1	   0.0107404     0.0034511
    D3D5S-a101a      0.055     0.058       0.139     0.562      0.007     0.793      0.599     0.649      0.696     0.108    0.483     0.137   0.587     0.134      0.223     0.00897  -1	   0.0595605    -0.0003957
    D3D5S-a101b      0.059     0.041       0.126     0.626      0.167     0.784      0.561     0.546      0.930     0.217    0.583     0.198   0.739     0.170      0.311     0.00888  -1	  -0.0083571    -0.0242482
    D3D5S-a101c      0.059     0.054       0.156     0.628     -0.066     0.795      0.577     0.466      0.996     0.159    0.518     0.177   0.680     0.123      0.173     0.01243  -1	   0.0227108     0.0562754
    D3D5S-a101d      0.054     0.043       0.119     0.537      0.308     0.802      0.667     0.638      0.915     0.104    0.460     0.141   0.737     0.161     -0.043     0.00922  -1	   0.1491115     0.0448122
    D3D5S-a102a      0.055     0.036       0.102     0.548     -0.241     0.800      0.696     0.748      0.913     0.122    0.510     0.143   0.639     0.181      0.111     0.00975  -1	   0.0155952     0.0963276
    D3D5S-a102b      0.057     0.042       0.119     0.566      0.213     0.806      0.687     0.660      0.824     0.104    0.487     0.131   0.767     0.182      0.019     0.00916  -1	   0.0526284     0.0053782
    D3D5S-a102c      0.060     0.037       0.102     0.679      0.191     0.799      0.632     0.580      0.547     0.106    0.495     0.132   0.794     0.199      0.138     0.00862  -1	   0.0287410     0.0017989
    D3D5S-a102d      0.052     0.057       0.160     0.585      0.141     0.810      0.583     0.455      0.176     0.102    0.486     0.130   0.587     0.150      0.396     0.00977  -1	   0.3191664     0.2073702
    D3D5S-a103a      0.058     0.040       0.109     0.716      0.084     0.801      0.618     0.527      0.560     0.109    0.478     0.140   0.841     0.193      0.093     0.01060  -1	   0.0106020     0.0214918
    D3D5S-a103b      0.055     0.049       0.143     0.618      0.232     0.785      0.583     0.463      0.854     0.101    0.463     0.137   0.784     0.138      0.223     0.01183  -1	   0.0707757     0.0233250
    D3D5S-a103c      0.058     0.038       0.109     0.650      0.216     0.804      0.617     0.527      0.923     0.111    0.481     0.143   0.840     0.199      0.116     0.01093  -1	   0.0082698    -0.0164797
    D3D5S-a103d      0.064     0.054       0.153     0.633     -0.007     0.784      0.609     0.508      0.790     0.101    0.478     0.132   0.680     0.120      0.634     0.01362  -1	   0.0345136    -0.0277527
    D3D5S-a104a      0.056     0.068       0.160     0.603     -0.116     0.819      0.472     0.336      0.553     0.109    0.460     0.148   0.589     0.117      0.108     0.01518  -1	   0.1054069     0.1617272
    D3D5S-a104b      0.053     0.057       0.153     0.578     -0.057     0.789      0.617     0.486      0.666     0.098    0.464     0.133   0.554     0.120     -0.047     0.01228  -1	   0.0896218     0.0994189
    D3D5S-a104c      0.061     0.061       0.156     0.596     -0.314     0.832      0.569     0.496      0.205     0.110    0.460     0.149   0.389     0.135     -0.082     0.01831  -1	   0.1756075     0.1446716
    D3D5S-a104d      0.065     0.062       0.150     0.658     -0.089     0.811      0.503     0.415      0.811     0.110    0.471     0.145   0.747     0.126      0.195     0.01991  -1	   0.0480827     0.0648959
    D3D5S-a105a      0.060     0.068       0.167     0.635     -0.608     0.829      0.556     0.477      0.959     0.142    0.497     0.169   0.397     0.113      0.400     0.02402  -1	   0.0847684     0.0805023
    D3D5S-a105b      0.062     0.072       0.163     0.557     -0.066     0.781      0.486     0.465      0.909     0.132    0.534     0.144   0.554     0.128      0.277     0.01855  -1	   0.0569966     0.0690517
    D3D5S-a105c      0.054     0.069       0.163     0.576     -0.092     0.827      0.458     0.331      0.473     0.110    0.488     0.138   0.554     0.127      0.181     0.01518  -1	   0.1153844     0.1878806
    D3D5S-a105d      0.060     0.059       0.143     0.658     -0.583     0.807      0.602     0.471      0.945     0.129    0.497     0.155   0.464     0.148      0.181     0.01303  -1	   0.1362555     0.0882731
    D3D5S-a106a      0.062     0.065       0.160     0.680     -0.588     0.821      0.490     0.441      0.939     0.168    0.525     0.183   0.464     0.112      0.172     0.02309  -1	   0.1214186     0.1216930
    D3D5S-a106b      0.058     0.072       0.163     0.611     -0.525     0.834      0.524     0.451      0.768     0.137    0.509     0.158   0.515     0.118      0.468     0.02312  -1	   0.1005220     0.1115297
    D3D5S-a106c      0.056     0.069       0.160     0.607     -0.058     0.816      0.476     0.349      0.700     0.126    0.490     0.155   0.680     0.121      0.124     0.01525  -1	   0.0739229     0.1096139
    D3D5S-a106d      0.067     0.056       0.133     0.682     -0.468     0.811      0.485     0.444      0.921     0.112    0.480     0.144   0.613     0.152      0.182     0.02208  -1	   0.0912118     0.1389304
    D3D5S-a107a      0.067     0.043       0.122     0.688      0.532     0.800      0.469     0.403      0.895     0.112    0.483     0.142   0.896     0.150      0.381     0.01398  -1	   0.2251133     0.0640184
    D3D5S-a107b      0.064     0.043       0.126     0.710      0.536     0.804      0.504     0.428      0.891     0.110    0.493     0.136   0.921     0.175      0.371     0.01385  -1	   0.2074330     0.0022530
    D3D5S-a107c      0.066     0.043       0.122     0.671      0.504     0.798      0.484     0.417      0.919     0.122    0.495     0.148   0.896     0.172      0.272     0.01356  -1	   0.1764375     0.0248526
    D3D5S-a107d      0.064     0.044       0.129     0.712      0.545     0.806      0.506     0.426      0.548     0.134    0.504     0.158   0.921     0.146      0.404     0.01383  -1	   0.3540942     0.1202334
    D3D5S-a108a      0.063     0.053       0.139     0.699     -0.054     0.813      0.535     0.558      0.370     0.119    0.513     0.138   0.747     0.150      0.272     0.01238  -1	   0.1329634     0.0161566
    D3D5S-a108b      0.062     0.051       0.136     0.601     -0.004     0.811      0.560     0.568      0.539     0.109    0.487     0.137   0.680     0.150      0.260     0.01304  -1	   0.0695350     0.0053004
    D3D5S-a108c      0.062     0.054       0.133     0.709      0.139     0.819      0.510     0.536      0.384     0.119    0.507     0.141   0.834     0.150      0.204     0.01285  -1	   0.1412590    -0.0161464
    D3D5S-a108d      0.061     0.056       0.139     0.703      0.141     0.817      0.511     0.535      0.405     0.110    0.483     0.140   0.834     0.140      0.193     0.01305  -1	   0.1457469    -0.0142495
    D3D5S-a109a      0.061     0.051       0.136     0.650      0.237     0.793      0.544     0.559      0.763     0.121    0.465     0.160   0.854     0.152      0.165     0.01453  -1	   0.0779695    -0.0408974
    D3D5S-a109b      0.062     0.056       0.143     0.693      0.122     0.822      0.515     0.543      0.362     0.121    0.522     0.136   0.780     0.145      0.198     0.01289  -1	   0.1491464    -0.0044950
    D3D5S-a109c      0.059     0.043       0.126     0.702      0.031     0.819      0.577     0.606      0.535     0.111    0.455     0.153   0.805     0.157      0.287     0.01230  -1	   0.0655611    -0.0302660
    D3D5S-a109d      0.059     0.046       0.122     0.586     -0.197     0.815      0.540     0.564      0.797     0.110    0.458     0.149   0.684     0.143      0.156     0.01506  -1	   0.0355139     0.0829639
     D3D5S-a10a      0.062     0.055       0.160     0.688     -0.090     0.786      0.555     0.518      0.971     0.161    0.515     0.181   0.747     0.137      0.077     0.01173  -1	   0.0204992     0.0392930
     D3D5S-a10b      0.059     0.055       0.136     0.648      0.244     0.785      0.571     0.546      0.634     0.118    0.482     0.149   0.787     0.154      0.244     0.01204  -1	   0.1074630    -0.0378615
     D3D5S-a10c      0.056     0.050       0.129     0.716      0.232     0.775      0.637     0.627      0.829     0.128    0.520     0.145   0.864     0.172      0.182     0.01202  -1	   0.0137175    -0.0734624
     D3D5S-a10d      0.067     0.047       0.129     0.619      0.239     0.772      0.535     0.493      0.741     0.146    0.490     0.176   0.784     0.157      0.272     0.01402  -1	   0.0677277     0.0008107
    D3D5S-a110a      0.059     0.046       0.126     0.539     -0.029     0.805      0.607     0.635      0.797     0.106    0.458     0.145   0.717     0.159      0.293     0.00932  -1	   0.0119391    -0.0080830
    D3D5S-a110b      0.057     0.056       0.139     0.638      0.052     0.794      0.581     0.638      0.671     0.136    0.485     0.169   0.738     0.134      0.274     0.00907  -1	   0.0547101    -0.0488640
    D3D5S-a110c      0.058     0.059       0.146     0.623      0.316     0.785      0.513     0.496      0.903     0.144    0.493     0.173   0.853     0.127      0.195     0.00985  -1	   0.1274144    -0.0169191
    D3D5S-a110d      0.062     0.056       0.136     0.679      0.123     0.795      0.566     0.613      0.763     0.123    0.489     0.152   0.780     0.151      0.162     0.00870  -1	   0.0499252    -0.0398191
    D3D5S-a111a      0.058     0.053       0.153     0.502      0.066     0.799      0.572     0.603      0.968     0.205    0.521     0.221   0.459     0.126      0.166     0.00973  -1	   0.0928424     0.0619816
    D3D5S-a111b      0.058     0.044       0.122     0.668      0.089     0.798      0.666     0.750      0.422     0.107    0.462     0.145   0.817     0.154      0.160     0.00935  -1	   0.0836941    -0.0361890
    D3D5S-a111c      0.057     0.044       0.133     0.579     -0.038     0.795      0.606     0.682      0.900     0.117    0.474     0.151   0.778     0.144      0.140     0.00935  -1	   0.0130689     0.0338748
    D3D5S-a111d      0.058     0.054       0.143     0.597     -0.020     0.796      0.628     0.709      0.955     0.131    0.509     0.152   0.554     0.164      0.143     0.00908  -1	   0.0402038     0.0509410
    D3D5S-a112a      0.070     0.052       0.139     0.697      0.346     0.775      0.505     0.508      0.485     0.114    0.491     0.142   0.920     0.136      0.203     0.02577  -1	   0.1845185    -0.0265721
    D3D5S-a112b      0.069     0.047       0.126     0.598      0.300     0.759      0.500     0.443      0.730     0.110    0.473     0.143   0.798     0.131      0.215     0.02277  -1	   0.1016444     0.0593617
    D3D5S-a112c      0.066     0.048       0.139     0.608      0.104     0.776      0.586     0.570      0.985     0.185    0.548     0.187   0.771     0.138      0.249     0.02124  -1	   0.0101915    -0.0084989
    D3D5S-a112d      0.071     0.047       0.122     0.573      0.304     0.766      0.525     0.470      0.466     0.105    0.444     0.150   0.798     0.126      0.215     0.02233  -1	   0.1713634     0.0895659
    D3D5S-a113a      0.059     0.047       0.119     0.663      0.047     0.812      0.536     0.543      0.849     0.124    0.474     0.160   0.781     0.157      0.480     0.01611  -1	  -0.0089126    -0.0321447
    D3D5S-a113b      0.069     0.046       0.122     0.690      0.541     0.799      0.457     0.371      0.876     0.116    0.494     0.143   0.896     0.139      0.284     0.01429  -1	   0.2426819     0.0947966
    D3D5S-a113c      0.059     0.047       0.129     0.603     -0.035     0.819      0.557     0.579      0.807     0.133    0.493     0.162   0.796     0.162      0.369     0.01580  -1	  -0.0180319    -0.0337058
    D3D5S-a113d      0.065     0.058       0.156     0.626     -0.537     0.841      0.559     0.542      0.693     0.115    0.492     0.142   0.515     0.130      0.463     0.01770  -1	   0.1016559     0.0620680
     D3D5S-a11a      0.069     0.044       0.119     0.712     -0.188     0.789      0.569     0.516      0.602     0.128    0.472     0.165   0.781     0.152      0.110     0.01496  -1	   0.0411743     0.0714621
     D3D5S-a11b      0.068     0.053       0.150     0.574      0.138     0.764      0.524     0.456      0.907     0.147    0.510     0.168   0.587     0.131      0.232     0.01921  -1	   0.0664942     0.0661968
     D3D5S-a11c      0.068     0.052       0.136     0.648      0.334     0.770      0.515     0.515      0.525     0.109    0.476     0.142   0.853     0.136      0.240     0.02541  -1	   0.1757132    -0.0103948
     D3D5S-a11d      0.069     0.057       0.163     0.597      0.139     0.796      0.522     0.453      0.281     0.104    0.451     0.146   0.587     0.118      0.234     0.01873  -1	   0.2370902     0.1654827
     D3D5S-a12a      0.069     0.051       0.136     0.668      0.300     0.774      0.507     0.526      0.828     0.114    0.491     0.141   0.920     0.135      0.196     0.02548  -1	   0.0847643    -0.0494171
     D3D5S-a12b      0.067     0.050       0.136     0.671      0.284     0.771      0.507     0.542      0.647     0.105    0.486     0.133   0.872     0.128      0.178     0.02541  -1	   0.1053877    -0.0329242
     D3D5S-a12c      0.068     0.047       0.126     0.675      0.129     0.773      0.567     0.655      0.847     0.121    0.503     0.145   0.827     0.144      0.159     0.02132  -1	   0.0135882    -0.0248647
     D3D5S-a12d      0.071     0.056       0.136     0.675      0.285     0.770      0.525     0.565      0.671     0.112    0.501     0.136   0.892     0.132      0.227     0.02707  -1	   0.1143654    -0.0796102
     D3D5S-a13a      0.068     0.046       0.133     0.642     -0.022     0.765      0.523     0.536      0.704     0.121    0.492     0.148   0.796     0.160      0.116     0.02051  -1	   0.0103073     0.0194393
     D3D5S-a13b      0.067     0.054       0.153     0.575     -0.037     0.758      0.553     0.611      0.756     0.116    0.517     0.133   0.554     0.125      0.307     0.01830  -1	   0.0327191     0.0287381
     D3D5S-a13c      0.063     0.054       0.167     0.736      0.048     0.807      0.557     0.517      0.729     0.122    0.486     0.152   0.834     0.135      0.131     0.01526  -1	   0.0308631    -0.0129312
     D3D5S-a13d      0.068     0.045       0.129     0.620     -0.016     0.805      0.582     0.665      0.707     0.123    0.498     0.148   0.796     0.131      0.591     0.02645  -1	   0.0345372    -0.0909093
     D3D5S-a14a      0.067     0.050       0.136     0.620      0.053     0.765      0.546     0.582      0.926     0.127    0.513     0.147   0.761     0.137      0.111     0.01886  -1	   0.0253100     0.0320169
     D3D5S-a14b      0.070     0.039       0.112     0.690     -0.029     0.780      0.579     0.654      0.993     0.135    0.502     0.160   0.852     0.172      0.298     0.01904  -1	  -0.0651319    -0.0087925
     D3D5S-a14c      0.069     0.046       0.136     0.584     -0.001     0.763      0.618     0.675      0.953     0.122    0.468     0.161   0.778     0.132      0.088     0.01822  -1	   0.0532968     0.0645169
     D3D5S-a14d      0.054     0.060       0.156     0.556      0.157     0.816      0.507     0.465      0.759     0.113    0.470     0.149   0.652     0.125      0.546     0.01367  -1	   0.1113639     0.0318332
     D3D5S-a15a      0.067     0.051       0.156     0.704     -0.005     0.786      0.555     0.616      0.704     0.113    0.471     0.149   0.802     0.135      0.144     0.01757  -1	   0.0312336    -0.0093497
     D3D5S-a15b      0.069     0.043       0.109     0.678      0.038     0.782      0.549     0.542      0.870     0.175    0.541     0.182   0.781     0.149      0.377     0.02296  -1	  -0.0259522    -0.0089739
     D3D5S-a15c      0.069     0.050       0.156     0.657      0.102     0.784      0.488     0.450      0.834     0.114    0.491     0.141   0.827     0.145      0.560     0.01770  -1	   0.0225423    -0.0188133
     D3D5S-a15d      0.069     0.062       0.184     0.512      0.108     0.795      0.425     0.303      0.337     0.116    0.480     0.147   0.434     0.119      0.128     0.65981   1	   0.1847914     0.2715920
     D3D5S-a16a      0.069     0.071       0.184     0.611      0.449     0.809      0.368     0.282      0.025     0.176    0.478     0.216   0.879     0.117      0.149     0.61897   1	   0.4791770     0.3472533
     D3D5S-a16b      0.070     0.060       0.160     0.666      0.438     0.821      0.362     0.253      0.079     0.097    0.447     0.138   0.945     0.117      0.334     0.81556   1	   0.5736150     0.4902056
     D3D5S-a16c      0.068     0.059       0.170     0.720      0.046     0.798      0.377     0.236      0.034     0.118    0.482     0.149   0.834     0.110      0.203     0.73375   1	   0.3418504     0.5122406
     D3D5S-a16d      0.072     0.066       0.167     0.633      0.214     0.793      0.355     0.217      0.167     0.134    0.501     0.159   0.787     0.112      0.257     0.80877   1	   0.3332371     0.4560358
     D3D5S-a17a      0.069     0.061       0.163     0.552      0.105     0.803      0.396     0.285      0.265     0.114    0.452     0.157   0.587     0.113      0.119     0.62974   1	   0.2003275     0.3279960
     D3D5S-a17b      0.070     0.061       0.167     0.576      0.138     0.805      0.422     0.314      0.513     0.116    0.484     0.146   0.587     0.113      0.108     0.61655   1	   0.1461258     0.2092821
     D3D5S-a17c      0.068     0.058       0.139     0.598      0.102     0.801      0.550     0.506      0.414     0.120    0.505     0.143   0.587     0.127      0.137     0.09759  -1	   0.1338521     0.0837958
     D3D5S-a17d      0.070     0.063       0.170     0.531      0.128     0.798      0.394     0.266      0.441     0.119    0.475     0.154   0.434     0.128      0.095     0.67792   1	   0.1687202     0.2754765
     D3D5S-a18a      0.070     0.062       0.177     0.508      0.062     0.812      0.393     0.261      0.771     0.128    0.463     0.169   0.459     0.118      0.119     0.67105   1	   0.1442737     0.2652896
     D3D5S-a18b      0.070     0.062       0.173     0.511      0.080     0.808      0.412     0.284      0.684     0.110    0.470     0.145   0.459     0.119      0.101     0.67032   1	   0.1429473     0.2375845
     D3D5S-a18c      0.071     0.066       0.163     0.617      0.369     0.811      0.355     0.212      0.047     0.117    0.479     0.150   0.831     0.128      0.283     0.80297   1	   0.4958629     0.5445883
     D3D5S-a18d      0.068     0.062       0.170     0.584      0.196     0.793      0.438     0.301      0.045     0.123    0.497     0.149   0.652     0.115      0.109     0.61881   1	   0.2943729     0.3800987
     D3D5S-a19a      0.072     0.060       0.167     0.713      0.015     0.785      0.390     0.260      0.017     0.158    0.515     0.178   0.834     0.111      0.228     0.74272   1	   0.3544047     0.5080053
     D3D5S-a19b      0.070     0.063       0.173     0.513      0.070     0.801      0.409     0.285      0.370     0.116    0.485     0.146   0.459     0.113      0.119     0.63481   1	   0.1646008     0.2966939
     D3D5S-a19c      0.069     0.064       0.167     0.630      0.232     0.804      0.348     0.216      0.096     0.109    0.448     0.152   0.787     0.118      0.283     0.81893   1	   0.4074055     0.5195776
     D3D5S-a19d      0.067     0.054       0.136     0.696      0.210     0.800      0.445     0.507      0.520     0.114    0.467     0.152   0.854     0.135      0.148     0.10370  -1	   0.1276180    -0.0041290
      D3D5S-a1a      0.070     0.051       0.143     0.550      0.472     0.762      0.508     0.504      0.425     0.113    0.498     0.138   0.722     0.148      0.178     0.02478  -1	   0.2534417     0.0493869
      D3D5S-a1b      0.070     0.051       0.139     0.650      0.318     0.772      0.510     0.545      0.339     0.106    0.475     0.139   0.920     0.132      0.178     0.02675  -1	   0.2109200    -0.0280875
      D3D5S-a1c      0.069     0.053       0.139     0.684      0.262     0.776      0.475     0.453      0.973     0.134    0.538     0.144   0.892     0.128      0.251     0.02548  -1	   0.0533324    -0.0130250
      D3D5S-a1d      0.070     0.057       0.139     0.593      0.281     0.777      0.541     0.598      0.431     0.117    0.485     0.147   0.699     0.143      0.272     0.02717  -1	   0.2084224    -0.0204878
     D3D5S-a20a      0.061     0.049       0.122     0.695      0.145     0.801      0.556     0.567      0.616     0.131    0.466     0.172   0.827     0.139      0.179     0.01965  -1	   0.0689623    -0.0177610
     D3D5S-a20b      0.057     0.057       0.136     0.606      0.398     0.810      0.487     0.502      0.942     0.124    0.501     0.148   0.831     0.139      0.105     0.02430  -1	   0.1830323     0.0082442
     D3D5S-a20c      0.060     0.049       0.133     0.565      0.071     0.800      0.572     0.623      0.950     0.165    0.505     0.190   0.744     0.141      0.127     0.02087  -1	   0.0455171     0.0229110
     D3D5S-a20d      0.056     0.057       0.146     0.594      0.388     0.808      0.505     0.506      0.599     0.132    0.493     0.161   0.705     0.142      0.106     0.02337  -1	   0.1959667     0.0255729
     D3D5S-a21a      0.054     0.054       0.150     0.585      0.583     0.802      0.510     0.491      0.251     0.122    0.466     0.161   0.697     0.117      0.088     0.01841  -1	   0.4057380     0.1611221
     D3D5S-a21b      0.057     0.044       0.129     0.666      0.545     0.824      0.537     0.551      0.336     0.112    0.465     0.150   0.896     0.135      0.319     0.01492  -1	   0.4182190     0.0764414
     D3D5S-a21c      0.060     0.047       0.133     0.583     -0.012     0.808      0.592     0.602      0.853     0.110    0.471     0.145   0.778     0.148      0.071     0.02721  -1	   0.0370794     0.0314582
     D3D5S-a21d      0.055     0.057       0.139     0.565      0.472     0.807      0.540     0.568      0.938     0.132    0.472     0.169   0.722     0.147      0.062     0.02457  -1	   0.2723169     0.0350892
     D3D5S-a22a      0.060     0.051       0.143     0.427     -0.078     0.777      0.618     0.660      0.930     0.162    0.511     0.184   0.000     0.123      0.054     0.01968  -1	   0.1358392     0.0906782
     D3D5S-a22b      0.058     0.052       0.146     0.576      0.147     0.803      0.549     0.651      0.816     0.106    0.465     0.142   0.587     0.128      0.040     0.01572  -1	   0.1133024     0.0771364
     D3D5S-a22c      0.058     0.045       0.133     0.632      0.469     0.779      0.568     0.656      0.859     0.130    0.474     0.166   0.836     0.159      0.029     0.01404  -1	   0.1793475    -0.0084488
     D3D5S-a22d      0.057     0.056       0.150     0.640      0.528     0.798      0.501     0.593      0.178     0.095    0.464     0.130   0.842     0.140      0.133     0.01552  -1	   0.4095443    -0.0053935
     D3D5S-a23a      0.056     0.050       0.150     0.641      0.163     0.797      0.532     0.616      0.906     0.121    0.476     0.156   0.739     0.132      0.073     0.01623  -1	   0.0768788     0.0413742
     D3D5S-a23b      0.055     0.049       0.136     0.654      0.453     0.774      0.567     0.676      0.961     0.126    0.508     0.148   0.891     0.161      0.129     0.01502  -1	   0.1378170    -0.0649644
     D3D5S-a23c      0.058     0.047       0.129     0.601      0.315     0.782      0.557     0.542      0.868     0.131    0.503     0.154   0.816     0.142      0.253     0.01152  -1	   0.0788787    -0.0247466
     D3D5S-a23d      0.055     0.042       0.126     0.531      0.283     0.804      0.567     0.556      0.729     0.104    0.472     0.137   0.737     0.172      0.090     0.01534  -1	   0.0820197     0.0058334
     D3D5S-a24a      0.056     0.044       0.122     0.681      0.319     0.798      0.554     0.660      0.851     0.099    0.445     0.141   0.872     0.193      0.025     0.01511  -1	   0.0856937    -0.0355810
     D3D5S-a24b      0.057     0.063       0.150     0.713      0.592     0.792      0.457     0.532      0.472     0.111    0.476     0.143   0.944     0.121      0.310     0.01523  -1	   0.4506649    -0.0269028
     D3D5S-a24c      0.055     0.050       0.139     0.566      0.122     0.798      0.559     0.651      0.669     0.127    0.462     0.169   0.753     0.142      0.015     0.01595  -1	   0.0652323    -0.0061801
     D3D5S-a24d      0.053     0.052       0.146     0.542      0.166     0.796      0.563     0.640      0.894     0.107    0.447     0.152   0.499     0.135      0.047     0.01592  -1	   0.1441102     0.0987476
     D3D5S-a25a      0.060     0.053       0.153     0.638     -0.134     0.785      0.606     0.499      0.982     0.161    0.516     0.180   0.589     0.132      0.173     0.01224  -1	   0.0196283     0.0553117
     D3D5S-a25b      0.058     0.054       0.150     0.608     -0.061     0.789      0.597     0.496      0.972     0.146    0.530     0.159   0.680     0.125      0.158     0.01237  -1	   0.0194460     0.0502550
     D3D5S-a25c      0.053     0.046       0.126     0.658      0.123     0.796      0.603     0.704      0.822     0.099    0.468     0.133   0.827     0.150     -0.112     0.01518  -1	   0.0559440     0.0443729
     D3D5S-a25d      0.058     0.055       0.146     0.561      0.645     0.816      0.482     0.527      0.417     0.108    0.469     0.143   0.703     0.130      0.102     0.01555  -1	   0.4354781     0.1008626
     D3D5S-a26a      0.058     0.058       0.146     0.619      0.535     0.776      0.493     0.417      0.920     0.131    0.525     0.146   0.842     0.154      0.116     0.01230  -1	   0.2354037     0.0064150
     D3D5S-a26b      0.064     0.050       0.136     0.654      0.162     0.770      0.602     0.559      0.780     0.151    0.477     0.189   0.794     0.147      0.300     0.01261  -1	   0.0472632    -0.0359507
     D3D5S-a26c      0.064     0.049       0.139     0.660      0.128     0.781      0.620     0.586      0.682     0.133    0.471     0.171   0.827     0.146      0.248     0.01261  -1	   0.0521998    -0.0347191
     D3D5S-a26d      0.061     0.050       0.133     0.572      0.266     0.791      0.564     0.510      0.704     0.121    0.491     0.149   0.798     0.172      0.247     0.01194  -1	   0.0795116    -0.0318096
     D3D5S-a27a      0.058     0.055       0.146     0.597     -0.133     0.782      0.586     0.486      0.978     0.159    0.517     0.177   0.463     0.127      0.128     0.01221  -1	   0.0541780     0.0792890
     D3D5S-a27b      0.061     0.057       0.160     0.598     -0.150     0.788      0.581     0.520      1.000     0.160    0.520     0.177   0.463     0.127      0.177     0.01214  -1	   0.0482284     0.0661529
     D3D5S-a27c      0.062     0.056       0.153     0.602     -0.192     0.784      0.589     0.519      1.000     0.157    0.591     0.143   0.664     0.130      0.250     0.01214  -1	  -0.0121773     0.0560436
     D3D5S-a27d      0.062     0.052       0.143     0.636     -0.196     0.791      0.596     0.473      1.000     0.196    0.591     0.176   0.664     0.144      0.173     0.01209  -1	  -0.0062987     0.0650666
     D3D5S-a28a      0.059     0.044       0.126     0.725     -0.404     0.791      0.671     0.666      0.627     0.100    0.470     0.133   0.664     0.184      0.342     0.01126  -1	   0.0784365     0.0317714
     D3D5S-a28b      0.061     0.046       0.122     0.709     -0.260     0.798      0.681     0.652      0.317     0.098    0.475     0.129   0.750     0.169      0.252     0.01116  -1	   0.1712643     0.0726124
     D3D5S-a28c      0.058     0.055       0.153     0.601     -0.164     0.788      0.586     0.480      0.989     0.179    0.571     0.172   0.664     0.132      0.128     0.01214  -1	   0.0163432     0.0670018
     D3D5S-a28d      0.069     0.045       0.136     0.688     -0.147     0.780      0.626     0.532      0.914     0.118    0.507     0.139   0.788     0.137      0.340     0.01297  -1	  -0.0435325     0.0199694
     D3D5S-a29a      0.071     0.052       0.136     0.677      0.333     0.770      0.513     0.534      0.945     0.122    0.528     0.136   0.920     0.130      0.189     0.02595  -1	   0.0849440    -0.0540109
     D3D5S-a29b      0.069     0.043       0.129     0.578      0.084     0.781      0.554     0.564      0.918     0.122    0.485     0.153   0.744     0.145      0.293     0.02078  -1	   0.0062761     0.0226550
     D3D5S-a29c      0.071     0.061       0.163     0.574      0.163     0.791      0.511     0.467      0.805     0.118    0.490     0.146   0.652     0.105      0.354     0.01897  -1	   0.1155430     0.0511817
     D3D5S-a29d      0.067     0.051       0.146     0.541      0.014     0.759      0.582     0.645      0.726     0.111    0.513     0.130   0.434     0.126      0.216     0.01790  -1	   0.0532171     0.0538851
      D3D5S-a2a      0.070     0.055       0.139     0.674      0.215     0.770      0.536     0.580      0.975     0.147    0.558     0.147   0.854     0.131      0.191     0.02661  -1	   0.0426478    -0.0463836
      D3D5S-a2b      0.070     0.052       0.136     0.660      0.349     0.779      0.533     0.580      0.773     0.123    0.506     0.145   0.920     0.142      0.218     0.02650  -1	   0.1128953    -0.0891664
      D3D5S-a2c      0.070     0.053       0.139     0.658      0.259     0.777      0.527     0.552      0.749     0.114    0.516     0.132   0.892     0.130      0.231     0.02600  -1	   0.0782160    -0.0674230
      D3D5S-a2d      0.069     0.053       0.139     0.722      0.270     0.771      0.483     0.502      0.442     0.119    0.505     0.141   0.946     0.135      0.169     0.02579  -1	   0.1486974    -0.0400270
     D3D5S-a30a      0.068     0.052       0.167     0.533      0.189     0.781      0.488     0.468      0.495     0.126    0.512     0.146   0.499     0.142      0.554     0.01828  -1	   0.2095890     0.0993440
     D3D5S-a30b      0.067     0.056       0.153     0.726      0.058     0.794      0.515     0.471      0.876     0.124    0.507     0.146   0.859     0.120      0.117     0.01837  -1	   0.0245623     0.0081537
     D3D5S-a30c      0.069     0.060       0.163     0.570      0.216     0.799      0.490     0.467      0.744     0.119    0.518     0.136   0.661     0.105      0.403     0.01908  -1	   0.1403704     0.0510238
     D3D5S-a30d      0.066     0.053       0.160     0.715      0.083     0.775      0.557     0.592      0.361     0.119    0.499     0.144   0.859     0.125      0.603     0.01762  -1	   0.3047897    -0.0688460
     D3D5S-a31a      0.067     0.050       0.143     0.663      0.059     0.762      0.547     0.584      0.898     0.132    0.494     0.160   0.817     0.131      0.088     0.01874  -1	   0.0262275     0.0194791
     D3D5S-a31b      0.067     0.049       0.143     0.625     -0.034     0.769      0.544     0.593      0.941     0.137    0.498     0.164   0.796     0.129      0.067     0.01895  -1	   0.0332732     0.0586354
     D3D5S-a31c      0.065     0.049       0.163     0.625      0.058     0.771      0.646     0.791      0.702     0.103    0.478     0.134   0.761     0.117      0.138     0.02065  -1	   0.0447678     0.0207872
     D3D5S-a31d      0.070     0.050       0.122     0.694      0.122     0.770      0.528     0.572      0.962     0.138    0.497     0.166   0.827     0.148      0.222     0.02154  -1	   0.0109472    -0.0153268
     D3D5S-a32a      0.070     0.049       0.129     0.680      0.305     0.770      0.500     0.435      0.423     0.115    0.473     0.150   0.872     0.140      0.202     0.02229  -1	   0.1816150     0.0798818
     D3D5S-a32b      0.069     0.045       0.126     0.573      0.246     0.770      0.571     0.599      0.941     0.131    0.493     0.160   0.767     0.159      0.287     0.02123  -1	   0.0460211    -0.0266875
     D3D5S-a32c      0.066     0.055       0.160     0.749      0.086     0.805      0.508     0.463      0.589     0.112    0.504     0.134   0.859     0.119      0.108     0.01838  -1	   0.0598702     0.0124311
     D3D5S-a32d      0.069     0.044       0.129     0.619      0.064     0.779      0.615     0.693      0.947     0.113    0.489     0.141   0.761     0.144      0.142     0.01994  -1	   0.0222571     0.0375889
     D3D5S-a33a      0.070     0.061       0.170     0.708      0.148     0.800      0.352     0.207      0.085     0.131    0.503     0.154   0.834     0.115      0.229     0.75133   1	   0.3476511     0.5120685
     D3D5S-a33b      0.068     0.056       0.136     0.661     -0.118     0.777      0.526     0.557      0.365     0.130    0.448     0.179   0.656     0.159      0.275     0.11017  -1	   0.1724100     0.0593288
     D3D5S-a33c      0.065     0.050       0.119     0.614      0.310     0.796      0.551     0.583      0.726     0.143    0.524     0.159   0.816     0.146      0.049     0.04412  -1	   0.0921023    -0.0373107
     D3D5S-a33d      0.067     0.067       0.153     0.615     -0.356     0.807      0.541     0.638      0.661     0.112    0.473     0.147   0.471     0.120      0.213     0.06959  -1	   0.1198866     0.0582906
     D3D5S-a34a      0.068     0.061       0.146     0.595      0.314     0.796      0.531     0.448      0.514     0.140    0.510     0.162   0.727     0.112      0.280     0.23798   1	   0.2197572     0.0813746
     D3D5S-a34b      0.067     0.058       0.139     0.599      0.101     0.809      0.557     0.514      0.451     0.111    0.463     0.149   0.587     0.130      0.137     0.09822  -1	   0.1412561     0.0754213
     D3D5S-a34c      0.067     0.064       0.150     0.664      0.183     0.805      0.430     0.325      0.667     0.116    0.476     0.150   0.845     0.114      0.090     0.19816  -1	   0.1185844     0.1035242
     D3D5S-a34d      0.063     0.058       0.133     0.688      0.377     0.780      0.437     0.431      0.252     0.119    0.498     0.145   0.898     0.128      0.191     0.05264  -1	   0.2967928     0.0885159
     D3D5S-a35a      0.068     0.061       0.173     0.556      0.096     0.801      0.369     0.242      0.869     0.116    0.467     0.153   0.612     0.119      0.096     0.65507   1	   0.1331438     0.2616291
     D3D5S-a35b      0.071     0.062       0.163     0.560      0.090     0.798      0.401     0.291      0.268     0.116    0.478     0.149   0.612     0.111      0.119     0.62601   1	   0.1895608     0.3153478
     D3D5S-a35c      0.068     0.063       0.177     0.533      0.164     0.798      0.436     0.303      0.180     0.100    0.483     0.129   0.499     0.110      0.109     0.64579   1	   0.2434782     0.3250272
     D3D5S-a35d      0.070     0.063       0.180     0.532      0.216     0.798      0.404     0.263      0.066     0.113    0.465     0.150   0.508     0.112      0.090     0.64535   1	   0.3015995     0.4127087
     D3D5S-a36a      0.069     0.061       0.167     0.524      0.133     0.807      0.412     0.309      0.209     0.116    0.450     0.161   0.434     0.112      0.119     0.63526   1	   0.2306396     0.3284673
     D3D5S-a36b      0.067     0.063       0.173     0.534      0.176     0.799      0.384     0.257      0.210     0.110    0.473     0.144   0.499     0.125      0.093     0.68178   1	   0.2302171     0.3514576
     D3D5S-a36c      0.068     0.063       0.173     0.593      0.220     0.810      0.396     0.274      0.153     0.104    0.491     0.130   0.661     0.110      0.102     0.62308   1	   0.2690301     0.3467026
     D3D5S-a36d      0.069     0.060       0.167     0.534      0.077     0.807      0.418     0.302      0.636     0.116    0.457     0.157   0.459     0.119      0.123     0.63387   1	   0.1371469     0.2298400
     D3D5S-a37a      0.069     0.065       0.163     0.633      0.160     0.792      0.375     0.250      0.110     0.112    0.457     0.152   0.778     0.127      0.060     0.78060   1	   0.2598739     0.3517722
     D3D5S-a37b      0.065     0.050       0.136     0.657      0.270     0.796      0.457     0.452      0.491     0.120    0.479     0.153   0.872     0.128      0.200     0.12306  -1	   0.1481787     0.0458838
     D3D5S-a37c      0.063     0.060       0.167     0.572      0.161     0.784      0.457     0.419      0.392     0.162    0.544     0.168   0.652     0.137      0.189     0.42090   1	   0.1442026     0.1058838
     D3D5S-a37d      0.066     0.053       0.136     0.692      0.167     0.808      0.447     0.481      0.487     0.119    0.493     0.146   0.845     0.133      0.163     0.11402  -1	   0.1120295     0.0183774
     D3D5S-a38a      0.057     0.046       0.129     0.652      0.302     0.790      0.567     0.615      0.971     0.117    0.492     0.144   0.872     0.134      0.042     0.01833  -1	   0.0972324     0.0016274
     D3D5S-a38b      0.057     0.056       0.146     0.451      0.070     0.785      0.555     0.603      0.712     0.112    0.479     0.144   0.341     0.130      0.130     0.05225  -1	   0.1053243     0.0781702
     D3D5S-a38c      0.054     0.057       0.173     0.648      0.148     0.803      0.497     0.460      1.000     0.196    0.640     0.152   0.713     0.114     -0.074     0.02769  -1	   0.0845641     0.0573993
     D3D5S-a38d      0.051     0.052       0.163     0.704      0.292     0.783      0.488     0.444      0.375     0.118    0.476     0.152   0.946     0.124      0.238     0.03250  -1	   0.2049563     0.0404835
     D3D5S-a39a      0.054     0.045       0.129     0.619     -0.085     0.819      0.606     0.636      0.511     0.120    0.477     0.154   0.756     0.140      0.077     0.02887  -1	   0.0293512     0.0021992
     D3D5S-a39b      0.055     0.054       0.167     0.587     -0.107     0.776      0.585     0.607      0.565     0.117    0.494     0.144   0.463     0.118      0.183     0.02669  -1	   0.0641353     0.0462390
     D3D5S-a39c      0.059     0.049       0.133     0.585      0.206     0.805      0.551     0.613      0.827     0.122    0.503     0.145   0.767     0.158      0.034     0.01721  -1	   0.0688495    -0.0074701
     D3D5S-a39d      0.057     0.047       0.126     0.598      0.191     0.812      0.571     0.641      0.784     0.112    0.484     0.141   0.721     0.157      0.034     0.01709  -1	   0.0702523     0.0095420
      D3D5S-a3a      0.073     0.045       0.119     0.619      0.070     0.801      0.582     0.583      0.667     0.110    0.482     0.140   0.761     0.140      0.111     0.02472  -1	   0.0455284     0.0219769
      D3D5S-a3b      0.064     0.055       0.139     0.562      0.268     0.799      0.522     0.510      0.563     0.118    0.485     0.148   0.699     0.160      0.071     0.05471  -1	   0.1275292     0.0132217
      D3D5S-a3c      0.067     0.047       0.129     0.523      0.126     0.772      0.562     0.609      0.715     0.131    0.483     0.164   0.692     0.158      0.161     0.03055  -1	   0.0502654     0.0031682
      D3D5S-a3d      0.069     0.054       0.136     0.657      0.375     0.773      0.548     0.598      0.506     0.107    0.495     0.133   0.898     0.142      0.229     0.02664  -1	   0.1929822    -0.0888485
     D3D5S-a40a      0.060     0.040       0.133     0.598     -0.024     0.801      0.644     0.643      0.897     0.118    0.480     0.150   0.778     0.150      0.080     0.01937  -1	   0.0123942     0.0438926
     D3D5S-a40b      0.059     0.045       0.116     0.660      0.340     0.793      0.533     0.599      0.736     0.118    0.478     0.151   0.872     0.179      0.147     0.01825  -1	   0.0814953    -0.0747070
     D3D5S-a40c      0.057     0.045       0.136     0.643      0.524     0.814      0.546     0.574      0.289     0.108    0.480     0.139   0.841     0.144      0.250     0.01530  -1	   0.3799442     0.0565093
     D3D5S-a40d      0.059     0.047       0.126     0.589      0.159     0.817      0.566     0.636      0.777     0.111    0.484     0.141   0.721     0.150      0.034     0.01702  -1	   0.0663818     0.0160883
     D3D5S-a41a      0.056     0.042       0.122     0.514      0.203     0.820      0.618     0.692      0.611     0.097    0.466     0.130   0.705     0.168      0.027     0.01467  -1	   0.0706126    -0.0140925
     D3D5S-a41b      0.055     0.051       0.150     0.584      0.113     0.800      0.534     0.647      0.824     0.117    0.496     0.142   0.587     0.152      0.020     0.01543  -1	   0.0770577     0.0620096
     D3D5S-a41c      0.054     0.047       0.146     0.596     -0.127     0.788      0.559     0.609      0.923     0.129    0.479     0.164   0.714     0.147      0.210     0.01100  -1	  -0.0018710     0.0452311
     D3D5S-a41d      0.057     0.047       0.143     0.543      0.118     0.798      0.581     0.602      0.679     0.105    0.465     0.141   0.692     0.152      0.055     0.01220  -1	   0.0640176     0.0183586
     D3D5S-a42a      0.056     0.041       0.122     0.684     -0.203     0.788      0.583     0.649      0.957     0.119    0.490     0.147   0.773     0.175      0.137     0.01065  -1	  -0.0220795     0.0648416
     D3D5S-a42b      0.050     0.059       0.146     0.658      0.213     0.778      0.546     0.537      0.935     0.104    0.488     0.132   0.854     0.119      0.132     0.00967  -1	   0.0704334    -0.0232138
     D3D5S-a42c      0.053     0.051       0.133     0.596      0.343     0.781      0.595     0.631      0.862     0.118    0.456     0.161   0.727     0.139      0.218     0.01116  -1	   0.1340424    -0.0104475
     D3D5S-a42d      0.049     0.059       0.146     0.629      0.154     0.780      0.576     0.577      0.969     0.121    0.475     0.155   0.778     0.121      0.118     0.00964  -1	   0.0795258     0.0070722
     D3D5S-a43a      0.061     0.057       0.150     0.608     -0.139     0.777      0.587     0.526      0.994     0.144    0.528     0.157   0.589     0.130      0.231     0.01207  -1	   0.0167281     0.0526330
     D3D5S-a43b      0.053     0.059       0.143     0.697      0.239     0.780      0.523     0.516      0.927     0.112    0.491     0.139   0.854     0.128      0.149     0.00966  -1	   0.0727985    -0.0315748
     D3D5S-a43c      0.050     0.060       0.150     0.648      0.180     0.781      0.540     0.538      0.914     0.098    0.475     0.129   0.778     0.130      0.113     0.00971  -1	   0.0789554    -0.0013733
     D3D5S-a43d      0.063     0.051       0.150     0.607     -0.008     0.783      0.577     0.529      0.848     0.156    0.485     0.189   0.680     0.136      0.255     0.01141  -1	   0.0225527     0.0207016
     D3D5S-a44a      0.054     0.052       0.136     0.626      0.526     0.804      0.522     0.585      0.753     0.107    0.485     0.136   0.842     0.165     -0.016     0.01675  -1	   0.2293699    -0.0372951
     D3D5S-a44b      0.060     0.049       0.129     0.725      0.402     0.787      0.572     0.540      0.744     0.138    0.551     0.143   0.902     0.159      0.237     0.01211  -1	   0.1183399    -0.0689171
     D3D5S-a44c      0.057     0.055       0.153     0.673      0.246     0.773      0.622     0.588      0.911     0.149    0.507     0.172   0.854     0.140      0.258     0.01251  -1	   0.0585873    -0.0642167
     D3D5S-a44d      0.060     0.049       0.133     0.691      0.203     0.791      0.637     0.620      0.502     0.106    0.483     0.135   0.840     0.170      0.190     0.01201  -1	   0.0967818    -0.0350675
     D3D5S-a45a      0.057     0.055       0.153     0.600     -0.119     0.790      0.594     0.476      1.000     0.174    0.544     0.179   0.589     0.132      0.128     0.01222  -1	   0.0341977     0.0655744
     D3D5S-a45b      0.061     0.053       0.146     0.626     -0.181     0.784      0.603     0.482      0.992     0.172    0.524     0.188   0.664     0.140      0.173     0.01214  -1	   0.0161685     0.0601803
     D3D5S-a45c      0.061     0.059       0.160     0.583     -0.062     0.793      0.590     0.536      0.927     0.163    0.474     0.203   0.554     0.130      0.197     0.01220  -1	   0.0641238     0.0382374
     D3D5S-a45d      0.059     0.054       0.153     0.627     -0.138     0.784      0.594     0.481      0.995     0.168    0.566     0.164   0.589     0.132      0.128     0.01220  -1	   0.0171368     0.0677820
     D3D5S-a46a      0.059     0.054       0.146     0.587     -0.142     0.796      0.588     0.486      0.979     0.157    0.513     0.177   0.463     0.130      0.173     0.01213  -1	   0.0449054     0.0740128
     D3D5S-a46b      0.060     0.053       0.139     0.676      0.232     0.777      0.554     0.509      0.743     0.154    0.500     0.180   0.854     0.145      0.285     0.01262  -1	   0.0727395    -0.0444691
     D3D5S-a46c      0.058     0.044       0.122     0.703      0.158     0.786      0.586     0.537      0.687     0.129    0.497     0.156   0.819     0.155      0.250     0.01211  -1	   0.0276735    -0.0187785
     D3D5S-a46d      0.059     0.051       0.133     0.694      0.232     0.789      0.601     0.579      0.790     0.115    0.472     0.150   0.854     0.158      0.224     0.01207  -1	   0.0601561    -0.0565046
     D3D5S-a47a      0.061     0.049       0.129     0.609      0.138     0.778      0.605     0.569      0.432     0.109    0.460     0.147   0.771     0.155      0.184     0.01188  -1	   0.1091663     0.0137134
     D3D5S-a47b      0.062     0.053       0.146     0.627     -0.145     0.793      0.586     0.481      1.000     0.175    0.535     0.185   0.589     0.145      0.173     0.01195  -1	   0.0185720     0.0588627
     D3D5S-a47c      0.066     0.046       0.126     0.615      0.245     0.802      0.525     0.397      0.520     0.101    0.470     0.135   0.784     0.170      0.363     0.01132  -1	   0.1453330     0.1066761
     D3D5S-a47d      0.060     0.055       0.150     0.595     -0.198     0.788      0.578     0.499      1.000     0.164    0.587     0.150   0.538     0.129      0.231     0.01214  -1	   0.0040533     0.0773836
     D3D5S-a48a      0.063     0.068       0.160     0.632      0.163     0.808      0.547     0.457      0.180     0.110    0.511     0.129   0.778     0.126      0.386     0.01468  -1	   0.3644410     0.1470947
     D3D5S-a48b      0.060     0.066       0.184     0.558      0.171     0.772      0.471     0.438      0.220     0.106    0.492     0.133   0.652     0.118      0.146     0.01534  -1	   0.2259409     0.1239271
     D3D5S-a48c      0.053     0.062       0.160     0.578      0.171     0.808      0.464     0.405      0.378     0.088    0.442     0.130   0.652     0.118      0.783     0.01411  -1	   0.3956226     0.1980186
     D3D5S-a48d      0.067     0.047       0.129     0.637      0.244     0.793      0.496     0.347      0.669     0.113    0.524     0.128   0.784     0.177      0.344     0.01142  -1	   0.0751421     0.0833857
     D3D5S-a49a      0.059     0.067       0.184     0.562      0.187     0.762      0.488     0.462      0.635     0.144    0.530     0.157   0.652     0.117      0.308     0.01541  -1	   0.1330743     0.0251023
     D3D5S-a49b      0.062     0.057       0.153     0.639      0.177     0.781      0.505     0.545      0.672     0.105    0.474     0.138   0.778     0.124      0.241     0.01518  -1	   0.0983495    -0.0171482
     D3D5S-a49c      0.063     0.056       0.146     0.557      0.069     0.793      0.542     0.565      0.917     0.109    0.497     0.134   0.612     0.127      0.258     0.01502  -1	   0.0549666     0.0422257
     D3D5S-a49d      0.061     0.066       0.180     0.565      0.222     0.761      0.467     0.428      0.348     0.114    0.462     0.153   0.661     0.118      0.105     0.01558  -1	   0.2010346     0.0992712
      D3D5S-a4a      0.069     0.046       0.119     0.565      0.275     0.767      0.522     0.488      0.904     0.123    0.500     0.148   0.798     0.148      0.203     0.02463  -1	   0.0639710     0.0221261
      D3D5S-a4b      0.069     0.058       0.136     0.663     -0.092     0.782      0.520     0.567      0.635     0.132    0.480     0.166   0.747     0.161      0.304     0.11291  -1	   0.0635535    -0.0150406
      D3D5S-a4c      0.067     0.050       0.143     0.637      0.136     0.777      0.565     0.552      0.798     0.147    0.469     0.189   0.771     0.122      0.240     0.02148  -1	   0.0593407     0.0045279
      D3D5S-a4d      0.069     0.062       0.180     0.606      0.227     0.795      0.371     0.256      0.629     0.116    0.474     0.150   0.787     0.114      0.168     0.63224   1	   0.1557955     0.2092290
     D3D5S-a50a      0.071     0.044       0.126     0.570      0.085     0.775      0.626     0.718      0.882     0.114    0.511     0.134   0.744     0.160      0.142     0.01986  -1	   0.0162123     0.0104332
     D3D5S-a50b      0.063     0.056       0.170     0.671      0.135     0.773      0.544     0.653      0.876     0.122    0.509     0.143   0.780     0.114      0.303     0.01844  -1	   0.0415826    -0.0377894
     D3D5S-a50c      0.060     0.054       0.163     0.601      0.057     0.772      0.532     0.540      0.517     0.098    0.473     0.130   0.738     0.125      0.069     0.01556  -1	   0.0764382     0.0253162
     D3D5S-a50d      0.062     0.059       0.160     0.614      0.376     0.762      0.556     0.582      0.500     0.113    0.502     0.136   0.831     0.124      0.476     0.01542  -1	   0.2846933    -0.0809549
     D3D5S-a51a      0.063     0.034       0.085     0.594      0.344     0.809      0.572     0.619      0.838     0.101    0.447     0.143   0.798     0.223      0.147     0.02331  -1	   0.0622591    -0.0357956
     D3D5S-a51b      0.063     0.034       0.092     0.635      0.358     0.819      0.571     0.622      0.878     0.099    0.458     0.137   0.848     0.231      0.122     0.02322  -1	   0.0602499    -0.0524752
     D3D5S-a51c      0.066     0.032       0.085     0.530      0.324     0.805      0.591     0.631      0.848     0.132    0.520     0.149   0.737     0.240      0.139     0.02385  -1	   0.0215538    -0.0536549
     D3D5S-a51d      0.065     0.033       0.092     0.628      0.399     0.816      0.547     0.595      0.832     0.119    0.493     0.146   0.848     0.231      0.143     0.02366  -1	   0.0611397    -0.0661317
     D3D5S-a52a      0.065     0.043       0.102     0.673      0.299     0.813      0.586     0.644      0.803     0.111    0.476     0.144   0.872     0.188      0.076     0.02359  -1	   0.0648810    -0.0582435
     D3D5S-a52b      0.067     0.030       0.088     0.739      0.268     0.798      0.579     0.608      0.746     0.104    0.443     0.149   0.896     0.263      0.091     0.02590  -1	  -0.0018159    -0.0642111
     D3D5S-a52c      0.068     0.032       0.082     0.731      0.152     0.824      0.528     0.545      0.463     0.125    0.500     0.149   0.819     0.225     -0.009     0.02512  -1	   0.0130520     0.0052458
     D3D5S-a52d      0.064     0.034       0.092     0.642      0.368     0.820      0.556     0.602      0.851     0.106    0.459     0.145   0.848     0.223      0.147     0.02339  -1	   0.0681684    -0.0480785
     D3D5S-a53a      0.065     0.065       0.167     0.588      0.218     0.796      0.458     0.347      0.500     0.124    0.509     0.145   0.661     0.107      0.176     0.20705  -1	   0.1744223     0.1585273
     D3D5S-a53b      0.065     0.063       0.153     0.603      0.283     0.807      0.494     0.408      0.902     0.117    0.488     0.147   0.825     0.112      0.078     0.17556  -1	   0.1664966     0.0556302
     D3D5S-a53c      0.068     0.065       0.156     0.649      0.169     0.795      0.482     0.363      0.265     0.175    0.528     0.188   0.778     0.100      0.281     0.23633   1	   0.2679510     0.2332016
     D3D5S-a53d      0.064     0.052       0.133     0.649     -0.207     0.799      0.549     0.544      0.597     0.150    0.491     0.180   0.570     0.147      0.118     0.09210  -1	   0.0604748     0.0664174
     D3D5S-a54a      0.068     0.061       0.170     0.546      0.067     0.799      0.428     0.285      0.191     0.117    0.482     0.148   0.459     0.120      0.109     0.62423   1	   0.2073678     0.3495312
     D3D5S-a54b      0.064     0.062       0.146     0.600      0.246     0.808      0.449     0.352      0.767     0.127    0.472     0.165   0.787     0.122      0.090     0.19627  -1	   0.1431963     0.1050532
     D3D5S-a54c      0.070     0.060       0.170     0.571      0.290     0.799      0.390     0.279      0.218     0.108    0.493     0.134   0.699     0.129      0.150     0.60602   1	   0.2721597     0.3104606
     D3D5S-a54d      0.067     0.062       0.177     0.508      0.159     0.800      0.412     0.281      0.144     0.101    0.462     0.138   0.499     0.112      0.123     0.63014   1	   0.2569167     0.3752413
     D3D5S-a55a      0.068     0.063       0.173     0.655      0.148     0.795      0.409     0.336      0.465     0.104    0.480     0.134   0.780     0.113      0.166     0.57039   1	   0.1571101     0.1436048
     D3D5S-a55b      0.068     0.063       0.173     0.561      0.138     0.800      0.401     0.285      0.298     0.105    0.478     0.136   0.587     0.112      0.119     0.65549   1	   0.1988707     0.2946776
     D3D5S-a55c      0.063     0.069       0.187     0.564      0.255     0.804      0.433     0.331      0.279     0.151    0.515     0.171   0.699     0.091      0.130     0.20026  -1	   0.2417497     0.2193228
     D3D5S-a55d      0.070     0.064       0.156     0.642      0.250     0.792      0.455     0.338      0.299     0.180    0.488     0.214   0.825     0.102      0.281     0.23292   1	   0.2874429     0.2411284
     D3D5S-a56a      0.066     0.052       0.139     0.653      0.171     0.802      0.468     0.489      0.623     0.103    0.465     0.138   0.845     0.121      0.163     0.12464  -1	   0.0946217     0.0250421
     D3D5S-a56b      0.069     0.065       0.163     0.626      0.218     0.803      0.342     0.208      0.179     0.112    0.465     0.149   0.787     0.116      0.283     0.81729   1	   0.3471632     0.4812767
     D3D5S-a56c      0.070     0.066       0.167     0.647      0.066     0.809      0.374     0.244      0.155     0.116    0.462     0.155   0.738     0.115      0.283     0.81053   1	   0.3227999     0.4490431
     D3D5S-a56d      0.070     0.067       0.167     0.626      0.228     0.803      0.319     0.179      0.104     0.111    0.451     0.154   0.787     0.123      0.283     0.81420   1	   0.4054408     0.5668771
     D3D5S-a57a      0.060     0.046       0.133     0.630     -0.020     0.789      0.576     0.499      0.794     0.114    0.491     0.142   0.796     0.137      0.092     0.02761  -1	   0.0074160     0.0450398
     D3D5S-a57b      0.069     0.064       0.163     0.639      0.260     0.801      0.335     0.196      0.062     0.103    0.460     0.140   0.825     0.114      0.303     0.79947   1	   0.4517115     0.5877539
     D3D5S-a57c      0.055     0.048       0.136     0.621     -0.082     0.788      0.623     0.609      0.836     0.110    0.449     0.154   0.756     0.129      0.107     0.02689  -1	   0.0339994     0.0453554
     D3D5S-a57d      0.047     0.065       0.177     0.651     -0.322     0.769      0.577     0.579      0.988     0.154    0.534     0.165   0.582     0.105      0.053     0.03419  -1	   0.0707457     0.0901134
     D3D5S-a58a      0.059     0.046       0.133     0.687      0.000     0.799      0.554     0.471      0.872     0.118    0.471     0.154   0.781     0.156      0.030     0.02775  -1	   0.0201540     0.0514295
     D3D5S-a58b      0.059     0.054       0.136     0.664      0.347     0.774      0.548     0.604      0.867     0.125    0.490     0.154   0.920     0.158      0.019     0.01165  -1	   0.1023013    -0.0756746
     D3D5S-a58c      0.054     0.050       0.136     0.640     -0.245     0.800      0.588     0.657      0.721     0.127    0.451     0.173   0.718     0.125      0.094     0.01260  -1	   0.0522146     0.0490923
     D3D5S-a58d      0.050     0.053       0.153     0.662      0.177     0.774      0.485     0.407      0.893     0.151    0.515     0.170   0.845     0.129      0.286     0.02683  -1	   0.0219656     0.0165003
     D3D5S-a59a      0.059     0.046       0.133     0.600      0.003     0.795      0.587     0.506      0.859     0.110    0.448     0.154   0.725     0.137      0.136     0.02740  -1	   0.0391458     0.0598133
     D3D5S-a59b      0.058     0.044       0.126     0.557      0.279     0.780      0.606     0.599      0.910     0.116    0.455     0.158   0.798     0.162      0.144     0.02102  -1	   0.0848936    -0.0086834
     D3D5S-a59c      0.055     0.053       0.136     0.691      0.441     0.777      0.561     0.628      0.725     0.112    0.460     0.151   0.945     0.158      0.006     0.01156  -1	   0.1545527    -0.0824126
     D3D5S-a59d      0.060     0.042       0.133     0.726     -0.007     0.798      0.546     0.504      0.605     0.103    0.465     0.139   0.876     0.159      0.942     0.02436  -1	   0.1812679    -0.0537653
      D3D5S-a5a      0.062     0.047       0.126     0.537      0.365     0.793      0.544     0.550      0.635     0.120    0.478     0.154   0.769     0.152      0.128     0.03383  -1	   0.1365647    -0.0029479
      D3D5S-a5b      0.065     0.047       0.129     0.546      0.118     0.773      0.546     0.604      0.722     0.128    0.462     0.170   0.692     0.157      0.161     0.03089  -1	   0.0552127     0.0138990
      D3D5S-a5d      0.070     0.046       0.126     0.543      0.236     0.760      0.545     0.499      0.449     0.104    0.478     0.135   0.705     0.132      0.221     0.02261  -1	   0.1338451     0.0823153
     D3D5S-a60a      0.054     0.051       0.133     0.627     -0.142     0.805      0.586     0.657      0.571     0.117    0.451     0.162   0.589     0.145      0.073     0.01274  -1	   0.0636115     0.0397164
     D3D5S-a60b      0.058     0.045       0.136     0.557     -0.191     0.805      0.622     0.659      0.877     0.103    0.448     0.145   0.684     0.149      0.008     0.01289  -1	   0.0864843     0.1009586
     D3D5S-a60c      0.059     0.033       0.095     0.674     -0.042     0.794      0.623     0.736      0.813     0.094    0.443     0.137   0.852     0.204      0.062     0.01136  -1	  -0.0184388     0.0352546
     D3D5S-a60d      0.057     0.045       0.126     0.561      0.127     0.774      0.606     0.673      0.888     0.122    0.506     0.145   0.753     0.171     -0.043     0.01101  -1	   0.0483968     0.0249325
     D3D5S-a61a      0.052     0.041       0.116     0.709     -0.275     0.790      0.588     0.655      0.725     0.106    0.451     0.148   0.750     0.176      0.178     0.01061  -1	   0.0162744     0.0373653
     D3D5S-a61b      0.053     0.057       0.139     0.655      0.247     0.773      0.571     0.563      0.943     0.109    0.474     0.142   0.854     0.129      0.141     0.00965  -1	   0.0822223    -0.0292217
     D3D5S-a61c      0.054     0.042       0.116     0.696     -0.258     0.788      0.609     0.691      0.704     0.119    0.457     0.162   0.726     0.179      0.178     0.01058  -1	   0.0202765     0.0307400
     D3D5S-a61d      0.058     0.046       0.139     0.535     -0.095     0.802      0.564     0.597      0.982     0.162    0.527     0.176   0.677     0.138      0.018     0.01273  -1	   0.0599129     0.0970734
     D3D5S-a62a      0.051     0.056       0.143     0.717      0.114     0.792      0.537     0.614      0.669     0.121    0.502     0.145   0.834     0.133      0.109     0.00942  -1	   0.0354344    -0.0549822
     D3D5S-a62b      0.054     0.042       0.122     0.685     -0.243     0.790      0.595     0.676      0.872     0.110    0.460     0.149   0.773     0.170      0.178     0.01064  -1	  -0.0066022     0.0517677
     D3D5S-a62c      0.051     0.060       0.150     0.706      0.217     0.782      0.547     0.540      0.863     0.105    0.483     0.134   0.909     0.124      0.114     0.00957  -1	   0.0649379    -0.0539958
     D3D5S-a62d      0.052     0.048       0.129     0.522      0.065     0.800      0.607     0.691      0.627     0.106    0.464     0.143   0.682     0.149      0.169     0.01099  -1	   0.0478477    -0.0230205
     D3D5S-a63a      0.060     0.047       0.126     0.620      0.318     0.785      0.564     0.517      0.723     0.118    0.500     0.143   0.816     0.187      0.247     0.01192  -1	   0.0744229    -0.0514357
     D3D5S-a63b      0.050     0.062       0.150     0.657      0.162     0.789      0.546     0.564      0.985     0.124    0.472     0.160   0.845     0.116      0.128     0.00972  -1	   0.0845525    -0.0083300
     D3D5S-a63c      0.051     0.060       0.146     0.635      0.149     0.783      0.539     0.526      0.826     0.096    0.485     0.123   0.713     0.116      0.132     0.00970  -1	   0.0755782     0.0189282
     D3D5S-a63d      0.053     0.048       0.136     0.655      0.495     0.767      0.554     0.537      0.775     0.142    0.520     0.159   0.891     0.139      0.121     0.01056  -1	   0.1659804    -0.0249566
     D3D5S-a64a      0.065     0.048       0.126     0.627      0.338     0.779      0.572     0.519      0.808     0.119    0.484     0.150   0.816     0.169      0.224     0.01240  -1	   0.0951664    -0.0312865
     D3D5S-a64b      0.051     0.058       0.146     0.666      0.260     0.780      0.545     0.534      0.940     0.105    0.475     0.138   0.892     0.124      0.137     0.00958  -1	   0.0873068    -0.0347844
     D3D5S-a64c      0.059     0.053       0.143     0.650      0.302     0.778      0.606     0.574      0.848     0.128    0.483     0.161   0.920     0.149      0.258     0.01248  -1	   0.0799381    -0.0868037
     D3D5S-a64d      0.059     0.050       0.143     0.657      0.278     0.784      0.623     0.595      0.722     0.122    0.494     0.149   0.872     0.145      0.224     0.01247  -1	   0.0815409    -0.0586069
     D3D5S-a65a      0.061     0.060       0.167     0.602     -0.115     0.784      0.556     0.499      1.000     0.155    0.576     0.147   0.589     0.124      0.167     0.01210  -1	   0.0258443     0.0616016
     D3D5S-a65b      0.059     0.052       0.146     0.614     -0.053     0.773      0.555     0.437      0.958     0.173    0.558     0.171   0.680     0.124      0.158     0.01249  -1	   0.0053407     0.0741129
     D3D5S-a65c      0.062     0.052       0.143     0.623     -0.171     0.792      0.574     0.441      1.000     0.163    0.547     0.168   0.664     0.147      0.173     0.01206  -1	   0.0044750     0.0754058
     D3D5S-a65d      0.059     0.054       0.146     0.597     -0.169     0.790      0.588     0.499      1.000     0.149    0.567     0.145   0.538     0.134      0.250     0.01215  -1	  -0.0016257     0.0669908
     D3D5S-a66a      0.059     0.055       0.167     0.460      0.238     0.812      0.582     0.398      0.518     0.104    0.479     0.134   0.390     0.116      0.490     0.01209  -1	   0.2232853     0.1673091
     D3D5S-a66b      0.062     0.058       0.160     0.647     -0.086     0.793      0.567     0.483      0.914     0.147    0.487     0.179   0.680     0.118      0.245     0.01234  -1	   0.0258225     0.0362759
     D3D5S-a66c      0.059     0.055       0.156     0.590     -0.137     0.791      0.590     0.471      0.997     0.164    0.527     0.177   0.463     0.130      0.173     0.01225  -1	   0.0425874     0.0696715
     D3D5S-a66d      0.058     0.055       0.156     0.612      0.232     0.788      0.554     0.396      0.821     0.120    0.459     0.161   0.787     0.125      0.031     0.01189  -1	   0.1222851     0.0736824
     D3D5S-a67a      0.061     0.060       0.153     0.555      0.410     0.810      0.534     0.465      0.222     0.109    0.475     0.141   0.752     0.137      0.471     0.01463  -1	   0.4702141     0.1615696
     D3D5S-a67b      0.056     0.067       0.167     0.619      0.108     0.818      0.466     0.353      0.433     0.109    0.465     0.146   0.713     0.120      0.925     0.01400  -1	   0.4202782     0.2170623
     D3D5S-a67c      0.052     0.063       0.167     0.516      0.122     0.810      0.519     0.484      0.695     0.092    0.459     0.127   0.434     0.116      0.957     0.01415  -1	   0.1910512     0.0490508
     D3D5S-a67d      0.054     0.057       0.153     0.604      0.175     0.783      0.540     0.388      0.777     0.112    0.453     0.154   0.778     0.130      0.193     0.01202  -1	   0.0859848     0.0613219
     D3D5S-a68a      0.063     0.056       0.153     0.573      0.176     0.792      0.541     0.576      0.703     0.108    0.487     0.136   0.652     0.132      0.272     0.01511  -1	   0.1013206    -0.0020508
     D3D5S-a68b      0.060     0.056       0.160     0.672      0.043     0.780      0.559     0.451      0.892     0.111    0.469     0.146   0.780     0.124      0.919     0.01354  -1	   0.0281162    -0.0614543
     D3D5S-a68c      0.062     0.058       0.156     0.744     -0.037     0.783      0.514     0.407      0.643     0.116    0.492     0.143   0.802     0.128      0.690     0.01371  -1	   0.1278879     0.0239804
     D3D5S-a68d      0.063     0.055       0.153     0.624      0.081     0.769      0.497     0.501      0.201     0.098    0.469     0.131   0.738     0.128      0.097     0.01564  -1	   0.1841569     0.0997691
     D3D5S-a69a      0.067     0.050       0.136     0.626      0.158     0.775      0.521     0.420      0.780     0.107    0.498     0.131   0.739     0.122      0.207     0.01385  -1	   0.0549686     0.0731422
     D3D5S-a69b      0.052     0.062       0.177     0.568      0.174     0.812      0.496     0.401      0.197     0.094    0.444     0.137   0.652     0.115      0.488     0.01431  -1	   0.3911580     0.2497052
     D3D5S-a69c      0.059     0.057       0.160     0.674     -0.009     0.790      0.568     0.489      0.761     0.129    0.463     0.171   0.747     0.130      0.753     0.01371  -1	   0.0728081    -0.0500991
     D3D5S-a69d      0.061     0.055       0.160     0.762      0.077     0.776      0.501     0.392      0.632     0.127    0.497     0.154   0.851     0.122      0.404     0.01370  -1	   0.0873915     0.0356730
      D3D5S-a6a      0.052     0.052       0.146     0.659      0.452     0.815      0.555     0.540      0.856     0.116    0.479     0.149   0.915     0.144      0.153     0.03074  -1	   0.1912845    -0.0309230
      D3D5S-a6b      0.069     0.048       0.139     0.631      0.073     0.776      0.550     0.553      0.772     0.149    0.506     0.172   0.761     0.136      0.193     0.01995  -1	   0.0256294     0.0068598
      D3D5S-a6c      0.060     0.042       0.119     0.626      0.426     0.813      0.568     0.555      0.724     0.131    0.478     0.166   0.822     0.171      0.130     0.02281  -1	   0.1506874    -0.0044456
      D3D5S-a6d      0.069     0.048       0.129     0.691      0.255     0.774      0.513     0.438      0.632     0.111    0.485     0.140   0.872     0.137      0.196     0.02251  -1	   0.0934477     0.0328406
     D3D5S-a70a      0.064     0.034       0.088     0.640      0.355     0.821      0.572     0.621      0.769     0.099    0.445     0.142   0.848     0.240      0.147     0.02325  -1	   0.0630126    -0.0667382
     D3D5S-a70b      0.062     0.054       0.150     0.641     -0.166     0.784      0.617     0.483      0.739     0.109    0.483     0.139   0.664     0.125      0.705     0.01361  -1	   0.0391411     0.0149632
     D3D5S-a70c      0.066     0.053       0.153     0.631      0.370     0.762      0.520     0.541      0.240     0.106    0.487     0.134   0.831     0.132      0.097     0.01561  -1	   0.2449262     0.0215485
     D3D5S-a70d      0.058     0.071       0.177     0.639      0.196     0.760      0.456     0.411      0.147     0.103    0.479     0.133   0.778     0.113      0.208     0.01598  -1	   0.3192130     0.1569252
     D3D5S-a71a      0.067     0.032       0.092     0.743      0.172     0.800      0.618     0.675      0.567     0.104    0.448     0.147   0.819     0.231      0.097     0.02604  -1	   0.0271334    -0.0106081
     D3D5S-a71b      0.065     0.035       0.092     0.644      0.374     0.814      0.559     0.603      0.784     0.097    0.456     0.135   0.848     0.223      0.147     0.02339  -1	   0.0739623    -0.0567827
     D3D5S-a71c      0.064     0.040       0.105     0.611      0.124     0.810      0.587     0.661      0.804     0.108    0.435     0.158   0.771     0.171      0.109     0.02333  -1	   0.0447985     0.0122102
     D3D5S-a71d      0.066     0.040       0.119     0.586      0.262     0.787      0.512     0.461      0.708     0.216    0.522     0.231   0.798     0.195      0.261     0.02575  -1	   0.0502053     0.0219170
     D3D5S-a72a      0.064     0.040       0.102     0.634      0.475     0.817      0.530     0.552      0.816     0.114    0.483     0.145   0.836     0.191      0.037     0.02283  -1	   0.1608744    -0.0156279
     D3D5S-a72b      0.066     0.033       0.088     0.595      0.363     0.805      0.575     0.619      0.867     0.106    0.459     0.145   0.830     0.231      0.122     0.02415  -1	   0.0592263    -0.0488111
     D3D5S-a72c      0.056     0.068       0.160     0.585     -0.060     0.823      0.432     0.292      0.737     0.112    0.481     0.144   0.554     0.118      0.203     0.01522  -1	   0.0821431     0.1907197
     D3D5S-a72d      0.070     0.066       0.160     0.720      0.137     0.797      0.346     0.204      0.019     0.128    0.493     0.156   0.834     0.108      0.212     0.81143   1	   0.3972346     0.5703379
     D3D5S-a73a      0.063     0.051       0.139     0.698      0.238     0.807      0.525     0.573      0.453     0.122    0.510     0.143   0.854     0.120      0.082     0.03577  -1	   0.1178018    -0.0255196
     D3D5S-a73b      0.064     0.056       0.146     0.585     -0.425     0.802      0.533     0.385      0.843     0.102    0.449     0.144   0.000     0.138      0.488     0.01674  -1	   0.0348159     0.0824514
     D3D5S-a73c      0.067     0.070       0.177     0.672      0.306     0.794      0.381     0.292      0.091     0.110    0.490     0.137   0.920     0.110      0.145     0.51920   1	   0.3718660     0.2742791
     D3D5S-a73d      0.062     0.057       0.139     0.719      0.107     0.806      0.480     0.512      0.552     0.143    0.516     0.161   0.834     0.142      0.043     0.03423  -1	   0.0561066    -0.0234577
     D3D5S-a74a      0.056     0.060       0.146     0.695      0.341     0.811      0.499     0.563      0.757     0.170    0.498     0.199   0.920     0.132      0.005     0.03438  -1	   0.1405632    -0.0666896
     D3D5S-a74b      0.056     0.066       0.153     0.602      0.169     0.818      0.445     0.457      0.875     0.161    0.518     0.179   0.778     0.126     -0.052     0.03391  -1	   0.1246332     0.0446283
     D3D5S-a74c      0.068     0.060       0.170     0.540      0.093     0.799      0.405     0.294      0.328     0.104    0.461     0.141   0.459     0.121      0.108     0.60113   1	   0.1808500     0.2924886
     D3D5S-a74d      0.063     0.055       0.146     0.679     -0.074     0.804      0.499     0.441      0.674     0.107    0.472     0.141   0.747     0.150      0.134     0.10816  -1	   0.0400397     0.0509316
     D3D5S-a75a      0.060     0.058       0.167     0.634      0.044     0.789      0.564     0.617      0.670     0.129    0.492     0.157   0.713     0.123      0.200     0.04407  -1	   0.0618442    -0.0214149
     D3D5S-a75b      0.051     0.074       0.201     0.655     -0.194     0.766      0.484     0.526      0.978     0.200    0.511     0.222   0.730     0.110     -0.042     0.04821  -1	   0.0966205     0.0627269
     D3D5S-a75c      0.058     0.045       0.139     0.690     -0.462     0.808      0.616     0.629      0.738     0.151    0.540     0.160   0.683     0.124      0.174     0.03869  -1	   0.0424051     0.0642657
     D3D5S-a75d      0.047     0.069       0.187     0.635     -0.296     0.773      0.598     0.600      0.998     0.153    0.528     0.167   0.515     0.098      0.079     0.03496  -1	   0.0774829     0.0813402
     D3D5S-a76a      0.046     0.072       0.207     0.574     -0.315     0.772      0.584     0.612      0.995     0.170    0.537     0.179   0.389     0.101      0.079     0.03429  -1	   0.1017896     0.0782816
     D3D5S-a76b      0.046     0.080       0.211     0.569     -0.175     0.749      0.536     0.599      0.986     0.165    0.553     0.168   0.538     0.095      0.184     0.04081  -1	   0.0674129     0.0503123
     D3D5S-a76c      0.047     0.072       0.197     0.614     -0.224     0.768      0.548     0.549      0.906     0.147    0.494     0.176   0.570     0.113      0.163     0.03565  -1	   0.0610188     0.0375171
     D3D5S-a76d      0.044     0.083       0.221     0.704     -0.202     0.767      0.527     0.542      0.962     0.170    0.553     0.171   0.691     0.093      0.103     0.03836  -1	   0.0368522     0.0078322
     D3D5S-a77a      0.058     0.048       0.139     0.641     -0.021     0.793      0.616     0.567      0.794     0.124    0.476     0.158   0.796     0.130      0.133     0.02714  -1	   0.0141677     0.0184293
     D3D5S-a77b      0.058     0.058       0.167     0.696      0.123     0.781      0.499     0.450      0.762     0.124    0.495     0.150   0.780     0.130     -0.029     0.02988  -1	   0.0603819     0.0242809
     D3D5S-a77c      0.052     0.058       0.170     0.681     -0.005     0.799      0.491     0.463      0.554     0.148    0.502     0.174   0.747     0.117     -0.008     0.02768  -1	   0.0384505     0.0374031
     D3D5S-a77d      0.054     0.058       0.173     0.656      0.113     0.795      0.462     0.407      0.442     0.138    0.496     0.165   0.780     0.111     -0.074     0.02858  -1	   0.0685917     0.0639812
     D3D5S-a78a      0.058     0.053       0.136     0.613      0.357     0.780      0.536     0.535      0.867     0.111    0.474     0.144   0.831     0.152      0.032     0.01157  -1	   0.1387566    -0.0140634
     D3D5S-a78b      0.053     0.057       0.173     0.662      0.073     0.793      0.495     0.477      0.284     0.135    0.508     0.156   0.805     0.112     -0.051     0.02881  -1	   0.0783496     0.0415976
     D3D5S-a78c      0.055     0.050       0.129     0.676      0.353     0.770      0.559     0.613      0.820     0.123    0.511     0.143   0.903     0.130     -0.016     0.01160  -1	   0.0905903    -0.0468971
     D3D5S-a78d      0.052     0.050       0.160     0.731     -0.046     0.796      0.532     0.462      0.932     0.133    0.522     0.149   0.876     0.119      0.024     0.03063  -1	  -0.0181900     0.0358290
     D3D5S-a79a      0.064     0.048       0.136     0.615      0.151     0.783      0.562     0.532      0.652     0.136    0.466     0.177   0.739     0.138      0.272     0.00980  -1	   0.0759291     0.0123100
     D3D5S-a79b      0.056     0.054       0.136     0.666      0.382     0.782      0.533     0.579      0.845     0.129    0.504     0.153   0.898     0.151      0.032     0.01136  -1	   0.1190797    -0.0676196
     D3D5S-a79c      0.057     0.053       0.133     0.677      0.340     0.778      0.548     0.609      0.913     0.117    0.483     0.148   0.920     0.160      0.015     0.01154  -1	   0.1007693    -0.0639926
     D3D5S-a79d      0.056     0.052       0.129     0.640      0.376     0.785      0.548     0.581      0.916     0.119    0.469     0.156   0.831     0.156      0.019     0.01126  -1	   0.1507005    -0.0143566
      D3D5S-a7a      0.052     0.054       0.143     0.667      0.577     0.807      0.500     0.524      0.895     0.118    0.473     0.153   0.890     0.127      0.170     0.01801  -1	   0.3097056     0.0254305
      D3D5S-a7b      0.054     0.051       0.146     0.559      0.186     0.798      0.540     0.619      0.852     0.121    0.476     0.156   0.652     0.132      0.031     0.01596  -1	   0.1096273     0.0577964
      D3D5S-a7c      0.058     0.054       0.153     0.638     -0.009     0.812      0.562     0.529      0.724     0.108    0.456     0.148   0.680     0.133      0.078     0.01633  -1	   0.0602086     0.0419449
      D3D5S-a7d      0.064     0.055       0.146     0.628      0.336     0.795      0.531     0.458      0.586     0.110    0.483     0.139   0.853     0.147      0.084     0.05274  -1	   0.1459989     0.0080399
     D3D5S-a80a      0.056     0.046       0.119     0.527      0.228     0.781      0.567     0.609      0.859     0.112    0.453     0.154   0.705     0.160     -0.046     0.01055  -1	   0.1203190     0.0459466
     D3D5S-a80b      0.057     0.057       0.150     0.631      0.182     0.788      0.557     0.560      0.958     0.109    0.475     0.141   0.778     0.125      0.128     0.00970  -1	   0.0911862     0.0141742
     D3D5S-a80c      0.055     0.046       0.126     0.539      0.153     0.777      0.606     0.681      0.849     0.109    0.482     0.139   0.659     0.163     -0.041     0.01083  -1	   0.0818828     0.0525094
     D3D5S-a80d      0.058     0.052       0.133     0.592      0.102     0.787      0.536     0.585      0.680     0.151    0.520     0.168   0.587     0.133      0.080     0.01053  -1	   0.0554451     0.0366228
     D3D5S-a81a      0.048     0.050       0.139     0.704      0.521     0.780      0.585     0.572      0.813     0.119    0.513     0.138   0.921     0.145      0.101     0.01105  -1	   0.1832278    -0.0370512
     D3D5S-a81b      0.053     0.046       0.136     0.613      0.018     0.801      0.629     0.699      0.870     0.107    0.467     0.143   0.725     0.134     -0.035     0.01300  -1	   0.0609647     0.0819174
     D3D5S-a81c      0.060     0.044       0.126     0.674     -0.381     0.792      0.586     0.663      0.676     0.113    0.466     0.150   0.699     0.143      0.066     0.00951  -1	   0.0825349     0.0824118
     D3D5S-a81d      0.056     0.051       0.126     0.655      0.374     0.776      0.548     0.599      0.877     0.121    0.512     0.140   0.898     0.144     -0.035     0.01146  -1	   0.1092133    -0.0509979
     D3D5S-a82a      0.055     0.051       0.136     0.635      0.361     0.800      0.579     0.557      0.827     0.128    0.480     0.162   0.831     0.159      0.202     0.01031  -1	   0.1254094    -0.0401283
     D3D5S-a82b      0.049     0.058       0.139     0.681      0.210     0.783      0.542     0.529      0.958     0.098    0.484     0.126   0.854     0.123      0.132     0.00965  -1	   0.0642309    -0.0186359
     D3D5S-a82c      0.054     0.053       0.143     0.609     -0.215     0.804      0.579     0.639      0.994     0.114    0.504     0.136   0.570     0.140      0.124     0.01004  -1	   0.0423192     0.0987223
     D3D5S-a82d      0.053     0.056       0.146     0.609     -0.259     0.800      0.565     0.628      0.971     0.111    0.500     0.135   0.515     0.138      0.116     0.01017  -1	   0.0587401     0.1039936
     D3D5S-a83a      0.052     0.058       0.160     0.558      0.093     0.759      0.602     0.598      0.677     0.239    0.530     0.249   0.612     0.133      0.285     0.01272  -1	   0.0639644    -0.0292275
     D3D5S-a83b      0.069     0.041       0.133     0.656     -0.185     0.788      0.610     0.533      0.650     0.117    0.507     0.138   0.757     0.152      0.356     0.01283  -1	   0.0126790     0.0331922
     D3D5S-a83c      0.053     0.057       0.146     0.622      0.216     0.767      0.540     0.511      0.993     0.118    0.495     0.144   0.787     0.128      0.057     0.00973  -1	   0.0954889     0.0199517
     D3D5S-a84a      0.060     0.051       0.146     0.617     -0.171     0.792      0.577     0.463      0.999     0.169    0.560     0.167   0.664     0.136      0.173     0.01207  -1	  -0.0005816     0.0761407
     D3D5S-a84b      0.060     0.051       0.139     0.606     -0.120     0.781      0.554     0.479      0.812     0.135    0.509     0.157   0.589     0.144      0.567     0.01389  -1	  -0.0103333     0.0393456
     D3D5S-a84c      0.062     0.052       0.143     0.672      0.287     0.783      0.565     0.499      0.683     0.140    0.470     0.179   0.892     0.158      0.249     0.01263  -1	   0.1091654    -0.0366701
     D3D5S-a84d      0.063     0.045       0.129     0.636      0.345     0.781      0.563     0.505      0.917     0.125    0.521     0.141   0.816     0.145      0.152     0.01208  -1	   0.0895676     0.0025231
     D3D5S-a85a      0.053     0.052       0.160     0.666      0.039     0.812      0.606     0.499      0.180     0.105    0.462     0.142   0.780     0.148      0.452     0.00963  -1	   0.3273050     0.1468134
     D3D5S-a85b      0.055     0.058       0.146     0.616      0.049     0.797      0.605     0.693      0.970     0.128    0.520     0.145   0.713     0.150      0.095     0.01034  -1	   0.0450226     0.0208386
     D3D5S-a85c      0.057     0.061       0.160     0.676      0.066     0.797      0.543     0.514      0.588     0.106    0.474     0.139   0.805     0.146      0.109     0.00975  -1	   0.0708359    -0.0229222
     D3D5S-a85d      0.054     0.057       0.150     0.568      0.443     0.781      0.539     0.532      0.850     0.111    0.486     0.140   0.752     0.130      0.156     0.01138  -1	   0.2100013     0.0114476
     D3D5S-a86a      0.051     0.058       0.163     0.578      0.097     0.804      0.599     0.512      0.771     0.134    0.470     0.173   0.612     0.119     -0.078     0.01221  -1	   0.1171542     0.0703690
     D3D5S-a86b      0.057     0.057       0.150     0.613      0.038     0.787      0.632     0.557      0.899     0.109    0.481     0.139   0.713     0.118      0.234     0.01227  -1	   0.0392614     0.0084391
     D3D5S-a86c      0.055     0.052       0.153     0.663      0.125     0.794      0.676     0.653      0.773     0.117    0.468     0.154   0.780     0.148     -0.021     0.00996  -1	   0.0601390     0.0417802
     D3D5S-a86d      0.054     0.058       0.153     0.586      0.261     0.787      0.551     0.407      0.752     0.112    0.457     0.153   0.699     0.136      0.211     0.01210  -1	   0.1311017     0.0621338
     D3D5S-a87a      0.059     0.056       0.153     0.661     -0.054     0.782      0.567     0.454      0.604     0.121    0.495     0.147   0.747     0.131      0.898     0.01379  -1	   0.1859971     0.0222729
     D3D5S-a87b      0.056     0.062       0.163     0.618      0.038     0.817      0.502     0.432      0.636     0.112    0.471     0.147   0.713     0.131      0.811     0.01403  -1	   0.1768963     0.0368586
     D3D5S-a87c      0.058     0.056       0.160     0.687     -0.029     0.788      0.566     0.486      0.810     0.111    0.476     0.143   0.747     0.132      0.763     0.01375  -1	   0.0330531    -0.0573422
     D3D5S-a87d      0.063     0.052       0.150     0.703     -0.070     0.788      0.549     0.399      0.792     0.121    0.523     0.137   0.802     0.128      0.848     0.01334  -1	   0.0367704     0.0160162
     D3D5S-a88a      0.059     0.076       0.184     0.562      0.141     0.778      0.401     0.322      0.317     0.120    0.478     0.154   0.587     0.116      0.195     0.01623  -1	   0.2320719     0.2174279
     D3D5S-a88b      0.061     0.057       0.160     0.679     -0.014     0.790      0.544     0.422      0.756     0.117    0.487     0.147   0.747     0.126      0.886     0.01363  -1	   0.0949749    -0.0027456
     D3D5S-a88c      0.063     0.061       0.153     0.660     -0.395     0.797      0.574     0.439      0.970     0.142    0.503     0.166   0.538     0.127      0.277     0.01589  -1	   0.0449260     0.0849935
     D3D5S-a88d      0.061     0.068       0.184     0.472      0.074     0.775      0.493     0.442      0.514     0.103    0.487     0.130   0.341     0.112      0.224     0.01531  -1	   0.1582299     0.1266457
     D3D5S-a89a      0.059     0.063       0.156     0.478     -0.221     0.819      0.497     0.395      0.318     0.107    0.484     0.136   0.173     0.130     -0.054     0.01788  -1	   0.1492053     0.1967282
     D3D5S-a89b      0.062     0.065       0.160     0.684     -0.086     0.810      0.418     0.380      0.589     0.117    0.514     0.135   0.747     0.108      0.200     0.02059  -1	   0.0695909     0.1144754
     D3D5S-a89c      0.061     0.067       0.156     0.620     -0.562     0.792      0.530     0.393      0.741     0.118    0.471     0.154   0.397     0.121      0.181     0.01544  -1	   0.1797546     0.1235829
     D3D5S-a89d      0.059     0.068       0.160     0.640     -0.366     0.796      0.578     0.468      0.876     0.140    0.491     0.170   0.471     0.116      0.254     0.01689  -1	   0.0712126     0.0625800
      D3D5S-a8a      0.054     0.055       0.146     0.641      0.145     0.812      0.540     0.522      0.760     0.105    0.492     0.131   0.713     0.140      0.024     0.01469  -1	   0.0720787     0.0226377
      D3D5S-a8b      0.055     0.050       0.143     0.554      0.153     0.801      0.578     0.670      0.763     0.134    0.490     0.164   0.721     0.139      0.015     0.01593  -1	   0.0713031     0.0074397
      D3D5S-a8c      0.058     0.042       0.119     0.706      0.027     0.797      0.602     0.663      0.977     0.121    0.493     0.148   0.805     0.145      0.078     0.01176  -1	  -0.0030800     0.0490464
      D3D5S-a8d      0.055     0.045       0.126     0.640      0.140     0.804      0.599     0.697      0.873     0.105    0.456     0.146   0.771     0.152     -0.035     0.01503  -1	   0.0724289     0.0536091
     D3D5S-a90a      0.057     0.071       0.170     0.583     -0.413     0.807      0.520     0.494      0.619     0.139    0.479     0.174   0.000     0.110      0.134     0.02079  -1	   0.1424306     0.0606904
     D3D5S-a90b      0.068     0.058       0.143     0.649     -0.310     0.791      0.511     0.433      0.945     0.199    0.540     0.206   0.515     0.113      0.118     0.01942  -1	   0.0665252     0.1319200
     D3D5S-a90c      0.063     0.063       0.153     0.528     -0.317     0.824      0.523     0.442      0.242     0.109    0.470     0.145   0.236     0.135     -0.037     0.01814  -1	   0.1868023     0.1799579
     D3D5S-a90d      0.060     0.063       0.156     0.710     -0.520     0.802      0.502     0.516      1.000     0.155    0.550     0.159   0.636     0.116      0.003     0.02299  -1	   0.1303420     0.1425819
     D3D5S-a91a      0.066     0.055       0.133     0.675     -0.417     0.815      0.484     0.453      0.882     0.113    0.484     0.143   0.000     0.152      0.212     0.02176  -1	   0.0794063     0.0897604
     D3D5S-a91b      0.063     0.063       0.150     0.649     -0.326     0.786      0.430     0.402      0.765     0.126    0.487     0.157   0.515     0.122      0.146     0.02689  -1	   0.0873962     0.1648157
     D3D5S-a91c      0.066     0.055       0.133     0.639     -0.420     0.813      0.482     0.450      0.450     0.103    0.461     0.140   0.000     0.144      0.200     0.02145  -1	   0.1729601     0.1429847
     D3D5S-a91d      0.061     0.064       0.150     0.557     -0.448     0.797      0.549     0.414      0.809     0.127    0.505     0.150   0.000     0.133      0.249     0.01625  -1	   0.1091078     0.0801299
     D3D5S-a92a      0.059     0.060       0.143     0.641     -0.468     0.808      0.528     0.473      0.896     0.122    0.512     0.142   0.546     0.140      0.301     0.02129  -1	   0.0608136     0.1081864
     D3D5S-a92b      0.060     0.057       0.143     0.708     -0.403     0.820      0.514     0.447      0.865     0.126    0.504     0.149   0.000     0.145      0.375     0.02276  -1	   0.0307412     0.0588693
     D3D5S-a92c      0.059     0.060       0.153     0.650     -0.306     0.796      0.459     0.446      0.416     0.156    0.508     0.179   0.582     0.145      0.151     0.01790  -1	   0.1251336     0.1384167
     D3D5S-a92d      0.055     0.051       0.139     0.682     -0.268     0.812      0.586     0.706      0.400     0.122    0.492     0.150   0.582     0.147     -0.090     0.01683  -1	   0.0798951     0.0682282
     D3D5S-a93a      0.057     0.057       0.156     0.634      0.007     0.836      0.549     0.509      0.864     0.130    0.500     0.155   0.713     0.137      0.203     0.01258  -1	   0.0333957     0.0106877
     D3D5S-a93b      0.046     0.074       0.197     0.666     -0.205     0.772      0.573     0.578      0.980     0.168    0.518     0.186   0.637     0.108      0.106     0.03600  -1	   0.0535306     0.0340864
     D3D5S-a93c      0.059     0.060       0.153     0.600     -0.350     0.799      0.435     0.390      0.395     0.151    0.527     0.165   0.515     0.130      0.271     0.01956  -1	   0.1567614     0.2506213
     D3D5S-a93d      0.058     0.052       0.139     0.616      0.283     0.794      0.563     0.589      0.507     0.111    0.456     0.152   0.825     0.127      0.124     0.01484  -1	   0.1439733    -0.0237161
     D3D5S-a94a      0.059     0.047       0.143     0.753      0.025     0.798      0.560     0.514      0.830     0.184    0.540     0.191   0.785     0.121      0.036     0.02517  -1	  -0.0033599     0.0378607
     D3D5S-a94b      0.048     0.076       0.211     0.642     -0.135     0.761      0.572     0.516      0.936     0.237    0.517     0.256   0.589     0.109     -0.061     0.04530  -1	   0.1048800     0.0377815
     D3D5S-a94c      0.054     0.056       0.167     0.702     -0.009     0.792      0.485     0.467      0.735     0.145    0.491     0.175   0.802     0.118     -0.008     0.02640  -1	   0.0266994     0.0326377
     D3D5S-a94d      0.053     0.058       0.170     0.683      0.103     0.806      0.489     0.466      0.705     0.149    0.517     0.168   0.780     0.114     -0.051     0.02863  -1	   0.0498192     0.0242319
     D3D5S-a95a      0.049     0.057       0.160     0.675      0.105     0.786      0.513     0.635      0.839     0.121    0.483     0.152   0.780     0.157      0.058     0.02931  -1	   0.0384057    -0.0140110
     D3D5S-a95b      0.054     0.057       0.170     0.663      0.058     0.795      0.464     0.432      0.466     0.135    0.505     0.158   0.805     0.105     -0.051     0.02856  -1	   0.0488777     0.0512131
     D3D5S-a95c      0.062     0.056       0.143     0.704      0.087     0.816      0.495     0.514      0.252     0.121    0.507     0.142   0.859     0.154      0.198     0.01296  -1	   0.1847846     0.0150860
     D3D5S-a95d      0.062     0.057       0.136     0.700      0.106     0.821      0.503     0.491      0.174     0.105    0.474     0.138   0.834     0.145      0.206     0.01296  -1	   0.2523968     0.0953965
     D3D5S-a96a      0.063     0.045       0.122     0.537      0.199     0.793      0.621     0.674      0.862     0.119    0.467     0.157   0.659     0.158      0.094     0.00990  -1	   0.0891301     0.0277071
     D3D5S-a96b      0.058     0.054       0.129     0.657      0.446     0.780      0.539     0.572      1.000     0.141    0.530     0.154   0.945     0.150      0.033     0.01130  -1	   0.1528785    -0.0737026
     D3D5S-a96c      0.071     0.033       0.099     0.567     -0.067     0.809      0.611     0.693      0.881     0.136    0.516     0.155   0.738     0.217      0.305     0.01257  -1	  -0.0606668    -0.0096354
     D3D5S-a96d      0.059     0.052       0.133     0.703      0.335     0.771      0.545     0.617      0.736     0.119    0.483     0.150   0.974     0.130     -0.013     0.01142  -1	   0.0913218    -0.0826068
     D3D5S-a97a      0.058     0.052       0.129     0.685      0.425     0.771      0.511     0.559      0.793     0.134    0.513     0.154   0.945     0.128     -0.001     0.01156  -1	   0.1297299    -0.0662989
     D3D5S-a97b      0.057     0.042       0.126     0.661      0.209     0.799      0.566     0.588      0.433     0.105    0.441     0.152   0.840     0.171      0.219     0.01198  -1	   0.1216415    -0.0246347
     D3D5S-a97c      0.058     0.043       0.119     0.673     -0.138     0.805      0.553     0.567      0.638     0.118    0.486     0.148   0.788     0.150      0.316     0.01078  -1	   0.0106969     0.0061172
     D3D5S-a97d      0.054     0.053       0.136     0.659      0.385     0.788      0.539     0.578      0.872     0.115    0.466     0.153   0.898     0.154      0.032     0.01130  -1	   0.1415250    -0.0460416
     D3D5S-a98a      0.056     0.052       0.129     0.624      0.365     0.785      0.542     0.581      0.911     0.114    0.471     0.150   0.831     0.154      0.032     0.01135  -1	   0.1430050    -0.0166176
     D3D5S-a98b      0.056     0.043       0.126     0.680      0.155     0.813      0.549     0.572      0.574     0.111    0.470     0.146   0.794     0.169      0.219     0.01193  -1	   0.0606494    -0.0260479
     D3D5S-a98c      0.057     0.052       0.136     0.708      0.333     0.769      0.552     0.627      0.840     0.121    0.478     0.155   0.974     0.127     -0.028     0.01147  -1	   0.0967971    -0.0601506
     D3D5S-a98d      0.062     0.043       0.119     0.507      0.233     0.796      0.595     0.616      0.957     0.125    0.456     0.169   0.705     0.161      0.002     0.00967  -1	   0.1398334     0.0562026
     D3D5S-a99a      0.055     0.061       0.143     0.635      0.054     0.795      0.554     0.654      0.652     0.127    0.516     0.146   0.738     0.139      0.236     0.00928  -1	   0.0533571    -0.0672458
     D3D5S-a99b      0.064     0.034       0.088     0.593      0.360     0.798      0.615     0.604      0.866     0.103    0.438     0.149   0.830     0.190      0.238     0.00924  -1	   0.0717292    -0.0312807
     D3D5S-a99c      0.056     0.056       0.133     0.594     -0.064     0.794      0.582     0.629      0.758     0.133    0.507     0.155   0.554     0.150      0.182     0.00899  -1	   0.0339347     0.0196686
     D3D5S-a99d      0.058     0.042       0.122     0.726      0.381     0.805      0.580     0.612      0.918     0.112    0.479     0.144   0.928     0.169      0.213     0.01034  -1	   0.0867327    -0.0649331
      D3D5S-a9a      0.052     0.047       0.139     0.576      0.380     0.824      0.561     0.552      0.710     0.111    0.480     0.143   0.830     0.143      0.003     0.01520  -1	   0.1472840    -0.0029020
      D3D5S-a9b      0.060     0.046       0.143     0.714      0.110     0.790      0.614     0.675      0.833     0.197    0.523     0.212   0.851     0.117      0.113     0.01760  -1	   0.0151724    -0.0118797
      D3D5S-a9c      0.068     0.052       0.136     0.658      0.364     0.773      0.538     0.551      0.492     0.114    0.487     0.143   0.898     0.153      0.218     0.02615  -1	   0.1820996    -0.0575453
      D3D5S-a9d      0.063     0.048       0.129     0.621      0.196     0.789      0.624     0.599      0.574     0.115    0.481     0.146   0.739     0.170      0.184     0.01199  -1	   0.0815073    -0.0159142
